482.8627000000
482.8739000000
482.8848000000
482.8958000000
482.9070000000
482.9180000000
482.9291000000
482.9404000000
482.9515000000
482.9624000000
482.9735000000
482.9852000000
482.9959000000
483.0071000000
483.0229000000
483.0347000000
483.0444000000
483.0542000000
483.0643000000
483.0737000000
483.0843000000
483.0937000000
483.1032000000
483.1132000000
483.1238000000
483.1349000000
483.1460000000
483.1574000000
483.1687000000
483.1793000000
483.1904000000
483.2015000000
483.2126000000
483.2240000000
483.2350000000
483.2460000000
483.2571000000
483.2682000000
483.2796000000
483.2903000000
483.3017000000
483.3129000000
483.3237000000
483.3348000000
483.3460000000
483.3571000000
483.3684000000
483.3794000000
483.3903000000
483.4015000000
483.4126000000
483.4240000000
483.4348000000
483.4460000000
483.4574000000
483.4689000000
483.4801000000
483.4916000000
483.5029000000
483.5142000000
483.5257000000
483.5370000000
483.5485000000
483.5599000000
483.5711000000
483.5827000000
483.5939000000
483.6053000000
483.6167000000
483.6282000000
483.6395000000
483.6511000000
483.6622000000
483.6731000000
483.6843000000
483.6953000000
483.7064000000
483.7176000000
483.7286000000
483.7400000000
483.7508000000
483.7619000000
483.7737000000
483.7843000000
483.7952000000
483.8069000000
483.8174000000
483.8287000000
483.8397000000
483.8509000000
483.8619000000
483.8729000000
483.8844000000
483.8952000000
483.9063000000
483.9176000000
483.9286000000
483.9397000000
483.9507000000
483.9618000000
483.9729000000
483.9843000000
483.9952000000
484.0063000000
484.0175000000
484.0284000000
484.0396000000
484.0507000000
484.0618000000
484.0729000000
484.0841000000
484.0953000000
484.1063000000
484.1173000000
484.1284000000
484.1395000000
484.1507000000
484.1617000000
484.1728000000
484.1840000000
484.1950000000
484.2061000000
484.2173000000
484.2288000000
484.2394000000
484.2507000000
484.2616000000
484.2727000000
484.2839000000
484.2950000000
484.3069000000
484.3173000000
484.3284000000
484.3396000000
484.3506000000
484.3617000000
484.3727000000
484.3841000000
484.3949000000
484.4064000000
484.4172000000
484.4290000000
484.4397000000
484.4504000000
484.4616000000
484.4727000000
484.4838000000
484.4949000000
484.5061000000
484.5172000000
484.5282000000
484.5392000000
484.5505000000
484.5616000000
484.5725000000
484.5836000000
484.5948000000
484.6063000000
484.6170000000
484.6281000000
484.6392000000
484.6504000000
484.6616000000
484.6727000000
484.6837000000
484.6948000000
484.7060000000
484.7172000000
484.7281000000
484.7393000000
484.7504000000
484.7614000000
484.7729000000
484.7837000000
484.7947000000
484.8059000000
484.8171000000
484.8281000000
484.8391000000
484.8505000000
484.8615000000
484.8728000000
484.8838000000
484.8947000000
484.9058000000
484.9171000000
484.9280000000
484.9393000000
484.9505000000
484.9614000000
484.9724000000
484.9835000000
484.9948000000
485.0181000000
485.0321000000
485.0455000000
485.0581000000
485.0708000000
485.0840000000
485.0968000000
485.1098000000
485.1217000000
485.1346000000
485.1476000000
485.1603000000
485.1733000000
485.1866000000
485.1996000000
485.2126000000
485.2261000000
485.2390000000
485.2520000000
485.2650000000
485.2772000000
485.2896000000
485.3022000000
485.3152000000
485.3278000000
485.3405000000
485.3531000000
485.3658000000
485.3783000000
485.3911000000
485.4039000000
485.4171000000
485.4298000000
485.4428000000
485.4560000000
485.4692000000
485.4827000000
485.4964000000
485.5091000000
485.5215000000
485.5352000000
485.5480000000
485.5611000000
485.5741000000
485.5873000000
485.6002000000
485.6130000000
485.6257000000
485.6386000000
485.6516000000
485.6645000000
485.6774000000
485.6905000000
485.7032000000
485.7162000000
485.7293000000
485.7421000000
485.7552000000
485.7687000000
485.7821000000
485.7952000000
485.8081000000
485.8209000000
485.8337000000
485.8463000000
485.8596000000
485.8726000000
485.8856000000
485.8994000000
485.9122000000
485.9250000000
485.9381000000
485.9513000000
485.9642000000
485.9775000000
485.9906000000
486.0041000000
486.0170000000
486.0301000000
486.0430000000
486.0551000000
486.0684000000
486.0814000000
486.0948000000
486.1075000000
486.1206000000
486.1340000000
486.1471000000
486.1600000000
486.1729000000
486.1860000000
486.1992000000
486.2120000000
486.2255000000
486.2389000000
486.2520000000
486.2652000000
486.2780000000
486.2913000000
486.3046000000
486.3182000000
486.3315000000
486.3452000000
486.3579000000
486.3955000000
486.4084000000
486.4194000000
486.4311000000
486.4430000000
486.4534000000
486.4630000000
486.4730000000
486.4828000000
486.4929000000
486.5029000000
486.5127000000
486.5224000000
486.5333000000
486.5444000000
486.5554000000
486.5667000000
486.5779000000
486.5889000000
486.5999000000
486.6111000000
486.6220000000
486.6334000000
486.6443000000
486.6556000000
486.6665000000
486.6778000000
486.6890000000
486.6998000000
486.7110000000
486.7221000000
486.7332000000
486.7444000000
486.7556000000
486.7665000000
486.7777000000
486.7893000000
486.7998000000
486.8109000000
486.8221000000
486.8332000000
486.8442000000
486.8554000000
486.8666000000
486.8775000000
486.8889000000
486.9002000000
486.9117000000
486.9228000000
486.9343000000
486.9457000000
486.9572000000
486.9688000000
486.9801000000
486.9915000000
487.0031000000
487.0143000000
487.0258000000
487.0372000000
487.0487000000
487.0603000000
487.0714000000
487.0825000000
487.0936000000
487.1048000000
487.1159000000
487.1269000000
487.1380000000
487.1492000000
487.1602000000
487.1715000000
487.1824000000
487.1936000000
487.2046000000
487.2159000000
487.2269000000
487.2379000000
487.2491000000
487.2602000000
487.2712000000
487.2823000000
487.2936000000
487.3046000000
487.3157000000
487.3269000000
487.3379000000
487.3490000000
487.3601000000
487.3713000000
487.3825000000
487.3934000000
487.4047000000
487.4157000000
487.4268000000
487.4380000000
487.4489000000
487.4601000000
487.4713000000
487.4823000000
487.4934000000
487.5045000000
487.5157000000
487.5270000000
487.5379000000
487.5490000000
487.5601000000
487.5714000000
487.5823000000
487.5935000000
487.6046000000
487.6156000000
487.6267000000
487.6378000000
487.6489000000
487.6601000000
487.6711000000
487.6824000000
487.6932000000
487.7044000000
487.7157000000
487.7266000000
487.7378000000
487.7489000000
487.7599000000
487.7711000000
487.7822000000
487.7933000000
487.8043000000
487.8156000000
487.8265000000
487.8378000000
487.8488000000
487.8599000000
487.8710000000
487.8822000000
487.8931000000
487.9043000000
487.9155000000
487.9265000000
487.9376000000
487.9488000000
487.9599000000
487.9709000000
487.9823000000
487.9932000000
488.0045000000
488.0154000000
488.0264000000
488.0377000000
488.0487000000
488.0597000000
488.0709000000
488.0820000000
488.0933000000
488.1042000000
488.1156000000
488.1264000000
488.1376000000
488.1488000000
488.1598000000
488.1708000000
488.1819000000
488.1930000000
488.2042000000
488.2151000000
488.2263000000
488.2376000000
488.2488000000
488.2596000000
488.2707000000
488.2818000000
488.2930000000
488.3049000000
488.3152000000
488.3264000000
488.3373000000
488.3487000000
488.3596000000
488.3707000000
488.3820000000
488.3929000000
488.4040000000
488.4158000000
488.4263000000
488.4374000000
488.4485000000
488.4597000000
488.4707000000
488.4818000000
488.4930000000
488.5039000000
488.5153000000
488.5263000000
488.5372000000
488.5483000000
488.5596000000
488.5706000000
488.5817000000
488.5928000000
488.6039000000
488.6153000000
488.6262000000
488.6375000000
488.6484000000
488.6595000000
488.6706000000
488.6818000000
488.6930000000
488.7039000000
488.7149000000
488.7262000000
488.7372000000
488.7484000000
488.7595000000
488.7706000000
488.7816000000
488.7927000000
488.8040000000
488.8149000000
488.8261000000
488.8371000000
488.8482000000
488.8596000000
488.8704000000
488.8818000000
488.8927000000
488.9039000000
488.9149000000
488.9262000000
488.9371000000
488.9484000000
488.9597000000
488.9705000000
488.9819000000
488.9927000000
489.0037000000
489.0148000000
489.0261000000
489.0370000000
489.0481000000
489.0593000000
489.0703000000
489.0817000000
489.0926000000
489.1037000000
489.1149000000
489.1260000000
489.1371000000
489.1480000000
489.1593000000
489.1704000000
489.1814000000
489.1927000000
489.2036000000
489.2147000000
489.2260000000
489.2371000000
489.2481000000
489.2593000000
489.2702000000
489.2815000000
489.2930000000
489.3037000000
489.3146000000
489.3260000000
489.3370000000
489.3480000000
489.3592000000
489.3701000000
489.3813000000
489.3925000000
489.4035000000
489.4150000000
489.4257000000
489.4368000000
489.4479000000
489.4592000000
489.4702000000
489.4813000000
489.4925000000
489.5034000000
489.5146000000
489.5258000000
489.5369000000
489.5481000000
489.5590000000
489.5702000000
489.5813000000
489.5926000000
489.6034000000
489.6145000000
489.6258000000
489.6369000000
489.6479000000
489.6589000000
489.6701000000
489.6812000000
489.6925000000
489.7035000000
489.7144000000
489.7256000000
489.7366000000
489.7481000000
489.7591000000
489.7700000000
489.7811000000
489.7926000000
489.8033000000
489.8146000000
489.8257000000
489.8366000000
489.8478000000
489.8592000000
489.8699000000
489.8811000000
489.8924000000
489.9032000000
489.9144000000
489.9254000000
489.9366000000
489.9477000000
489.9587000000
489.9704000000
489.9810000000
489.9926000000
490.0034000000
490.0148000000
490.0254000000
490.0365000000
490.0477000000
490.0589000000
490.0699000000
490.0812000000
490.0923000000
490.1031000000
490.1153000000
490.1256000000
490.1364000000
490.1477000000
490.1587000000
490.1699000000
490.1809000000
490.1924000000
490.2031000000
490.2143000000
490.2255000000
490.2365000000
490.2476000000
490.2586000000
490.2697000000
490.2809000000
490.2920000000
490.3032000000
490.3142000000
490.3254000000
490.3363000000
490.3475000000
490.3586000000
490.3698000000
490.3808000000
490.3921000000
490.4030000000
490.4142000000
490.4254000000
490.4363000000
490.4475000000
490.4585000000
490.4697000000
490.4811000000
490.4922000000
490.5029000000
490.5141000000
490.5253000000
490.5363000000
490.5476000000
490.5590000000
490.5696000000
490.5807000000
490.5921000000
490.6029000000
490.6140000000
490.6251000000
490.6364000000
490.6474000000
490.6586000000
490.6695000000
490.6806000000
490.6917000000
490.7029000000
490.7141000000
490.7250000000
490.7362000000
490.7475000000
490.7585000000
490.7694000000
490.7806000000
490.7919000000
490.8028000000
490.8143000000
490.8252000000
490.8361000000
490.8472000000
490.8586000000
490.8695000000
490.8805000000
490.8917000000
490.9030000000
490.9139000000
490.9259000000
490.9360000000
490.9472000000
490.9583000000
490.9694000000
490.9806000000
490.9917000000
491.0027000000
491.0138000000
491.0250000000
491.0360000000
491.0472000000
491.0584000000
491.0693000000
491.0808000000
491.0916000000
491.1028000000
491.1138000000
491.1249000000
491.1364000000
491.1470000000
491.1581000000
491.1693000000
491.1803000000
491.1919000000
491.2026000000
491.2137000000
491.2249000000
491.2359000000
491.2470000000
491.2589000000
491.2692000000
491.2805000000
491.2914000000
491.3028000000
491.3136000000
491.3249000000
491.3358000000
491.3470000000
491.3582000000
491.3692000000
491.3803000000
491.3916000000
491.4024000000
491.4139000000
491.4249000000
491.4358000000
491.4469000000
491.4582000000
491.4691000000
491.4802000000
491.4914000000
491.5024000000
491.5135000000
491.5247000000
491.5358000000
491.5469000000
491.5581000000
491.5693000000
491.5803000000
491.5916000000
491.6024000000
491.6135000000
491.6246000000
491.6359000000
491.6468000000
491.6581000000
491.6690000000
491.6801000000
491.6914000000
491.7023000000
491.7137000000
491.7247000000
491.7357000000
491.7471000000
491.7581000000
491.7690000000
491.7802000000
491.7915000000
491.8025000000
491.8134000000
491.8246000000
491.8356000000
491.8469000000
491.8580000000
491.8690000000
491.8802000000
491.8914000000
491.9023000000
491.9134000000
491.9247000000
491.9356000000
491.9467000000
491.9578000000
491.9690000000
491.9802000000
491.9912000000
492.0022000000
492.0135000000
492.0245000000
492.0360000000
492.0466000000
492.0579000000
492.0688000000
492.0800000000
492.0912000000
492.1021000000
492.1134000000
492.1243000000
492.1357000000
492.1466000000
492.1580000000
492.1688000000
492.1799000000
492.1913000000
492.2023000000
492.2132000000
492.2243000000
492.2354000000
492.2465000000
492.2577000000
492.2688000000
492.2798000000
492.2910000000
492.3023000000
492.3131000000
492.3244000000
492.3353000000
492.3467000000
492.3579000000
492.3687000000
492.3799000000
492.3910000000
492.4020000000
492.4133000000
492.4246000000
492.4354000000
492.4464000000
492.4575000000
492.4686000000
492.4797000000
492.4909000000
492.5020000000
492.5131000000
492.5245000000
492.5353000000
492.5464000000
492.5578000000
492.5686000000
492.5797000000
492.5909000000
492.6019000000
492.6130000000
492.6243000000
492.6353000000
492.6464000000
492.6576000000
492.6687000000
492.6796000000
492.6908000000
492.7019000000
492.7129000000
492.7241000000
492.7354000000
492.7463000000
492.7575000000
492.7685000000
492.7796000000
492.7907000000
492.8019000000
492.8130000000
492.8239000000
492.8351000000
492.8462000000
492.8575000000
492.8684000000
492.8795000000
492.8907000000
492.9018000000
492.9129000000
492.9240000000
492.9350000000
492.9461000000
492.9572000000
492.9687000000
492.9796000000
492.9906000000
493.0018000000
493.0128000000
493.0239000000
493.0351000000
493.0461000000
493.0572000000
493.0684000000
493.0795000000
493.0906000000
493.1017000000
493.1128000000
493.1239000000
493.1351000000
493.1461000000
493.1573000000
493.1683000000
493.1794000000
493.1906000000
493.2015000000
493.2130000000
493.2240000000
493.2350000000
493.2461000000
493.2570000000
493.2683000000
493.2795000000
493.2904000000
493.3018000000
493.3126000000
493.3239000000
493.3349000000
493.3460000000
493.3571000000
493.3681000000
493.3793000000
493.3904000000
493.4016000000
493.4127000000
493.4238000000
493.4351000000
493.4459000000
493.4571000000
493.4681000000
493.4792000000
493.4904000000
493.5014000000
493.5125000000
493.5238000000
493.5348000000
493.5458000000
493.5570000000
493.5680000000
493.5792000000
493.5904000000
493.6014000000
493.6128000000
493.6236000000
493.6348000000
493.6458000000
493.6569000000
493.6681000000
493.6794000000
493.6904000000
493.7018000000
493.7125000000
493.7236000000
493.7346000000
493.7459000000
493.7569000000
493.7681000000
493.7791000000
493.7905000000
493.8017000000
493.8124000000
493.8235000000
493.8346000000
493.8458000000
493.8570000000
493.8680000000
493.8790000000
493.8901000000
493.9017000000
493.9125000000
493.9234000000
493.9346000000
493.9457000000
493.9568000000
493.9680000000
493.9790000000
493.9903000000
494.0019000000
494.0123000000
494.0236000000
494.0346000000
494.0456000000
494.0570000000
494.0678000000
494.0790000000
494.0901000000
494.1013000000
494.1125000000
494.1234000000
494.1345000000
494.1456000000
494.1568000000
494.1678000000
494.1789000000
494.1904000000
494.2010000000
494.2123000000
494.2233000000
494.2345000000
494.2455000000
494.2566000000
494.2679000000
494.2788000000
494.2899000000
494.3015000000
494.3121000000
494.3234000000
494.3345000000
494.3455000000
494.3567000000
494.3680000000
494.3788000000
494.3898000000
494.4011000000
494.4123000000
494.4232000000
494.4345000000
494.4454000000
494.4565000000
494.4677000000
494.4787000000
494.4899000000
494.5018000000
494.5120000000
494.5234000000
494.5342000000
494.5454000000
494.5565000000
494.5677000000
494.5787000000
494.5898000000
494.6010000000
494.6120000000
494.6231000000
494.6343000000
494.6453000000
494.6564000000
494.6681000000
494.6787000000
494.6899000000
494.7010000000
494.7119000000
494.7231000000
494.7341000000
494.7455000000
494.7566000000
494.7675000000
494.7786000000
494.7898000000
494.8008000000
494.8120000000
494.8231000000
494.8342000000
494.8452000000
494.8564000000
494.8676000000
494.8786000000
494.8897000000
494.9009000000
494.9118000000
494.9229000000
494.9340000000
494.9451000000
494.9563000000
494.9674000000
494.9784000000
494.9898000000
495.0007000000
495.0117000000
495.0230000000
495.0341000000
495.0453000000
495.0562000000
495.0673000000
495.0785000000
495.0897000000
495.1007000000
495.1118000000
495.1228000000
495.1339000000
495.1452000000
495.1562000000
495.1672000000
495.1788000000
495.1897000000
495.2006000000
495.2117000000
495.2232000000
495.2339000000
495.2452000000
495.2562000000
495.2674000000
495.2783000000
495.2894000000
495.3007000000
495.3117000000
495.3229000000
495.3338000000
495.3449000000
495.3562000000
495.3672000000
495.3782000000
495.3894000000
495.4005000000
495.4117000000
495.4226000000
495.4339000000
495.4449000000
495.4561000000
495.4671000000
495.4782000000
495.4897000000
495.5004000000
495.5115000000
495.5228000000
495.5339000000
495.5448000000
495.5561000000
495.5670000000
495.5782000000
495.5895000000
495.6004000000
495.6119000000
495.6226000000
495.6338000000
495.6448000000
495.6560000000
495.6671000000
495.6781000000
495.6894000000
495.7003000000
495.7115000000
495.7225000000
495.7337000000
495.7449000000
495.7558000000
495.7671000000
495.7782000000
495.7892000000
495.8003000000
495.8114000000
495.8226000000
495.8336000000
495.8447000000
495.8560000000
495.8669000000
495.8781000000
495.8893000000
495.9002000000
495.9113000000
495.9227000000
495.9335000000
495.9446000000
495.9558000000
495.9670000000
495.9780000000
495.9891000000
496.0002000000
496.0113000000
496.0225000000
496.0334000000
496.0446000000
496.0557000000
496.0669000000
496.0781000000
496.0891000000
496.1001000000
496.1113000000
496.1223000000
496.1336000000
496.1445000000
496.1556000000
496.1667000000
496.1778000000
496.1893000000
496.2001000000
496.2112000000
496.2223000000
496.2335000000
496.2445000000
496.2556000000
496.2667000000
496.2779000000
496.2892000000
496.3002000000
496.3114000000
496.3223000000
496.3339000000
496.3445000000
496.3557000000
496.3666000000
496.3777000000
496.3892000000
496.4001000000
496.4112000000
496.4223000000
496.4333000000
496.4444000000
496.4557000000
496.4666000000
496.4777000000
496.4891000000
496.5000000000
496.5111000000
496.5224000000
496.5333000000
496.5444000000
496.5559000000
496.5666000000
496.5780000000
496.5889000000
496.5999000000
496.6110000000
496.6224000000
496.6333000000
496.6443000000
496.6556000000
496.6669000000
496.6776000000
496.6890000000
496.7000000000
496.7109000000
496.7222000000
496.7332000000
496.7444000000
496.7554000000
496.7666000000
496.7777000000
496.7888000000
496.7999000000
496.8110000000
496.8224000000
496.8332000000
496.8442000000
496.8556000000
496.8665000000
496.8776000000
496.8889000000
496.8998000000
496.9109000000
496.9220000000
496.9330000000
496.9442000000
496.9553000000
496.9668000000
496.9775000000
496.9887000000
496.9997000000
497.0109000000
497.0220000000
497.0330000000
497.0441000000
497.0554000000
497.0663000000
497.0775000000
497.0886000000
497.0997000000
497.1109000000
497.1221000000
497.1330000000
497.1441000000
497.1553000000
497.1664000000
497.1774000000
497.1888000000
497.1995000000
497.2107000000
497.2218000000
497.2328000000
497.2440000000
497.2560000000
497.2662000000
497.2774000000
497.2886000000
497.2997000000
497.3107000000
497.3219000000
497.3329000000
497.3439000000
497.3552000000
497.3661000000
497.3773000000
497.3884000000
497.3995000000
497.4107000000
497.4218000000
497.4328000000
497.4439000000
497.4550000000
497.4661000000
497.4773000000
497.4883000000
497.4994000000
497.5108000000
497.5218000000
497.5327000000
497.5438000000
497.5550000000
497.5660000000
497.5771000000
497.5886000000
497.5993000000
497.6108000000
497.6215000000
497.6329000000
497.6439000000
497.6550000000
497.6660000000
497.6772000000
497.6882000000
497.6993000000
497.7108000000
497.7217000000
497.7326000000
497.7439000000
497.7550000000
497.7660000000
497.7771000000
497.7883000000
497.7995000000
497.8107000000
497.8215000000
497.8327000000
497.8438000000
497.8550000000
497.8659000000
497.8771000000
497.8881000000
497.8993000000
497.9106000000
497.9215000000
497.9325000000
497.9437000000
497.9548000000
497.9659000000
497.9770000000
497.9881000000
497.9992000000
498.0106000000
498.0215000000
498.0325000000
498.0437000000
498.0547000000
498.0658000000
498.0770000000
498.0883000000
498.0992000000
498.1103000000
498.1214000000
498.1324000000
498.1437000000
498.1547000000
498.1657000000
498.1768000000
498.1882000000
498.1992000000
498.2102000000
498.2212000000
498.2325000000
498.2435000000
498.2548000000
498.2658000000
498.2768000000
498.2879000000
498.2992000000
498.3102000000
498.3214000000
498.3323000000
498.3435000000
498.3547000000
498.3657000000
498.3767000000
498.3880000000
498.3990000000
498.4103000000
498.4213000000
498.4323000000
498.4434000000
498.4547000000
498.4656000000
498.4769000000
498.4879000000
498.4989000000
498.5103000000
498.5219000000
498.5322000000
498.5434000000
498.5544000000
498.5657000000
498.5767000000
498.5878000000
498.5992000000
498.6100000000
498.6211000000
498.6324000000
498.6434000000
498.6544000000
498.6656000000
498.6767000000
498.6880000000
498.6988000000
498.7100000000
498.7214000000
498.7321000000
498.7433000000
498.7543000000
498.7656000000
498.7766000000
498.7877000000
498.7988000000
498.8098000000
498.8211000000
498.8321000000
498.8432000000
498.8543000000
498.8656000000
498.8766000000
498.8876000000
498.8987000000
498.9098000000
498.9212000000
498.9328000000
498.9431000000
498.9543000000
498.9654000000
498.9764000000
498.9877000000
498.9988000000
499.0098000000
499.0209000000
499.0321000000
499.0432000000
499.0543000000
499.0654000000
499.0764000000
499.0875000000
499.0986000000
499.1099000000
499.1209000000
499.1320000000
499.1430000000
499.1543000000
499.1654000000
499.1763000000
499.1877000000
499.1985000000
499.2097000000
499.2209000000
499.2319000000
499.2430000000
499.2541000000
499.2652000000
499.2763000000
499.2874000000
499.2986000000
499.3096000000
499.3209000000
499.3319000000
499.3430000000
499.3540000000
499.3654000000
499.3763000000
499.3874000000
499.3987000000
499.4095000000
499.4208000000
499.4317000000
499.4429000000
499.4540000000
499.4652000000
499.4762000000
499.4876000000
499.4986000000
499.5096000000
499.5208000000
499.5320000000
499.5429000000
499.5539000000
499.5652000000
499.5762000000
499.5874000000
499.5984000000
499.6095000000
499.6207000000
499.6317000000
499.6429000000
499.6542000000
499.6652000000
499.6762000000
499.6875000000
499.6983000000
499.7096000000
499.7206000000
499.7317000000
499.7427000000
499.7538000000
499.7650000000
499.7762000000
499.7872000000
499.7982000000
499.8095000000
499.8206000000
499.8317000000
499.8428000000
499.8539000000
499.8649000000
499.8762000000
499.8871000000
499.8983000000
499.9094000000
499.9212000000
499.9315000000
499.9426000000
499.9538000000
499.9650000000
499.9760000000
499.9872000000
499.9984000000
500.0092000000
500.0205000000
500.0316000000
500.0427000000
500.0539000000
500.0648000000
500.0761000000
500.0870000000
500.0982000000
500.1096000000
500.1205000000
500.1314000000
500.1427000000
500.1537000000
500.1647000000
500.1758000000
500.1870000000
500.1982000000
500.2092000000
500.2203000000
500.2314000000
500.2426000000
500.2537000000
500.2647000000
500.2759000000
500.2869000000
500.2983000000
500.3091000000
500.3203000000
500.3315000000
500.3424000000
500.3535000000
500.3647000000
500.3757000000
500.3868000000
500.3983000000
500.4091000000
500.4203000000
500.4315000000
500.4425000000
500.4536000000
500.4646000000
500.4758000000
500.4868000000
500.4980000000
500.5092000000
500.5207000000
500.5316000000
500.5424000000
500.5535000000
500.5646000000
500.5757000000
500.5869000000
500.5980000000
500.6090000000
500.6201000000
500.6312000000
500.6428000000
500.6534000000
500.6645000000
500.6757000000
500.6870000000
500.6980000000
500.7089000000
500.7201000000
500.7313000000
500.7425000000
500.7534000000
500.7644000000
500.7756000000
500.7867000000
500.7978000000
500.8089000000
500.8206000000
500.8311000000
500.8422000000
500.8535000000
500.8647000000
500.8756000000
500.8867000000
500.8980000000
500.9088000000
500.9200000000
500.9311000000
500.9423000000
500.9533000000
500.9645000000
500.9754000000
500.9865000000
500.9978000000
501.0087000000
501.0199000000
501.0311000000
501.0421000000
501.0535000000
501.0644000000
501.0754000000
501.0866000000
501.0976000000
501.1088000000
501.1199000000
501.1310000000
501.1433000000
501.1532000000
501.1644000000
501.1754000000
501.1865000000
501.1977000000
501.2089000000
501.2198000000
501.2310000000
501.2420000000
501.2534000000
501.2641000000
501.2752000000
501.2863000000
501.2979000000
501.3087000000
501.3198000000
501.3309000000
501.3419000000
501.3530000000
501.3644000000
501.3754000000
501.3864000000
501.3977000000
501.4086000000
501.4199000000
501.4310000000
501.4424000000
501.4532000000
501.4641000000
501.4760000000
501.4863000000
501.4974000000
501.5086000000
501.5201000000
501.5308000000
501.5419000000
501.5530000000
501.5642000000
501.5752000000
501.5865000000
501.5974000000
501.6086000000
501.6199000000
501.6309000000
501.6418000000
501.6531000000
501.6642000000
501.6754000000
501.6864000000
501.6974000000
501.7085000000
501.7197000000
501.7306000000
501.7420000000
501.7528000000
501.7641000000
501.7751000000
501.7862000000
501.7974000000
501.8085000000
501.8197000000
501.8308000000
501.8417000000
501.8528000000
501.8640000000
501.8750000000
501.8861000000
501.8973000000
501.9083000000
501.9199000000
501.9307000000
501.9417000000
501.9529000000
501.9641000000
501.9751000000
501.9862000000
501.9972000000
502.0083000000
502.0197000000
502.0307000000
502.0415000000
502.0527000000
502.0638000000
502.0750000000
502.0860000000
502.0972000000
502.1083000000
502.1196000000
502.1305000000
502.1418000000
502.1527000000
502.1638000000
502.1749000000
502.1861000000
502.1971000000
502.2083000000
502.2197000000
502.2306000000
502.2415000000
502.2527000000
502.2639000000
502.2749000000
502.2859000000
502.2972000000
502.3081000000
502.3197000000
502.3304000000
502.3415000000
502.3527000000
502.3637000000
502.3750000000
502.3859000000
502.3969000000
502.4082000000
502.4194000000
502.4305000000
502.4414000000
502.4528000000
502.4638000000
502.4747000000
502.4859000000
502.4970000000
502.5080000000
502.5199000000
502.5303000000
502.5414000000
502.5525000000
502.5635000000
502.5746000000
502.5859000000
502.5969000000
502.6081000000
502.6191000000
502.6303000000
502.6417000000
502.6524000000
502.6635000000
502.6747000000
502.6857000000
502.6970000000
502.7079000000
502.7192000000
502.7301000000
502.7414000000
502.7529000000
502.7635000000
502.7746000000
502.7858000000
502.7968000000
502.8081000000
502.8190000000
502.8302000000
502.8412000000
502.8524000000
502.8636000000
502.8745000000
502.8856000000
502.8967000000
502.9078000000
502.9192000000
502.9300000000
502.9411000000
502.9524000000
502.9634000000
502.9744000000
502.9856000000
502.9967000000
503.0077000000
503.0189000000
503.0301000000
503.0411000000
503.0522000000
503.0634000000
503.0746000000
503.0855000000
503.0966000000
503.1077000000
503.1188000000
503.1299000000
503.1411000000
503.1521000000
503.1635000000
503.1743000000
503.1856000000
503.1966000000
503.2077000000
503.2189000000
503.2303000000
503.2410000000
503.2523000000
503.2632000000
503.2744000000
503.2857000000
503.2965000000
503.3076000000
503.3188000000
503.3298000000
503.3409000000
503.3520000000
503.3632000000
503.3743000000
503.3856000000
503.3966000000
503.4076000000
503.4186000000
503.4298000000
503.4409000000
503.4519000000
503.4631000000
503.4743000000
503.4854000000
503.4964000000
503.5075000000
503.5186000000
503.5298000000
503.5409000000
503.5521000000
503.5631000000
503.5742000000
503.5857000000
503.5964000000
503.6075000000
503.6186000000
503.6297000000
503.6407000000
503.6520000000
503.6630000000
503.6746000000
503.6853000000
503.6968000000
503.7079000000
503.7186000000
503.7297000000
503.7410000000
503.7520000000
503.7629000000
503.7742000000
503.7852000000
503.7962000000
503.8076000000
503.8185000000
503.8296000000
503.8406000000
503.8520000000
503.8630000000
503.8741000000
503.8858000000
503.8962000000
503.9074000000
503.9185000000
503.9297000000
503.9407000000
503.9520000000
503.9629000000
503.9740000000
503.9851000000
503.9961000000
504.0078000000
504.0184000000
504.0298000000
504.0407000000
504.0518000000
504.0629000000
504.0739000000
504.0851000000
504.0961000000
504.1072000000
504.1183000000
504.1296000000
504.1406000000
504.1518000000
504.1628000000
504.1738000000
504.1852000000
504.1961000000
504.2072000000
504.2184000000
504.2294000000
504.2405000000
504.2517000000
504.2628000000
504.2738000000
504.2850000000
504.2961000000
504.3071000000
504.3183000000
504.3296000000
504.3404000000
504.3516000000
504.3629000000
504.3737000000
504.3849000000
504.3961000000
504.4070000000
504.4181000000
504.4293000000
504.4403000000
504.4514000000
504.4629000000
504.4738000000
504.4849000000
504.4959000000
504.5071000000
504.5182000000
504.5293000000
504.5403000000
504.5516000000
504.5625000000
504.5739000000
504.5848000000
504.5959000000
504.6070000000
504.6181000000
504.6293000000
504.6403000000
504.6514000000
504.6627000000
504.6736000000
504.6848000000
504.6959000000
504.7070000000
504.7181000000
504.7292000000
504.7402000000
504.7513000000
504.7624000000
504.7738000000
504.7848000000
504.7958000000
504.8070000000
504.8180000000
504.8291000000
504.8405000000
504.8513000000
504.8626000000
504.8735000000
504.8846000000
504.8958000000
504.9070000000
504.9181000000
504.9291000000
504.9404000000
504.9513000000
504.9623000000
504.9734000000
504.9845000000
504.9957000000
505.0067000000
505.0180000000
505.0291000000
505.0402000000
505.0514000000
505.0623000000
505.0734000000
505.0846000000
505.0958000000
505.1067000000
505.1179000000
505.1289000000
505.1401000000
505.1516000000
505.1622000000
505.1733000000
505.1847000000
505.1956000000
505.2067000000
505.2179000000
505.2289000000
505.2401000000
505.2512000000
505.2622000000
505.2734000000
505.2845000000
505.2955000000
505.3068000000
505.3177000000
505.3289000000
505.3399000000
505.3510000000
505.3623000000
505.3732000000
505.3844000000
505.3955000000
505.4066000000
505.4177000000
505.4287000000
505.4398000000
505.4512000000
505.4621000000
505.4734000000
505.4843000000
505.4955000000
505.5067000000
505.5176000000
505.5287000000
505.5400000000
505.5511000000
505.5621000000
505.5733000000
505.5844000000
505.5953000000
505.6066000000
505.6177000000
505.6287000000
505.6398000000
505.6509000000
505.6621000000
505.6731000000
505.6843000000
505.6960000000
505.7064000000
505.7177000000
505.7287000000
505.7397000000
505.7509000000
505.7620000000
505.7730000000
505.7843000000
505.7954000000
505.8064000000
505.8177000000
505.8286000000
505.8396000000
505.8508000000
505.8618000000
505.8731000000
505.8840000000
505.8952000000
505.9063000000
505.9175000000
505.9286000000
505.9396000000
505.9508000000
505.9618000000
505.9729000000
505.9843000000
505.9951000000
506.0062000000
506.0174000000
506.0287000000
506.0397000000
506.0507000000
506.0618000000
506.0728000000
506.0840000000
506.0951000000
506.1061000000
506.1173000000
506.1284000000
506.1396000000
506.1508000000
506.1617000000
506.1728000000
506.1842000000
506.1951000000
506.2061000000
506.2173000000
506.2284000000
506.2396000000
506.2507000000
506.2616000000
506.2727000000
506.2839000000
506.2950000000
506.3061000000
506.3174000000
506.3284000000
506.3396000000
506.3507000000
506.3618000000
506.3727000000
506.3838000000
506.3949000000
506.4062000000
506.4172000000
506.4283000000
506.4396000000
506.4507000000
506.4616000000
506.4727000000
506.4838000000
506.4950000000
506.5061000000
506.5171000000
506.5284000000
506.5393000000
506.5504000000
506.5615000000
506.5726000000
506.5838000000
506.5948000000
506.6059000000
506.6172000000
506.6284000000
506.6393000000
506.6505000000
506.6615000000
506.6726000000
506.6838000000
506.6949000000
506.7058000000
506.7171000000
506.7284000000
506.7393000000
506.7503000000
506.7615000000
506.7726000000
506.7837000000
506.7949000000
506.8061000000
506.8170000000
506.8286000000
506.8392000000
506.8510000000
506.8615000000
506.8726000000
506.8836000000
506.8951000000
506.9058000000
506.9171000000
506.9283000000
506.9392000000
506.9503000000
506.9615000000
506.9724000000
506.9837000000
506.9947000000
507.0058000000
507.0168000000
507.0283000000
507.0391000000
507.0504000000
507.0613000000
507.0725000000
507.0835000000
507.0945000000
507.1058000000
507.1169000000
507.1282000000
507.1391000000
507.1502000000
507.1613000000
507.1723000000
507.1834000000
507.1946000000
507.2056000000
507.2167000000
507.2282000000
507.2390000000
507.2502000000
507.2614000000
507.2724000000
507.2834000000
507.2945000000
507.3056000000
507.3167000000
507.3281000000
507.3389000000
507.3502000000
507.3612000000
507.3722000000
507.3834000000
507.3944000000
507.4056000000
507.4167000000
507.4281000000
507.4389000000
507.4500000000
507.4611000000
507.4722000000
507.4834000000
507.4944000000
507.5059000000
507.5166000000
507.5280000000
507.5388000000
507.5500000000
507.5611000000
507.5722000000
507.5833000000
507.5943000000
507.6054000000
507.6166000000
507.6278000000
507.6388000000
507.6499000000
507.6610000000
507.6725000000
507.6832000000
507.6943000000
507.7054000000
507.7166000000
507.7277000000
507.7389000000
507.7498000000
507.7610000000
507.7720000000
507.7833000000
507.7943000000
507.8057000000
507.8166000000
507.8276000000
507.8386000000
507.8499000000
507.8608000000
507.8720000000
507.8831000000
507.8944000000
507.9053000000
507.9166000000
507.9277000000
507.9386000000
507.9498000000
507.9608000000
507.9719000000
507.9830000000
507.9943000000
508.0054000000
508.0165000000
508.0277000000
508.0386000000
508.0497000000
508.0608000000
508.0719000000
508.0830000000
508.0941000000
508.1052000000
508.1164000000
508.1274000000
508.1386000000
508.1497000000
508.1607000000
508.1718000000
508.1830000000
508.1941000000
508.2052000000
508.2162000000
508.2275000000
508.2385000000
508.2496000000
508.2608000000
508.2718000000
508.2830000000
508.2940000000
508.3051000000
508.3162000000
508.3273000000
508.3385000000
508.3496000000
508.3607000000
508.3717000000
508.3830000000
508.3943000000
508.4050000000
508.4162000000
508.4272000000
508.4383000000
508.4496000000
508.4606000000
508.4716000000
508.4828000000
508.4939000000
508.5049000000
508.5163000000
508.5272000000
508.5383000000
508.5495000000
508.5606000000
508.5717000000
508.5827000000
508.5938000000
508.6049000000
508.6161000000
508.6271000000
508.6383000000
508.6496000000
508.6604000000
508.6717000000
508.6827000000
508.6938000000
508.7049000000
508.7160000000
508.7271000000
508.7383000000
508.7495000000
508.7604000000
508.7715000000
508.7829000000
508.7937000000
508.8048000000
508.8160000000
508.8272000000
508.8382000000
508.8493000000
508.8603000000
508.8715000000
508.8827000000
508.8938000000
508.9049000000
508.9160000000
508.9270000000
508.9382000000
508.9493000000
508.9603000000
508.9714000000
508.9826000000
508.9937000000
509.0048000000
509.0158000000
509.0278000000
509.0380000000
509.0491000000
509.0603000000
509.0715000000
509.0826000000
509.0936000000
509.1046000000
509.1161000000
509.1272000000
509.1382000000
509.1491000000
509.1602000000
509.1713000000
509.1826000000
509.1935000000
509.2046000000
509.2158000000
509.2269000000
509.2381000000
509.2492000000
509.2602000000
509.2713000000
509.2823000000
509.2939000000
509.3046000000
509.3157000000
509.3268000000
509.3380000000
509.3491000000
509.3601000000
509.3712000000
509.3823000000
509.3934000000
509.4045000000
509.4157000000
509.4267000000
509.4379000000
509.4491000000
509.4601000000
509.4712000000
509.4823000000
509.4933000000
509.5046000000
509.5156000000
509.5267000000
509.5378000000
509.5489000000
509.5602000000
509.5711000000
509.5822000000
509.5937000000
509.6045000000
509.6155000000
509.6266000000
509.6377000000
509.6488000000
509.6599000000
509.6713000000
509.6822000000
509.6937000000
509.7044000000
509.7154000000
509.7268000000
509.7378000000
509.7490000000
509.7600000000
509.7711000000
509.7823000000
509.7932000000
509.8044000000
509.8154000000
509.8266000000
509.8377000000
509.8488000000
509.8599000000
509.8710000000
509.8826000000
509.8933000000
509.9043000000
509.9155000000
509.9266000000
509.9377000000
509.9487000000
509.9599000000
509.9709000000
509.9821000000
509.9931000000
510.0044000000
510.0153000000
510.0266000000
510.0376000000
510.0488000000
510.0598000000
510.0710000000
510.0820000000
510.0931000000
510.1042000000
510.1154000000
510.1264000000
510.1376000000
510.1487000000
510.1597000000
510.1712000000
510.1819000000
510.1930000000
510.2041000000
510.2155000000
510.2265000000
510.2376000000
510.2487000000
510.2596000000
510.2708000000
510.2820000000
510.2932000000
510.3041000000
510.3152000000
510.3264000000
510.3375000000
510.3486000000
510.3597000000
510.3707000000
510.3819000000
510.3929000000
510.4041000000
510.4153000000
510.4262000000
510.4373000000
510.4485000000
510.4595000000
510.4706000000
510.4818000000
510.4929000000
510.5041000000
510.5153000000
510.5262000000
510.5376000000
510.5484000000
510.5596000000
510.5706000000
510.5818000000
510.5928000000
510.6039000000
510.6155000000
510.6262000000
510.6374000000
510.6483000000
510.6595000000
510.6706000000
510.6816000000
510.6929000000
510.7039000000
510.7151000000
510.7262000000
510.7373000000
510.7485000000
510.7597000000
510.7705000000
510.7818000000
510.7927000000
510.8038000000
510.8150000000
510.8260000000
510.8372000000
510.8484000000
510.8594000000
510.8707000000
510.8815000000
510.8927000000
510.9038000000
510.9150000000
510.9261000000
510.9371000000
510.9483000000
510.9593000000
510.9705000000
510.9815000000
510.9927000000
511.0039000000
511.0148000000
511.0259000000
511.0371000000
511.0482000000
511.0592000000
511.0704000000
511.0815000000
511.0926000000
511.1037000000
511.1149000000
511.1259000000
511.1373000000
511.1481000000
511.1593000000
511.1705000000
511.1815000000
511.1926000000
511.2036000000
511.2147000000
511.2261000000
511.2374000000
511.2481000000
511.2592000000
511.2702000000
511.2814000000
511.2926000000
511.3038000000
511.3148000000
511.3258000000
511.3372000000
511.3481000000
511.3591000000
511.3702000000
511.3813000000
511.3924000000
511.4036000000
511.4148000000
511.4257000000
511.4371000000
511.4482000000
511.4591000000
511.4705000000
511.4813000000
511.4925000000
511.5034000000
511.5147000000
511.5258000000
511.5371000000
511.5479000000
511.5591000000
511.5702000000
511.5813000000
511.5929000000
511.6036000000
511.6145000000
511.6258000000
511.6370000000
511.6483000000
511.6590000000
511.6702000000
511.6816000000
511.6924000000
511.7034000000
511.7149000000
511.7258000000
511.7369000000
511.7479000000
511.7590000000
511.7700000000
511.7813000000
511.7924000000
511.8035000000
511.8145000000
511.8255000000
511.8370000000
511.8478000000
511.8590000000
511.8701000000
511.8813000000
511.8923000000
511.9034000000
511.9146000000
511.9256000000
511.9370000000
511.9477000000
511.9589000000
511.9700000000
511.9810000000
511.9931000000
512.0033000000
512.0144000000
512.0255000000
512.0368000000
512.0479000000
512.0588000000
512.0699000000
512.0810000000
512.0922000000
512.1034000000
512.1144000000
512.1255000000
512.1367000000
512.1477000000
512.1588000000
512.1700000000
512.1810000000
512.1920000000
512.2032000000
512.2142000000
512.2255000000
512.2367000000
512.2477000000
512.2587000000
512.2698000000
512.2808000000
512.2921000000
512.3031000000
512.3142000000
512.3253000000
512.3366000000
512.3475000000
512.3587000000
512.3698000000
512.3809000000
512.3919000000
512.4039000000
512.4141000000
512.4252000000
512.4368000000
512.4477000000
512.4586000000
512.4698000000
512.4808000000
512.4918000000
512.5031000000
512.5141000000
512.5256000000
512.5363000000
512.5475000000
512.5587000000
512.5698000000
512.5807000000
512.5919000000
512.6030000000
512.6140000000
512.6251000000
512.6363000000
512.6474000000
512.6586000000
512.6700000000
512.6806000000
512.6918000000
512.7030000000
512.7141000000
512.7250000000
512.7363000000
512.7474000000
512.7586000000
512.7695000000
512.7806000000
512.7918000000
512.8029000000
512.8139000000
512.8251000000
512.8362000000
512.8473000000
512.8583000000
512.8697000000
512.8806000000
512.8917000000
512.9029000000
512.9139000000
512.9250000000
512.9365000000
512.9471000000
512.9583000000
512.9697000000
512.9806000000
512.9919000000
513.0029000000
513.0138000000
513.0251000000
513.0361000000
513.0473000000
513.0583000000
513.0695000000
513.0804000000
513.0916000000
513.1027000000
513.1139000000
513.1250000000
513.1360000000
513.1472000000
513.1582000000
513.1699000000
513.1808000000
513.1917000000
513.2026000000
513.2137000000
513.2250000000
513.2360000000
513.2471000000
513.2581000000
513.2694000000
513.2805000000
513.2914000000
513.3027000000
513.3137000000
513.3249000000
513.3363000000
513.3470000000
513.3582000000
513.3693000000
513.3802000000
513.3914000000
513.4028000000
513.4137000000
513.4249000000
513.4359000000
513.4471000000
513.4583000000
513.4691000000
513.4802000000
513.4916000000
513.5024000000
513.5137000000
513.5247000000
513.5358000000
513.5469000000
513.5583000000
513.5692000000
513.5802000000
513.5913000000
513.6026000000
513.6136000000
513.6246000000
513.6358000000
513.6469000000
513.6580000000
513.6691000000
513.6804000000
513.6912000000
513.7025000000
513.7136000000
513.7250000000
513.7357000000
513.7471000000
513.7580000000
513.7690000000
513.7803000000
513.7913000000
513.8024000000
513.8135000000
513.8245000000
513.8357000000
513.8469000000
513.8579000000
513.8690000000
513.8802000000
513.8915000000
513.9023000000
513.9134000000
513.9244000000
513.9358000000
513.9467000000
513.9581000000
513.9689000000
513.9800000000
513.9911000000
514.0024000000
514.0136000000
514.0244000000
514.0356000000
514.0468000000
514.0577000000
514.0689000000
514.0800000000
514.0914000000
514.1022000000
514.1135000000
514.1245000000
514.1356000000
514.1467000000
514.1581000000
514.1688000000
514.1799000000
514.1910000000
514.2022000000
514.2132000000
514.2244000000
514.2356000000
514.2465000000
514.2576000000
514.2689000000
514.2798000000
514.2910000000
514.3021000000
514.3133000000
514.3250000000
514.3354000000
514.3465000000
514.3577000000
514.3688000000
514.3799000000
514.3911000000
514.4020000000
514.4131000000
514.4244000000
514.4354000000
514.4467000000
514.4576000000
514.4688000000
514.4798000000
514.4908000000
514.5021000000
514.5131000000
514.5242000000
514.5355000000
514.5464000000
514.5576000000
514.5687000000
514.5798000000
514.5908000000
514.6021000000
514.6131000000
514.6243000000
514.6353000000
514.6463000000
514.6575000000
514.6686000000
514.6797000000
514.6908000000
514.7019000000
514.7130000000
514.7242000000
514.7354000000
514.7463000000
514.7574000000
514.7686000000
514.7798000000
514.7908000000
514.8018000000
514.8129000000
514.8245000000
514.8351000000
514.8462000000
514.8574000000
514.8685000000
514.8796000000
514.8908000000
514.9018000000
514.9128000000
514.9240000000
514.9352000000
514.9462000000
514.9573000000
514.9685000000
514.9795000000
514.9906000000
515.0018000000
515.0129000000
515.0243000000
515.0351000000
515.0464000000
515.0573000000
515.0684000000
515.0795000000
515.0906000000
515.1018000000
515.1129000000
515.1240000000
515.1350000000
515.1462000000
515.1573000000
515.1683000000
515.1795000000
515.1906000000
515.2017000000
515.2128000000
515.2239000000
515.2349000000
515.2463000000
515.2571000000
515.2683000000
515.2793000000
515.2908000000
515.3015000000
515.3127000000
515.3240000000
515.3350000000
515.3466000000
515.3572000000
515.3683000000
515.3794000000
515.3904000000
515.4016000000
515.4126000000
515.4237000000
515.4349000000
515.4467000000
515.4570000000
515.4683000000
515.4792000000
515.4905000000
515.5016000000
515.5127000000
515.5238000000
515.5349000000
515.5461000000
515.5570000000
515.5681000000
515.5792000000
515.5903000000
515.6014000000
515.6127000000
515.6236000000
515.6347000000
515.6459000000
515.6573000000
515.6684000000
515.6792000000
515.6903000000
515.7014000000
515.7125000000
515.7236000000
515.7348000000
515.7461000000
515.7570000000
515.7681000000
515.7791000000
515.7903000000
515.8013000000
515.8125000000
515.8238000000
515.8346000000
515.8457000000
515.8568000000
515.8680000000
515.8791000000
515.8901000000
515.9014000000
515.9124000000
515.9235000000
515.9346000000
515.9457000000
515.9568000000
515.9680000000
515.9791000000
515.9905000000
516.0013000000
516.0123000000
516.0234000000
516.0347000000
516.0461000000
516.0567000000
516.0679000000
516.0790000000
516.0903000000
516.1013000000
516.1123000000
516.1235000000
516.1346000000
516.1458000000
516.1568000000
516.1678000000
516.1789000000
516.1901000000
516.2010000000
516.2123000000
516.2235000000
516.2345000000
516.2455000000
516.2568000000
516.2678000000
516.2791000000
516.2903000000
516.3011000000
516.3122000000
516.3235000000
516.3346000000
516.3456000000
516.3568000000
516.3679000000
516.3788000000
516.3900000000
516.4011000000
516.4121000000
516.4233000000
516.4347000000
516.4456000000
516.4567000000
516.4677000000
516.4788000000
516.4899000000
516.5011000000
516.5120000000
516.5233000000
516.5345000000
516.5455000000
516.5565000000
516.5677000000
516.5787000000
516.5898000000
516.6012000000
516.6120000000
516.6232000000
516.6345000000
516.6455000000
516.6566000000
516.6677000000
516.6786000000
516.6898000000
516.7009000000
516.7119000000
516.7231000000
516.7343000000
516.7452000000
516.7567000000
516.7676000000
516.7787000000
516.7899000000
516.8010000000
516.8120000000
516.8231000000
516.8343000000
516.8453000000
516.8565000000
516.8681000000
516.8787000000
516.8898000000
516.9009000000
516.9122000000
516.9230000000
516.9341000000
516.9453000000
516.9564000000
516.9676000000
516.9786000000
516.9898000000
517.0009000000
517.0119000000
517.0230000000
517.0342000000
517.0452000000
517.0564000000
517.0676000000
517.0784000000
517.0897000000
517.1008000000
517.1118000000
517.1230000000
517.1340000000
517.1450000000
517.1563000000
517.1674000000
517.1784000000
517.1895000000
517.2007000000
517.2119000000
517.2229000000
517.2340000000
517.2450000000
517.2562000000
517.2673000000
517.2784000000
517.2896000000
517.3006000000
517.3116000000
517.3230000000
517.3339000000
517.3450000000
517.3562000000
517.3672000000
517.3785000000
517.3898000000
517.4006000000
517.4116000000
517.4227000000
517.4340000000
517.4450000000
517.4562000000
517.4672000000
517.4782000000
517.4893000000
517.5007000000
517.5115000000
517.5228000000
517.5339000000
517.5450000000
517.5560000000
517.5673000000
517.5782000000
517.5894000000
517.6005000000
517.6115000000
517.6226000000
517.6338000000
517.6448000000
517.6561000000
517.6672000000
517.6782000000
517.6895000000
517.7004000000
517.7117000000
517.7226000000
517.7337000000
517.7448000000
517.7559000000
517.7672000000
517.7781000000
517.7893000000
517.8003000000
517.8115000000
517.8229000000
517.8337000000
517.8448000000
517.8559000000
517.8670000000
517.8782000000
517.8892000000
517.9003000000
517.9114000000
517.9225000000
517.9337000000
517.9446000000
517.9559000000
517.9670000000
517.9780000000
517.9893000000
518.0003000000
518.0114000000
518.0224000000
518.0338000000
518.0446000000
518.0562000000
518.0670000000
518.0779000000
518.0892000000
518.1003000000
518.1113000000
518.1230000000
518.1335000000
518.1446000000
518.1559000000
518.1669000000
518.1780000000
518.1890000000
518.2003000000
518.2113000000
518.2224000000
518.2336000000
518.2445000000
518.2563000000
518.2669000000
518.2780000000
518.2889000000
518.3001000000
518.3112000000
518.3227000000
518.3334000000
518.3445000000
518.3557000000
518.3669000000
518.3778000000
518.3890000000
518.4000000000
518.4111000000
518.4222000000
518.4335000000
518.4445000000
518.4557000000
518.4669000000
518.4777000000
518.4890000000
518.5002000000
518.5111000000
518.5222000000
518.5334000000
518.5445000000
518.5555000000
518.5668000000
518.5778000000
518.5888000000
518.6000000000
518.6110000000
518.6224000000
518.6333000000
518.6443000000
518.6557000000
518.6666000000
518.6777000000
518.6888000000
518.6999000000
518.7110000000
518.7222000000
518.7332000000
518.7443000000
518.7555000000
518.7666000000
518.7777000000
518.7888000000
518.8000000000
518.8109000000
518.8222000000
518.8334000000
518.8442000000
518.8553000000
518.8665000000
518.8777000000
518.8886000000
518.8998000000
518.9109000000
518.9227000000
518.9333000000
518.9442000000
518.9556000000
518.9664000000
518.9775000000
518.9887000000
518.9997000000
519.0109000000
519.0219000000
519.0330000000
519.0443000000
519.0554000000
519.0665000000
519.0775000000
519.0888000000
519.0998000000
519.1108000000
519.1220000000
519.1331000000
519.1440000000
519.1554000000
519.1663000000
519.1774000000
519.1885000000
519.1996000000
519.2108000000
519.2218000000
519.2330000000
519.2441000000
519.2554000000
519.2663000000
519.2773000000
519.2885000000
519.2997000000
519.3108000000
519.3219000000
519.3331000000
519.3440000000
519.3553000000
519.3661000000
519.3773000000
519.3885000000
519.3997000000
519.4106000000
519.4218000000
519.4329000000
519.4439000000
519.4552000000
519.4662000000
519.4772000000
519.4883000000
519.4996000000
519.5106000000
519.5217000000
519.5328000000
519.5441000000
519.5552000000
519.5661000000
519.5771000000
519.5883000000
519.5995000000
519.6105000000
519.6216000000
519.6328000000
519.6438000000
519.6552000000
519.6663000000
519.6771000000
519.6884000000
519.6994000000
519.7108000000
519.7218000000
519.7328000000
519.7440000000
519.7553000000
519.7661000000
519.7772000000
519.7883000000
519.7994000000
519.8104000000
519.8217000000
519.8328000000
519.8441000000
519.8552000000
519.8662000000
519.8770000000
519.8882000000
519.8995000000
519.9103000000
519.9217000000
519.9327000000
519.9437000000
519.9551000000
519.9659000000
519.9771000000
519.9882000000
519.9993000000
520.0103000000
520.0216000000
520.0325000000
520.0436000000
520.0550000000
520.0662000000
520.0770000000
520.0882000000
520.0992000000
520.1103000000
520.1214000000
520.1326000000
520.1436000000
520.1548000000
520.1658000000
520.1770000000
520.1883000000
520.1996000000
520.2102000000
520.2217000000
520.2324000000
520.2435000000
520.2546000000
520.2658000000
520.2769000000
520.2879000000
520.2992000000
520.3101000000
520.3212000000
520.3327000000
520.3435000000
520.3546000000
520.3659000000
520.3768000000
520.3881000000
520.3991000000
520.4103000000
520.4212000000
520.4325000000
520.4435000000
520.4548000000
520.4658000000
520.4767000000
520.4880000000
520.4991000000
520.5101000000
520.5218000000
520.5323000000
520.5434000000
520.5546000000
520.5657000000
520.5768000000
520.5878000000
520.5989000000
520.6100000000
520.6212000000
520.6323000000
520.6436000000
520.6544000000
520.6656000000
520.6766000000
520.6878000000
520.6988000000
520.7100000000
520.7210000000
520.7322000000
520.7433000000
520.7544000000
520.7655000000
520.7766000000
520.7877000000
520.7989000000
520.8099000000
520.8212000000
520.8322000000
520.8433000000
520.8546000000
520.8654000000
520.8766000000
520.8877000000
520.8987000000
520.9099000000
520.9210000000
520.9320000000
520.9432000000
520.9545000000
520.9655000000
520.9764000000
520.9875000000
520.9988000000
521.0099000000
521.0209000000
521.0320000000
521.0431000000
521.0543000000
521.0654000000
521.0767000000
521.0876000000
521.0986000000
521.1099000000
521.1208000000
521.1321000000
521.1431000000
521.1541000000
521.1654000000
521.1766000000
521.1876000000
521.1988000000
521.2097000000
521.2211000000
521.2320000000
521.2431000000
521.2542000000
521.2656000000
521.2763000000
521.2874000000
521.2986000000
521.3096000000
521.3207000000
521.3320000000
521.3430000000
521.3541000000
521.3654000000
521.3763000000
521.3875000000
521.3987000000
521.4099000000
521.4209000000
521.4319000000
521.4429000000
521.4540000000
521.4651000000
521.4762000000
521.4874000000
521.4985000000
521.5096000000
521.5212000000
521.5319000000
521.5428000000
521.5541000000
521.5652000000
521.5763000000
521.5873000000
521.5986000000
521.6096000000
521.6213000000
521.6318000000
521.6428000000
521.6540000000
521.6651000000
521.6762000000
521.6873000000
521.6984000000
521.7095000000
521.7206000000
521.7318000000
521.7429000000
521.7539000000
521.7651000000
521.7762000000
521.7873000000
521.7985000000
521.8095000000
521.8205000000
521.8316000000
521.8428000000
521.8539000000
521.8651000000
521.8761000000
521.8873000000
521.8983000000
521.9094000000
521.9206000000
521.9316000000
521.9427000000
521.9539000000
521.9650000000
521.9760000000
521.9871000000
521.9982000000
522.0094000000
522.0204000000
522.0316000000
522.0427000000
522.0537000000
522.0649000000
522.0762000000
522.0870000000
522.0983000000
522.1093000000
522.1204000000
522.1315000000
522.1426000000
522.1543000000
522.1649000000
522.1759000000
522.1873000000
522.1984000000
522.2092000000
522.2203000000
522.2314000000
522.2425000000
522.2537000000
522.2652000000
522.2758000000
522.2869000000
522.2982000000
522.3091000000
522.3204000000
522.3317000000
522.3425000000
522.3537000000
522.3647000000
522.3759000000
522.3869000000
522.3981000000
522.4091000000
522.4203000000
522.4314000000
522.4425000000
522.4537000000
522.4648000000
522.4758000000
522.4869000000
522.4980000000
522.5092000000
522.5207000000
522.5313000000
522.5425000000
522.5534000000
522.5649000000
522.5757000000
522.5868000000
522.5979000000
522.6090000000
522.6203000000
522.6314000000
522.6424000000
522.6534000000
522.6651000000
522.6760000000
522.6868000000
522.6980000000
522.7090000000
522.7202000000
522.7312000000
522.7424000000
522.7534000000
522.7648000000
522.7756000000
522.7867000000
522.7981000000
522.8089000000
522.8202000000
522.8313000000
522.8422000000
522.8534000000
