64.7689300000
64.7806300000
64.7912800000
64.8018400000
64.8128200000
64.8238600000
64.8349600000
64.8460500000
64.8572200000
64.8686500000
64.8793900000
64.8914300000
64.9032100000
64.9143000000
64.9239700000
64.9346500000
64.9457900000
64.9569200000
64.9679700000
64.9790700000
64.9901400000
65.0013600000
65.0123800000
65.0235700000
65.0346300000
65.0457500000
65.0568900000
65.0679100000
65.0792700000
65.0901000000
65.1012400000
65.1124000000
65.1235400000
65.1345100000
65.1456300000
65.1567700000
65.1678800000
65.1789900000
65.1900600000
65.2012600000
65.2124700000
65.2234000000
65.2344300000
65.2455600000
65.2567200000
65.2679300000
65.2792700000
65.2902100000
65.3014500000
65.3123500000
65.3237500000
65.3345600000
65.3457300000
65.3569600000
65.3682200000
65.3789500000
65.3901400000
65.4019600000
65.4122700000
65.4234200000
65.4347300000
65.4457600000
65.4568900000
65.4681100000
65.4789800000
65.4900400000
65.5011600000
65.5124800000
65.5233900000
65.5346500000
65.5457800000
65.5567900000
65.5678100000
65.5789300000
65.5900000000
65.6011400000
65.6122900000
65.6233300000
65.6344700000
65.6455900000
65.6569600000
65.6679700000
65.6790200000
65.6899500000
65.7010900000
65.7123000000
65.7232700000
65.7344100000
65.7458000000
65.7566200000
65.7678200000
65.7787900000
65.7899200000
65.8010200000
65.8122300000
65.8234100000
65.8344200000
65.8455000000
65.8565800000
65.8676500000
65.8790400000
65.8898500000
65.9009900000
65.9120800000
65.9231600000
65.9343300000
65.9457300000
65.9565600000
65.9677100000
65.9788800000
65.9900100000
66.0021600000
66.0130500000
66.0232500000
66.0343900000
66.0453300000
66.0564500000
66.0677400000
66.0786600000
66.0897800000
66.1009800000
66.1120100000
66.1231100000
66.1345000000
66.1453500000
66.1564200000
66.1676200000
66.1789600000
66.1897000000
66.2008100000
66.2121100000
66.2234600000
66.2342500000
66.2456000000
66.2563600000
66.2676400000
66.2789800000
66.2901800000
66.3008700000
66.3119400000
66.3231700000
66.3341600000
66.3454000000
66.3564100000
66.3674700000
66.3784800000
66.3898100000
66.4009100000
66.4119300000
66.4229700000
66.4343000000
66.4453700000
66.4562900000
66.4674400000
66.4784200000
66.4897800000
66.5006600000
66.5119600000
66.5229300000
66.5339900000
66.5454300000
66.5564700000
66.5673800000
66.5784900000
66.5896200000
66.6007200000
66.6116600000
66.6228500000
66.6339000000
66.6450300000
66.6563800000
66.6673600000
66.6783600000
66.6894800000
66.7006100000
66.7116600000
66.7229200000
66.7339500000
66.7450600000
66.7563900000
66.7673300000
66.7783300000
66.7895600000
66.8005200000
66.8119300000
66.8227500000
66.8338300000
66.8450500000
66.8562500000
66.8671800000
66.8783800000
66.8895700000
66.9006200000
66.9116600000
66.9227700000
66.9337600000
66.9448900000
66.9563800000
66.9672900000
66.9782800000
66.9896100000
67.0005600000
67.0115500000
67.0228000000
67.0338000000
67.0449100000
67.0561800000
67.0672000000
67.0781800000
67.0892900000
67.1005200000
67.1117100000
67.1226000000
67.1337400000
67.1447900000
67.1562400000
67.1670400000
67.1781300000
67.1892800000
67.2003600000
67.2115500000
67.2226400000
67.2336800000
67.2447100000
67.2560300000
67.2671100000
67.2780200000
67.2891500000
67.3003800000
67.3114200000
67.3229000000
67.3336800000
67.3447600000
67.3561200000
67.3668700000
67.3780900000
67.3891300000
67.4002600000
67.4113000000
67.4224400000
67.4336900000
67.4447300000
67.4560500000
67.4669200000
67.4779900000
67.4891400000
67.5003700000
67.5115100000
67.5223800000
67.5336200000
67.5447700000
67.5557600000
67.5668400000
67.5778800000
67.5890700000
67.6001200000
67.6112600000
67.6223700000
67.6335000000
67.6445500000
67.6558600000
67.6668000000
67.6778600000
67.6892200000
67.7002600000
67.7112300000
67.7223700000
67.7334700000
67.7447000000
67.7556500000
67.7669300000
67.7779000000
67.7889600000
67.8002900000
67.8112200000
67.8223700000
67.8333700000
67.8447000000
67.8556000000
67.8668300000
67.8779900000
67.8889100000
67.9002200000
67.9112500000
67.9222400000
67.9334200000
67.9445100000
67.9555100000
67.9666900000
67.9777500000
67.9890100000
68.0000200000
68.0111000000
68.0222300000
68.0334000000
68.0443600000
68.0554400000
68.0667400000
68.0777700000
68.0889800000
68.1000500000
68.1110000000
68.1222900000
68.1332000000
68.1443200000
68.1563200000
68.1665600000
68.1777000000
68.1887300000
68.1999500000
68.2111100000
68.2220400000
68.2331600000
68.2442600000
68.2553300000
68.2664600000
68.2775600000
68.2886800000
68.2999800000
68.3110400000
68.3221100000
68.3331300000
68.3442400000
68.3552900000
68.3664400000
68.3775500000
68.3886300000
68.3998200000
68.4108300000
68.4218800000
68.4333400000
68.4441100000
68.4555600000
68.4665100000
68.4775600000
68.4888800000
68.4996300000
68.5107700000
68.5218700000
68.5330100000
68.5442400000
68.5553300000
68.5665700000
68.5776700000
68.5885400000
68.5996300000
68.6107900000
68.6219300000
68.6331500000
68.6440100000
68.6552700000
68.6662300000
68.6774100000
68.6884500000
68.6996500000
68.7106400000
68.7219100000
68.7329600000
68.7442700000
68.7551000000
68.7663700000
68.7774300000
68.7885400000
68.7995500000
68.8106500000
68.8217600000
68.8328600000
68.8439500000
68.8554700000
68.8662000000
68.8774700000
68.8886700000
68.8995500000
68.9105700000
68.9217300000
68.9329000000
68.9439000000
68.9550000000
68.9662100000
68.9772700000
68.9884300000
68.9994100000
69.0105100000
69.0216800000
69.0328600000
69.0438600000
69.0549700000
69.0661800000
69.0771800000
69.0884400000
69.0996900000
69.1104500000
69.1216400000
69.1328700000
69.1437600000
69.1548800000
69.1660200000
69.1771500000
69.1882000000
69.1993100000
69.2105500000
69.2215300000
69.2326200000
69.2438900000
69.2548100000
69.2659800000
69.2774300000
69.2881800000
69.2993800000
69.3104300000
69.3216200000
69.3326000000
69.3436700000
69.3547700000
69.3658900000
69.3769900000
69.3881800000
69.3993400000
69.4102900000
69.4214000000
69.4326700000
69.4436400000
69.4547300000
69.4658500000
69.4769700000
69.4880800000
69.4992100000
69.5102500000
69.5213600000
69.5325500000
69.5437500000
69.5547900000
69.5658800000
69.5768900000
69.5880300000
69.5991500000
69.6101800000
69.6213500000
69.6324200000
69.6434900000
69.6548100000
69.6658200000
69.6768600000
69.6879600000
69.6990700000
69.7102800000
69.7213300000
69.7323900000
69.7436900000
69.7546600000
69.7659100000
69.7768200000
69.7878900000
69.7990300000
69.8101800000
69.8212300000
69.8323600000
69.8436400000
69.8548900000
69.8658200000
69.8768800000
69.8878900000
69.8989600000
69.9100600000
69.9211400000
69.9323100000
69.9433900000
69.9545400000
69.9656100000
69.9769800000
69.9879400000
69.9989700000
70.0100300000
70.0213100000
70.0322600000
70.0434900000
70.0545600000
70.0658200000
70.0769100000
70.0877700000
70.0989900000
70.1099300000
70.1210600000
70.1322400000
70.1433900000
70.1544100000
70.1655700000
70.1770500000
70.1877900000
70.1988100000
70.2100600000
70.2210800000
70.2322600000
70.2432400000
70.2543200000
70.2658000000
70.2771500000
70.2877600000
70.2988000000
70.3099300000
70.3211700000
70.3324400000
70.3432200000
70.3542600000
70.3654800000
70.3765300000
70.3876300000
70.3987700000
70.4098500000
70.4209400000
70.4321400000
70.4431400000
70.4542800000
70.4653900000
70.4764600000
70.4877100000
70.4990300000
70.5098000000
70.5208700000
70.5320000000
70.5432600000
70.5542100000
70.5654100000
70.5764000000
70.5874900000
70.5987300000
70.6097300000
70.6208300000
70.6319900000
70.6431700000
70.6542600000
70.6655700000
70.6765100000
70.6875000000
70.6985500000
70.7097100000
70.7207800000
70.7319900000
70.7433000000
70.7540600000
70.7653400000
70.7765600000
70.7874500000
70.7986000000
70.8096200000
70.8207000000
70.8318100000
70.8429500000
70.8541600000
70.8655100000
70.8768600000
70.8877500000
70.8986300000
70.9096000000
70.9206600000
70.9317800000
70.9430000000
70.9541300000
70.9651100000
70.9763800000
70.9873000000
70.9984100000
71.0095100000
71.0206100000
71.0317200000
71.0428100000
71.0539900000
71.0651100000
71.0764800000
71.0873500000
71.0985600000
71.1096000000
71.1205500000
71.1316800000
71.1427900000
71.1538900000
71.1650200000
71.1762300000
71.1874200000
71.1985200000
71.2098900000
71.2207900000
71.2318000000
71.2427500000
71.2538400000
71.2650300000
71.2760800000
71.2872000000
71.2985000000
71.3093600000
71.3204800000
71.3323100000
71.3427200000
71.3537800000
71.3651300000
71.3760000000
71.3871400000
71.3982900000
71.4096800000
71.4209900000
71.4318400000
71.4432400000
71.4543500000
71.4653300000
71.4772600000
71.4895200000
71.5016000000
71.5128200000
71.5243400000
71.5356900000
71.5473100000
71.5596100000
71.5715300000
71.5826700000
71.5937500000
71.6051500000
71.6162300000
71.6271500000
71.6390800000
71.6502800000
71.6624800000
71.6741100000
71.6850400000
71.6969300000
71.7077300000
71.7190300000
71.7300400000
71.7409600000
71.7517900000
71.7629000000
71.7753700000
71.7874100000
71.7996400000
71.8113600000
71.8232200000
71.8345600000
71.8457300000
71.8574600000
71.8688000000
71.8804600000
71.8915900000
71.9024000000
71.9136000000
71.9248000000
71.9367800000
71.9487100000
71.9622800000
71.9748900000
71.9858900000
71.9969600000
72.0074900000
72.0189000000
72.0296400000
72.0399600000
72.0513200000
72.0618500000
72.0731100000
72.0843000000
72.0957300000
72.1066700000
72.1175500000
72.1281400000
72.1389900000
72.1498900000
72.1608100000
72.1720600000
72.1828300000
72.1940200000
72.2048800000
72.2159600000
72.2269600000
72.2387100000
72.2500900000
72.2609400000
72.2723800000
72.2834600000
72.2957300000
72.3076400000
72.3197200000
72.3318400000
72.3431600000
72.3553300000
72.3670300000
72.3783700000
72.3890500000
72.3999200000
72.4125800000
72.4236900000
72.4348700000
72.4459500000
72.4571800000
72.4682600000
72.4791400000
72.4902900000
72.5027400000
72.5161200000
72.5285000000
72.5403900000
72.5521100000
72.5633100000
72.5743600000
72.5848300000
72.5963900000
72.6072900000
72.6179400000
72.6288900000
72.6401600000
72.6521000000
72.6640400000
72.6758900000
72.6874900000
72.6987600000
72.7102700000
72.7210600000
72.7317900000
72.7430900000
72.7540700000
72.7652500000
72.7765700000
72.7876000000
72.7986300000
72.8095900000
72.8224900000
72.8335700000
72.8442400000
72.8557600000
72.8676200000
72.8796400000
72.8912100000
72.9030300000
72.9148100000
72.9261400000
72.9372800000
72.9497900000
72.9627200000
72.9750700000
72.9868900000
72.9987100000
73.0099600000
73.0210000000
73.0329300000
73.0441300000
73.0550500000
73.0661700000
73.0771300000
73.0887200000
73.0999900000
73.1117700000
73.1229600000
73.1347600000
73.1459500000
73.1575400000
73.1690100000
73.1810200000
73.1927900000
73.2037000000
73.2146600000
73.2255900000
73.2374300000
73.2482500000
73.2593200000
73.2707200000
73.2823800000
73.2932500000
73.3042200000
73.3150300000
73.3257400000
73.3373300000
73.3494700000
73.3634100000
73.3783900000
73.3900500000
73.4023800000
73.4138300000
73.4256100000
73.4373100000
73.4484700000
73.4597100000
73.4718400000
73.4833100000
73.4960500000
73.5090300000
73.5208200000
73.5327200000
73.5442700000
73.5554200000
73.5669000000
73.5780900000
73.5893200000
73.6007300000
73.6120100000
73.6233300000
73.6345700000
73.6454100000
73.6569200000
73.6677200000
73.6793100000
73.6901100000
73.7011200000
73.7127500000
73.7238200000
73.7346700000
73.7460300000
73.7568700000
73.7684600000
73.7793400000
73.7903100000
73.8007100000
73.8119400000
73.8231900000
73.8349500000
73.8458400000
73.8562200000
73.8676800000
73.8792600000
73.8901800000
73.9011300000
73.9136700000
73.9261100000
73.9386100000
73.9501500000
73.9610700000
73.9732700000
73.9852300000
73.9964200000
74.0074500000
74.0187400000
74.0298000000
74.0415500000
74.0528300000
74.0640600000
74.0755300000
74.0864000000
74.0984300000
74.1089600000
74.1207100000
74.1329700000
74.1444200000
74.1561600000
74.1672100000
74.1784700000
74.1894300000
74.2015400000
74.2132000000
74.2242700000
74.2357600000
74.2475400000
74.2589000000
74.2704900000
74.2824600000
74.2949700000
74.3095300000
74.3241200000
74.3368200000
74.3484000000
74.3596400000
74.3717100000
74.3828600000
74.3938500000
74.4050800000
74.4169900000
74.4273100000
74.4391900000
74.4498700000
74.4606400000
74.4718300000
74.4831500000
74.4944500000
74.5058000000
74.5177700000
74.5297500000
74.5419300000
74.5534700000
74.5646400000
74.5758000000
74.5875300000
74.5991400000
74.6107600000
74.6222600000
74.6336900000
74.6447800000
74.6563100000
74.6683000000
74.6800500000
74.6919900000
74.7037000000
74.7155900000
74.7275700000
74.7394400000
74.7517900000
74.7639300000
74.7756100000
74.7873500000
74.7997700000
74.8115000000
74.8230000000
74.8334400000
74.8443900000
74.8564800000
74.8674600000
74.8794700000
74.8904400000
74.9025000000
74.9144300000
74.9255400000
74.9371200000
74.9484600000
74.9602900000
74.9724300000
74.9844400000
74.9963900000
75.0079400000
75.0193100000
75.0296900000
75.0415700000
75.0533800000
75.0643800000
75.0758800000
75.0867200000
75.0981400000
75.1091400000
75.1205300000
75.1322800000
75.1432700000
75.1548600000
75.1658500000
75.1784100000
75.1899000000
75.2016100000
75.2128100000
75.2240600000
75.2351400000
75.2461300000
75.2570400000
75.2690400000
75.2801400000
75.2918900000
75.3034100000
75.3159000000
75.3272900000
75.3384400000
75.3493000000
75.3602400000
75.3714300000
75.3834200000
75.3950000000
75.4063600000
75.4175600000
75.4289900000
75.4413400000
75.4528200000
75.4639200000
75.4752800000
75.4863300000
75.4977300000
75.5089900000
75.5209000000
75.5328800000
75.5444900000
75.5570800000
75.5684100000
75.5807000000
75.5924800000
75.6043100000
75.6162400000
75.6274700000
75.6391800000
75.6502400000
75.6623200000
75.6743700000
75.6854800000
75.6973300000
75.7084600000
75.7197900000
75.7308000000
75.7428100000
75.7549000000
75.7658200000
75.7774400000
75.7892800000
75.8017800000
75.8129200000
75.8240700000
75.8366400000
75.8489200000
75.8609700000
75.8730900000
75.8848000000
75.8968300000
75.9098100000
75.9231500000
75.9350900000
75.9477800000
75.9604600000
75.9729300000
75.9854200000
75.9985800000
76.0108400000
76.0231400000
76.0342300000
76.0461700000
76.0577900000
76.0695300000
76.0821900000
76.0941700000
76.1057100000
76.1176100000
76.1288400000
76.1408200000
76.1527900000
76.1639400000
76.1756400000
76.1878000000
76.1997100000
76.2107200000
76.2222700000
76.2332100000
76.2440900000
76.2557300000
76.2672000000
76.2791500000
76.2913200000
76.3027700000
76.3146100000
76.3263200000
76.3384600000
76.3503500000
76.3624800000
76.3743900000
76.3864300000
76.3985000000
76.4093600000
76.4214600000
76.4335200000
76.4449200000
76.4564700000
76.4675300000
76.4794700000
76.4908500000
76.5029500000
76.5146600000
76.5267600000
76.5379000000
76.5494700000
76.5608900000
76.5728800000
76.5841200000
76.5959500000
76.6079300000
76.6197200000
76.6309700000
76.6425900000
76.6537900000
76.6648400000
76.6768700000
76.6888400000
76.7004900000
76.7126700000
76.7243400000
76.7366200000
76.7488700000
76.7597000000
76.7716800000
76.7836500000
76.7959500000
76.8072800000
76.8191700000
76.8309700000
76.8432400000
76.8547200000
76.8664600000
76.8786700000
76.8905800000
76.9029800000
76.9148200000
76.9265200000
76.9380400000
76.9498000000
76.9614600000
76.9734800000
76.9855400000
77.0118300000
77.0248600000
77.0369300000
77.0485500000
77.0605100000
77.0724600000
77.0842800000
77.0966000000
77.1084400000
77.1203500000
77.1324800000
77.1440400000
77.1563300000
77.1679100000
77.1798600000
77.1916800000
77.2035700000
77.2152300000
77.2264800000
77.2378500000
77.2498500000
77.2618200000
77.2741900000
77.2865700000
77.2989000000
77.3108700000
77.3224800000
77.3337500000
77.3458500000
77.3583400000
77.3696800000
77.3824800000
77.3948700000
77.4067200000
77.4186800000
77.4306300000
77.4426800000
77.4544900000
77.4667200000
77.4788400000
77.4903200000
77.5022000000
77.5145100000
77.5258500000
77.5376700000
77.5497400000
77.5615700000
77.5736600000
77.5859500000
77.5976900000
77.6096900000
77.6217600000
77.6333000000
77.6452800000
77.6571700000
77.6692700000
77.6810200000
77.6927700000
77.7050200000
77.7169400000
77.7288200000
77.7406800000
77.7527500000
77.7647500000
77.7767700000
77.7885400000
77.8007700000
77.8139400000
77.8262700000
77.8382200000
77.8502000000
77.8621800000
77.8740900000
77.8863400000
77.8979800000
77.9101900000
77.9221000000
77.9339400000
77.9461100000
77.9584400000
77.9705400000
77.9837900000
77.9962200000
78.0085800000
78.0196400000
78.0314800000
78.0435400000
78.0560700000
78.0680600000
78.0794100000
78.0914200000
78.1032300000
78.1154300000
78.1273800000
78.1395000000
78.1508200000
78.1627500000
78.1740900000
78.1857100000
78.1978500000
78.2098800000
78.2216900000
78.2337300000
78.2458100000
78.2577700000
78.2691700000
78.2814700000
78.2940200000
78.3059200000
78.3178400000
78.3300600000
78.3424500000
78.3541900000
78.3660000000
78.3782100000
78.3898900000
78.4017100000
78.4133400000
78.4252600000
78.4372900000
78.4491700000
78.4610800000
78.4729900000
78.4858200000
78.4979600000
78.5099600000
78.5213400000
78.5334100000
78.5448700000
78.5565100000
78.5676900000
78.5793600000
78.5909000000
78.6026500000
78.6143800000
78.6266300000
78.6389200000
78.6509200000
78.6629100000
78.6751900000
78.6874200000
78.6990400000
78.7111100000
78.7232600000
78.7357600000
78.7487800000
78.7611000000
78.7730700000
78.7853500000
78.7979000000
78.8097000000
78.8216300000
78.8341400000
78.8461000000
78.8585400000
78.8701000000
78.8823700000
78.8948600000
78.9066500000
78.9187600000
78.9307500000
78.9427400000
78.9546700000
78.9661900000
78.9781000000
78.9901400000
79.0022000000
79.0140100000
79.0256300000
79.0381000000
79.0501200000
79.0616200000
79.0740700000
79.0860100000
79.0985300000
79.1109200000
79.1228600000
79.1348200000
79.1469800000
79.1594400000
79.1714200000
79.1853300000
79.1978700000
79.2106200000
79.2228800000
79.2347000000
79.2471900000
79.2595800000
79.2715500000
79.2839100000
79.2963700000
79.3087800000
79.3207000000
79.3329200000
79.3449900000
79.3566600000
79.3691000000
79.3808000000
79.3932700000
79.4054400000
79.4180800000
79.4296000000
79.4415100000
79.4538000000
79.4660900000
79.4781300000
79.4906500000
79.5028100000
79.5147500000
79.5267800000
79.5388300000
79.5509300000
79.5627400000
79.5747900000
79.5871000000
79.5990200000
79.6109800000
79.6230800000
79.6352000000
79.6474700000
79.6591900000
79.6711800000
79.6832300000
79.6951800000
79.7072900000
79.7190600000
79.7311100000
79.7436700000
79.7562600000
79.7681700000
79.7801600000
79.7945200000
79.8068500000
79.8188000000
79.8308200000
79.8432500000
79.8551300000
79.8663900000
79.8786400000
79.8925800000
79.9048100000
79.9168400000
79.9287100000
79.9403600000
79.9522900000
79.9643200000
79.9771200000
79.9894000000
80.0019900000
80.0140300000
80.0261300000
80.0385700000
80.0511800000
80.0634200000
80.0749300000
80.0871000000
80.0990500000
80.1109800000
80.1231300000
80.1351400000
80.1471500000
80.1589100000
80.1711700000
80.1837200000
80.1968700000
80.2097800000
80.2220200000
80.2338400000
80.2459600000
80.2588200000
80.2710900000
80.2835800000
80.2955200000
80.3075100000
80.3200300000
80.3313200000
80.3430500000
80.3548400000
80.3664200000
80.3789700000
80.3917700000
80.4044300000
80.4159900000
80.4283400000
80.4409500000
80.4530200000
80.4653600000
80.4777300000
80.4897100000
80.5025000000
80.5143700000
80.5261800000
80.5385700000
80.5504700000
80.5633800000
80.5754800000
80.5880100000
80.5999700000
80.6122900000
80.6249400000
80.6368900000
80.6499500000
80.6628500000
80.6756100000
80.6883200000
80.7003900000
80.7127500000
80.7246800000
80.7373800000
80.7495700000
80.7625700000
80.7747700000
80.7877800000
80.7999200000
80.8120400000
80.8246500000
80.8372000000
80.8487700000
80.8608700000
80.8730200000
80.8850700000
80.8978700000
80.9098600000
80.9217100000
80.9339800000
80.9457800000
80.9578500000
80.9697000000
80.9825600000
80.9953900000
81.0078500000
81.0198500000
81.0317800000
81.0436300000
81.0560400000
81.0680500000
81.0800200000
81.0925300000
81.1049900000
81.1173300000
81.1293400000
81.1418400000
81.1543400000
81.1665800000
81.1796600000
81.1918600000
81.2043100000
81.2164800000
81.2284400000
81.2411300000
81.2531100000
81.2649900000
81.2769500000
81.2890900000
81.3024000000
81.3144100000
81.3262600000
81.3382500000
81.3504400000
81.3632700000
81.3752400000
81.3874800000
81.3993000000
81.4113600000
81.4239600000
81.4362300000
81.4479100000
81.4599400000
81.4718100000
81.4835400000
81.4965700000
81.5089600000
81.5208600000
81.5336600000
81.5459600000
81.5578600000
81.5699200000
81.5826300000
81.5955700000
81.6075100000
81.6203500000
81.6332800000
81.6454800000
81.6576700000
81.6696200000
81.6824400000
81.6955300000
81.7076200000
81.7204000000
81.7332800000
81.7456300000
81.7579800000
81.7697900000
81.7823900000
81.7951000000
81.8072400000
81.8196600000
81.8321300000
81.8451800000
81.8575900000
81.8706700000
81.8824200000
81.8955500000
81.9079200000
81.9205600000
81.9326500000
81.9446800000
81.9569500000
81.9689200000
81.9821300000
81.9952500000
82.0076100000
82.0196200000
82.0315100000
82.0442100000
82.0562100000
82.0681500000
82.0800900000
82.0924500000
82.1049800000
82.1168800000
82.1288200000
82.1415300000
82.1535100000
82.1655500000
82.1777600000
82.1905200000
82.2034400000
82.2149500000
82.2275000000
82.2403800000
82.2536600000
82.2659000000
82.2786700000
82.2888000000
82.2987800000
82.3101400000
82.3210100000
82.3321500000
82.3432000000
82.3544100000
82.3656400000
82.3765700000
82.3877600000
82.3989300000
82.4099900000
82.4211700000
82.4321400000
82.4432000000
82.4542800000
82.4653700000
82.4765300000
82.4876600000
82.4987000000
82.5098700000
82.5210300000
82.5322500000
82.5432100000
82.5570600000
82.5674100000
82.5769200000
82.5877000000
82.5987900000
82.6098200000
82.6209300000
82.6320400000
82.6432900000
82.6543000000
82.6653100000
82.6763900000
82.6880000000
82.6994900000
82.7100100000
82.7211500000
82.7322000000
82.7440900000
82.7551700000
82.7665300000
82.7780500000
82.7895100000
82.8010100000
82.8124600000
82.8239300000
82.8355000000
82.8468900000
82.8578000000
82.8691000000
82.8801600000
82.8914300000
82.9022800000
82.9133600000
82.9246200000
82.9357900000
82.9474400000
82.9583200000
82.9697000000
82.9808800000
82.9923200000
83.0032200000
83.0144700000
83.0258600000
83.0369900000
83.0479700000
83.0592500000
83.0701800000
83.0813400000
83.0927400000
83.1035400000
83.1146000000
83.1256900000
83.1369500000
83.1478800000
83.1591600000
83.1702600000
83.1812900000
83.1929500000
83.2035000000
83.2145800000
83.2256500000
83.2369300000
83.2478600000
83.2590100000
83.2701300000
83.2812900000
83.2924500000
83.3035500000
83.3145300000
83.3257300000
83.3367700000
83.3479500000
83.3590400000
83.3701600000
83.3814800000
83.3925300000
83.4035200000
83.4144400000
83.4255400000
83.4369000000
83.4478400000
83.4589600000
83.4699800000
83.4813300000
83.4925700000
83.5034200000
83.5143900000
83.5256200000
83.5367400000
83.5478600000
83.5588300000
83.5699800000
83.5809900000
83.5923700000
83.6033800000
83.6143200000
83.6254700000
83.6366000000
83.6477700000
83.6588500000
83.6699800000
83.6814700000
83.6922800000
83.7036200000
83.7143800000
83.7253800000
83.7366000000
83.7476100000
83.7587700000
83.7698800000
83.7808700000
83.7922400000
83.8032200000
83.8145600000
83.8253600000
83.8364500000
83.8476300000
83.8586500000
83.8699600000
83.8809100000
83.8924300000
83.9031800000
83.9141400000
83.9254600000
83.9367000000
83.9474800000
83.9587600000
83.9700400000
83.9809000000
83.9922200000
84.0030600000
84.0141100000
84.0253100000
84.0366000000
84.0474200000
84.0585500000
84.0698300000
84.0807700000
84.0919200000
84.1032700000
84.1141000000
84.1253200000
84.1364100000
84.1476100000
84.1584700000
84.1697000000
84.1807400000
84.1918800000
84.2030900000
84.2140000000
84.2252900000
84.2363100000
84.2477500000
84.2586600000
84.2696200000
84.2809100000
84.2917900000
84.3031100000
84.3140100000
84.3250700000
84.3363600000
84.3475300000
84.3584400000
84.3696400000
84.3805800000
84.3917300000
84.4030900000
84.4140200000
84.4250400000
84.4362400000
84.4472400000
84.4583700000
84.4695600000
84.4809000000
84.4916700000
84.5027800000
84.5141100000
84.5249900000
84.5361500000
84.5472100000
84.5583400000
84.5695900000
84.5807300000
84.5918400000
84.6027700000
84.6138300000
84.6249200000
84.6360200000
84.6472700000
84.6582600000
84.6695300000
84.6805000000
84.6916700000
84.7029000000
84.7138100000
84.7249800000
84.7359600000
84.7472100000
84.7582500000
84.7694300000
84.7804300000
84.7915600000
84.8026400000
84.8139100000
84.8248700000
84.8359500000
84.8472100000
84.8581800000
84.8694400000
84.8803700000
84.8915800000
84.9028400000
84.9136700000
84.9250200000
84.9359400000
84.9470900000
84.9581100000
84.9693000000
84.9803800000
84.9913900000
85.0027600000
85.0136400000
85.0247000000
85.0362700000
85.0469500000
85.0582000000
85.0693700000
85.0803100000
85.0915900000
85.1025700000
85.1138300000
85.1247200000
85.1358200000
85.1472600000
85.1580000000
85.1691500000
85.1804800000
85.1913200000
85.2024400000
85.2136200000
85.2246300000
85.2357000000
85.2468400000
85.2580900000
85.2691700000
85.2806600000
85.2912700000
85.3023900000
85.3135500000
85.3245500000
85.3358500000
85.3467800000
85.3578600000
85.3692600000
85.3801200000
85.3912300000
85.4023700000
85.4134500000
85.4245100000
85.4356400000
85.4472600000
85.4578600000
85.4689400000
85.4803200000
85.4911400000
85.5024600000
85.5135600000
85.5254600000
85.5356000000
85.5469100000
85.5578100000
85.5689500000
85.5801500000
85.5912300000
85.6024100000
85.6133800000
85.6244300000
85.6356000000
85.6468200000
85.6577900000
85.6689000000
85.6800600000
85.6910500000
85.7024900000
85.7133500000
85.7244800000
85.7354700000
85.7466500000
85.7577800000
85.7688500000
85.7799100000
85.7910700000
85.8021000000
85.8136200000
85.8244400000
85.8355500000
85.8465700000
85.8576900000
85.8688000000
85.8800200000
85.8910100000
85.9020600000
85.9132900000
85.9244200000
85.9356500000
85.9464900000
85.9576300000
85.9687900000
85.9799800000
85.9910400000
86.0021100000
86.0131200000
86.0242500000
86.0359000000
86.0465100000
86.0575800000
86.0687300000
86.0797300000
86.0908700000
86.1019600000
86.1132500000
86.1242000000
86.1353600000
86.1466800000
86.1575300000
86.1686000000
86.1798800000
86.1908300000
86.2019700000
86.2131300000
86.2241500000
86.2352400000
86.2467000000
86.2576600000
86.2685600000
86.2796600000
86.2908000000
86.3020200000
86.3130600000
86.3240400000
86.3352100000
86.3463100000
86.3573800000
86.3687800000
86.3796300000
86.3907400000
86.4019100000
86.4129100000
86.4240900000
86.4352800000
86.4463100000
86.4574500000
86.4684600000
86.4799000000
86.4906700000
86.5019800000
86.5129300000
86.5240900000
86.5351400000
86.5461600000
86.5573000000
86.5685000000
86.5796600000
86.5907900000
86.6021500000
86.6129900000
86.6239500000
86.6350300000
86.6462600000
86.6573000000
86.6683800000
86.6796300000
86.6905700000
86.7020900000
86.7129800000
86.7238900000
86.7349800000
86.7461700000
86.7572300000
86.7685200000
86.7795400000
86.7905400000
86.8019900000
86.8129900000
86.8240700000
86.8349900000
86.8461200000
86.8571500000
86.8683200000
86.8793600000
86.8904300000
86.9018200000
86.9127400000
86.9240300000
86.9348700000
86.9460200000
86.9571400000
86.9682000000
86.9795000000
86.9904400000
87.0018000000
87.0126300000
87.0241100000
87.0350100000
87.0459600000
87.0571700000
87.0682100000
87.0794200000
87.0904500000
87.1016800000
87.1125900000
87.1237100000
87.1348500000
87.1461400000
87.1570000000
87.1681400000
87.1794300000
87.1903200000
87.2019100000
87.2126100000
87.2236400000
87.2350200000
87.2458200000
87.2571600000
87.2680500000
87.2807200000
87.2932700000
87.3066400000
87.3197900000
87.3324600000
87.3450300000
87.3582000000
87.3709000000
87.3839000000
87.3971500000
87.4099600000
87.4229800000
87.4358900000
87.4493500000
87.4621000000
87.4748500000
87.4871100000
87.5001300000
87.5125400000
87.5256500000
87.5378700000
87.5511200000
87.5667700000
87.5825200000
87.5985600000
87.6149700000
87.6307800000
87.6468900000
87.6628200000
87.6789700000
87.6950600000
87.7133000000
87.7295500000
87.7457400000
87.7622100000
87.7783400000
87.7946000000
87.8116800000
87.8521700000
87.8684000000
87.8838800000
87.8997400000
87.9130600000
87.9270700000
87.9404000000
87.9539900000
87.9668100000
87.9798300000
87.9924600000
88.0060300000
88.0186800000
88.0317200000
88.0446400000
88.0574600000
88.0713300000
88.0847000000
88.0977200000
88.1108700000
88.1232300000
88.1361200000
88.1490400000
88.1625100000
88.1758900000
88.1887700000
88.2017100000
88.2148800000
88.2277100000
88.2407300000
88.2538800000
88.2668900000
88.2794500000
88.2919400000
88.3054700000
88.3184800000
88.3316000000
88.3444600000
88.3575100000
88.3704100000
88.3828700000
88.3959500000
88.4090000000
88.4219000000
88.4347800000
88.4478100000
88.4607300000
88.4734600000
88.4866300000
88.4995700000
88.5126000000
88.5249300000
88.5376200000
88.5506100000
88.5636200000
88.5765800000
88.5899400000
88.6027800000
88.6157500000
88.6290300000
88.6417500000
88.6546400000
88.6676400000
88.6808000000
88.6936600000
88.7067400000
88.7197300000
88.7327400000
88.7462200000
88.7597000000
88.7727100000
88.7858700000
88.7987400000
88.8114100000
88.8247600000
88.8377000000
88.8506800000
88.8647500000
88.8774300000
88.8907700000
88.9038600000
88.9167600000
88.9299900000
88.9428900000
88.9559800000
88.9690600000
88.9823300000
88.9959300000
89.0093800000
89.0227800000
89.0358700000
89.0486200000
89.0609600000
89.0739900000
89.0869600000
89.0998800000
89.1131900000
89.1262300000
89.1398500000
89.1530200000
89.1665100000
89.1803900000
89.1932100000
89.2063900000
89.2202500000
89.2337000000
89.2467200000
89.2593200000
89.2720400000
89.2851000000
89.2977400000
89.3110600000
89.3244000000
89.3375500000
89.3501900000
89.3626500000
89.3754900000
89.3885700000
89.4020600000
89.4149700000
89.4283400000
89.4418900000
89.4547300000
89.4677600000
89.4813200000
89.4944500000
89.5075300000
89.5203900000
89.5333700000
89.5463500000
89.5591100000
89.5720400000
89.5853300000
89.5989600000
89.6122900000
89.6257900000
89.6396500000
89.6523400000
89.6660500000
89.6790400000
89.6924600000
89.7054400000
89.7191800000
89.7316800000
89.7449400000
89.7585800000
89.7715900000
89.7848100000
89.7981600000
89.8115600000
89.8251000000
89.8381000000
89.8504300000
89.8640400000
89.8778800000
89.8913700000
89.9043000000
89.9182100000
89.9312800000
89.9447600000
89.9580900000
89.9709200000
89.9831000000
89.9961900000
90.0092100000
90.0231200000
90.0365300000
90.0495100000
90.0625800000
90.0755300000
90.0883400000
90.1013600000
90.1159200000
90.1295000000
90.1428900000
90.1567300000
90.1698500000
90.1836500000
90.1967000000
90.2099800000
90.2238200000
90.2376900000
90.2506800000
90.2637900000
90.2773400000
90.2902900000
90.3044400000
90.3178400000
90.3308600000
90.3448100000
90.3587400000
90.3725400000
90.3864700000
90.4002700000
90.4144500000
90.4284200000
90.4419300000
90.4553500000
90.4692100000
90.4831400000
90.4972100000
90.5109800000
90.5245800000
90.5385700000
90.5524500000
90.5664100000
90.5798500000
90.5927400000
90.6069100000
90.6206100000
90.6337100000
90.6475900000
90.6612600000
90.6753100000
90.6888500000
90.7024200000
90.7172200000
90.7303700000
90.7448300000
90.7583600000
90.7721500000
90.7863100000
90.7998700000
90.8135700000
90.8267500000
90.8404300000
90.8542600000
90.8686500000
90.8822800000
90.8964700000
90.9108600000
90.9246400000
90.9385600000
90.9525600000
90.9664600000
90.9802300000
90.9937800000
91.0073200000
91.0208100000
91.0342900000
91.0473000000
91.0623600000
91.0769000000
91.0905900000
91.1041800000
91.1185500000
91.1324200000
91.1459100000
91.1590700000
91.1726300000
91.1864400000
91.2005700000
91.2145800000
91.2284200000
91.2419400000
91.2559800000
91.2698700000
91.2833100000
91.2974400000
91.3113100000
91.3251600000
91.3389300000
91.3522600000
91.3664200000
91.3806200000
91.3951000000
91.4089400000
91.4230700000
91.4362900000
91.4498400000
91.4637100000
91.4778000000
91.4917000000
91.5058400000
91.5201700000
91.5338600000
91.5477100000
91.5606600000
91.5747100000
91.5885500000
91.6027500000
91.6172500000
91.6305800000
91.6452900000
91.6589000000
91.6728700000
91.6867700000
91.7008700000
91.7153600000
91.7290000000
91.7435800000
91.7576400000
91.7709400000
91.7849800000
91.7989400000
91.8127700000
91.8271200000
91.8418500000
91.8558300000
91.8698700000
91.8836000000
91.8975100000
91.9118200000
91.9257000000
91.9395400000
91.9533600000
91.9672500000
91.9819300000
91.9958500000
92.0098100000
92.0230300000
92.0369100000
92.0511900000
92.0650400000
92.0793800000
92.0931200000
92.1066600000
92.1206400000
92.1347100000
92.1486400000
92.1628300000
92.1769400000
92.1908600000
92.2048500000
92.2189900000
92.2328300000
92.2476000000
92.2609900000
92.2747600000
92.2884100000
92.3028000000
92.3175400000
92.3310200000
92.3449900000
92.3589800000
92.3730900000
92.3872100000
92.4007600000
92.4149200000
92.4285400000
92.4418300000
92.4557100000
92.4698100000
92.4832400000
92.4972500000
92.5108200000
92.5249700000
92.5388800000
92.5528000000
92.5670200000
92.5806700000
92.5951500000
92.6088500000
92.6225100000
92.6364200000
92.6505900000
92.6644400000
92.6785000000
92.6929400000
92.7080100000
92.7234600000
92.7378500000
92.7526300000
92.7672900000
92.7810700000
92.7951700000
92.8089000000
92.8236900000
92.8383600000
92.8522400000
92.8661000000
92.8809500000
92.8952100000
92.9091800000
92.9234500000
92.9380900000
92.9520100000
92.9659800000
92.9800900000
92.9939600000
93.0078700000
93.0225400000
93.0367100000
93.0511900000
93.0652600000
93.0800200000
93.0939200000
93.1080500000
93.1233000000
93.1374000000
93.1521300000
93.1667900000
93.1809300000
93.1950700000
93.2093100000
93.2241300000
93.2388100000
93.2530900000
93.2666400000
93.2807500000
93.2946300000
93.3092200000
93.3233400000
93.3371000000
93.3507900000
93.3648000000
93.3786800000
93.3923300000
93.4069000000
93.4221300000
93.4368100000
93.4504400000
93.4648400000
93.4789800000
93.4925800000
93.5067500000
93.5207400000
93.5348600000
93.5486500000
93.5625500000
93.5770200000
93.5915900000
93.6052900000
93.6204700000
93.6347100000
93.6490400000
93.6628700000
93.6780100000
93.6911900000
93.7057700000
93.7206700000
93.7354800000
93.7499500000
93.7645800000
93.7785600000
93.7929200000
93.8074100000
93.8223700000
93.8370100000
93.8511800000
93.8658800000
93.8806600000
93.8945800000
93.9092700000
93.9234400000
93.9383500000
93.9521400000
93.9673600000
93.9818400000
93.9960200000
94.0098000000
94.0244000000
94.0385400000
94.0522000000
94.0662200000
94.0800100000
94.0941800000
94.1078400000
94.1237000000
94.1382400000
94.1519700000
94.1659100000
94.1804700000
94.1946700000
94.2084800000
94.2229700000
94.2369400000
94.2514100000
94.2661400000
94.2804300000
94.2952300000
94.3089200000
94.3234300000
94.3381300000
94.3520800000
94.3662500000
94.3800500000
94.3942800000
94.4080900000
94.4217300000
94.4365600000
94.4507300000
94.4654900000
94.4795600000
94.4929700000
94.5074800000
94.5227400000
94.5372600000
94.5507300000
94.5652200000
94.5789600000
94.5929900000
94.6075100000
94.6224400000
94.6371100000
94.6510600000
94.6650200000
94.6795900000
94.6935000000
94.7079600000
94.7221700000
94.7368600000
94.7513900000
94.7661700000
94.7802000000
94.7945300000
94.8092700000
94.8251000000
94.8398700000
94.8547100000
94.8696600000
94.8837400000
94.8986100000
94.9125100000
94.9269300000
94.9417800000
94.9560300000
94.9699700000
94.9844500000
94.9993600000
95.0134500000
95.0285800000
95.0435500000
95.0564900000
95.0709800000
95.0854800000
95.0999300000
95.1147800000
95.1293100000
95.1439900000
95.1577200000
95.1712200000
95.1858400000
95.2002500000
95.2151700000
95.2296200000
95.2444800000
95.2585800000
95.2723300000
95.2864200000
95.3003300000
95.3143600000
95.3285700000
95.3433600000
95.3583600000
95.3725400000
95.3873300000
95.4023700000
95.4166600000
95.4319700000
95.4464000000
95.4612800000
95.4760600000
95.4904400000
95.5047400000
95.5192900000
95.5331100000
95.5479200000
95.5625100000
95.5770700000
95.5913500000
95.6061600000
95.6213700000
95.6357600000
95.6496700000
95.6646800000
95.6791500000
95.6940400000
95.7084000000
95.7232700000
95.7380600000
95.7528100000
95.7674500000
95.7825700000
95.7974100000
95.8114900000
95.8276700000
95.8422300000
95.8569800000
95.8715100000
95.8860900000
95.9009200000
95.9161800000
95.9312700000
95.9455600000
95.9607800000
95.9756200000
95.9911200000
96.0057100000
96.0198700000
96.0335900000
96.0489800000
96.0635400000
96.0792200000
96.0936700000
96.1084500000
96.1232900000
96.1386000000
96.1524600000
96.1677200000
96.1826900000
96.1974200000
96.2122700000
96.2276300000
96.2425800000
96.2573500000
96.2709600000
96.2858900000
96.3010800000
96.3153500000
96.3298300000
96.3443400000
96.3583200000
96.3725400000
96.3875800000
96.4032400000
96.4181700000
96.4323800000
96.4474300000
96.4624100000
96.4773300000
96.4915100000
96.5059300000
96.5212700000
96.5368700000
96.5511500000
96.5653200000
96.5804800000
96.5952600000
96.6094200000
96.6236200000
96.6382100000
96.6523700000
96.6670100000
96.6813300000
96.6958800000
96.7106700000
96.7260300000
96.7404900000
96.7555500000
96.7703900000
96.7853100000
96.8003900000
96.8152500000
96.8298000000
96.8436000000
96.8585000000
96.8728600000
96.8874700000
96.9025500000
96.9175900000
96.9327500000
96.9474400000
96.9623700000
96.9779700000
96.9922400000
97.0073300000
97.0221900000
97.0365100000
97.0515700000
97.0665700000
97.0815200000
97.0960100000
97.1106200000
97.1263200000
97.1408800000
97.1552400000
97.1702700000
97.1848700000
97.1994600000
97.2143900000
97.2298000000
97.2443200000
97.2593200000
97.2734400000
97.2883900000
97.3033500000
97.3185400000
97.3330700000
97.3475400000
97.3624600000
97.3773400000
97.3924300000
97.4073200000
97.4222600000
97.4376300000
97.4525100000
97.4676700000
97.4824100000
97.4974000000
97.5128700000
97.5276600000
97.5423700000
97.5579300000
97.5726200000
97.5867800000
97.6019500000
97.6171000000
97.6318400000
97.6467700000
97.6613800000
97.6766000000
97.6916000000
97.7069500000
97.7218100000
97.7374700000
97.7522000000
97.7674300000
97.7824500000
97.7979000000
97.8131600000
97.8290100000
97.8439400000
97.8588600000
97.8736700000
97.8888200000
97.9035000000
97.9183300000
97.9335600000
97.9491000000
97.9639400000
97.9788700000
97.9936600000
98.0084600000
98.0229600000
98.0375200000
98.0522100000
98.0669300000
98.0819300000
98.0968600000
98.1114700000
98.1266400000
98.1408800000
98.1553300000
98.1705700000
98.1854600000
98.2001600000
98.2148600000
98.2297700000
98.2445300000
98.2593200000
98.2742700000
98.2893800000
98.3046300000
98.3193700000
98.3349000000
98.3497900000
98.3640700000
98.3789400000
98.3939700000
98.4085300000
98.4236900000
98.4389100000
98.4531600000
98.4684800000
98.4839400000
98.4984400000
98.5134700000
98.5293100000
98.5439100000
98.5594700000
98.5740100000
98.5893400000
98.6045400000
98.6195200000
98.6350800000
98.6502300000
98.6656900000
98.6802400000
98.6953700000
98.7103300000
98.7257300000
98.7407300000
98.7563200000
98.7706100000
98.7861700000
98.8015700000
98.8163300000
98.8309900000
98.8463600000
98.8612700000
98.8759900000
98.8906900000
98.9055800000
98.9205700000
98.9357400000
98.9509200000
98.9663700000
98.9813800000
98.9958100000
99.0107000000
99.0255000000
99.0411100000
99.0565800000
99.0722100000
99.0876300000
99.1025500000
99.1176500000
99.1329600000
99.1475100000
99.1629300000
99.1787600000
99.1938600000
99.2091500000
99.2242100000
99.2391400000
99.2537600000
99.2686900000
99.2836200000
99.2990700000
99.3140900000
99.3291100000
99.3446000000
99.3593900000
99.3737900000
99.3887400000
99.4037700000
99.4186200000
99.4339700000
99.4486000000
99.4636000000
99.4784500000
99.4935500000
99.5092200000
99.5239000000
99.5395000000
99.5538500000
99.5681700000
99.5835600000
99.5985600000
99.6135600000
99.6291500000
99.6442400000
99.6597100000
99.6750500000
99.6900100000
99.7050200000
99.7199600000
99.7343300000
99.7498300000
99.7648400000
99.7803700000
99.7959300000
99.8112900000
99.8262200000
99.8413400000
99.8561600000
99.8709900000
99.8860800000
99.9009900000
99.9159900000
99.9310700000
99.9460500000
99.9610100000
99.9765700000
99.9916400000
100.0069000000
100.0220000000
100.0383000000
100.0529000000
100.0679000000
100.0829000000
100.0978000000
100.1127000000
100.1279000000
100.1430000000
100.1578000000
100.1728000000
100.1884000000
100.2028000000
100.2179000000
100.2331000000
100.2478000000
100.2632000000
100.2785000000
100.2934000000
100.3083000000
100.3233000000
100.3385000000
100.3539000000
100.3689000000
100.3845000000
100.3996000000
100.4154000000
100.4316000000
100.4470000000
100.4620000000
100.4771000000
100.4923000000
100.5083000000
100.5239000000
100.5391000000
100.5545000000
100.5706000000
100.5855000000
100.6007000000
100.6160000000
100.6312000000
100.6467000000
100.6622000000
100.6775000000
100.6921000000
100.7069000000
100.7218000000
100.7372000000
100.7525000000
100.7674000000
100.7822000000
100.7970000000
100.8126000000
100.8280000000
100.8437000000
100.8592000000
100.8738000000
100.8896000000
100.9048000000
100.9199000000
100.9351000000
100.9501000000
100.9651000000
100.9800000000
100.9955000000
101.0111000000
101.0260000000
101.0420000000
101.0574000000
101.0719000000
101.0872000000
101.1023000000
101.1179000000
101.1330000000
101.1480000000
101.1631000000
101.1783000000
101.1934000000
101.2080000000
101.2231000000
101.2391000000
101.2532000000
101.2685000000
101.2840000000
101.2989000000
101.3138000000
101.3288000000
101.3447000000
101.3604000000
101.3754000000
101.3911000000
101.4068000000
101.4219000000
101.4372000000
101.4531000000
101.4685000000
101.4835000000
101.4980000000
101.5132000000
101.5283000000
101.5436000000
101.5587000000
101.5738000000
101.5888000000
101.6038000000
101.6189000000
101.6337000000
101.6496000000
101.6651000000
101.6811000000
101.6972000000
101.7122000000
101.7275000000
101.7429000000
101.7585000000
101.7734000000
101.7893000000
101.8052000000
101.8210000000
101.8371000000
101.8534000000
101.8693000000
101.8840000000
101.8995000000
101.9151000000
101.9301000000
101.9454000000
101.9619000000
101.9774000000
101.9934000000
102.0096000000
102.0238000000
102.0392000000
102.0540000000
102.0685000000
102.0841000000
102.0992000000
102.1142000000
102.1291000000
102.1439000000
102.1592000000
102.1739000000
102.1893000000
102.2052000000
102.2204000000
102.2359000000
102.2516000000
102.2671000000
102.2822000000
102.2970000000
102.3124000000
102.3280000000
102.3435000000
102.3591000000
102.3741000000
102.3903000000
102.4054000000
102.4212000000
102.4371000000
102.4516000000
102.4673000000
102.4818000000
102.4968000000
102.5119000000
102.5273000000
102.5438000000
102.5588000000
102.5737000000
102.5886000000
102.6033000000
102.6192000000
102.6348000000
102.6500000000
102.6646000000
102.6805000000
102.6962000000
102.7125000000
102.7287000000
102.7451000000
102.7613000000
102.7769000000
102.7924000000
102.8085000000
102.8239000000
102.8403000000
102.8563000000
102.8724000000
102.8885000000
102.9043000000
102.9210000000
102.9364000000
102.9519000000
102.9674000000
102.9832000000
102.9995000000
103.0151000000
103.0305000000
103.0465000000
103.0618000000
103.0773000000
103.0934000000
103.1099000000
103.1256000000
103.1418000000
103.1576000000
103.1733000000
103.1895000000
103.2051000000
103.2211000000
103.2364000000
103.2508000000
103.2671000000
103.2828000000
103.2983000000
103.3142000000
103.3301000000
103.3467000000
103.3620000000
103.3778000000
103.3932000000
103.4087000000
103.4247000000
103.4402000000
103.4563000000
103.4717000000
103.4870000000
103.5035000000
103.5188000000
103.5341000000
103.5506000000
103.5666000000
103.5823000000
103.5983000000
103.6141000000
103.6292000000
103.6453000000
103.6611000000
103.6770000000
103.6923000000
103.7082000000
103.7228000000
103.7381000000
103.7539000000
103.7693000000
103.7844000000
103.8003000000
103.8154000000
103.8306000000
103.8466000000
103.8625000000
103.8781000000
103.8933000000
103.9084000000
103.9242000000
103.9397000000
103.9549000000
103.9708000000
103.9871000000
104.0022000000
104.0173000000
104.0329000000
104.0492000000
104.0645000000
104.0804000000
104.0965000000
104.1118000000
104.1273000000
104.1444000000
104.1603000000
104.1759000000
104.1918000000
104.2069000000
104.2216000000
104.2375000000
104.2535000000
104.2684000000
104.2842000000
104.2996000000
104.3144000000
104.3306000000
104.3468000000
104.3622000000
104.3777000000
104.3934000000
104.4095000000
104.4249000000
104.4409000000
104.4567000000
104.4720000000
104.4876000000
104.5033000000
104.5188000000
104.5347000000
104.5510000000
104.5673000000
104.5826000000
104.5986000000
104.6149000000
104.6311000000
104.6469000000
104.6632000000
104.6787000000
104.6939000000
104.7101000000
104.7265000000
104.7433000000
104.7587000000
