-1.0000000000
-1.0000000000
-1.0000000000
-1.0000000000
-1.0000000000
-1.0000000000
-1.0000000000
-1.0000000000
-1.0000000000
-1.0000000000
-1.0000000000
-1.0000000000
-1.0000000000
-1.0000000000
-1.0000000000
-1.0000000000
-1.0000000000
-1.0000000000
-1.0000000000
-1.0000000000
-1.0000000000
-1.0000000000
-1.0000000000
-1.0000000000
-1.0000000000
-1.0000000000
-1.0000000000
-1.0000000000
-1.0000000000
-1.0000000000
-1.0000000000
-1.0000000000
-1.0000000000
-1.0000000000
-1.0000000000
-1.0000000000
-1.0000000000
-1.0000000000
-1.0000000000
-1.0000000000
-1.0000000000
-1.0000000000
-1.0000000000
-1.0000000000
-1.0000000000
-1.0000000000
-1.0000000000
-1.0000000000
-1.0000000000
-1.0000000000
-1.0000000000
-1.0000000000
-1.0000000000
-1.0000000000
-1.0000000000
-1.0000000000
-1.0000000000
-1.0000000000
-1.0000000000
-1.0000000000
-1.0000000000
-1.0000000000
-1.0000000000
-1.0000000000
-1.0000000000
-1.0000000000
-1.0000000000
-1.0000000000
-1.0000000000
-1.0000000000
-1.0000000000
-1.0000000000
-1.0000000000
-1.0000000000
-1.0000000000
-1.0000000000
-1.0000000000
-1.0000000000
-1.0000000000
-1.0000000000
-1.0000000000
-1.0000000000
-1.0000000000
-1.0000000000
-1.0000000000
-1.0000000000
-1.0000000000
-1.0000000000
-1.0000000000
-1.0000000000
-1.0000000000
-1.0000000000
-1.0000000000
-1.0000000000
-1.0000000000
-1.0000000000
-1.0000000000
-1.0000000000
-1.0000000000
-1.0000000000
-1.0000000000
-1.0000000000
-1.0000000000
-1.0000000000
-1.0000000000
-1.0000000000
-1.0000000000
-1.0000000000
-1.0000000000
-1.0000000000
-1.0000000000
-1.0000000000
-1.0000000000
-1.0000000000
-1.0000000000
-1.0000000000
-1.0000000000
-1.0000000000
-1.0000000000
-1.0000000000
-1.0000000000
-1.0000000000
-1.0000000000
-1.0000000000
-1.0000000000
-1.0000000000
-1.0000000000
-1.0000000000
-1.0000000000
-1.0000000000
-1.0000000000
-1.0000000000
-1.0000000000
-1.0000000000
-1.0000000000
-1.0000000000
-1.0000000000
-1.0000000000
-1.0000000000
-1.0000000000
-1.0000000000
-1.0000000000
-1.0000000000
-1.0000000000
-1.0000000000
-1.0000000000
-1.0000000000
-1.0000000000
-1.0000000000
-1.0000000000
-1.0000000000
-1.0000000000
-1.0000000000
-1.0000000000
-1.0000000000
-1.0000000000
-1.0000000000
-1.0000000000
-1.0000000000
-1.0000000000
-1.0000000000
-1.0000000000
-1.0000000000
-1.0000000000
-1.0000000000
-1.0000000000
-1.0000000000
-1.0000000000
-1.0000000000
-1.0000000000
-1.0000000000
-1.0000000000
-1.0000000000
-1.0000000000
-1.0000000000
-1.0000000000
-1.0000000000
-1.0000000000
-1.0000000000
-1.0000000000
-1.0000000000
-1.0000000000
-1.0000000000
-1.0000000000
-1.0000000000
-1.0000000000
-1.0000000000
-1.0000000000
-1.0000000000
-1.0000000000
-1.0000000000
-1.0000000000
-1.0000000000
-1.0000000000
-1.0000000000
-1.0000000000
-1.0000000000
-1.0000000000
-1.0000000000
-1.0000000000
-1.0000000000
-1.0000000000
-1.0000000000
-1.0000000000
-1.0000000000
-1.0000000000
-1.0000000000
-1.0000000000
-1.0000000000
-1.0000000000
-1.0000000000
-1.0000000000
-1.0000000000
-1.0000000000
-1.0000000000
-1.0000000000
-1.0000000000
-1.0000000000
-1.0000000000
-1.0000000000
-1.0000000000
-1.0000000000
-1.0000000000
-1.0000000000
-1.0000000000
-1.0000000000
-1.0000000000
-1.0000000000
-1.0000000000
-1.0000000000
-1.0000000000
-1.0000000000
-1.0000000000
-1.0000000000
-1.0000000000
-1.0000000000
-1.0000000000
-1.0000000000
-1.0000000000
-1.0000000000
-1.0000000000
-1.0000000000
-1.0000000000
-1.0000000000
-1.0000000000
-1.0000000000
-1.0000000000
-1.0000000000
-1.0000000000
-1.0000000000
-1.0000000000
-1.0000000000
-1.0000000000
-1.0000000000
-1.0000000000
-1.0000000000
-1.0000000000
-1.0000000000
-1.0000000000
-1.0000000000
-1.0000000000
-1.0000000000
-1.0000000000
-1.0000000000
-1.0000000000
-1.0000000000
-1.0000000000
-1.0000000000
-1.0000000000
-1.0000000000
-1.0000000000
-1.0000000000
-1.0000000000
-1.0000000000
-1.0000000000
-1.0000000000
-1.0000000000
-1.0000000000
-1.0000000000
-1.0000000000
-1.0000000000
-1.0000000000
-1.0000000000
-1.0000000000
-1.0000000000
-1.0000000000
-1.0000000000
-1.0000000000
-1.0000000000
-1.0000000000
-1.0000000000
-1.0000000000
-1.0000000000
-1.0000000000
-1.0000000000
-1.0000000000
-1.0000000000
-1.0000000000
-1.0000000000
-1.0000000000
-1.0000000000
-1.0000000000
-1.0000000000
-1.0000000000
-1.0000000000
-1.0000000000
-1.0000000000
-1.0000000000
-1.0000000000
-1.0000000000
-1.0000000000
-1.0000000000
-1.0000000000
-1.0000000000
-1.0000000000
-1.0000000000
-1.0000000000
-1.0000000000
-1.0000000000
-1.0000000000
-1.0000000000
-1.0000000000
-1.0000000000
-1.0000000000
-1.0000000000
-1.0000000000
-1.0000000000
-1.0000000000
-1.0000000000
-1.0000000000
-1.0000000000
-1.0000000000
-1.0000000000
-1.0000000000
-1.0000000000
-1.0000000000
-1.0000000000
-1.0000000000
-1.0000000000
-1.0000000000
-1.0000000000
-1.0000000000
-1.0000000000
-1.0000000000
-1.0000000000
-1.0000000000
-1.0000000000
-1.0000000000
-1.0000000000
-1.0000000000
-1.0000000000
-1.0000000000
-1.0000000000
-1.0000000000
-1.0000000000
-1.0000000000
-1.0000000000
-1.0000000000
-1.0000000000
-1.0000000000
-1.0000000000
-1.0000000000
-1.0000000000
-1.0000000000
-1.0000000000
-1.0000000000
-1.0000000000
-1.0000000000
-1.0000000000
-1.0000000000
-1.0000000000
-1.0000000000
-1.0000000000
-1.0000000000
-1.0000000000
-1.0000000000
-1.0000000000
-1.0000000000
-1.0000000000
-1.0000000000
-1.0000000000
-1.0000000000
-1.0000000000
-1.0000000000
-1.0000000000
-1.0000000000
-1.0000000000
-1.0000000000
-1.0000000000
-1.0000000000
-1.0000000000
-1.0000000000
-1.0000000000
-1.0000000000
-1.0000000000
-1.0000000000
-1.0000000000
-1.0000000000
-1.0000000000
-1.0000000000
-1.0000000000
-1.0000000000
-1.0000000000
-1.0000000000
-1.0000000000
-1.0000000000
-1.0000000000
-1.0000000000
-1.0000000000
-1.0000000000
-1.0000000000
-1.0000000000
-1.0000000000
-1.0000000000
-1.0000000000
-1.0000000000
-1.0000000000
-1.0000000000
-1.0000000000
-1.0000000000
-1.0000000000
-1.0000000000
-1.0000000000
-1.0000000000
126.2798000000
126.2910000000
126.3021000000
126.3132000000
126.3242000000
126.3353000000
126.3471000000
126.3579000000
126.3687000000
126.3798000000
126.3912000000
126.4022000000
126.4131000000
126.4242000000
126.4354000000
126.4465000000
126.4577000000
126.4686000000
126.4799000000
-1.0000000000
126.5019000000
126.5130000000
126.5242000000
-1.0000000000
-1.0000000000
-1.0000000000
-1.0000000000
-1.0000000000
-1.0000000000
-1.0000000000
-1.0000000000
-1.0000000000
-1.0000000000
-1.0000000000
-1.0000000000
-1.0000000000
-1.0000000000
-1.0000000000
-1.0000000000
-1.0000000000
-1.0000000000
-1.0000000000
-1.0000000000
-1.0000000000
-1.0000000000
-1.0000000000
-1.0000000000
-1.0000000000
-1.0000000000
-1.0000000000
-1.0000000000
-1.0000000000
-1.0000000000
-1.0000000000
-1.0000000000
-1.0000000000
-1.0000000000
-1.0000000000
-1.0000000000
-1.0000000000
-1.0000000000
-1.0000000000
-1.0000000000
-1.0000000000
-1.0000000000
-1.0000000000
-1.0000000000
-1.0000000000
-1.0000000000
-1.0000000000
-1.0000000000
-1.0000000000
-1.0000000000
-1.0000000000
-1.0000000000
-1.0000000000
-1.0000000000
-1.0000000000
-1.0000000000
-1.0000000000
-1.0000000000
-1.0000000000
-1.0000000000
-1.0000000000
-1.0000000000
-1.0000000000
-1.0000000000
-1.0000000000
-1.0000000000
-1.0000000000
-1.0000000000
-1.0000000000
-1.0000000000
-1.0000000000
-1.0000000000
-1.0000000000
-1.0000000000
-1.0000000000
-1.0000000000
-1.0000000000
-1.0000000000
-1.0000000000
-1.0000000000
-1.0000000000
-1.0000000000
-1.0000000000
-1.0000000000
-1.0000000000
-1.0000000000
-1.0000000000
-1.0000000000
-1.0000000000
-1.0000000000
-1.0000000000
-1.0000000000
-1.0000000000
-1.0000000000
-1.0000000000
-1.0000000000
-1.0000000000
-1.0000000000
-1.0000000000
-1.0000000000
-1.0000000000
-1.0000000000
-1.0000000000
-1.0000000000
-1.0000000000
-1.0000000000
-1.0000000000
-1.0000000000
-1.0000000000
-1.0000000000
-1.0000000000
-1.0000000000
-1.0000000000
-1.0000000000
-1.0000000000
-1.0000000000
-1.0000000000
-1.0000000000
-1.0000000000
-1.0000000000
-1.0000000000
-1.0000000000
-1.0000000000
-1.0000000000
-1.0000000000
-1.0000000000
-1.0000000000
-1.0000000000
-1.0000000000
-1.0000000000
-1.0000000000
-1.0000000000
-1.0000000000
-1.0000000000
-1.0000000000
-1.0000000000
-1.0000000000
-1.0000000000
-1.0000000000
-1.0000000000
-1.0000000000
-1.0000000000
-1.0000000000
-1.0000000000
-1.0000000000
-1.0000000000
-1.0000000000
-1.0000000000
-1.0000000000
-1.0000000000
-1.0000000000
-1.0000000000
-1.0000000000
-1.0000000000
-1.0000000000
-1.0000000000
-1.0000000000
-1.0000000000
-1.0000000000
-1.0000000000
-1.0000000000
-1.0000000000
-1.0000000000
-1.0000000000
-1.0000000000
-1.0000000000
-1.0000000000
-1.0000000000
-1.0000000000
-1.0000000000
-1.0000000000
-1.0000000000
-1.0000000000
-1.0000000000
-1.0000000000
-1.0000000000
-1.0000000000
-1.0000000000
-1.0000000000
-1.0000000000
-1.0000000000
-1.0000000000
-1.0000000000
-1.0000000000
-1.0000000000
-1.0000000000
-1.0000000000
-1.0000000000
-1.0000000000
-1.0000000000
-1.0000000000
-1.0000000000
-1.0000000000
-1.0000000000
-1.0000000000
-1.0000000000
-1.0000000000
-1.0000000000
-1.0000000000
-1.0000000000
-1.0000000000
-1.0000000000
-1.0000000000
-1.0000000000
-1.0000000000
-1.0000000000
-1.0000000000
-1.0000000000
-1.0000000000
-1.0000000000
-1.0000000000
-1.0000000000
-1.0000000000
-1.0000000000
-1.0000000000
-1.0000000000
-1.0000000000
-1.0000000000
-1.0000000000
-1.0000000000
-1.0000000000
-1.0000000000
-1.0000000000
-1.0000000000
-1.0000000000
-1.0000000000
-1.0000000000
-1.0000000000
-1.0000000000
-1.0000000000
-1.0000000000
-1.0000000000
-1.0000000000
-1.0000000000
-1.0000000000
-1.0000000000
-1.0000000000
-1.0000000000
-1.0000000000
-1.0000000000
-1.0000000000
-1.0000000000
-1.0000000000
-1.0000000000
-1.0000000000
-1.0000000000
-1.0000000000
-1.0000000000
-1.0000000000
-1.0000000000
-1.0000000000
-1.0000000000
-1.0000000000
-1.0000000000
-1.0000000000
-1.0000000000
-1.0000000000
-1.0000000000
-1.0000000000
-1.0000000000
-1.0000000000
-1.0000000000
-1.0000000000
-1.0000000000
-1.0000000000
-1.0000000000
-1.0000000000
-1.0000000000
-1.0000000000
-1.0000000000
-1.0000000000
-1.0000000000
-1.0000000000
-1.0000000000
-1.0000000000
-1.0000000000
-1.0000000000
-1.0000000000
-1.0000000000
-1.0000000000
-1.0000000000
-1.0000000000
-1.0000000000
-1.0000000000
-1.0000000000
-1.0000000000
-1.0000000000
-1.0000000000
-1.0000000000
-1.0000000000
-1.0000000000
-1.0000000000
-1.0000000000
-1.0000000000
-1.0000000000
-1.0000000000
-1.0000000000
-1.0000000000
-1.0000000000
-1.0000000000
-1.0000000000
-1.0000000000
-1.0000000000
-1.0000000000
-1.0000000000
-1.0000000000
-1.0000000000
-1.0000000000
-1.0000000000
-1.0000000000
-1.0000000000
-1.0000000000
-1.0000000000
-1.0000000000
-1.0000000000
-1.0000000000
-1.0000000000
-1.0000000000
-1.0000000000
-1.0000000000
-1.0000000000
-1.0000000000
-1.0000000000
-1.0000000000
-1.0000000000
-1.0000000000
-1.0000000000
-1.0000000000
-1.0000000000
-1.0000000000
-1.0000000000
-1.0000000000
-1.0000000000
-1.0000000000
-1.0000000000
-1.0000000000
-1.0000000000
-1.0000000000
-1.0000000000
-1.0000000000
-1.0000000000
-1.0000000000
-1.0000000000
-1.0000000000
-1.0000000000
-1.0000000000
-1.0000000000
-1.0000000000
-1.0000000000
-1.0000000000
-1.0000000000
-1.0000000000
-1.0000000000
-1.0000000000
-1.0000000000
-1.0000000000
-1.0000000000
-1.0000000000
-1.0000000000
-1.0000000000
-1.0000000000
-1.0000000000
-1.0000000000
-1.0000000000
-1.0000000000
-1.0000000000
-1.0000000000
-1.0000000000
-1.0000000000
-1.0000000000
-1.0000000000
-1.0000000000
-1.0000000000
-1.0000000000
-1.0000000000
-1.0000000000
-1.0000000000
-1.0000000000
-1.0000000000
-1.0000000000
-1.0000000000
-1.0000000000
-1.0000000000
-1.0000000000
-1.0000000000
-1.0000000000
-1.0000000000
-1.0000000000
-1.0000000000
-1.0000000000
-1.0000000000
-1.0000000000
-1.0000000000
-1.0000000000
-1.0000000000
-1.0000000000
-1.0000000000
-1.0000000000
-1.0000000000
-1.0000000000
-1.0000000000
-1.0000000000
-1.0000000000
-1.0000000000
-1.0000000000
-1.0000000000
-1.0000000000
-1.0000000000
-1.0000000000
-1.0000000000
-1.0000000000
-1.0000000000
-1.0000000000
-1.0000000000
-1.0000000000
-1.0000000000
-1.0000000000
-1.0000000000
-1.0000000000
-1.0000000000
-1.0000000000
-1.0000000000
-1.0000000000
-1.0000000000
-1.0000000000
-1.0000000000
-1.0000000000
-1.0000000000
-1.0000000000
-1.0000000000
-1.0000000000
-1.0000000000
-1.0000000000
-1.0000000000
-1.0000000000
-1.0000000000
-1.0000000000
-1.0000000000
-1.0000000000
-1.0000000000
-1.0000000000
-1.0000000000
-1.0000000000
-1.0000000000
-1.0000000000
-1.0000000000
-1.0000000000
-1.0000000000
-1.0000000000
-1.0000000000
-1.0000000000
-1.0000000000
-1.0000000000
-1.0000000000
-1.0000000000
-1.0000000000
-1.0000000000
-1.0000000000
-1.0000000000
-1.0000000000
-1.0000000000
-1.0000000000
-1.0000000000
-1.0000000000
-1.0000000000
-1.0000000000
-1.0000000000
-1.0000000000
-1.0000000000
-1.0000000000
-1.0000000000
-1.0000000000
-1.0000000000
-1.0000000000
-1.0000000000
-1.0000000000
-1.0000000000
-1.0000000000
-1.0000000000
-1.0000000000
-1.0000000000
-1.0000000000
-1.0000000000
-1.0000000000
-1.0000000000
-1.0000000000
-1.0000000000
-1.0000000000
-1.0000000000
-1.0000000000
-1.0000000000
-1.0000000000
-1.0000000000
-1.0000000000
-1.0000000000
-1.0000000000
-1.0000000000
-1.0000000000
-1.0000000000
-1.0000000000
-1.0000000000
-1.0000000000
-1.0000000000
-1.0000000000
-1.0000000000
-1.0000000000
-1.0000000000
-1.0000000000
-1.0000000000
-1.0000000000
-1.0000000000
-1.0000000000
-1.0000000000
-1.0000000000
-1.0000000000
-1.0000000000
-1.0000000000
-1.0000000000
-1.0000000000
-1.0000000000
-1.0000000000
-1.0000000000
-1.0000000000
-1.0000000000
-1.0000000000
-1.0000000000
-1.0000000000
-1.0000000000
-1.0000000000
-1.0000000000
-1.0000000000
-1.0000000000
-1.0000000000
-1.0000000000
-1.0000000000
-1.0000000000
-1.0000000000
-1.0000000000
-1.0000000000
-1.0000000000
-1.0000000000
-1.0000000000
-1.0000000000
-1.0000000000
-1.0000000000
-1.0000000000
-1.0000000000
-1.0000000000
-1.0000000000
-1.0000000000
-1.0000000000
-1.0000000000
-1.0000000000
-1.0000000000
-1.0000000000
-1.0000000000
-1.0000000000
-1.0000000000
-1.0000000000
-1.0000000000
-1.0000000000
-1.0000000000
-1.0000000000
-1.0000000000
-1.0000000000
-1.0000000000
-1.0000000000
-1.0000000000
-1.0000000000
-1.0000000000
-1.0000000000
-1.0000000000
-1.0000000000
-1.0000000000
-1.0000000000
-1.0000000000
-1.0000000000
-1.0000000000
-1.0000000000
-1.0000000000
-1.0000000000
-1.0000000000
-1.0000000000
-1.0000000000
-1.0000000000
-1.0000000000
-1.0000000000
-1.0000000000
-1.0000000000
-1.0000000000
-1.0000000000
-1.0000000000
-1.0000000000
-1.0000000000
-1.0000000000
-1.0000000000
-1.0000000000
-1.0000000000
-1.0000000000
-1.0000000000
-1.0000000000
-1.0000000000
-1.0000000000
-1.0000000000
-1.0000000000
-1.0000000000
-1.0000000000
-1.0000000000
-1.0000000000
-1.0000000000
-1.0000000000
-1.0000000000
-1.0000000000
-1.0000000000
-1.0000000000
-1.0000000000
-1.0000000000
-1.0000000000
-1.0000000000
-1.0000000000
-1.0000000000
-1.0000000000
-1.0000000000
-1.0000000000
-1.0000000000
-1.0000000000
-1.0000000000
-1.0000000000
-1.0000000000
-1.0000000000
-1.0000000000
-1.0000000000
-1.0000000000
-1.0000000000
-1.0000000000
-1.0000000000
-1.0000000000
-1.0000000000
-1.0000000000
-1.0000000000
-1.0000000000
-1.0000000000
-1.0000000000
-1.0000000000
-1.0000000000
-1.0000000000
-1.0000000000
-1.0000000000
-1.0000000000
-1.0000000000
-1.0000000000
-1.0000000000
-1.0000000000
-1.0000000000
-1.0000000000
-1.0000000000
-1.0000000000
-1.0000000000
-1.0000000000
-1.0000000000
-1.0000000000
-1.0000000000
-1.0000000000
-1.0000000000
-1.0000000000
-1.0000000000
-1.0000000000
-1.0000000000
-1.0000000000
-1.0000000000
-1.0000000000
-1.0000000000
-1.0000000000
-1.0000000000
-1.0000000000
-1.0000000000
-1.0000000000
-1.0000000000
-1.0000000000
-1.0000000000
-1.0000000000
-1.0000000000
-1.0000000000
-1.0000000000
-1.0000000000
-1.0000000000
-1.0000000000
-1.0000000000
-1.0000000000
-1.0000000000
-1.0000000000
-1.0000000000
-1.0000000000
-1.0000000000
-1.0000000000
-1.0000000000
-1.0000000000
-1.0000000000
-1.0000000000
-1.0000000000
-1.0000000000
-1.0000000000
-1.0000000000
-1.0000000000
-1.0000000000
-1.0000000000
-1.0000000000
-1.0000000000
-1.0000000000
-1.0000000000
-1.0000000000
-1.0000000000
-1.0000000000
-1.0000000000
-1.0000000000
-1.0000000000
-1.0000000000
-1.0000000000
-1.0000000000
-1.0000000000
-1.0000000000
-1.0000000000
-1.0000000000
-1.0000000000
-1.0000000000
-1.0000000000
-1.0000000000
-1.0000000000
-1.0000000000
-1.0000000000
-1.0000000000
-1.0000000000
-1.0000000000
-1.0000000000
-1.0000000000
-1.0000000000
-1.0000000000
-1.0000000000
-1.0000000000
-1.0000000000
-1.0000000000
-1.0000000000
-1.0000000000
-1.0000000000
-1.0000000000
-1.0000000000
-1.0000000000
-1.0000000000
-1.0000000000
-1.0000000000
-1.0000000000
-1.0000000000
-1.0000000000
-1.0000000000
-1.0000000000
-1.0000000000
-1.0000000000
-1.0000000000
-1.0000000000
-1.0000000000
-1.0000000000
-1.0000000000
-1.0000000000
-1.0000000000
-1.0000000000
-1.0000000000
-1.0000000000
-1.0000000000
-1.0000000000
-1.0000000000
-1.0000000000
-1.0000000000
-1.0000000000
-1.0000000000
-1.0000000000
-1.0000000000
-1.0000000000
-1.0000000000
-1.0000000000
-1.0000000000
-1.0000000000
-1.0000000000
-1.0000000000
-1.0000000000
-1.0000000000
-1.0000000000
-1.0000000000
-1.0000000000
-1.0000000000
-1.0000000000
-1.0000000000
-1.0000000000
-1.0000000000
-1.0000000000
-1.0000000000
-1.0000000000
-1.0000000000
-1.0000000000
-1.0000000000
-1.0000000000
-1.0000000000
-1.0000000000
-1.0000000000
-1.0000000000
-1.0000000000
-1.0000000000
-1.0000000000
-1.0000000000
-1.0000000000
-1.0000000000
-1.0000000000
-1.0000000000
-1.0000000000
-1.0000000000
-1.0000000000
-1.0000000000
-1.0000000000
-1.0000000000
-1.0000000000
-1.0000000000
-1.0000000000
-1.0000000000
-1.0000000000
-1.0000000000
-1.0000000000
-1.0000000000
-1.0000000000
-1.0000000000
-1.0000000000
-1.0000000000
-1.0000000000
-1.0000000000
-1.0000000000
-1.0000000000
-1.0000000000
-1.0000000000
-1.0000000000
-1.0000000000
-1.0000000000
-1.0000000000
-1.0000000000
-1.0000000000
-1.0000000000
-1.0000000000
-1.0000000000
-1.0000000000
-1.0000000000
-1.0000000000
-1.0000000000
-1.0000000000
-1.0000000000
-1.0000000000
-1.0000000000
-1.0000000000
-1.0000000000
-1.0000000000
-1.0000000000
-1.0000000000
-1.0000000000
-1.0000000000
-1.0000000000
-1.0000000000
-1.0000000000
-1.0000000000
-1.0000000000
-1.0000000000
-1.0000000000
-1.0000000000
-1.0000000000
-1.0000000000
-1.0000000000
-1.0000000000
-1.0000000000
-1.0000000000
-1.0000000000
-1.0000000000
-1.0000000000
-1.0000000000
-1.0000000000
-1.0000000000
-1.0000000000
-1.0000000000
-1.0000000000
-1.0000000000
-1.0000000000
-1.0000000000
-1.0000000000
-1.0000000000
-1.0000000000
-1.0000000000
-1.0000000000
-1.0000000000
-1.0000000000
-1.0000000000
-1.0000000000
-1.0000000000
-1.0000000000
-1.0000000000
-1.0000000000
-1.0000000000
-1.0000000000
-1.0000000000
-1.0000000000
-1.0000000000
-1.0000000000
-1.0000000000
-1.0000000000
-1.0000000000
-1.0000000000
-1.0000000000
-1.0000000000
-1.0000000000
-1.0000000000
-1.0000000000
-1.0000000000
-1.0000000000
-1.0000000000
-1.0000000000
-1.0000000000
-1.0000000000
-1.0000000000
-1.0000000000
-1.0000000000
-1.0000000000
-1.0000000000
-1.0000000000
-1.0000000000
-1.0000000000
-1.0000000000
-1.0000000000
-1.0000000000
-1.0000000000
-1.0000000000
-1.0000000000
-1.0000000000
-1.0000000000
-1.0000000000
-1.0000000000
-1.0000000000
-1.0000000000
-1.0000000000
-1.0000000000
-1.0000000000
-1.0000000000
-1.0000000000
-1.0000000000
-1.0000000000
-1.0000000000
-1.0000000000
-1.0000000000
-1.0000000000
-1.0000000000
-1.0000000000
-1.0000000000
-1.0000000000
-1.0000000000
-1.0000000000
-1.0000000000
-1.0000000000
-1.0000000000
-1.0000000000
-1.0000000000
-1.0000000000
-1.0000000000
-1.0000000000
-1.0000000000
-1.0000000000
-1.0000000000
-1.0000000000
-1.0000000000
-1.0000000000
-1.0000000000
-1.0000000000
-1.0000000000
-1.0000000000
-1.0000000000
-1.0000000000
-1.0000000000
-1.0000000000
-1.0000000000
-1.0000000000
-1.0000000000
-1.0000000000
-1.0000000000
-1.0000000000
-1.0000000000
-1.0000000000
-1.0000000000
-1.0000000000
-1.0000000000
-1.0000000000
-1.0000000000
-1.0000000000
-1.0000000000
-1.0000000000
-1.0000000000
-1.0000000000
-1.0000000000
-1.0000000000
-1.0000000000
-1.0000000000
-1.0000000000
-1.0000000000
-1.0000000000
-1.0000000000
-1.0000000000
-1.0000000000
-1.0000000000
-1.0000000000
-1.0000000000
-1.0000000000
-1.0000000000
-1.0000000000
-1.0000000000
-1.0000000000
-1.0000000000
-1.0000000000
-1.0000000000
-1.0000000000
-1.0000000000
-1.0000000000
-1.0000000000
-1.0000000000
-1.0000000000
-1.0000000000
-1.0000000000
-1.0000000000
-1.0000000000
-1.0000000000
-1.0000000000
-1.0000000000
-1.0000000000
-1.0000000000
-1.0000000000
-1.0000000000
-1.0000000000
-1.0000000000
-1.0000000000
-1.0000000000
-1.0000000000
-1.0000000000
-1.0000000000
-1.0000000000
-1.0000000000
-1.0000000000
-1.0000000000
-1.0000000000
-1.0000000000
-1.0000000000
-1.0000000000
-1.0000000000
-1.0000000000
-1.0000000000
-1.0000000000
-1.0000000000
-1.0000000000
-1.0000000000
-1.0000000000
-1.0000000000
-1.0000000000
-1.0000000000
-1.0000000000
-1.0000000000
-1.0000000000
-1.0000000000
-1.0000000000
-1.0000000000
-1.0000000000
138.8618000000
138.8740000000
138.8859000000
138.8978000000
138.9094000000
138.9225000000
138.9350000000
138.9472000000
138.9602000000
138.9732000000
138.9858000000
138.9980000000
139.0101000000
139.0228000000
139.0342000000
139.0470000000
139.0600000000
139.0727000000
139.0841000000
-1.0000000000
-1.0000000000
-1.0000000000
-1.0000000000
-1.0000000000
-1.0000000000
-1.0000000000
-1.0000000000
-1.0000000000
-1.0000000000
-1.0000000000
-1.0000000000
-1.0000000000
-1.0000000000
-1.0000000000
-1.0000000000
-1.0000000000
-1.0000000000
-1.0000000000
-1.0000000000
-1.0000000000
-1.0000000000
-1.0000000000
-1.0000000000
-1.0000000000
-1.0000000000
-1.0000000000
-1.0000000000
-1.0000000000
-1.0000000000
-1.0000000000
-1.0000000000
-1.0000000000
-1.0000000000
-1.0000000000
-1.0000000000
-1.0000000000
-1.0000000000
-1.0000000000
-1.0000000000
-1.0000000000
-1.0000000000
-1.0000000000
-1.0000000000
-1.0000000000
-1.0000000000
-1.0000000000
-1.0000000000
-1.0000000000
-1.0000000000
-1.0000000000
-1.0000000000
-1.0000000000
-1.0000000000
-1.0000000000
-1.0000000000
-1.0000000000
-1.0000000000
-1.0000000000
-1.0000000000
-1.0000000000
-1.0000000000
139.7844000000
139.7953000000
139.8066000000
139.8176000000
139.8289000000
139.8398000000
139.8508000000
139.8620000000
139.8732000000
139.8842000000
139.8953000000
139.9064000000
139.9176000000
139.9286000000
139.9398000000
139.9511000000
139.9621000000
139.9730000000
139.9842000000
139.9953000000
140.0064000000
140.0176000000
140.0286000000
140.0396000000
140.0511000000
140.0618000000
140.0730000000
140.0843000000
140.0952000000
140.1062000000
140.1177000000
-1.0000000000
-1.0000000000
-1.0000000000
-1.0000000000
-1.0000000000
-1.0000000000
-1.0000000000
-1.0000000000
-1.0000000000
-1.0000000000
-1.0000000000
-1.0000000000
-1.0000000000
-1.0000000000
-1.0000000000
-1.0000000000
-1.0000000000
-1.0000000000
-1.0000000000
-1.0000000000
-1.0000000000
-1.0000000000
-1.0000000000
-1.0000000000
-1.0000000000
-1.0000000000
-1.0000000000
-1.0000000000
-1.0000000000
-1.0000000000
-1.0000000000
-1.0000000000
-1.0000000000
-1.0000000000
-1.0000000000
-1.0000000000
-1.0000000000
-1.0000000000
-1.0000000000
-1.0000000000
-1.0000000000
-1.0000000000
-1.0000000000
-1.0000000000
-1.0000000000
-1.0000000000
-1.0000000000
-1.0000000000
-1.0000000000
-1.0000000000
-1.0000000000
-1.0000000000
-1.0000000000
-1.0000000000
-1.0000000000
-1.0000000000
-1.0000000000
-1.0000000000
-1.0000000000
-1.0000000000
-1.0000000000
-1.0000000000
-1.0000000000
-1.0000000000
-1.0000000000
-1.0000000000
-1.0000000000
-1.0000000000
-1.0000000000
-1.0000000000
-1.0000000000
-1.0000000000
-1.0000000000
-1.0000000000
-1.0000000000
-1.0000000000
-1.0000000000
-1.0000000000
-1.0000000000
-1.0000000000
-1.0000000000
-1.0000000000
-1.0000000000
-1.0000000000
-1.0000000000
-1.0000000000
-1.0000000000
-1.0000000000
-1.0000000000
-1.0000000000
-1.0000000000
-1.0000000000
-1.0000000000
-1.0000000000
-1.0000000000
-1.0000000000
-1.0000000000
-1.0000000000
-1.0000000000
-1.0000000000
-1.0000000000
-1.0000000000
-1.0000000000
-1.0000000000
-1.0000000000
-1.0000000000
-1.0000000000
-1.0000000000
-1.0000000000
-1.0000000000
-1.0000000000
-1.0000000000
-1.0000000000
-1.0000000000
-1.0000000000
-1.0000000000
-1.0000000000
-1.0000000000
-1.0000000000
-1.0000000000
-1.0000000000
-1.0000000000
-1.0000000000
-1.0000000000
-1.0000000000
-1.0000000000
-1.0000000000
-1.0000000000
-1.0000000000
-1.0000000000
-1.0000000000
-1.0000000000
-1.0000000000
-1.0000000000
-1.0000000000
-1.0000000000
-1.0000000000
-1.0000000000
-1.0000000000
-1.0000000000
-1.0000000000
-1.0000000000
-1.0000000000
-1.0000000000
-1.0000000000
-1.0000000000
-1.0000000000
-1.0000000000
-1.0000000000
-1.0000000000
-1.0000000000
-1.0000000000
-1.0000000000
-1.0000000000
-1.0000000000
-1.0000000000
-1.0000000000
-1.0000000000
-1.0000000000
-1.0000000000
-1.0000000000
-1.0000000000
-1.0000000000
-1.0000000000
-1.0000000000
-1.0000000000
-1.0000000000
-1.0000000000
-1.0000000000
-1.0000000000
-1.0000000000
-1.0000000000
-1.0000000000
-1.0000000000
-1.0000000000
-1.0000000000
-1.0000000000
-1.0000000000
-1.0000000000
-1.0000000000
-1.0000000000
-1.0000000000
-1.0000000000
-1.0000000000
-1.0000000000
-1.0000000000
-1.0000000000
-1.0000000000
-1.0000000000
-1.0000000000
-1.0000000000
-1.0000000000
-1.0000000000
-1.0000000000
-1.0000000000
-1.0000000000
-1.0000000000
-1.0000000000
-1.0000000000
-1.0000000000
-1.0000000000
-1.0000000000
-1.0000000000
-1.0000000000
-1.0000000000
-1.0000000000
-1.0000000000
-1.0000000000
-1.0000000000
-1.0000000000
-1.0000000000
-1.0000000000
-1.0000000000
-1.0000000000
-1.0000000000
-1.0000000000
-1.0000000000
-1.0000000000
-1.0000000000
-1.0000000000
-1.0000000000
-1.0000000000
-1.0000000000
-1.0000000000
-1.0000000000
-1.0000000000
-1.0000000000
-1.0000000000
-1.0000000000
-1.0000000000
-1.0000000000
-1.0000000000
-1.0000000000
-1.0000000000
-1.0000000000
-1.0000000000
-1.0000000000
-1.0000000000
-1.0000000000
-1.0000000000
-1.0000000000
-1.0000000000
-1.0000000000
-1.0000000000
-1.0000000000
-1.0000000000
-1.0000000000
-1.0000000000
-1.0000000000
-1.0000000000
-1.0000000000
-1.0000000000
-1.0000000000
-1.0000000000
-1.0000000000
-1.0000000000
-1.0000000000
-1.0000000000
-1.0000000000
-1.0000000000
-1.0000000000
-1.0000000000
-1.0000000000
-1.0000000000
-1.0000000000
-1.0000000000
-1.0000000000
-1.0000000000
-1.0000000000
-1.0000000000
-1.0000000000
-1.0000000000
-1.0000000000
-1.0000000000
-1.0000000000
-1.0000000000
-1.0000000000
-1.0000000000
-1.0000000000
-1.0000000000
-1.0000000000
-1.0000000000
-1.0000000000
-1.0000000000
-1.0000000000
-1.0000000000
-1.0000000000
-1.0000000000
-1.0000000000
-1.0000000000
-1.0000000000
-1.0000000000
-1.0000000000
-1.0000000000
-1.0000000000
-1.0000000000
-1.0000000000
-1.0000000000
-1.0000000000
-1.0000000000
-1.0000000000
-1.0000000000
-1.0000000000
-1.0000000000
-1.0000000000
-1.0000000000
-1.0000000000
-1.0000000000
-1.0000000000
-1.0000000000
-1.0000000000
-1.0000000000
-1.0000000000
-1.0000000000
143.6157000000
143.6270000000
143.6378000000
143.6489000000
143.6600000000
143.6716000000
143.6825000000
143.6934000000
143.7045000000
143.7159000000
143.7268000000
143.7378000000
143.7490000000
143.7601000000
-1.0000000000
-1.0000000000
-1.0000000000
-1.0000000000
-1.0000000000
-1.0000000000
-1.0000000000
-1.0000000000
-1.0000000000
-1.0000000000
-1.0000000000
-1.0000000000
-1.0000000000
-1.0000000000
-1.0000000000
-1.0000000000
-1.0000000000
-1.0000000000
-1.0000000000
-1.0000000000
-1.0000000000
-1.0000000000
-1.0000000000
-1.0000000000
-1.0000000000
-1.0000000000
-1.0000000000
-1.0000000000
-1.0000000000
-1.0000000000
-1.0000000000
-1.0000000000
-1.0000000000
-1.0000000000
-1.0000000000
-1.0000000000
-1.0000000000
-1.0000000000
-1.0000000000
-1.0000000000
-1.0000000000
-1.0000000000
-1.0000000000
-1.0000000000
-1.0000000000
-1.0000000000
-1.0000000000
-1.0000000000
-1.0000000000
-1.0000000000
-1.0000000000
-1.0000000000
-1.0000000000
-1.0000000000
-1.0000000000
-1.0000000000
-1.0000000000
-1.0000000000
-1.0000000000
-1.0000000000
-1.0000000000
-1.0000000000
-1.0000000000
-1.0000000000
-1.0000000000
-1.0000000000
-1.0000000000
-1.0000000000
-1.0000000000
-1.0000000000
-1.0000000000
-1.0000000000
-1.0000000000
-1.0000000000
-1.0000000000
-1.0000000000
-1.0000000000
-1.0000000000
-1.0000000000
-1.0000000000
-1.0000000000
-1.0000000000
-1.0000000000
-1.0000000000
-1.0000000000
-1.0000000000
-1.0000000000
-1.0000000000
-1.0000000000
-1.0000000000
-1.0000000000
-1.0000000000
-1.0000000000
-1.0000000000
-1.0000000000
-1.0000000000
-1.0000000000
-1.0000000000
-1.0000000000
-1.0000000000
-1.0000000000
-1.0000000000
-1.0000000000
-1.0000000000
-1.0000000000
-1.0000000000
-1.0000000000
-1.0000000000
-1.0000000000
-1.0000000000
-1.0000000000
-1.0000000000
-1.0000000000
-1.0000000000
-1.0000000000
-1.0000000000
-1.0000000000
-1.0000000000
-1.0000000000
-1.0000000000
-1.0000000000
-1.0000000000
-1.0000000000
-1.0000000000
-1.0000000000
-1.0000000000
-1.0000000000
-1.0000000000
-1.0000000000
-1.0000000000
-1.0000000000
-1.0000000000
-1.0000000000
-1.0000000000
-1.0000000000
-1.0000000000
-1.0000000000
-1.0000000000
-1.0000000000
-1.0000000000
-1.0000000000
-1.0000000000
-1.0000000000
-1.0000000000
-1.0000000000
-1.0000000000
-1.0000000000
-1.0000000000
-1.0000000000
-1.0000000000
-1.0000000000
-1.0000000000
-1.0000000000
-1.0000000000
-1.0000000000
-1.0000000000
-1.0000000000
-1.0000000000
-1.0000000000
-1.0000000000
-1.0000000000
-1.0000000000
-1.0000000000
-1.0000000000
-1.0000000000
-1.0000000000
-1.0000000000
-1.0000000000
-1.0000000000
-1.0000000000
-1.0000000000
-1.0000000000
-1.0000000000
-1.0000000000
-1.0000000000
-1.0000000000
-1.0000000000
-1.0000000000
-1.0000000000
-1.0000000000
-1.0000000000
-1.0000000000
-1.0000000000
-1.0000000000
-1.0000000000
-1.0000000000
-1.0000000000
-1.0000000000
-1.0000000000
-1.0000000000
-1.0000000000
-1.0000000000
-1.0000000000
-1.0000000000
-1.0000000000
-1.0000000000
-1.0000000000
-1.0000000000
-1.0000000000
-1.0000000000
-1.0000000000
-1.0000000000
-1.0000000000
-1.0000000000
-1.0000000000
-1.0000000000
-1.0000000000
-1.0000000000
-1.0000000000
-1.0000000000
-1.0000000000
-1.0000000000
-1.0000000000
-1.0000000000
146.4754000000
146.4885000000
146.5013000000
146.5143000000
146.5275000000
146.5408000000
146.5543000000
146.5668000000
146.5800000000
146.5935000000
146.6070000000
146.6201000000
146.6332000000
146.6463000000
146.6594000000
146.6723000000
146.6845000000
146.6975000000
146.7102000000
146.7228000000
146.7359000000
146.7487000000
146.7616000000
-1.0000000000
-1.0000000000
-1.0000000000
-1.0000000000
-1.0000000000
-1.0000000000
-1.0000000000
-1.0000000000
-1.0000000000
-1.0000000000
-1.0000000000
-1.0000000000
-1.0000000000
-1.0000000000
-1.0000000000
-1.0000000000
-1.0000000000
-1.0000000000
-1.0000000000
-1.0000000000
-1.0000000000
-1.0000000000
-1.0000000000
-1.0000000000
-1.0000000000
-1.0000000000
-1.0000000000
-1.0000000000
-1.0000000000
-1.0000000000
-1.0000000000
-1.0000000000
-1.0000000000
-1.0000000000
-1.0000000000
-1.0000000000
-1.0000000000
-1.0000000000
-1.0000000000
-1.0000000000
-1.0000000000
-1.0000000000
-1.0000000000
-1.0000000000
-1.0000000000
-1.0000000000
-1.0000000000
-1.0000000000
-1.0000000000
-1.0000000000
-1.0000000000
-1.0000000000
-1.0000000000
-1.0000000000
-1.0000000000
-1.0000000000
-1.0000000000
-1.0000000000
-1.0000000000
-1.0000000000
-1.0000000000
-1.0000000000
-1.0000000000
-1.0000000000
-1.0000000000
-1.0000000000
-1.0000000000
-1.0000000000
-1.0000000000
-1.0000000000
-1.0000000000
-1.0000000000
-1.0000000000
-1.0000000000
-1.0000000000
-1.0000000000
-1.0000000000
-1.0000000000
-1.0000000000
-1.0000000000
-1.0000000000
-1.0000000000
-1.0000000000
-1.0000000000
-1.0000000000
-1.0000000000
-1.0000000000
-1.0000000000
-1.0000000000
-1.0000000000
-1.0000000000
-1.0000000000
-1.0000000000
-1.0000000000
-1.0000000000
-1.0000000000
-1.0000000000
-1.0000000000
-1.0000000000
-1.0000000000
-1.0000000000
-1.0000000000
-1.0000000000
-1.0000000000
-1.0000000000
-1.0000000000
-1.0000000000
-1.0000000000
-1.0000000000
-1.0000000000
-1.0000000000
-1.0000000000
-1.0000000000
-1.0000000000
-1.0000000000
-1.0000000000
-1.0000000000
-1.0000000000
-1.0000000000
-1.0000000000
-1.0000000000
-1.0000000000
-1.0000000000
-1.0000000000
-1.0000000000
-1.0000000000
-1.0000000000
-1.0000000000
-1.0000000000
-1.0000000000
-1.0000000000
-1.0000000000
-1.0000000000
-1.0000000000
-1.0000000000
-1.0000000000
-1.0000000000
-1.0000000000
-1.0000000000
-1.0000000000
-1.0000000000
-1.0000000000
-1.0000000000
-1.0000000000
-1.0000000000
-1.0000000000
-1.0000000000
-1.0000000000
-1.0000000000
-1.0000000000
-1.0000000000
-1.0000000000
-1.0000000000
-1.0000000000
-1.0000000000
-1.0000000000
-1.0000000000
-1.0000000000
-1.0000000000
-1.0000000000
-1.0000000000
-1.0000000000
-1.0000000000
-1.0000000000
-1.0000000000
-1.0000000000
-1.0000000000
-1.0000000000
-1.0000000000
-1.0000000000
-1.0000000000
-1.0000000000
-1.0000000000
-1.0000000000
-1.0000000000
-1.0000000000
-1.0000000000
-1.0000000000
-1.0000000000
-1.0000000000
-1.0000000000
-1.0000000000
-1.0000000000
-1.0000000000
-1.0000000000
-1.0000000000
-1.0000000000
-1.0000000000
-1.0000000000
-1.0000000000
-1.0000000000
-1.0000000000
-1.0000000000
-1.0000000000
-1.0000000000
-1.0000000000
-1.0000000000
-1.0000000000
-1.0000000000
-1.0000000000
-1.0000000000
-1.0000000000
-1.0000000000
-1.0000000000
-1.0000000000
-1.0000000000
-1.0000000000
-1.0000000000
-1.0000000000
-1.0000000000
-1.0000000000
-1.0000000000
-1.0000000000
-1.0000000000
-1.0000000000
-1.0000000000
-1.0000000000
-1.0000000000
-1.0000000000
-1.0000000000
-1.0000000000
-1.0000000000
-1.0000000000
-1.0000000000
-1.0000000000
-1.0000000000
-1.0000000000
-1.0000000000
-1.0000000000
149.9227000000
149.9365000000
149.9505000000
149.9650000000
149.9790000000
149.9938000000
150.0084000000
150.0226000000
150.0365000000
150.0505000000
150.0647000000
150.0786000000
-1.0000000000
-1.0000000000
-1.0000000000
-1.0000000000
-1.0000000000
-1.0000000000
-1.0000000000
-1.0000000000
-1.0000000000
-1.0000000000
-1.0000000000
-1.0000000000
-1.0000000000
-1.0000000000
-1.0000000000
-1.0000000000
-1.0000000000
-1.0000000000
-1.0000000000
-1.0000000000
-1.0000000000
-1.0000000000
-1.0000000000
-1.0000000000
-1.0000000000
-1.0000000000
-1.0000000000
-1.0000000000
-1.0000000000
-1.0000000000
-1.0000000000
-1.0000000000
-1.0000000000
-1.0000000000
-1.0000000000
-1.0000000000
-1.0000000000
-1.0000000000
-1.0000000000
-1.0000000000
-1.0000000000
-1.0000000000
-1.0000000000
-1.0000000000
-1.0000000000
-1.0000000000
-1.0000000000
-1.0000000000
-1.0000000000
-1.0000000000
-1.0000000000
-1.0000000000
-1.0000000000
-1.0000000000
-1.0000000000
-1.0000000000
-1.0000000000
-1.0000000000
-1.0000000000
-1.0000000000
-1.0000000000
-1.0000000000
-1.0000000000
-1.0000000000
-1.0000000000
-1.0000000000
-1.0000000000
-1.0000000000
-1.0000000000
-1.0000000000
-1.0000000000
-1.0000000000
-1.0000000000
-1.0000000000
-1.0000000000
-1.0000000000
-1.0000000000
-1.0000000000
-1.0000000000
-1.0000000000
-1.0000000000
-1.0000000000
-1.0000000000
-1.0000000000
-1.0000000000
-1.0000000000
-1.0000000000
-1.0000000000
-1.0000000000
-1.0000000000
-1.0000000000
-1.0000000000
-1.0000000000
-1.0000000000
-1.0000000000
-1.0000000000
-1.0000000000
-1.0000000000
-1.0000000000
-1.0000000000
-1.0000000000
-1.0000000000
-1.0000000000
-1.0000000000
-1.0000000000
-1.0000000000
-1.0000000000
-1.0000000000
-1.0000000000
-1.0000000000
-1.0000000000
-1.0000000000
-1.0000000000
-1.0000000000
-1.0000000000
-1.0000000000
-1.0000000000
-1.0000000000
-1.0000000000
-1.0000000000
-1.0000000000
-1.0000000000
-1.0000000000
-1.0000000000
-1.0000000000
-1.0000000000
-1.0000000000
-1.0000000000
-1.0000000000
-1.0000000000
-1.0000000000
-1.0000000000
-1.0000000000
-1.0000000000
-1.0000000000
-1.0000000000
-1.0000000000
-1.0000000000
-1.0000000000
-1.0000000000
-1.0000000000
-1.0000000000
-1.0000000000
-1.0000000000
-1.0000000000
-1.0000000000
-1.0000000000
-1.0000000000
-1.0000000000
-1.0000000000
-1.0000000000
-1.0000000000
-1.0000000000
-1.0000000000
-1.0000000000
-1.0000000000
-1.0000000000
-1.0000000000
-1.0000000000
-1.0000000000
-1.0000000000
-1.0000000000
-1.0000000000
-1.0000000000
-1.0000000000
-1.0000000000
-1.0000000000
-1.0000000000
-1.0000000000
-1.0000000000
-1.0000000000
-1.0000000000
-1.0000000000
-1.0000000000
-1.0000000000
-1.0000000000
-1.0000000000
-1.0000000000
-1.0000000000
-1.0000000000
-1.0000000000
-1.0000000000
-1.0000000000
-1.0000000000
-1.0000000000
-1.0000000000
-1.0000000000
-1.0000000000
-1.0000000000
-1.0000000000
-1.0000000000
-1.0000000000
-1.0000000000
-1.0000000000
-1.0000000000
-1.0000000000
-1.0000000000
-1.0000000000
-1.0000000000
-1.0000000000
-1.0000000000
-1.0000000000
-1.0000000000
-1.0000000000
-1.0000000000
-1.0000000000
-1.0000000000
-1.0000000000
-1.0000000000
-1.0000000000
-1.0000000000
-1.0000000000
-1.0000000000
-1.0000000000
-1.0000000000
-1.0000000000
-1.0000000000
-1.0000000000
-1.0000000000
-1.0000000000
-1.0000000000
-1.0000000000
-1.0000000000
-1.0000000000
-1.0000000000
-1.0000000000
-1.0000000000
-1.0000000000
-1.0000000000
-1.0000000000
-1.0000000000
-1.0000000000
-1.0000000000
-1.0000000000
-1.0000000000
-1.0000000000
-1.0000000000
-1.0000000000
-1.0000000000
-1.0000000000
-1.0000000000
-1.0000000000
-1.0000000000
-1.0000000000
-1.0000000000
-1.0000000000
-1.0000000000
-1.0000000000
-1.0000000000
-1.0000000000
-1.0000000000
-1.0000000000
-1.0000000000
-1.0000000000
-1.0000000000
-1.0000000000
-1.0000000000
-1.0000000000
-1.0000000000
-1.0000000000
-1.0000000000
-1.0000000000
-1.0000000000
-1.0000000000
-1.0000000000
-1.0000000000
-1.0000000000
-1.0000000000
-1.0000000000
-1.0000000000
-1.0000000000
-1.0000000000
-1.0000000000
-1.0000000000
-1.0000000000
-1.0000000000
-1.0000000000
-1.0000000000
-1.0000000000
-1.0000000000
-1.0000000000
-1.0000000000
-1.0000000000
-1.0000000000
-1.0000000000
-1.0000000000
-1.0000000000
-1.0000000000
-1.0000000000
-1.0000000000
-1.0000000000
-1.0000000000
-1.0000000000
-1.0000000000
-1.0000000000
-1.0000000000
-1.0000000000
-1.0000000000
-1.0000000000
-1.0000000000
-1.0000000000
-1.0000000000
-1.0000000000
-1.0000000000
-1.0000000000
-1.0000000000
-1.0000000000
-1.0000000000
-1.0000000000
-1.0000000000
-1.0000000000
-1.0000000000
-1.0000000000
-1.0000000000
-1.0000000000
-1.0000000000
-1.0000000000
-1.0000000000
-1.0000000000
-1.0000000000
-1.0000000000
-1.0000000000
-1.0000000000
-1.0000000000
-1.0000000000
-1.0000000000
-1.0000000000
-1.0000000000
-1.0000000000
-1.0000000000
-1.0000000000
-1.0000000000
-1.0000000000
-1.0000000000
-1.0000000000
-1.0000000000
-1.0000000000
-1.0000000000
-1.0000000000
-1.0000000000
-1.0000000000
-1.0000000000
-1.0000000000
-1.0000000000
-1.0000000000
-1.0000000000
-1.0000000000
-1.0000000000
-1.0000000000
-1.0000000000
-1.0000000000
-1.0000000000
-1.0000000000
-1.0000000000
-1.0000000000
-1.0000000000
-1.0000000000
-1.0000000000
-1.0000000000
-1.0000000000
-1.0000000000
-1.0000000000
-1.0000000000
-1.0000000000
-1.0000000000
-1.0000000000
-1.0000000000
-1.0000000000
-1.0000000000
-1.0000000000
-1.0000000000
-1.0000000000
-1.0000000000
-1.0000000000
-1.0000000000
-1.0000000000
-1.0000000000
-1.0000000000
-1.0000000000
-1.0000000000
-1.0000000000
-1.0000000000
-1.0000000000
-1.0000000000
-1.0000000000
-1.0000000000
-1.0000000000
-1.0000000000
-1.0000000000
-1.0000000000
-1.0000000000
-1.0000000000
-1.0000000000
-1.0000000000
-1.0000000000
-1.0000000000
-1.0000000000
-1.0000000000
-1.0000000000
-1.0000000000
-1.0000000000
-1.0000000000
-1.0000000000
-1.0000000000
-1.0000000000
-1.0000000000
-1.0000000000
-1.0000000000
-1.0000000000
-1.0000000000
-1.0000000000
-1.0000000000
-1.0000000000
-1.0000000000
-1.0000000000
-1.0000000000
-1.0000000000
-1.0000000000
-1.0000000000
-1.0000000000
-1.0000000000
-1.0000000000
-1.0000000000
-1.0000000000
-1.0000000000
-1.0000000000
-1.0000000000
-1.0000000000
-1.0000000000
-1.0000000000
-1.0000000000
-1.0000000000
-1.0000000000
-1.0000000000
-1.0000000000
-1.0000000000
-1.0000000000
-1.0000000000
-1.0000000000
-1.0000000000
-1.0000000000
-1.0000000000
-1.0000000000
-1.0000000000
-1.0000000000
-1.0000000000
-1.0000000000
-1.0000000000
-1.0000000000
-1.0000000000
-1.0000000000
-1.0000000000
-1.0000000000
-1.0000000000
-1.0000000000
-1.0000000000
-1.0000000000
-1.0000000000
-1.0000000000
-1.0000000000
-1.0000000000
-1.0000000000
-1.0000000000
-1.0000000000
-1.0000000000
-1.0000000000
-1.0000000000
-1.0000000000
-1.0000000000
-1.0000000000
-1.0000000000
-1.0000000000
-1.0000000000
-1.0000000000
-1.0000000000
-1.0000000000
-1.0000000000
-1.0000000000
-1.0000000000
-1.0000000000
-1.0000000000
-1.0000000000
-1.0000000000
-1.0000000000
-1.0000000000
-1.0000000000
-1.0000000000
-1.0000000000
-1.0000000000
-1.0000000000
-1.0000000000
-1.0000000000
-1.0000000000
-1.0000000000
-1.0000000000
-1.0000000000
-1.0000000000
-1.0000000000
-1.0000000000
-1.0000000000
-1.0000000000
-1.0000000000
-1.0000000000
-1.0000000000
-1.0000000000
-1.0000000000
-1.0000000000
-1.0000000000
-1.0000000000
-1.0000000000
-1.0000000000
-1.0000000000
-1.0000000000
-1.0000000000
-1.0000000000
-1.0000000000
-1.0000000000
-1.0000000000
-1.0000000000
-1.0000000000
-1.0000000000
-1.0000000000
-1.0000000000
-1.0000000000
-1.0000000000
-1.0000000000
-1.0000000000
-1.0000000000
-1.0000000000
-1.0000000000
-1.0000000000
-1.0000000000
-1.0000000000
-1.0000000000
-1.0000000000
-1.0000000000
-1.0000000000
-1.0000000000
-1.0000000000
-1.0000000000
-1.0000000000
-1.0000000000
-1.0000000000
-1.0000000000
-1.0000000000
-1.0000000000
-1.0000000000
-1.0000000000
-1.0000000000
-1.0000000000
-1.0000000000
-1.0000000000
-1.0000000000
-1.0000000000
-1.0000000000
-1.0000000000
-1.0000000000
-1.0000000000
-1.0000000000
-1.0000000000
-1.0000000000
-1.0000000000
-1.0000000000
-1.0000000000
-1.0000000000
-1.0000000000
-1.0000000000
-1.0000000000
-1.0000000000
-1.0000000000
-1.0000000000
-1.0000000000
-1.0000000000
-1.0000000000
-1.0000000000
-1.0000000000
-1.0000000000
-1.0000000000
-1.0000000000
-1.0000000000
-1.0000000000
-1.0000000000
-1.0000000000
-1.0000000000
-1.0000000000
-1.0000000000
-1.0000000000
-1.0000000000
-1.0000000000
-1.0000000000
-1.0000000000
-1.0000000000
-1.0000000000
-1.0000000000
-1.0000000000
-1.0000000000
-1.0000000000
-1.0000000000
-1.0000000000
-1.0000000000
-1.0000000000
-1.0000000000
-1.0000000000
-1.0000000000
-1.0000000000
-1.0000000000
-1.0000000000
-1.0000000000
-1.0000000000
-1.0000000000
-1.0000000000
-1.0000000000
-1.0000000000
-1.0000000000
-1.0000000000
-1.0000000000
-1.0000000000
-1.0000000000
-1.0000000000
-1.0000000000
-1.0000000000
-1.0000000000
-1.0000000000
-1.0000000000
-1.0000000000
-1.0000000000
-1.0000000000
-1.0000000000
-1.0000000000
-1.0000000000
-1.0000000000
-1.0000000000
-1.0000000000
-1.0000000000
-1.0000000000
-1.0000000000
-1.0000000000
-1.0000000000
-1.0000000000
-1.0000000000
-1.0000000000
-1.0000000000
-1.0000000000
-1.0000000000
-1.0000000000
-1.0000000000
-1.0000000000
-1.0000000000
-1.0000000000
-1.0000000000
-1.0000000000
-1.0000000000
-1.0000000000
-1.0000000000
-1.0000000000
-1.0000000000
-1.0000000000
-1.0000000000
-1.0000000000
-1.0000000000
-1.0000000000
-1.0000000000
-1.0000000000
-1.0000000000
-1.0000000000
-1.0000000000
-1.0000000000
-1.0000000000
-1.0000000000
-1.0000000000
-1.0000000000
-1.0000000000
-1.0000000000
-1.0000000000
-1.0000000000
-1.0000000000
-1.0000000000
-1.0000000000
-1.0000000000
-1.0000000000
-1.0000000000
-1.0000000000
-1.0000000000
-1.0000000000
-1.0000000000
-1.0000000000
-1.0000000000
-1.0000000000
-1.0000000000
-1.0000000000
-1.0000000000
-1.0000000000
-1.0000000000
-1.0000000000
-1.0000000000
-1.0000000000
-1.0000000000
-1.0000000000
-1.0000000000
-1.0000000000
-1.0000000000
-1.0000000000
-1.0000000000
-1.0000000000
-1.0000000000
-1.0000000000
-1.0000000000
-1.0000000000
-1.0000000000
-1.0000000000
-1.0000000000
-1.0000000000
-1.0000000000
-1.0000000000
-1.0000000000
-1.0000000000
-1.0000000000
-1.0000000000
-1.0000000000
-1.0000000000
-1.0000000000
-1.0000000000
-1.0000000000
-1.0000000000
-1.0000000000
-1.0000000000
-1.0000000000
-1.0000000000
-1.0000000000
-1.0000000000
-1.0000000000
-1.0000000000
-1.0000000000
-1.0000000000
-1.0000000000
-1.0000000000
-1.0000000000
-1.0000000000
-1.0000000000
-1.0000000000
-1.0000000000
-1.0000000000
-1.0000000000
-1.0000000000
-1.0000000000
-1.0000000000
-1.0000000000
-1.0000000000
-1.0000000000
-1.0000000000
-1.0000000000
-1.0000000000
-1.0000000000
-1.0000000000
-1.0000000000
-1.0000000000
-1.0000000000
-1.0000000000
-1.0000000000
-1.0000000000
-1.0000000000
-1.0000000000
-1.0000000000
-1.0000000000
-1.0000000000
-1.0000000000
-1.0000000000
-1.0000000000
-1.0000000000
-1.0000000000
-1.0000000000
-1.0000000000
-1.0000000000
-1.0000000000
-1.0000000000
