1492.3490000000
1492.3600000000
1492.3710000000
1492.3820000000
1492.3930000000
1492.4040000000
1492.4150000000
1492.4270000000
1492.4380000000
1492.4500000000
1492.4610000000
1492.4710000000
1492.4820000000
1492.4940000000
1492.5040000000
1492.5150000000
1492.5260000000
1492.5370000000
1492.5490000000
1492.5600000000
1492.5710000000
1492.5820000000
1492.5930000000
1492.6040000000
1492.6150000000
1492.6260000000
1492.6380000000
1492.6490000000
1492.6600000000
1492.6710000000
1492.6820000000
1492.6930000000
1492.7040000000
1492.7150000000
1492.7260000000
1492.7370000000
1492.7490000000
1492.7600000000
1492.7710000000
1492.7820000000
1492.7930000000
1492.8040000000
1492.8150000000
1492.8260000000
1492.8370000000
1492.8480000000
1492.8590000000
1492.8710000000
1492.8820000000
1492.8930000000
1492.9050000000
1492.9150000000
1492.9260000000
1492.9380000000
1492.9480000000
1492.9590000000
1492.9710000000
1492.9820000000
1492.9930000000
1493.0040000000
1493.0150000000
1493.0260000000
1493.0370000000
1493.0490000000
1493.0600000000
1493.0710000000
1493.0820000000
1493.0930000000
1493.1040000000
1493.1150000000
1493.1260000000
1493.1370000000
1493.1480000000
1493.1600000000
1493.1710000000
1493.1820000000
1493.1930000000
1493.2040000000
1493.2150000000
1493.2260000000
1493.2370000000
1493.2480000000
1493.2590000000
1493.2710000000
1493.2810000000
1493.2930000000
1493.3040000000
1493.3150000000
1493.3260000000
1493.3370000000
1493.3480000000
1493.3590000000
1493.3700000000
1493.3820000000
1493.3930000000
1493.4040000000
1493.4150000000
1493.4260000000
1493.4370000000
1493.4480000000
1493.4590000000
1493.4700000000
1493.4810000000
1493.4930000000
1493.5040000000
1493.5150000000
1493.5260000000
1493.5370000000
1493.5480000000
1493.5590000000
1493.5700000000
1493.5810000000
1493.5920000000
1493.6040000000
1493.6150000000
1493.6260000000
1493.6370000000
1493.6480000000
1493.6590000000
1493.6700000000
1493.6820000000
1493.6930000000
1493.7040000000
1493.7150000000
1493.7260000000
1493.7370000000
1493.7480000000
1493.7590000000
1493.7700000000
1493.7810000000
1493.7920000000
1493.8040000000
1493.8150000000
1493.8260000000
1493.8370000000
1493.8480000000
1493.8590000000
1493.8700000000
1493.8810000000
1493.8920000000
1493.9040000000
1493.9150000000
1493.9260000000
1493.9370000000
1493.9480000000
1493.9590000000
1493.9700000000
1493.9810000000
1493.9930000000
1494.0030000000
1494.0150000000
1494.0260000000
1494.0370000000
1494.0480000000
1494.0590000000
1494.0700000000
1494.0810000000
1494.0920000000
1494.1030000000
1494.1150000000
1494.1260000000
1494.1370000000
1494.1480000000
1494.1590000000
1494.1700000000
1494.1810000000
1494.1920000000
1494.2030000000
1494.2140000000
1494.2250000000
1494.2370000000
1494.2480000000
1494.2590000000
1494.2700000000
1494.2810000000
1494.2920000000
1494.3040000000
1494.3140000000
1494.3250000000
1494.3370000000
1494.3480000000
1494.3590000000
1494.3700000000
1494.3810000000
1494.3920000000
1494.4030000000
1494.4150000000
1494.4250000000
1494.4370000000
1494.4480000000
1494.4590000000
1494.4700000000
1494.4810000000
1494.4920000000
1494.5030000000
1494.5140000000
1494.5250000000
1494.5370000000
1494.5480000000
1494.5590000000
1494.5700000000
1494.5810000000
1494.5920000000
1494.6030000000
1494.6140000000
1494.6250000000
1494.6360000000
1494.6470000000
1494.6590000000
1494.6700000000
1494.6810000000
1494.6920000000
1494.7030000000
1494.7140000000
1494.7250000000
1494.7360000000
1494.7470000000
1494.7590000000
1494.7700000000
1494.7810000000
1494.7920000000
1494.8030000000
1494.8140000000
1494.8260000000
1494.8360000000
1494.8470000000
1494.8590000000
1494.8700000000
1494.8810000000
1494.8920000000
1494.9030000000
1494.9140000000
1494.9250000000
1494.9360000000
1494.9470000000
1494.9580000000
1494.9700000000
1494.9810000000
1494.9920000000
1495.0030000000
1495.0140000000
1495.0250000000
1495.0360000000
1495.0470000000
1495.0580000000
1495.0700000000
1495.0810000000
1495.0920000000
1495.1030000000
1495.1140000000
1495.1250000000
1495.1360000000
1495.1470000000
1495.1590000000
1495.1700000000
1495.1820000000
1495.1920000000
1495.2030000000
1495.2140000000
1495.2250000000
1495.2360000000
1495.2470000000
1495.2580000000
1495.2700000000
1495.2810000000
1495.2920000000
1495.3030000000
1495.3140000000
1495.3250000000
1495.3360000000
1495.3470000000
1495.3590000000
1495.3690000000
1495.3810000000
1495.3920000000
1495.4030000000
1495.4140000000
1495.4250000000
1495.4360000000
1495.4470000000
1495.4580000000
1495.4690000000
1495.4810000000
1495.4920000000
1495.5030000000
1495.5140000000
1495.5250000000
1495.5360000000
1495.5470000000
1495.5580000000
1495.5690000000
1495.5800000000
1495.5920000000
1495.6030000000
1495.6140000000
1495.6250000000
1495.6360000000
1495.6470000000
1495.6580000000
1495.6690000000
1495.6810000000
1495.6910000000
1495.7030000000
1495.7140000000
1495.7250000000
1495.7360000000
1495.7470000000
1495.7580000000
1495.7690000000
1495.7800000000
1495.7920000000
1495.8030000000
1495.8140000000
1495.8250000000
1495.8360000000
1495.8470000000
1495.8580000000
1495.8690000000
1495.8800000000
1495.8910000000
1495.9030000000
1495.9140000000
1495.9250000000
1495.9360000000
1495.9470000000
1495.9580000000
1495.9690000000
1495.9800000000
1495.9910000000
1496.0020000000
1496.0140000000
1496.0250000000
1496.0360000000
1496.0470000000
1496.0580000000
1496.0690000000
1496.0800000000
1496.0910000000
1496.1030000000
1496.1130000000
1496.1250000000
1496.1360000000
1496.1470000000
1496.1580000000
1496.1690000000
1496.1800000000
1496.1910000000
1496.2020000000
1496.2140000000
1496.2250000000
1496.2360000000
1496.2470000000
1496.2580000000
1496.2690000000
1496.2800000000
1496.2910000000
1496.3020000000
1496.3130000000
1496.3250000000
1496.3360000000
1496.3470000000
1496.3580000000
1496.3690000000
1496.3800000000
1496.3910000000
1496.4020000000
1496.4130000000
1496.4240000000
1496.4360000000
1496.4470000000
1496.4580000000
1496.4690000000
1496.4800000000
1496.4910000000
1496.5020000000
1496.5130000000
1496.5240000000
1496.5360000000
1496.5470000000
1496.5580000000
1496.5690000000
1496.5800000000
1496.5910000000
1496.6020000000
1496.6130000000
1496.6240000000
1496.6360000000
1496.6460000000
1496.6580000000
1496.6690000000
1496.6800000000
1496.6910000000
1496.7020000000
1496.7130000000
1496.7240000000
1496.7350000000
1496.7470000000
1496.7580000000
1496.7690000000
1496.7800000000
1496.7910000000
1496.8020000000
1496.8130000000
1496.8240000000
1496.8350000000
1496.8460000000
1496.8580000000
1496.8690000000
1496.8800000000
1496.8910000000
1496.9020000000
1496.9130000000
1496.9240000000
1496.9350000000
1496.9470000000
1496.9570000000
1496.9690000000
1496.9800000000
1496.9910000000
1497.0020000000
1497.0130000000
1497.0240000000
1497.0350000000
1497.0460000000
1497.0570000000
1497.0680000000
1497.0800000000
1497.0910000000
1497.1020000000
1497.1130000000
1497.1240000000
1497.1350000000
1497.1460000000
1497.1570000000
1497.1680000000
1497.1800000000
1497.1910000000
1497.2020000000
1497.2130000000
1497.2240000000
1497.2350000000
1497.2470000000
1497.2570000000
1497.2680000000
1497.2800000000
1497.2910000000
1497.3020000000
1497.3130000000
1497.3240000000
1497.3350000000
1497.3460000000
1497.3580000000
1497.3690000000
1497.3800000000
1497.3910000000
1497.4020000000
1497.4130000000
1497.4240000000
1497.4350000000
1497.4460000000
1497.4570000000
1497.4690000000
1497.4790000000
1497.4910000000
1497.5020000000
1497.5130000000
1497.5240000000
1497.5350000000
1497.5470000000
1497.5570000000
1497.5680000000
1497.5800000000
1497.5910000000
1497.6020000000
1497.6130000000
1497.6240000000
1497.6350000000
1497.6460000000
1497.6570000000
1497.6680000000
1497.6790000000
1497.6910000000
1497.7020000000
1497.7130000000
1497.7240000000
1497.7350000000
1497.7460000000
1497.7570000000
1497.7680000000
1497.7790000000
1497.7900000000
1497.8020000000
1497.8130000000
1497.8240000000
1497.8350000000
1497.8460000000
1497.8570000000
1497.8680000000
1497.8790000000
1497.8900000000
1497.9020000000
1497.9130000000
1497.9240000000
1497.9350000000
1497.9460000000
1497.9570000000
1497.9680000000
1497.9790000000
1497.9900000000
1498.0020000000
1498.0130000000
1498.0240000000
1498.0350000000
1498.0460000000
1498.0570000000
1498.0680000000
1498.0790000000
1498.0900000000
1498.1010000000
1498.1120000000
1498.1240000000
1498.1350000000
1498.1460000000
1498.1570000000
1498.1680000000
1498.1790000000
1498.1900000000
1498.2010000000
1498.2130000000
1498.2240000000
1498.2350000000
1498.2460000000
1498.2570000000
1498.2680000000
1498.2790000000
1498.2900000000
1498.3010000000
1498.3130000000
1498.3230000000
1498.3350000000
1498.3460000000
1498.3570000000
1498.3680000000
1498.3790000000
1498.3900000000
1498.4010000000
1498.4120000000
1498.4230000000
1498.4350000000
1498.4460000000
1498.4570000000
1498.4680000000
1498.4790000000
1498.4900000000
1498.5010000000
1498.5120000000
1498.5230000000
1498.5340000000
1498.5460000000
1498.5570000000
1498.5680000000
1498.5790000000
1498.5900000000
1498.6010000000
1498.6120000000
1498.6230000000
1498.6340000000
1498.6460000000
1498.6570000000
1498.6680000000
1498.6790000000
1498.6900000000
1498.7010000000
1498.7120000000
1498.7230000000
1498.7340000000
1498.7450000000
1498.7570000000
1498.7680000000
1498.7790000000
1498.7900000000
1498.8010000000
1498.8120000000
1498.8230000000
1498.8340000000
1498.8460000000
1498.8580000000
1498.8680000000
1498.8790000000
1498.8900000000
1498.9010000000
1498.9120000000
1498.9230000000
1498.9340000000
1498.9450000000
1498.9560000000
1498.9680000000
1498.9790000000
1498.9900000000
1499.0010000000
1499.0120000000
1499.0230000000
1499.0340000000
1499.0450000000
1499.0560000000
1499.0680000000
1499.0790000000
1499.0900000000
1499.1010000000
1499.1120000000
1499.1230000000
1499.1340000000
1499.1450000000
1499.1560000000
1499.1670000000
1499.1790000000
1499.1900000000
1499.2010000000
1499.2120000000
1499.2230000000
1499.2340000000
1499.2450000000
1499.2560000000
1499.2670000000
1499.2790000000
1499.2900000000
1499.3010000000
1499.3120000000
1499.3230000000
1499.3340000000
1499.3450000000
1499.3560000000
1499.3670000000
1499.3780000000
1499.3900000000
1499.4010000000
1499.4120000000
1499.4230000000
1499.4340000000
1499.4450000000
1499.4560000000
1499.4680000000
1499.4780000000
1499.4900000000
1499.5010000000
1499.5120000000
1499.5230000000
1499.5340000000
1499.5450000000
1499.5560000000
1499.5670000000
1499.5790000000
1499.5900000000
1499.6010000000
1499.6120000000
1499.6230000000
1499.6340000000
1499.6450000000
1499.6560000000
1499.6670000000
1499.6780000000
1499.6900000000
1499.7000000000
1499.7120000000
1499.7230000000
1499.7340000000
1499.7450000000
1499.7560000000
1499.7670000000
1499.7780000000
1499.7890000000
1499.8010000000
1499.8120000000
1499.8230000000
1499.8340000000
1499.8450000000
1499.8560000000
1499.8670000000
1499.8780000000
1499.8890000000
1499.9010000000
1499.9120000000
1499.9230000000
1499.9340000000
1499.9450000000
1499.9560000000
1499.9670000000
1499.9780000000
1499.9890000000
1500.0000000000
1500.0120000000
1500.0230000000
1500.0340000000
1500.0450000000
1500.0560000000
1500.0670000000
1500.0780000000
1500.0890000000
1500.1000000000
1500.1120000000
1500.1230000000
1500.1340000000
1500.1450000000
1500.1560000000
1500.1670000000
1500.1780000000
1500.1890000000
1500.2000000000
1500.2120000000
1500.2220000000
1500.2340000000
1500.2450000000
1500.2560000000
1500.2670000000
1500.2780000000
1500.2890000000
1500.3000000000
1500.3110000000
1500.3220000000
1500.3330000000
1500.3450000000
1500.3560000000
1500.3670000000
1500.3780000000
1500.3890000000
1500.4000000000
1500.4110000000
1500.4220000000
1500.4330000000
1500.4450000000
1500.4560000000
1500.4670000000
1500.4780000000
1500.4890000000
1500.5000000000
1500.5110000000
1500.5220000000
1500.5340000000
1500.5450000000
1500.5560000000
1500.5670000000
1500.5780000000
1500.5890000000
1500.6000000000
1500.6110000000
1500.6220000000
1500.6330000000
1500.6450000000
1500.6560000000
1500.6670000000
1500.6780000000
1500.6890000000
1500.7000000000
1500.7110000000
1500.7220000000
1500.7330000000
1500.7440000000
1500.7560000000
1500.7670000000
1500.7780000000
1500.7890000000
1500.8000000000
1500.8110000000
1500.8220000000
1500.8330000000
1500.8440000000
1500.8560000000
1500.8670000000
1500.8780000000
1500.8890000000
1500.9000000000
1500.9110000000
1500.9220000000
1500.9330000000
1500.9440000000
1500.9560000000
1500.9670000000
1500.9780000000
1500.9890000000
1501.0000000000
1501.0110000000
1501.0220000000
1501.0330000000
1501.0440000000
1501.0550000000
1501.0670000000
1501.0780000000
1501.0890000000
1501.1000000000
1501.1110000000
1501.1220000000
1501.1330000000
1501.1450000000
1501.1550000000
1501.1670000000
1501.1780000000
1501.1890000000
1501.2000000000
1501.2110000000
1501.2220000000
1501.2330000000
1501.2440000000
1501.2550000000
1501.2660000000
1501.2780000000
1501.2890000000
1501.3000000000
1501.3110000000
1501.3220000000
1501.3330000000
1501.3440000000
1501.3550000000
1501.3670000000
1501.3770000000
1501.3890000000
1501.4000000000
1501.4110000000
1501.4220000000
1501.4330000000
1501.4440000000
1501.4560000000
1501.4660000000
1501.4770000000
1501.4890000000
1501.5000000000
1501.5110000000
1501.5220000000
1501.5330000000
1501.5440000000
1501.5560000000
1501.5660000000
1501.5780000000
1501.5890000000
1501.6000000000
1501.6110000000
1501.6220000000
1501.6330000000
1501.6440000000
1501.6550000000
1501.6660000000
1501.6770000000
1501.6890000000
1501.6990000000
1501.7110000000
1501.7220000000
1501.7330000000
1501.7440000000
1501.7550000000
1501.7660000000
1501.7770000000
1501.7880000000
1501.8000000000
1501.8110000000
1501.8220000000
1501.8330000000
1501.8440000000
1501.8550000000
1501.8660000000
1501.8770000000
1501.8880000000
1501.9000000000
1501.9110000000
1501.9220000000
1501.9330000000
1501.9440000000
1501.9550000000
1501.9660000000
1501.9770000000
1501.9890000000
1501.9990000000
1502.0110000000
1502.0220000000
1502.0330000000
1502.0440000000
1502.0550000000
1502.0660000000
1502.0780000000
1502.0880000000
1502.0990000000
1502.1110000000
1502.1220000000
1502.1330000000
1502.1440000000
1502.1550000000
1502.1660000000
1502.1770000000
1502.1880000000
1502.1990000000
1502.2100000000
1502.2210000000
1502.2330000000
1502.2440000000
1502.2550000000
1502.2660000000
1502.2770000000
1502.2880000000
1502.3000000000
1502.3100000000
1502.3210000000
1502.3330000000
1502.3440000000
1502.3560000000
1502.3660000000
1502.3770000000
1502.3880000000
1502.3990000000
1502.4110000000
1502.4210000000
1502.4330000000
1502.4440000000
1502.4550000000
1502.4660000000
1502.4770000000
1502.4880000000
1502.4990000000
1502.5100000000
1502.5210000000
1502.5320000000
1502.5440000000
1502.5550000000
1502.5660000000
1502.5770000000
1502.5880000000
1502.5990000000
1502.6100000000
1502.6210000000
1502.6320000000
1502.6430000000
1502.6550000000
1502.6660000000
1502.6770000000
1502.6880000000
1502.6990000000
1502.7100000000
1502.7210000000
1502.7320000000
1502.7430000000
1502.7550000000
1502.7660000000
1502.7770000000
1502.7880000000
1502.7990000000
1502.8100000000
1502.8210000000
1502.8330000000
1502.8440000000
1502.8550000000
1502.8660000000
1502.8770000000
1502.8880000000
1502.8990000000
1502.9100000000
1502.9210000000
1502.9320000000
1502.9430000000
1502.9550000000
1502.9660000000
1502.9770000000
1502.9880000000
1502.9990000000
1503.0100000000
1503.0210000000
1503.0320000000
1503.0430000000
1503.0550000000
1503.0660000000
1503.0770000000
1503.0880000000
1503.0990000000
1503.1100000000
1503.1210000000
1503.1320000000
1503.1430000000
1503.1540000000
1503.1660000000
1503.1770000000
1503.1880000000
1503.1990000000
1503.2100000000
1503.2210000000
1503.2320000000
1503.2430000000
1503.2540000000
1503.2660000000
1503.2770000000
1503.2880000000
1503.2990000000
1503.3100000000
1503.3210000000
1503.3320000000
1503.3430000000
1503.3540000000
1503.3650000000
1503.3770000000
1503.3880000000
1503.3990000000
1503.4100000000
1503.4210000000
1503.4320000000
1503.4430000000
1503.4540000000
1503.4650000000
1503.4770000000
1503.4870000000
1503.4990000000
1503.5110000000
1503.5210000000
1503.5320000000
1503.5430000000
1503.5540000000
1503.5650000000
1503.5770000000
1503.5870000000
1503.5990000000
1503.6100000000
1503.6210000000
1503.6320000000
1503.6430000000
1503.6540000000
1503.6650000000
1503.6760000000
1503.6880000000
1503.6980000000
1503.7100000000
1503.7210000000
1503.7320000000
1503.7430000000
1503.7540000000
1503.7650000000
1503.7760000000
1503.7870000000
1503.8000000000
1503.8100000000
1503.8210000000
1503.8320000000
1503.8430000000
1503.8540000000
1503.8650000000
1503.8760000000
1503.8870000000
1503.8980000000
1503.9100000000
1503.9210000000
1503.9320000000
1503.9430000000
1503.9540000000
1503.9650000000
1503.9760000000
1503.9870000000
1503.9980000000
1504.0100000000
1504.0210000000
1504.0330000000
1504.0430000000
1504.0540000000
1504.0650000000
1504.0760000000
1504.0870000000
1504.0980000000
1504.1090000000
1504.1200000000
1504.1320000000
1504.1430000000
1504.1540000000
1504.1650000000
1504.1760000000
1504.1870000000
1504.1980000000
1504.2090000000
1504.2210000000
1504.2320000000
1504.2430000000
1504.2540000000
1504.2650000000
1504.2760000000
1504.2870000000
1504.2980000000
1504.3090000000
1504.3200000000
1504.3320000000
1504.3430000000
1504.3540000000
1504.3650000000
1504.3760000000
1504.3870000000
1504.3980000000
1504.4100000000
1504.4200000000
1504.4320000000
1504.4430000000
1504.4540000000
1504.4660000000
1504.4760000000
1504.4870000000
1504.4980000000
1504.5090000000
1504.5200000000
1504.5310000000
1504.5430000000
1504.5540000000
1504.5650000000
1504.5760000000
1504.5870000000
1504.5980000000
1504.6090000000
1504.6210000000
1504.6310000000
1504.6430000000
1504.6540000000
1504.6650000000
1504.6760000000
1504.6870000000
1504.6980000000
1504.7090000000
1504.7200000000
1504.7310000000
1504.7430000000
1504.7540000000
1504.7650000000
1504.7760000000
1504.7870000000
1504.7980000000
1504.8090000000
1504.8200000000
1504.8310000000
1504.8420000000
1504.8540000000
1504.8650000000
1504.8760000000
1504.8870000000
1504.8980000000
1504.9090000000
1504.9200000000
1504.9310000000
1504.9430000000
1504.9540000000
1504.9650000000
1504.9760000000
1504.9870000000
1504.9980000000
1505.0090000000
1505.0200000000
1505.0310000000
1505.0420000000
1505.0530000000
1505.0650000000
1505.0760000000
1505.0870000000
1505.0980000000
1505.1090000000
1505.1200000000
1505.1310000000
1505.1430000000
1505.1530000000
1505.1650000000
1505.1760000000
1505.1870000000
1505.1980000000
1505.2090000000
1505.2200000000
1505.2310000000
1505.2420000000
1505.2530000000
1505.2650000000
1505.2760000000
1505.2870000000
1505.2980000000
1505.3090000000
1505.3200000000
1505.3310000000
1505.3420000000
1505.3530000000
1505.3650000000
1505.3750000000
1505.3870000000
1505.3980000000
1505.4090000000
1505.4200000000
1505.4310000000
1505.4420000000
1505.4530000000
1505.4650000000
1505.4750000000
1505.4870000000
1505.4980000000
1505.5090000000
1505.5200000000
1505.5310000000
1505.5420000000
1505.5530000000
1505.5640000000
1505.5760000000
1505.5870000000
1505.5980000000
1505.6090000000
1505.6200000000
1505.6310000000
1505.6420000000
1505.6530000000
1505.6640000000
1505.6750000000
1505.6870000000
1505.6980000000
1505.7090000000
1505.7200000000
1505.7310000000
1505.7420000000
1505.7530000000
1505.7640000000
1505.7750000000
1505.7860000000
1505.7980000000
1505.8090000000
1505.8210000000
1505.8310000000
1505.8420000000
1505.8530000000
1505.8640000000
1505.8750000000
1505.8860000000
1505.8970000000
1505.9090000000
1505.9200000000
1505.9310000000
1505.9420000000
1505.9530000000
1505.9640000000
1505.9750000000
1505.9860000000
1505.9970000000
1506.0090000000
1506.0200000000
1506.0310000000
1506.0420000000
1506.0530000000
1506.0640000000
1506.0750000000
1506.0870000000
1506.0970000000
1506.1090000000
1506.1200000000
1506.1310000000
1506.1420000000
1506.1530000000
1506.1640000000
1506.1750000000
1506.1860000000
1506.1970000000
1506.2080000000
1506.2190000000
1506.2310000000
1506.2420000000
1506.2530000000
1506.2640000000
1506.2750000000
1506.2860000000
1506.2970000000
1506.3080000000
1506.3200000000
1506.3300000000
1506.3420000000
1506.3530000000
1506.3640000000
1506.3750000000
1506.3860000000
1506.3970000000
1506.4080000000
1506.4190000000
1506.4310000000
1506.4420000000
1506.4530000000
1506.4640000000
1506.4750000000
1506.4860000000
1506.4980000000
1506.5080000000
1506.5190000000
1506.5300000000
1506.5420000000
1506.5530000000
1506.5640000000
1506.5750000000
1506.5860000000
1506.5970000000
1506.6080000000
1506.6200000000
1506.6300000000
1506.6410000000
1506.6530000000
1506.6640000000
1506.6750000000
1506.6860000000
1506.6970000000
1506.7080000000
1506.7190000000
1506.7300000000
1506.7420000000
1506.7530000000
1506.7640000000
1506.7750000000
1506.7860000000
1506.7970000000
1506.8080000000
1506.8190000000
1506.8300000000
1506.8420000000
1506.8530000000
1506.8640000000
1506.8750000000
1506.8860000000
1506.8970000000
1506.9080000000
1506.9190000000
1506.9300000000
1506.9410000000
1506.9530000000
1506.9640000000
1506.9750000000
1506.9860000000
1506.9970000000
1507.0080000000
1507.0190000000
1507.0300000000
1507.0410000000
1507.0520000000
1507.0630000000
1507.0750000000
1507.0860000000
1507.0970000000
1507.1080000000
1507.1190000000
1507.1300000000
1507.1410000000
1507.1520000000
1507.1630000000
1507.1750000000
1507.1860000000
1507.1970000000
1507.2080000000
1507.2190000000
1507.2300000000
1507.2420000000
1507.2520000000
1507.2630000000
1507.2740000000
1507.2860000000
1507.2970000000
1507.3080000000
1507.3190000000
1507.3300000000
1507.3410000000
1507.3530000000
1507.3640000000
1507.3750000000
1507.3860000000
1507.3970000000
1507.4080000000
1507.4190000000
1507.4300000000
1507.4410000000
1507.4520000000
1507.4640000000
1507.4740000000
1507.4860000000
1507.4970000000
1507.5080000000
1507.5190000000
1507.5300000000
1507.5410000000
1507.5520000000
1507.5630000000
1507.5740000000
1507.5860000000
1507.5970000000
1507.6080000000
1507.6190000000
1507.6300000000
1507.6410000000
1507.6520000000
1507.6630000000
1507.6740000000
1507.6860000000
1507.6970000000
1507.7080000000
1507.7190000000
1507.7300000000
1507.7410000000
1507.7520000000
1507.7630000000
1507.7740000000
1507.7850000000
1507.7970000000
1507.8080000000
1507.8190000000
1507.8300000000
1507.8410000000
1507.8520000000
1507.8630000000
1507.8740000000
1507.8860000000
1507.8960000000
1507.9080000000
1507.9190000000
1507.9300000000
1507.9410000000
1507.9520000000
1507.9630000000
1507.9740000000
1507.9850000000
1507.9960000000
1508.0070000000
1508.0190000000
1508.0300000000
1508.0410000000
1508.0520000000
1508.0630000000
1508.0740000000
1508.0850000000
1508.0960000000
1508.1080000000
1508.1190000000
1508.1300000000
1508.1410000000
1508.1520000000
1508.1630000000
1508.1740000000
1508.1850000000
1508.1960000000
1508.2080000000
1508.2190000000
1508.2300000000
1508.2410000000
1508.2520000000
1508.2630000000
1508.2740000000
1508.2850000000
1508.2960000000
1508.3070000000
1508.3180000000
1508.3300000000
1508.3410000000
1508.3520000000
1508.3630000000
1508.3740000000
1508.3850000000
1508.3960000000
1508.4070000000
1508.4180000000
1508.4290000000
1508.4410000000
1508.4520000000
1508.4630000000
1508.4740000000
1508.4850000000
1508.4960000000
1508.5070000000
1508.5180000000
1508.5290000000
1508.5410000000
1508.5520000000
1508.5630000000
1508.5740000000
1508.5850000000
1508.5960000000
1508.6070000000
1508.6180000000
1508.6290000000
1508.6410000000
1508.6520000000
1508.6630000000
1508.6740000000
1508.6850000000
1508.6960000000
1508.7070000000
1508.7180000000
1508.7290000000
1508.7400000000
1508.7520000000
1508.7630000000
1508.7740000000
1508.7860000000
1508.7960000000
1508.8070000000
1508.8180000000
1508.8290000000
1508.8400000000
1508.8520000000
1508.8630000000
1508.8740000000
1508.8850000000
1508.8960000000
1508.9070000000
1508.9180000000
1508.9290000000
1508.9400000000
1508.9520000000
1508.9630000000
1508.9740000000
1508.9850000000
1508.9960000000
1509.0070000000
1509.0180000000
1509.0290000000
1509.0400000000
1509.0510000000
1509.0630000000
1509.0740000000
1509.0850000000
1509.0960000000
1509.1070000000
1509.1180000000
1509.1300000000
1509.1400000000
1509.1510000000
1509.1620000000
1509.1740000000
1509.1850000000
1509.1960000000
1509.2070000000
1509.2180000000
1509.2290000000
1509.2400000000
1509.2510000000
1509.2620000000
1509.2740000000
1509.2850000000
1509.2960000000
1509.3070000000
1509.3180000000
1509.3290000000
1509.3400000000
1509.3510000000
1509.3620000000
1509.3730000000
1509.3850000000
1509.3960000000
1509.4070000000
1509.4180000000
1509.4290000000
1509.4400000000
1509.4510000000
1509.4620000000
1509.4740000000
1509.4840000000
1509.4960000000
1509.5070000000
1509.5180000000
1509.5290000000
1509.5400000000
1509.5510000000
1509.5630000000
1509.5730000000
1509.5850000000
1509.5960000000
1509.6070000000
1509.6180000000
1509.6290000000
1509.6400000000
1509.6510000000
1509.6620000000
1509.6740000000
1509.6850000000
1509.6960000000
1509.7070000000
1509.7180000000
1509.7290000000
1509.7400000000
1509.7510000000
1509.7620000000
1509.7730000000
1509.7850000000
1509.7960000000
1509.8070000000
1509.8180000000
1509.8290000000
1509.8400000000
1509.8510000000
1509.8620000000
1509.8740000000
1509.8840000000
1509.8960000000
1509.9070000000
1509.9180000000
1509.9290000000
1509.9400000000
1509.9510000000
1509.9620000000
1509.9730000000
1509.9840000000
1509.9950000000
1510.0070000000
1510.0180000000
1510.0290000000
1510.0400000000
1510.0510000000
1510.0620000000
1510.0730000000
1510.0840000000
1510.0950000000
1510.1060000000
1510.1180000000
1510.1290000000
1510.1400000000
1510.1510000000
1510.1620000000
1510.1730000000
1510.1840000000
1510.1950000000
1510.2060000000
1510.2170000000
1510.2290000000
1510.2400000000
1510.2510000000
1510.2620000000
1510.2730000000
1510.2840000000
1510.2950000000
1510.3070000000
1510.3180000000
1510.3280000000
1510.3400000000
1510.3510000000
1510.3620000000
1510.3730000000
1510.3840000000
1510.3950000000
1510.4060000000
1510.4170000000
1510.4280000000
1510.4400000000
1510.4510000000
1510.4620000000
1510.4730000000
1510.4840000000
1510.4950000000
1510.5060000000
1510.5170000000
1510.5280000000
1510.5390000000
1510.5510000000
1510.5620000000
1510.5730000000
1510.5840000000
1510.5950000000
1510.6060000000
1510.6170000000
1510.6290000000
1510.6390000000
1510.6510000000
1510.6620000000
1510.6730000000
1510.6840000000
1510.6950000000
1510.7060000000
1510.7170000000
1510.7290000000
1510.7400000000
1510.7510000000
1510.7620000000
1510.7730000000
1510.7840000000
1510.7950000000
1510.8060000000
1510.8170000000
1510.8280000000
1510.8390000000
1510.8510000000
1510.8620000000
1510.8730000000
1510.8840000000
1510.8950000000
1510.9060000000
1510.9170000000
1510.9280000000
1510.9400000000
1510.9510000000
1510.9620000000
1510.9730000000
1510.9840000000
1510.9950000000
1511.0060000000
1511.0170000000
1511.0280000000
1511.0390000000
1511.0510000000
1511.0620000000
1511.0730000000
1511.0840000000
1511.0950000000
1511.1060000000
1511.1180000000
1511.1280000000
1511.1390000000
1511.1500000000
1511.1610000000
1511.1730000000
1511.1840000000
1511.1950000000
1511.2060000000
1511.2170000000
1511.2280000000
1511.2390000000
1511.2500000000
1511.2610000000
1511.2730000000
1511.2840000000
1511.2950000000
1511.3060000000
1511.3170000000
1511.3280000000
1511.3390000000
1511.3500000000
1511.3610000000
1511.3730000000
1511.3840000000
1511.3950000000
1511.4060000000
1511.4170000000
1511.4280000000
1511.4390000000
1511.4500000000
1511.4610000000
1511.4730000000
1511.4830000000
1511.4950000000
1511.5060000000
1511.5170000000
1511.5280000000
1511.5390000000
1511.5500000000
1511.5610000000
1511.5720000000
1511.5840000000
1511.5950000000
1511.6060000000
1511.6170000000
1511.6280000000
1511.6390000000
1511.6500000000
1511.6610000000
1511.6720000000
1511.6830000000
1511.6940000000
1511.7060000000
1511.7170000000
1511.7280000000
1511.7390000000
1511.7500000000
1511.7610000000
1511.7720000000
1511.7840000000
1511.7950000000
1511.8060000000
1511.8170000000
1511.8280000000
1511.8390000000
1511.8500000000
1511.8610000000
1511.8720000000
1511.8840000000
1511.8940000000
1511.9060000000
1511.9170000000
1511.9280000000
1511.9390000000
1511.9500000000
1511.9610000000
1511.9720000000
1511.9830000000
1511.9950000000
1512.0050000000
1512.0170000000
1512.0280000000
1512.0390000000
1512.0500000000
1512.0610000000
1512.0720000000
1512.0830000000
1512.0940000000
1512.1060000000
1512.1170000000
1512.1280000000
1512.1390000000
1512.1500000000
1512.1610000000
1512.1720000000
1512.1830000000
1512.1940000000
1512.2050000000
1512.2170000000
1512.2280000000
1512.2390000000
1512.2500000000
1512.2610000000
1512.2720000000
1512.2830000000
1512.2940000000
1512.3050000000
1512.3160000000
1512.3280000000
1512.3390000000
1512.3500000000
1512.3610000000
1512.3720000000
1512.3830000000
1512.3940000000
1512.4050000000
1512.4160000000
1512.4270000000
1512.4390000000
1512.4500000000
1512.4610000000
1512.4720000000
1512.4830000000
1512.4940000000
1512.5050000000
1512.5160000000
1512.5270000000
1512.5380000000
1512.5500000000
1512.5610000000
1512.5720000000
1512.5830000000
1512.5940000000
1512.6050000000
1512.6160000000
1512.6270000000
1512.6390000000
1512.6500000000
1512.6610000000
1512.6720000000
1512.6830000000
1512.6940000000
1512.7050000000
1512.7160000000
1512.7270000000
1512.7390000000
1512.7490000000
1512.7610000000
1512.7720000000
1512.7830000000
1512.7940000000
1512.8050000000
1512.8160000000
1512.8270000000
1512.8380000000
1512.8490000000
1512.8610000000
1512.8720000000
1512.8830000000
1512.8940000000
1512.9050000000
1512.9160000000
1512.9270000000
1512.9380000000
1512.9490000000
1512.9610000000
1512.9720000000
1512.9830000000
1512.9940000000
1513.0050000000
1513.0160000000
1513.0270000000
1513.0380000000
1513.0500000000
1513.0610000000
1513.0720000000
1513.0830000000
1513.0940000000
1513.1050000000
1513.1170000000
1513.1270000000
1513.1380000000
1513.1490000000
1513.1600000000
1513.1720000000
1513.1830000000
1513.1940000000
1513.2050000000
1513.2160000000
1513.2270000000
1513.2380000000
1513.2490000000
1513.2600000000
1513.2720000000
1513.2830000000
1513.2940000000
1513.3050000000
1513.3160000000
1513.3270000000
1513.3380000000
1513.3490000000
1513.3600000000
1513.3720000000
1513.3830000000
1513.3940000000
1513.4050000000
1513.4160000000
1513.4270000000
1513.4380000000
1513.4490000000
1513.4600000000
1513.4710000000
1513.4830000000
1513.4940000000
1513.5050000000
1513.5160000000
1513.5270000000
1513.5380000000
1513.5490000000
1513.5600000000
1513.5710000000
1513.5830000000
1513.5940000000
1513.6050000000
1513.6160000000
1513.6270000000
1513.6380000000
1513.6490000000
1513.6610000000
1513.6710000000
1513.6820000000
1513.6930000000
1513.7050000000
1513.7160000000
1513.7270000000
1513.7380000000
1513.7490000000
1513.7600000000
1513.7710000000
1513.7820000000
1513.7930000000
1513.8050000000
1513.8160000000
1513.8270000000
1513.8380000000
1513.8490000000
1513.8600000000
1513.8710000000
1513.8830000000
1513.8930000000
1513.9050000000
1513.9160000000
1513.9270000000
1513.9380000000
1513.9490000000
1513.9600000000
1513.9710000000
1513.9820000000
1513.9940000000
1514.0050000000
1514.0160000000
1514.0270000000
1514.0380000000
1514.0490000000
1514.0600000000
1514.0710000000
1514.0820000000
1514.0930000000
1514.1040000000
1514.1160000000
1514.1270000000
1514.1380000000
1514.1490000000
1514.1600000000
1514.1710000000
1514.1820000000
1514.1930000000
1514.2050000000
1514.2160000000
1514.2270000000
1514.2380000000
1514.2490000000
1514.2600000000
1514.2710000000
1514.2820000000
1514.2930000000
1514.3050000000
1514.3160000000
1514.3270000000
1514.3380000000
1514.3490000000
1514.3600000000
1514.3710000000
1514.3820000000
1514.3930000000
1514.4040000000
1514.4160000000
1514.4270000000
1514.4380000000
1514.4490000000
1514.4600000000
1514.4710000000
1514.4820000000
1514.4930000000
1514.5040000000
1514.5160000000
1514.5260000000
1514.5380000000
1514.5490000000
1514.5600000000
1514.5710000000
1514.5820000000
1514.5930000000
1514.6040000000
1514.6150000000
1514.6260000000
1514.6370000000
1514.6490000000
1514.6600000000
1514.6710000000
1514.6820000000
1514.6930000000
1514.7040000000
1514.7160000000
1514.7260000000
1514.7380000000
1514.7480000000
1514.7600000000
1514.7710000000
1514.7820000000
1514.7930000000
1514.8040000000
1514.8150000000
1514.8260000000
1514.8370000000
1514.8490000000
1514.8600000000
1514.8710000000
1514.8820000000
1514.8930000000
1514.9040000000
1514.9150000000
1514.9260000000
1514.9370000000
1514.9480000000
1514.9600000000
1514.9710000000
1514.9820000000
1514.9930000000
1515.0040000000
1515.0150000000
1515.0260000000
1515.0370000000
1515.0480000000
1515.0590000000
1515.0710000000
1515.0820000000
1515.0930000000
1515.1040000000
1515.1150000000
1515.1260000000
1515.1370000000
1515.1480000000
1515.1590000000
1515.1710000000
1515.1820000000
1515.1930000000
1515.2040000000
1515.2150000000
1515.2260000000
1515.2370000000
1515.2480000000
1515.2590000000
1515.2710000000
1515.2810000000
1515.2930000000
1515.3040000000
1515.3150000000
1515.3260000000
1515.3370000000
1515.3480000000
1515.3590000000
1515.3710000000
1515.3810000000
1515.3930000000
1515.4040000000
1515.4150000000
1515.4260000000
1515.4370000000
1515.4480000000
1515.4590000000
1515.4700000000
1515.4810000000
1515.4930000000
1515.5040000000
1515.5150000000
1515.5260000000
1515.5370000000
1515.5480000000
1515.5590000000
1515.5700000000
1515.5810000000
1515.5930000000
1515.6040000000
1515.6150000000
1515.6260000000
1515.6370000000
1515.6480000000
1515.6590000000
1515.6710000000
1515.6810000000
1515.6930000000
1515.7040000000
1515.7150000000
1515.7260000000
1515.7370000000
1515.7480000000
1515.7590000000
1515.7700000000
1515.7810000000
1515.7920000000
1515.8040000000
1515.8150000000
1515.8260000000
1515.8370000000
1515.8480000000
1515.8590000000
1515.8700000000
1515.8810000000
1515.8920000000
1515.9030000000
1515.9150000000
1515.9260000000
1515.9370000000
1515.9480000000
1515.9590000000
1515.9700000000
1515.9810000000
1515.9920000000
1516.0040000000
1516.0160000000
1516.0260000000
1516.0370000000
1516.0480000000
1516.0590000000
1516.0700000000
1516.0810000000
1516.0920000000
1516.1030000000
1516.1140000000
1516.1260000000
1516.1370000000
1516.1480000000
1516.1590000000
1516.1700000000
1516.1810000000
1516.1920000000
1516.2030000000
1516.2140000000
1516.2260000000
1516.2370000000
1516.2480000000
1516.2590000000
1516.2700000000
1516.2810000000
1516.2920000000
1516.3030000000
1516.3140000000
1516.3250000000
1516.3370000000
1516.3480000000
1516.3590000000
1516.3700000000
1516.3810000000
1516.3920000000
1516.4030000000
1516.4140000000
1516.4260000000
1516.4370000000
1516.4480000000
1516.4590000000
1516.4700000000
1516.4810000000
1516.4920000000
1516.5030000000
1516.5140000000
1516.5250000000
1516.5370000000
1516.5480000000
1516.5590000000
1516.5700000000
1516.5810000000
1516.5920000000
1516.6030000000
1516.6140000000
1516.6250000000
1516.6360000000
1516.6480000000
1516.6590000000
1516.6700000000
1516.6810000000
1516.6920000000
1516.7030000000
1516.7140000000
1516.7250000000
1516.7360000000
1516.7480000000
1516.7590000000
1516.7700000000
1516.7810000000
1516.7920000000
1516.8030000000
1516.8140000000
1516.8250000000
1516.8360000000
1516.8480000000
1516.8590000000
1516.8700000000
1516.8810000000
1516.8920000000
1516.9030000000
1516.9140000000
1516.9250000000
1516.9360000000
1516.9470000000
1516.9580000000
1516.9700000000
1516.9810000000
1516.9920000000
1517.0030000000
1517.0140000000
1517.0250000000
1517.0360000000
1517.0470000000
1517.0580000000
1517.0700000000
1517.0810000000
1517.0920000000
1517.1030000000
1517.1140000000
1517.1250000000
1517.1360000000
1517.1470000000
1517.1590000000
1517.1690000000
1517.1810000000
1517.1920000000
1517.2040000000
1517.2140000000
1517.2250000000
1517.2360000000
1517.2470000000
1517.2580000000
1517.2700000000
1517.2810000000
1517.2920000000
1517.3030000000
1517.3140000000
1517.3250000000
1517.3360000000
1517.3470000000
1517.3580000000
1517.3700000000
1517.3810000000
1517.3920000000
1517.4030000000
1517.4140000000
1517.4250000000
1517.4370000000
1517.4470000000
1517.4580000000
1517.4690000000
1517.4800000000
1517.4920000000
1517.5030000000
1517.5140000000
1517.5250000000
1517.5360000000
1517.5470000000
1517.5580000000
1517.5690000000
1517.5800000000
1517.5920000000
1517.6030000000
1517.6140000000
1517.6250000000
1517.6360000000
1517.6470000000
1517.6580000000
1517.6690000000
1517.6800000000
1517.6910000000
1517.7030000000
1517.7140000000
1517.7250000000
1517.7360000000
1517.7470000000
1517.7580000000
1517.7690000000
1517.7800000000
1517.7920000000
1517.8030000000
1517.8140000000
1517.8250000000
1517.8360000000
1517.8470000000
1517.8580000000
1517.8690000000
1517.8800000000
1517.8910000000
1517.9030000000
1517.9140000000
1517.9250000000
1517.9360000000
1517.9470000000
1517.9580000000
1517.9690000000
1517.9800000000
1517.9910000000
1518.0030000000
1518.0140000000
1518.0250000000
1518.0360000000
1518.0470000000
1518.0580000000
1518.0690000000
1518.0800000000
1518.0910000000
1518.1020000000
1518.1140000000
1518.1250000000
1518.1360000000
1518.1470000000
1518.1580000000
1518.1690000000
1518.1800000000
1518.1910000000
1518.2030000000
1518.2130000000
1518.2250000000
1518.2360000000
1518.2470000000
1518.2580000000
1518.2690000000
1518.2800000000
1518.2910000000
1518.3020000000
1518.3140000000
1518.3240000000
1518.3360000000
1518.3470000000
1518.3580000000
1518.3690000000
1518.3800000000
1518.3910000000
1518.4020000000
1518.4130000000
1518.4250000000
1518.4360000000
1518.4470000000
1518.4580000000
1518.4690000000
1518.4800000000
1518.4910000000
1518.5020000000
1518.5130000000
1518.5250000000
1518.5360000000
1518.5470000000
1518.5580000000
1518.5690000000
1518.5800000000
1518.5910000000
1518.6020000000
1518.6130000000
1518.6240000000
1518.6350000000
1518.6470000000
1518.6580000000
1518.6690000000
1518.6800000000
1518.6910000000
1518.7020000000
1518.7130000000
1518.7240000000
1518.7350000000
1518.7460000000
1518.7580000000
1518.7690000000
1518.7800000000
1518.7910000000
1518.8020000000
1518.8130000000
1518.8240000000
1518.8350000000
1518.8460000000
1518.8580000000
1518.8690000000
1518.8800000000
1518.8910000000
1518.9020000000
1518.9130000000
1518.9240000000
1518.9350000000
1518.9460000000
1518.9580000000
1518.9690000000
1518.9800000000
1518.9910000000
1519.0020000000
1519.0130000000
1519.0240000000
1519.0350000000
1519.0470000000
1519.0570000000
1519.0690000000
1519.0800000000
1519.0910000000
1519.1020000000
1519.1130000000
1519.1240000000
1519.1350000000
1519.1460000000
1519.1570000000
1519.1690000000
1519.1800000000
1519.1910000000
1519.2020000000
1519.2130000000
1519.2240000000
1519.2350000000
1519.2460000000
1519.2570000000
1519.2690000000
1519.2800000000
1519.2910000000
1519.3020000000
1519.3130000000
1519.3240000000
1519.3350000000
1519.3460000000
1519.3570000000
1519.3690000000
1519.3800000000
1519.3910000000
1519.4020000000
1519.4130000000
1519.4240000000
1519.4350000000
1519.4460000000
1519.4570000000
1519.4690000000
1519.4790000000
1519.4910000000
1519.5020000000
1519.5130000000
1519.5240000000
1519.5350000000
1519.5460000000
1519.5570000000
1519.5680000000
1519.5790000000
1519.5910000000
1519.6020000000
1519.6130000000
1519.6240000000
1519.6350000000
1519.6460000000
1519.6570000000
1519.6690000000
1519.6790000000
1519.6910000000
1519.7020000000
1519.7130000000
1519.7240000000
1519.7350000000
1519.7460000000
1519.7570000000
1519.7680000000
1519.7790000000
1519.7910000000
1519.8020000000
1519.8130000000
1519.8240000000
1519.8350000000
1519.8460000000
1519.8570000000
1519.8680000000
1519.8790000000
1519.8910000000
1519.9010000000
1519.9130000000
1519.9240000000
1519.9350000000
1519.9460000000
1519.9570000000
1519.9680000000
1519.9790000000
1519.9900000000
1520.0020000000
1520.0130000000
1520.0240000000
1520.0350000000
1520.0460000000
1520.0570000000
1520.0680000000
1520.0790000000
1520.0910000000
1520.1020000000
1520.1130000000
1520.1240000000
1520.1350000000
1520.1460000000
1520.1570000000
1520.1680000000
1520.1790000000
1520.1900000000
1520.2020000000
1520.2120000000
1520.2240000000
1520.2350000000
1520.2460000000
1520.2570000000
1520.2680000000
1520.2790000000
1520.2900000000
1520.3020000000
1520.3130000000
1520.3230000000
1520.3350000000
1520.3460000000
1520.3570000000
1520.3680000000
1520.3790000000
1520.3900000000
1520.4010000000
1520.4120000000
1520.4240000000
1520.4350000000
1520.4460000000
1520.4570000000
1520.4680000000
1520.4790000000
1520.4900000000
1520.5010000000
1520.5120000000
1520.5230000000
1520.5350000000
1520.5460000000
1520.5570000000
1520.5680000000
1520.5790000000
1520.5900000000
1520.6010000000
1520.6120000000
1520.6230000000
1520.6340000000
1520.6460000000
1520.6570000000
1520.6680000000
1520.6790000000
1520.6900000000
1520.7010000000
1520.7120000000
1520.7230000000
1520.7350000000
1520.7450000000
1520.7570000000
1520.7680000000
1520.7790000000
1520.7900000000
1520.8010000000
1520.8120000000
1520.8230000000
1520.8350000000
1520.8450000000
1520.8570000000
1520.8680000000
1520.8790000000
1520.8900000000
1520.9010000000
1520.9120000000
1520.9230000000
1520.9340000000
1520.9450000000
1520.9560000000
1520.9680000000
1520.9790000000
1520.9900000000
1521.0010000000
1521.0120000000
1521.0230000000
1521.0340000000
1521.0460000000
1521.0570000000
1521.0680000000
1521.0790000000
1521.0900000000
1521.1010000000
1521.1120000000
1521.1230000000
1521.1340000000
1521.1450000000
1521.1560000000
1521.1680000000
1521.1790000000
1521.1900000000
1521.2010000000
1521.2120000000
1521.2230000000
1521.2340000000
1521.2450000000
1521.2560000000
1521.2680000000
1521.2790000000
1521.2900000000
1521.3010000000
1521.3120000000
1521.3230000000
1521.3340000000
1521.3450000000
1521.3570000000
1521.3670000000
1521.3780000000
1521.3900000000
1521.4010000000
1521.4120000000
1521.4230000000
1521.4340000000
1521.4450000000
1521.4570000000
1521.4670000000
1521.4790000000
1521.4900000000
1521.5010000000
1521.5120000000
1521.5230000000
1521.5340000000
1521.5450000000
1521.5560000000
1521.5670000000
1521.5780000000
1521.5900000000
1521.6010000000
1521.6120000000
1521.6230000000
1521.6340000000
1521.6450000000
1521.6560000000
1521.6680000000
1521.6780000000
1521.6900000000
1521.7010000000
1521.7120000000
1521.7230000000
1521.7340000000
1521.7450000000
1521.7560000000
1521.7670000000
1521.7780000000
1521.7900000000
1521.8010000000
1521.8120000000
1521.8230000000
1521.8340000000
1521.8450000000
1521.8560000000
1521.8670000000
1521.8790000000
1521.8890000000
1521.9010000000
1521.9110000000
1521.9230000000
1521.9340000000
1521.9450000000
1521.9560000000
1521.9670000000
1521.9780000000
1521.9890000000
1522.0010000000
1522.0120000000
1522.0230000000
1522.0340000000
1522.0450000000
1522.0560000000
1522.0670000000
1522.0780000000
1522.0890000000
1522.1000000000
1522.1120000000
1522.1230000000
1522.1340000000
1522.1450000000
1522.1560000000
1522.1670000000
1522.1780000000
1522.1890000000
1522.2000000000
1522.2110000000
1522.2230000000
1522.2340000000
1522.2450000000
1522.2560000000
1522.2670000000
1522.2780000000
1522.2890000000
1522.3000000000
1522.3110000000
1522.3230000000
1522.3340000000
1522.3450000000
1522.3560000000
1522.3670000000
1522.3780000000
1522.3890000000
1522.4000000000
1522.4110000000
1522.4230000000
1522.4340000000
1522.4450000000
1522.4560000000
1522.4670000000
1522.4780000000
1522.4890000000
1522.5000000000
1522.5110000000
1522.5230000000
1522.5330000000
1522.5450000000
1522.5560000000
1522.5670000000
1522.5780000000
1522.5890000000
1522.6000000000
1522.6110000000
1522.6220000000
1522.6340000000
1522.6450000000
1522.6560000000
1522.6670000000
1522.6780000000
1522.6890000000
1522.7000000000
1522.7110000000
1522.7220000000
1522.7330000000
1522.7450000000
1522.7560000000
1522.7670000000
1522.7780000000
1522.7890000000
1522.8000000000
1522.8110000000
1522.8220000000
1522.8330000000
1522.8450000000
1522.8560000000
1522.8670000000
1522.8780000000
1522.8890000000
1522.9000000000
1522.9110000000
1522.9220000000
1522.9330000000
1522.9440000000
1522.9560000000
1522.9670000000
1522.9780000000
1522.9890000000
1523.0000000000
1523.0110000000
1523.0220000000
1523.0330000000
1523.0440000000
1523.0560000000
1523.0670000000
1523.0780000000
1523.0890000000
1523.1000000000
1523.1110000000
1523.1220000000
1523.1330000000
1523.1440000000
1523.1550000000
1523.1670000000
1523.1780000000
1523.1890000000
1523.2000000000
1523.2110000000
1523.2220000000
1523.2330000000
1523.2440000000
1523.2550000000
1523.2660000000
1523.2770000000
1523.2890000000
1523.3000000000
1523.3110000000
1523.3220000000
1523.3330000000
1523.3450000000
1523.3550000000
1523.3660000000
1523.3780000000
1523.3890000000
1523.4000000000
1523.4110000000
1523.4220000000
1523.4330000000
1523.4440000000
1523.4550000000
1523.4660000000
1523.4770000000
1523.4890000000
1523.5000000000
1523.5110000000
1523.5220000000
1523.5330000000
1523.5440000000
1523.5550000000
1523.5660000000
1523.5770000000
1523.5890000000
1523.6000000000
1523.6110000000
1523.6220000000
1523.6330000000
1523.6440000000
1523.6550000000
1523.6660000000
1523.6770000000
1523.6880000000
1523.7000000000
1523.7110000000
1523.7220000000
1523.7330000000
1523.7440000000
1523.7550000000
1523.7660000000
1523.7770000000
1523.7890000000
1523.7990000000
1523.8110000000
1523.8220000000
1523.8330000000
1523.8440000000
1523.8550000000
1523.8660000000
1523.8770000000
1523.8880000000
1523.9000000000
1523.9110000000
1523.9220000000
1523.9330000000
1523.9440000000
1523.9560000000
1523.9660000000
1523.9770000000
1523.9880000000
1524.0000000000
1524.0110000000
1524.0220000000
1524.0330000000
1524.0440000000
1524.0550000000
1524.0660000000
1524.0770000000
1524.0880000000
1524.0990000000
1524.1110000000
1524.1220000000
1524.1330000000
1524.1440000000
1524.1550000000
1524.1660000000
1524.1780000000
1524.1880000000
1524.1990000000
1524.2110000000
1524.2210000000
1524.2330000000
1524.2440000000
1524.2550000000
1524.2660000000
1524.2770000000
1524.2890000000
1524.2990000000
1524.3110000000
1524.3220000000
1524.3330000000
1524.3440000000
1524.3550000000
1524.3660000000
1524.3770000000
1524.3880000000
1524.3990000000
1524.4110000000
1524.4210000000
1524.4330000000
1524.4440000000
1524.4550000000
1524.4660000000
1524.4770000000
1524.4880000000
1524.4990000000
1524.5110000000
1524.5210000000
1524.5320000000
1524.5440000000
1524.5550000000
1524.5660000000
1524.5770000000
1524.5890000000
1524.5990000000
1524.6110000000
1524.6220000000
1524.6320000000
1524.6440000000
1524.6550000000
1524.6660000000
1524.6770000000
1524.6880000000
1524.6990000000
1524.7100000000
1524.7210000000
1524.7330000000
1524.7430000000
1524.7550000000
1524.7660000000
1524.7770000000
1524.7880000000
1524.7990000000
1524.8100000000
1524.8210000000
1524.8320000000
1524.8440000000
1524.8550000000
1524.8660000000
1524.8770000000
1524.8880000000
1524.8990000000
1524.9100000000
1524.9210000000
1524.9320000000
1524.9430000000
1524.9550000000
1524.9660000000
1524.9770000000
1524.9880000000
1524.9990000000
1525.0100000000
1525.0210000000
1525.0320000000
1525.0430000000
1525.0540000000
1525.0660000000
1525.0770000000
1525.0880000000
1525.0990000000
1525.1100000000
1525.1210000000
1525.1320000000
1525.1430000000
1525.1540000000
1525.1650000000
1525.1770000000
1525.1880000000
1525.1990000000
1525.2100000000
1525.2210000000
1525.2320000000
1525.2430000000
1525.2540000000
1525.2650000000
1525.2770000000
1525.2880000000
1525.2990000000
1525.3100000000
1525.3210000000
1525.3320000000
1525.3430000000
1525.3540000000
1525.3650000000
1525.3770000000
1525.3880000000
1525.3990000000
1525.4100000000
1525.4210000000
1525.4320000000
1525.4430000000
1525.4540000000
1525.4650000000
1525.4770000000
1525.4880000000
1525.4990000000
1525.5100000000
1525.5210000000
1525.5320000000
1525.5430000000
1525.5540000000
1525.5650000000
1525.5760000000
1525.5880000000
1525.5990000000
1525.6100000000
1525.6210000000
1525.6320000000
1525.6430000000
1525.6540000000
1525.6650000000
1525.6770000000
1525.6870000000
1525.6980000000
1525.7100000000
1525.7210000000
1525.7320000000
1525.7430000000
1525.7540000000
1525.7650000000
1525.7760000000
1525.7870000000
1525.7980000000
1525.8100000000
1525.8210000000
1525.8320000000
1525.8430000000
1525.8540000000
1525.8650000000
1525.8760000000
1525.8870000000
1525.8990000000
1525.9100000000
1525.9210000000
1525.9320000000
1525.9430000000
1525.9540000000
1525.9650000000
1525.9760000000
1525.9870000000
1525.9980000000
1526.0100000000
1526.0210000000
1526.0320000000
1526.0430000000
1526.0540000000
1526.0650000000
1526.0760000000
1526.0870000000
1526.0980000000
1526.1090000000
1526.1210000000
1526.1320000000
1526.1430000000
1526.1540000000
1526.1650000000
1526.1760000000
1526.1870000000
1526.1980000000
1526.2090000000
1526.2210000000
1526.2320000000
1526.2430000000
1526.2540000000
1526.2650000000
1526.2770000000
1526.2870000000
1526.2980000000
1526.3090000000
1526.3210000000
1526.3320000000
1526.3430000000
1526.3540000000
1526.3650000000
1526.3760000000
1526.3870000000
1526.3980000000
1526.4090000000
1526.4210000000
1526.4320000000
1526.4430000000
1526.4540000000
1526.4650000000
1526.4760000000
1526.4870000000
1526.4980000000
1526.5090000000
1526.5210000000
1526.5310000000
1526.5430000000
1526.5540000000
1526.5650000000
1526.5760000000
1526.5870000000
1526.5980000000
1526.6090000000
1526.6210000000
1526.6310000000
1526.6430000000
1526.6540000000
1526.6650000000
1526.6760000000
1526.6870000000
1526.6980000000
1526.7090000000
1526.7200000000
1526.7310000000
1526.7420000000
1526.7540000000
1526.7650000000
1526.7760000000
1526.7870000000
1526.7980000000
1526.8090000000
1526.8200000000
1526.8320000000
1526.8430000000
1526.8540000000
1526.8650000000
1526.8760000000
1526.8870000000
1526.8980000000
1526.9090000000
1526.9200000000
1526.9320000000
1526.9430000000
1526.9540000000
1526.9650000000
1526.9760000000
1526.9870000000
1526.9980000000
1527.0090000000
1527.0200000000
1527.0310000000
1527.0420000000
1527.0540000000
1527.0650000000
1527.0760000000
1527.0870000000
1527.0980000000
1527.1090000000
1527.1200000000
1527.1310000000
1527.1420000000
1527.1530000000
1527.1650000000
1527.1760000000
1527.1870000000
1527.1980000000
1527.2090000000
1527.2200000000
1527.2310000000
1527.2420000000
1527.2530000000
1527.2650000000
1527.2760000000
1527.2870000000
1527.2980000000
1527.3090000000
1527.3200000000
1527.3310000000
1527.3420000000
1527.3530000000
1527.3640000000
1527.3750000000
1527.3870000000
1527.3980000000
1527.4090000000
1527.4200000000
1527.4310000000
1527.4420000000
1527.4530000000
1527.4640000000
1527.4750000000
1527.4870000000
1527.4980000000
1527.5090000000
1527.5200000000
1527.5310000000
1527.5420000000
1527.5530000000
1527.5640000000
1527.5760000000
1527.5870000000
1527.5980000000
1527.6090000000
1527.6200000000
1527.6310000000
1527.6420000000
1527.6530000000
1527.6640000000
1527.6750000000
1527.6870000000
1527.6980000000
1527.7090000000
1527.7200000000
1527.7310000000
1527.7420000000
1527.7530000000
1527.7640000000
1527.7750000000
1527.7870000000
1527.7970000000
1527.8090000000
1527.8200000000
1527.8310000000
1527.8420000000
1527.8530000000
1527.8640000000
1527.8750000000
1527.8860000000
1527.8970000000
1527.9100000000
1527.9200000000
1527.9310000000
1527.9420000000
1527.9530000000
1527.9640000000
1527.9750000000
1527.9860000000
1527.9970000000
1528.0090000000
1528.0200000000
1528.0310000000
1528.0420000000
1528.0530000000
1528.0640000000
1528.0750000000
1528.0860000000
1528.0970000000
1528.1080000000
1528.1200000000
1528.1310000000
1528.1420000000
1528.1530000000
1528.1640000000
1528.1750000000
1528.1860000000
1528.1970000000
1528.2080000000
1528.2210000000
1528.2310000000
1528.2420000000
1528.2530000000
1528.2640000000
1528.2750000000
1528.2860000000
1528.2970000000
1528.3080000000
1528.3190000000
1528.3310000000
1528.3420000000
1528.3530000000
1528.3640000000
1528.3750000000
1528.3860000000
1528.3970000000
1528.4080000000
1528.4190000000
1528.4310000000
1528.4420000000
1528.4530000000
1528.4640000000
1528.4750000000
1528.4860000000
1528.4970000000
1528.5080000000
1528.5190000000
1528.5300000000
1528.5420000000
1528.5530000000
1528.5640000000
1528.5750000000
1528.5860000000
1528.5970000000
1528.6090000000
1528.6190000000
1528.6300000000
1528.6430000000
1528.6530000000
1528.6640000000
1528.6750000000
1528.6860000000
1528.6970000000
1528.7080000000
1528.7200000000
1528.7300000000
1528.7410000000
1528.7530000000
1528.7640000000
1528.7750000000
1528.7860000000
1528.7970000000
1528.8080000000
1528.8200000000
1528.8300000000
1528.8410000000
1528.8530000000
1528.8640000000
1528.8750000000
1528.8860000000
1528.8970000000
1528.9080000000
1528.9190000000
1528.9300000000
1528.9420000000
1528.9520000000
1528.9640000000
1528.9750000000
1528.9860000000
1528.9970000000
1529.0080000000
1529.0190000000
1529.0300000000
1529.0420000000
1529.0520000000
1529.0640000000
1529.0750000000
1529.0860000000
1529.0970000000
1529.1080000000
1529.1190000000
1529.1300000000
1529.1410000000
1529.1530000000
1529.1630000000
1529.1750000000
1529.1860000000
1529.1970000000
1529.2080000000
1529.2190000000
1529.2300000000
1529.2410000000
1529.2520000000
1529.2640000000
1529.2750000000
1529.2860000000
1529.2970000000
1529.3080000000
1529.3190000000
1529.3300000000
1529.3410000000
1529.3520000000
1529.3630000000
1529.3750000000
1529.3850000000
1529.3970000000
1529.4080000000
1529.4190000000
1529.4300000000
1529.4410000000
1529.4520000000
1529.4630000000
1529.4740000000
1529.4860000000
1529.4970000000
1529.5080000000
1529.5190000000
1529.5300000000
1529.5410000000
1529.5520000000
1529.5630000000
1529.5740000000
1529.5850000000
1529.5970000000
1529.6080000000
1529.6190000000
1529.6300000000
1529.6410000000
1529.6520000000
1529.6630000000
1529.6740000000
1529.6850000000
1529.6970000000
1529.7080000000
1529.7190000000
1529.7300000000
1529.7410000000
1529.7520000000
1529.7630000000
1529.7740000000
1529.7850000000
1529.7970000000
1529.8070000000
1529.8190000000
1529.8300000000
1529.8410000000
1529.8520000000
1529.8630000000
1529.8740000000
1529.8850000000
1529.8960000000
1529.9080000000
1529.9200000000
1529.9300000000
1529.9410000000
1529.9520000000
1529.9630000000
1529.9740000000
1529.9860000000
1529.9960000000
1530.0080000000
1530.0190000000
1530.0300000000
1530.0410000000
1530.0520000000
1530.0630000000
1530.0740000000
1530.0850000000
1530.0960000000
1530.1070000000
1530.1190000000
1530.1300000000
1530.1410000000
1530.1520000000
1530.1630000000
1530.1740000000
1530.1850000000
1530.1960000000
1530.2080000000
1530.2190000000
1530.2300000000
1530.2410000000
1530.2520000000
1530.2630000000
1530.2740000000
1530.2850000000
1530.2960000000
1530.3070000000
1530.3180000000
1530.3300000000
1530.3410000000
1530.3520000000
1530.3630000000
1530.3740000000
1530.3850000000
1530.3960000000
1530.4070000000
1530.4180000000
1530.4300000000
1530.4410000000
1530.4520000000
1530.4630000000
1530.4740000000
1530.4850000000
1530.4960000000
1530.5080000000
1530.5180000000
1530.5300000000
1530.5410000000
1530.5520000000
1530.5630000000
1530.5740000000
1530.5850000000
1530.5960000000
1530.6070000000
1530.6190000000
1530.6290000000
1530.6410000000
1530.6520000000
1530.6630000000
1530.6740000000
1530.6850000000
1530.6960000000
1530.7070000000
1530.7180000000
1530.7290000000
1530.7410000000
1530.7520000000
1530.7630000000
1530.7740000000
1530.7850000000
1530.7960000000
1530.8070000000
1530.8180000000
1530.8290000000
1530.8400000000
1530.8510000000
1530.8630000000
1530.8740000000
1530.8850000000
1530.8960000000
1530.9070000000
1530.9180000000
1530.9290000000
1530.9400000000
1530.9520000000
1530.9630000000
1530.9740000000
1530.9850000000
1530.9960000000
1531.0070000000
1531.0180000000
1531.0290000000
1531.0400000000
1531.0520000000
1531.0630000000
1531.0740000000
1531.0850000000
1531.0960000000
1531.1070000000
1531.1180000000
1531.1290000000
1531.1400000000
1531.1520000000
1531.1620000000
1531.1740000000
1531.1850000000
1531.1960000000
1531.2070000000
1531.2180000000
1531.2290000000
1531.2400000000
1531.2510000000
1531.2630000000
1531.2730000000
1531.2850000000
1531.2960000000
1531.3070000000
1531.3180000000
1531.3290000000
1531.3400000000
1531.3510000000
1531.3620000000
1531.3740000000
1531.3850000000
1531.3960000000
1531.4070000000
1531.4180000000
1531.4290000000
1531.4400000000
1531.4510000000
1531.4620000000
1531.4740000000
1531.4850000000
1531.4960000000
1531.5070000000
1531.5180000000
1531.5290000000
1531.5400000000
1531.5510000000
1531.5620000000
1531.5730000000
1531.5850000000
1531.5960000000
1531.6070000000
1531.6180000000
1531.6290000000
1531.6400000000
1531.6510000000
1531.6620000000
1531.6730000000
1531.6850000000
1531.6960000000
1531.7070000000
1531.7180000000
1531.7290000000
1531.7400000000
1531.7510000000
1531.7620000000
1531.7730000000
1531.7850000000
1531.7950000000
1531.8070000000
1531.8180000000
1531.8290000000
1531.8400000000
1531.8510000000
1531.8620000000
1531.8730000000
1531.8850000000
1531.8950000000
1531.9060000000
1531.9180000000
1531.9290000000
1531.9400000000
1531.9520000000
1531.9620000000
1531.9730000000
1531.9840000000
1531.9950000000
1532.0070000000
1532.0180000000
1532.0290000000
1532.0400000000
1532.0510000000
1532.0620000000
1532.0730000000
1532.0850000000
1532.0950000000
1532.1070000000
1532.1180000000
1532.1290000000
1532.1400000000
1532.1510000000
1532.1620000000
1532.1730000000
1532.1840000000
1532.1950000000
1532.2070000000
1532.2180000000
1532.2290000000
1532.2400000000
1532.2510000000
1532.2620000000
1532.2730000000
1532.2840000000
1532.2950000000
1532.3070000000
1532.3180000000
1532.3290000000
1532.3400000000
