3819.2400000000
3819.2510000000
3819.2700000000
3819.2920000000
3819.3160000000
3819.3380000000
3819.3590000000
3819.3810000000
3819.4030000000
3819.4260000000
3819.4490000000
3819.4700000000
3819.4920000000
3819.5140000000
3819.5360000000
3819.5590000000
3819.5810000000
3819.6030000000
3819.6250000000
3819.6480000000
3819.6700000000
3819.6920000000
3819.7150000000
3819.7370000000
3819.7590000000
3819.7810000000
3819.8030000000
3819.8260000000
3819.8480000000
3819.8700000000
3819.8920000000
3819.9140000000
3819.9360000000
3819.9580000000
3819.9810000000
3820.0030000000
3820.0250000000
3820.0480000000
3820.0700000000
3820.0920000000
3820.1150000000
3820.1360000000
3820.1580000000
3820.1810000000
3820.2030000000
3820.2140000000
3820.2360000000
3820.2580000000
3820.2810000000
3820.3030000000
3820.3250000000
3820.3480000000
3820.3700000000
3820.3920000000
3820.4140000000
3820.4360000000
3820.4580000000
3820.4810000000
3820.5020000000
3820.5250000000
3820.5480000000
3820.5690000000
3820.5910000000
3820.6140000000
3820.6360000000
3820.6580000000
3820.6810000000
3820.7030000000
3820.7250000000
3820.7480000000
3820.7690000000
3820.7920000000
3820.8140000000
3820.8360000000
3820.8580000000
3820.8810000000
3820.9030000000
3820.9250000000
3820.9480000000
3820.9690000000
3820.9910000000
3821.0140000000
3821.0360000000
3821.0580000000
3821.0810000000
3821.1020000000
3821.1250000000
3821.1470000000
3821.1690000000
3821.1800000000
3821.2030000000
3821.2250000000
3821.2470000000
3821.2690000000
3821.2910000000
3821.3140000000
3821.3360000000
3821.3580000000
3821.3800000000
3821.4020000000
3821.4240000000
3821.4480000000
3821.4690000000
3821.4910000000
3821.5140000000
3821.5350000000
3821.5580000000
3821.5800000000
3821.6020000000
3821.6240000000
3821.6470000000
3821.6690000000
3821.6910000000
3821.7140000000
3821.7350000000
3821.7580000000
3821.7810000000
3821.8020000000
3821.8240000000
3821.8470000000
3821.8690000000
3821.8910000000
3821.9140000000
3821.9360000000
3821.9580000000
3821.9810000000
3822.0020000000
3822.0240000000
3822.0470000000
3822.0690000000
3822.0910000000
3822.1150000000
3822.1350000000
3822.1580000000
3822.1800000000
3822.2020000000
3822.2140000000
3822.2350000000
3822.2580000000
3822.2810000000
3822.3020000000
3822.3240000000
3822.3470000000
3822.3680000000
3822.3910000000
3822.4140000000
3822.4350000000
3822.4570000000
3822.4800000000
3822.5020000000
3822.5240000000
3822.5470000000
3822.5680000000
3822.5910000000
3822.6130000000
3822.6350000000
3822.6570000000
3822.6800000000
3822.7020000000
3822.7240000000
3822.7470000000
3822.7680000000
3822.7910000000
3822.8130000000
3822.8350000000
3822.8580000000
3822.8800000000
3822.9020000000
3822.9240000000
3822.9470000000
3822.9680000000
3822.9900000000
3823.0140000000
3823.0350000000
3823.0570000000
3823.0800000000
3823.1010000000
3823.1240000000
3823.1470000000
3823.1680000000
3823.1900000000
3823.2010000000
3823.2240000000
3823.2470000000
3823.2680000000
3823.2910000000
3823.3130000000
3823.3340000000
3823.3570000000
3823.3800000000
3823.4010000000
3823.4240000000
3823.4460000000
3823.4680000000
3823.4900000000
3823.5130000000
3823.5350000000
3823.5570000000
3823.5800000000
3823.6010000000
3823.6230000000
3823.6460000000
3823.6680000000
3823.6900000000
3823.7130000000
3823.7350000000
3823.7570000000
3823.7800000000
3823.8010000000
3823.8230000000
3823.8460000000
3823.8680000000
3823.8900000000
3823.9120000000
3823.9350000000
3823.9570000000
3823.9790000000
3824.0010000000
3824.0230000000
3824.0460000000
3824.0670000000
3824.0900000000
3824.1120000000
3824.1340000000
3824.1570000000
3824.1790000000
3824.1890000000
3824.2120000000
3824.2340000000
3824.2560000000
3824.2780000000
3824.3010000000
3824.3230000000
3824.3460000000
3824.3680000000
3824.3900000000
3824.4120000000
3824.4340000000
3824.4570000000
3824.4790000000
3824.5010000000
3824.5230000000
3824.5450000000
3824.5670000000
3824.5890000000
3824.6120000000
3824.6340000000
3824.6560000000
3824.6780000000
3824.7000000000
3824.7230000000
3824.7450000000
3824.7670000000
3824.7900000000
3824.8120000000
3824.8340000000
3824.8560000000
3824.8790000000
3824.9010000000
3824.9230000000
3824.9450000000
3824.9680000000
3824.9890000000
3825.0110000000
3825.0340000000
3825.0570000000
3825.0780000000
3825.1010000000
3825.1230000000
3825.1450000000
3825.1670000000
3825.1890000000
3825.2000000000
3825.2220000000
3825.2450000000
3825.2670000000
3825.2890000000
3825.3110000000
3825.3330000000
3825.3560000000
3825.3780000000
3825.4000000000
3825.4220000000
3825.4450000000
3825.4670000000
3825.4890000000
3825.5110000000
3825.5330000000
3825.5560000000
3825.5780000000
3825.6000000000
3825.6220000000
3825.6450000000
3825.6670000000
3825.6890000000
3825.7110000000
3825.7330000000
3825.7560000000
3825.7780000000
3825.8000000000
3825.8220000000
3825.8440000000
3825.8670000000
3825.8890000000
3825.9110000000
3825.9340000000
3825.9550000000
3825.9790000000
3826.0000000000
3826.0220000000
3826.0450000000
3826.0670000000
3826.0890000000
3826.1110000000
3826.1330000000
3826.1550000000
3826.1780000000
3826.1890000000
3826.2110000000
3826.2330000000
3826.2550000000
3826.2780000000
3826.3000000000
3826.3220000000
3826.3440000000
3826.3670000000
3826.3890000000
3826.4120000000
3826.4330000000
3826.4550000000
3826.4780000000
3826.5000000000
3826.5220000000
3826.5440000000
3826.5660000000
3826.5880000000
3826.6110000000
3826.6330000000
3826.6550000000
3826.6770000000
3826.6990000000
3826.7220000000
3826.7440000000
3826.7660000000
3826.7880000000
3826.8110000000
3826.8330000000
3826.8550000000
3826.8770000000
3826.8990000000
3826.9220000000
3826.9440000000
3826.9670000000
3826.9890000000
3827.0110000000
3827.0330000000
3827.0550000000
3827.0770000000
3827.1000000000
3827.1220000000
3827.1440000000
3827.1670000000
3827.1880000000
3827.1990000000
3827.2220000000
3827.2440000000
3827.2660000000
3827.2890000000
3827.3110000000
3827.3330000000
3827.3550000000
3827.3770000000
3827.3990000000
3827.4220000000
3827.4440000000
3827.4660000000
3827.4890000000
3827.5100000000
3827.5330000000
3827.5550000000
3827.5770000000
3827.6000000000
3827.6220000000
3827.6440000000
3827.6660000000
3827.6880000000
3827.7100000000
3827.7330000000
3827.7540000000
3827.7770000000
3827.7990000000
3827.8210000000
3827.8440000000
3827.8660000000
3827.8880000000
3827.9100000000
3827.9330000000
3827.9550000000
3827.9770000000
3827.9990000000
3828.0210000000
3828.0430000000
3828.0660000000
3828.0880000000
3828.1100000000
3828.1320000000
3828.1550000000
3828.1770000000
3828.1880000000
3828.1990000000
3828.2210000000
3828.2440000000
3828.2660000000
3828.2880000000
3828.3100000000
3828.3320000000
3828.3540000000
3828.3770000000
3828.3990000000
3828.4210000000
3828.4430000000
3828.4660000000
3828.4880000000
3828.5100000000
3828.5320000000
3828.5540000000
3828.5770000000
3828.5990000000
3828.6210000000
3828.6430000000
3828.6660000000
3828.6880000000
3828.7100000000
3828.7320000000
3828.7540000000
3828.7760000000
3828.7990000000
3828.8210000000
3828.8430000000
3828.8650000000
3828.8870000000
3828.9100000000
3828.9320000000
3828.9540000000
3828.9770000000
3828.9980000000
3829.0210000000
3829.0430000000
3829.0650000000
3829.0870000000
3829.1100000000
3829.1320000000
3829.1540000000
3829.1770000000
3829.1980000000
3829.2100000000
3829.2310000000
3829.2540000000
3829.2770000000
3829.2980000000
3829.3210000000
3829.3430000000
3829.3650000000
3829.3870000000
3829.4100000000
3829.4310000000
3829.4540000000
3829.4770000000
3829.4990000000
3829.5210000000
3829.5430000000
3829.5650000000
3829.5870000000
3829.6100000000
3829.6310000000
3829.6540000000
3829.6760000000
3829.6980000000
3829.7200000000
3829.7430000000
3829.7650000000
3829.7870000000
3829.8100000000
3829.8310000000
3829.8540000000
3829.8760000000
3829.8980000000
3829.9200000000
3829.9430000000
3829.9650000000
3829.9870000000
3830.0100000000
3830.0310000000
3830.0530000000
3830.0760000000
3830.0980000000
3830.1210000000
3830.1430000000
3830.1640000000
3830.1870000000
3830.1980000000
3830.2200000000
3830.2420000000
3830.2640000000
3830.2870000000
3830.3090000000
3830.3310000000
3830.3530000000
3830.3760000000
3830.3980000000
3830.4200000000
3830.4420000000
3830.4640000000
3830.4860000000
3830.5090000000
3830.5310000000
3830.5530000000
3830.5750000000
3830.5980000000
3830.6200000000
3830.6430000000
3830.6640000000
3830.6860000000
3830.7090000000
3830.7310000000
3830.7530000000
3830.7760000000
3830.7970000000
3830.8200000000
3830.8420000000
3830.8640000000
3830.8860000000
3830.9080000000
3830.9300000000
3830.9530000000
3830.9750000000
3830.9970000000
3831.0200000000
3831.0420000000
3831.0640000000
3831.0870000000
3831.1080000000
3831.1310000000
3831.1530000000
3831.1750000000
3831.1870000000
3831.2080000000
3831.2300000000
3831.2530000000
3831.2750000000
3831.2970000000
3831.3200000000
3831.3420000000
3831.3640000000
3831.3860000000
3831.4080000000
3831.4300000000
3831.4530000000
3831.4750000000
3831.4970000000
3831.5200000000
3831.5410000000
3831.5640000000
3831.5860000000
3831.6080000000
3831.6300000000
3831.6530000000
3831.6760000000
3831.6970000000
3831.7190000000
3831.7410000000
3831.7640000000
3831.7860000000
3831.8080000000
3831.8300000000
3831.8530000000
3831.8750000000
3831.8970000000
3831.9190000000
3831.9410000000
3831.9640000000
3831.9860000000
3832.0080000000
3832.0300000000
3832.0530000000
3832.0750000000
3832.0970000000
3832.1200000000
3832.1410000000
3832.1640000000
3832.1750000000
3832.1970000000
3832.2190000000
3832.2410000000
3832.2630000000
3832.2860000000
3832.3080000000
3832.3300000000
3832.3530000000
3832.3750000000
3832.3970000000
3832.4190000000
3832.4410000000
3832.4630000000
3832.4860000000
3832.5070000000
3832.5190000000
3832.5410000000
3832.5630000000
3832.5860000000
3832.6080000000
3832.6300000000
3832.6530000000
3832.6750000000
3832.6970000000
3832.7200000000
3832.7410000000
3832.7630000000
3832.7860000000
3832.8080000000
3832.8300000000
3832.8530000000
3832.8750000000
3832.8970000000
3832.9190000000
3832.9410000000
3832.9630000000
3832.9860000000
3833.0070000000
3833.0300000000
3833.0520000000
3833.0740000000
3833.0960000000
3833.1190000000
3833.1400000000
3833.1630000000
3833.1740000000
3833.1960000000
3833.2190000000
3833.2400000000
3833.2630000000
3833.2860000000
3833.3070000000
3833.3300000000
3833.3530000000
3833.3740000000
3833.3960000000
3833.4190000000
3833.4410000000
3833.4630000000
3833.4860000000
3833.5070000000
3833.5300000000
3833.5520000000
3833.5740000000
3833.5960000000
3833.6190000000
3833.6410000000
3833.6630000000
3833.6860000000
3833.7080000000
3833.7290000000
3833.7520000000
3833.7740000000
3833.7960000000
3833.8190000000
3833.8400000000
3833.8630000000
3833.8850000000
3833.9070000000
3833.9290000000
3833.9520000000
3833.9740000000
3833.9960000000
3834.0190000000
3834.0410000000
3834.0630000000
3834.0850000000
3834.1070000000
3834.1290000000
3834.1520000000
3834.1740000000
3834.1860000000
3834.2070000000
3834.2290000000
3834.2520000000
3834.2740000000
3834.2970000000
3834.3190000000
3834.3400000000
3834.3630000000
3834.3850000000
3834.4070000000
3834.4290000000
3834.4520000000
3834.4740000000
3834.4960000000
3834.5190000000
3834.5400000000
3834.5620000000
3834.5850000000
3834.6070000000
3834.6290000000
3834.6520000000
3834.6730000000
3834.6960000000
3834.7180000000
3834.7400000000
3834.7620000000
3834.7850000000
3834.8060000000
3834.8290000000
3834.8520000000
3834.8740000000
3834.8960000000
3834.9190000000
3834.9400000000
3834.9620000000
3834.9860000000
3835.0060000000
3835.0290000000
3835.0510000000
3835.0740000000
3835.0950000000
3835.1180000000
3835.1400000000
3835.1620000000
3835.1730000000
3835.1950000000
3835.2180000000
3835.2400000000
3835.2620000000
3835.2850000000
3835.3060000000
3835.3290000000
3835.3510000000
3835.3730000000
3835.3950000000
3835.4180000000
3835.4390000000
3835.4620000000
3835.4850000000
3835.5060000000
3835.5280000000
3835.5510000000
3835.5730000000
3835.5950000000
3835.6180000000
3835.6400000000
3835.6620000000
3835.6850000000
3835.7060000000
3835.7280000000
3835.7510000000
3835.7730000000
3835.7950000000
3835.8170000000
3835.8390000000
3835.8620000000
3835.8840000000
3835.9060000000
3835.9280000000
3835.9510000000
3835.9730000000
3835.9950000000
3836.0170000000
3836.0390000000
3836.0620000000
3836.0840000000
3836.1060000000
3836.1280000000
3836.1510000000
3836.1730000000
3836.1840000000
3836.2060000000
3836.2280000000
3836.2500000000
3836.2730000000
3836.2950000000
3836.3170000000
3836.3390000000
3836.3610000000
3836.3840000000
3836.4060000000
3836.4280000000
3836.4500000000
3836.4720000000
3836.4950000000
3836.5170000000
3836.5390000000
3836.5610000000
3836.5840000000
3836.6060000000
3836.6280000000
3836.6510000000
3836.6720000000
3836.6950000000
3836.7170000000
3836.7390000000
3836.7610000000
3836.7840000000
3836.8060000000
3836.8280000000
3836.8500000000
3836.8720000000
3836.8950000000
3836.9170000000
3836.9390000000
3836.9610000000
3836.9840000000
3837.0060000000
3837.0280000000
3837.0500000000
3837.0720000000
3837.0950000000
3837.1170000000
3837.1390000000
3837.1620000000
3837.1830000000
3837.1940000000
3837.2170000000
3837.2390000000
3837.2610000000
3837.2830000000
3837.3060000000
3837.3280000000
3837.3500000000
3837.3720000000
3837.3950000000
3837.4170000000
3837.4390000000
3837.4610000000
3837.4830000000
3837.5060000000
3837.5280000000
3837.5500000000
3837.5720000000
3837.5940000000
3837.6170000000
3837.6390000000
3837.6610000000
3837.6830000000
3837.7050000000
3837.7270000000
3837.7500000000
3837.7720000000
3837.7940000000
3837.8160000000
3837.8390000000
3837.8610000000
3837.8830000000
3837.9050000000
3837.9270000000
3837.9490000000
3837.9720000000
3837.9950000000
3838.0160000000
3838.0380000000
3838.0600000000
3838.0830000000
3838.1050000000
3838.1270000000
3838.1490000000
3838.1710000000
3838.1830000000
3838.2050000000
3838.2270000000
3838.2490000000
3838.2710000000
3838.2940000000
3838.3160000000
3838.3380000000
3838.3610000000
3838.3830000000
3838.4050000000
3838.4270000000
3838.4500000000
3838.4710000000
3838.4940000000
3838.5160000000
3838.5380000000
3838.5600000000
3838.5830000000
3838.6050000000
3838.6270000000
3838.6490000000
3838.6710000000
3838.6940000000
3838.7160000000
3838.7380000000
3838.7600000000
3838.7820000000
3838.8040000000
3838.8270000000
3838.8500000000
3838.8710000000
3838.8940000000
3838.9160000000
3838.9380000000
3838.9600000000
3838.9820000000
3839.0050000000
3839.0270000000
3839.0500000000
3839.0710000000
3839.0940000000
3839.1160000000
3839.1380000000
3839.1600000000
3839.1820000000
3839.1940000000
3839.2150000000
3839.2380000000
3839.2600000000
3839.2820000000
3839.3040000000
3839.3260000000
3839.3490000000
3839.3710000000
3839.3940000000
3839.4160000000
3839.4380000000
3839.4600000000
3839.4820000000
3839.5040000000
3839.5260000000
3839.5490000000
3839.5710000000
3839.5940000000
3839.6150000000
3839.6380000000
3839.6600000000
3839.6820000000
3839.7040000000
3839.7280000000
3839.7490000000
3839.7710000000
3839.7930000000
3839.8150000000
3839.8370000000
3839.8600000000
3839.8820000000
3839.9040000000
3839.9270000000
3839.9490000000
3839.9710000000
3839.9940000000
3840.0150000000
3840.0380000000
3840.0600000000
3840.0820000000
3840.1040000000
3840.1270000000
3840.1490000000
3840.1710000000
3840.1820000000
3840.2040000000
3840.2270000000
3840.2490000000
3840.2710000000
3840.2930000000
3840.3150000000
3840.3370000000
3840.3600000000
3840.3820000000
3840.4040000000
3840.4270000000
3840.4480000000
3840.4700000000
3840.4940000000
3840.5150000000
3840.5370000000
3840.5600000000
3840.5820000000
3840.6040000000
3840.6260000000
3840.6480000000
3840.6700000000
3840.6930000000
3840.7150000000
3840.7370000000
3840.7600000000
3840.7810000000
3840.8030000000
3840.8260000000
3840.8480000000
3840.8700000000
3840.8930000000
3840.9140000000
3840.9370000000
3840.9590000000
3840.9810000000
3840.9930000000
3841.0140000000
3841.0370000000
3841.0590000000
3841.0810000000
3841.1030000000
3841.1260000000
3841.1470000000
3841.1700000000
3841.1930000000
3841.2140000000
3841.2360000000
3841.2590000000
3841.2810000000
3841.3030000000
3841.3260000000
3841.3470000000
3841.3700000000
3841.3810000000
3841.4030000000
3841.4260000000
3841.4470000000
3841.4590000000
3841.4800000000
3841.4930000000
3841.5150000000
3841.5360000000
3841.5590000000
3841.5810000000
3841.6030000000
3841.6260000000
3841.6470000000
3841.6700000000
3841.6930000000
3841.7150000000
3841.7360000000
3841.7590000000
3841.7810000000
3841.8030000000
3841.8260000000
3841.8470000000
3841.8700000000
3841.8920000000
3841.9140000000
3841.9360000000
3841.9590000000
3841.9810000000
3842.0030000000
3842.0260000000
3842.0480000000
3842.0700000000
3842.0930000000
3842.1150000000
3842.1360000000
3842.1590000000
3842.1810000000
3842.2030000000
3842.2260000000
3842.2480000000
3842.2700000000
3842.2920000000
3842.3140000000
3842.3360000000
3842.3590000000
3842.3810000000
3842.4030000000
3842.4260000000
3842.4470000000
3842.4690000000
3842.4810000000
3842.5020000000
3842.5260000000
3842.5470000000
3842.5690000000
3842.5920000000
3842.6140000000
3842.6360000000
3842.6590000000
3842.6800000000
3842.7020000000
3842.7250000000
3842.7470000000
3842.7690000000
3842.7920000000
3842.8130000000
3842.8360000000
3842.8580000000
3842.8800000000
3842.9020000000
3842.9260000000
3842.9470000000
3842.9690000000
3842.9920000000
3843.0130000000
3843.0360000000
3843.0590000000
3843.0800000000
3843.1030000000
3843.1250000000
3843.1460000000
3843.1690000000
3843.1920000000
3843.2130000000
3843.2360000000
3843.2590000000
3843.2800000000
3843.3030000000
3843.3260000000
3843.3460000000
3843.3690000000
3843.3920000000
3843.4130000000
3843.4360000000
3843.4580000000
3843.4800000000
3843.4920000000
3843.5130000000
3843.5350000000
3843.5590000000
3843.5800000000
3843.6020000000
3843.6250000000
3843.6460000000
3843.6690000000
3843.6920000000
3843.7130000000
3843.7350000000
3843.7580000000
3843.7800000000
3843.8020000000
3843.8250000000
3843.8460000000
3843.8680000000
3843.8920000000
3843.9130000000
3843.9350000000
3843.9590000000
3843.9800000000
3844.0020000000
3844.0260000000
3844.0460000000
3844.0680000000
3844.0910000000
3844.1130000000
3844.1350000000
3844.1590000000
3844.1790000000
3844.2020000000
3844.2260000000
3844.2460000000
3844.2690000000
3844.2920000000
3844.3130000000
3844.3350000000
3844.3590000000
3844.3790000000
3844.4020000000
3844.4250000000
3844.4460000000
3844.4680000000
3844.4790000000
3844.5020000000
3844.5250000000
3844.5460000000
3844.5680000000
3844.5920000000
3844.6140000000
3844.6350000000
3844.6580000000
3844.6790000000
3844.7020000000
3844.7250000000
3844.7460000000
3844.7690000000
3844.7920000000
3844.8130000000
3844.8350000000
3844.8590000000
3844.8790000000
3844.9020000000
3844.9250000000
3844.9460000000
3844.9680000000
3844.9920000000
3845.0130000000
3845.0350000000
3845.0580000000
3845.0790000000
3845.1020000000
3845.1250000000
3845.1460000000
3845.1680000000
3845.1920000000
3845.2130000000
3845.2350000000
3845.2580000000
3845.2790000000
3845.3020000000
3845.3250000000
3845.3460000000
3845.3680000000
3845.3910000000
3845.4130000000
3845.4350000000
3845.4570000000
3845.4790000000
3845.4900000000
3845.5120000000
3845.5350000000
3845.5570000000
3845.5790000000
3845.6020000000
3845.6250000000
3845.6460000000
3845.6680000000
3845.6910000000
3845.7130000000
3845.7350000000
3845.7580000000
3845.7790000000
3845.8020000000
3845.8240000000
3845.8450000000
3845.8680000000
3845.8910000000
3845.9120000000
3845.9340000000
3845.9570000000
3845.9790000000
3846.0010000000
3846.0240000000
3846.0450000000
3846.0680000000
3846.0900000000
3846.1120000000
3846.1340000000
3846.1570000000
3846.1790000000
3846.2010000000
3846.2240000000
3846.2450000000
3846.2680000000
3846.2910000000
3846.3120000000
3846.3340000000
3846.3570000000
3846.3780000000
3846.4010000000
3846.4230000000
3846.4450000000
3846.4680000000
3846.4790000000
3846.5010000000
3846.5240000000
3846.5450000000
3846.5670000000
3846.5900000000
3846.6120000000
3846.6340000000
3846.6570000000
3846.6780000000
3846.7010000000
3846.7240000000
3846.7450000000
3846.7670000000
3846.7900000000
3846.8120000000
3846.8340000000
3846.8570000000
3846.8780000000
3846.9010000000
3846.9230000000
3846.9450000000
3846.9680000000
3846.9900000000
3847.0120000000
3847.0340000000
3847.0560000000
3847.0780000000
3847.1010000000
3847.1230000000
3847.1460000000
3847.1670000000
3847.1900000000
3847.2120000000
3847.2340000000
3847.2560000000
3847.2780000000
3847.3000000000
3847.3230000000
3847.3450000000
3847.3670000000
3847.3900000000
3847.4110000000
3847.4340000000
3847.4560000000
3847.4780000000
3847.4900000000
3847.5110000000
3847.5330000000
3847.5560000000
3847.5780000000
3847.6010000000
3847.6230000000
3847.6450000000
3847.6670000000
3847.6890000000
3847.7110000000
3847.7330000000
3847.7560000000
3847.7780000000
3847.8000000000
3847.8220000000
3847.8440000000
3847.8670000000
3847.8890000000
3847.9110000000
3847.9330000000
3847.9560000000
3847.9780000000
3848.0000000000
3848.0220000000
3848.0440000000
3848.0670000000
3848.0890000000
3848.1120000000
3848.1330000000
3848.1560000000
3848.1780000000
3848.2000000000
3848.2220000000
3848.2440000000
3848.2670000000
3848.2890000000
3848.3110000000
3848.3330000000
3848.3550000000
3848.3780000000
3848.4000000000
3848.4220000000
3848.4440000000
3848.4660000000
3848.4780000000
3848.5000000000
3848.5220000000
3848.5440000000
3848.5660000000
3848.5890000000
3848.6110000000
3848.6330000000
3848.6560000000
3848.6770000000
3848.7000000000
3848.7220000000
3848.7440000000
3848.7660000000
3848.7890000000
3848.8110000000
3848.8330000000
3848.8560000000
3848.8770000000
3848.8990000000
3848.9220000000
3848.9440000000
3848.9660000000
3848.9880000000
3849.0110000000
3849.0330000000
3849.0550000000
3849.0770000000
3849.0990000000
3849.1220000000
3849.1440000000
3849.1660000000
3849.1880000000
3849.2110000000
3849.2330000000
3849.2550000000
3849.2770000000
3849.2990000000
3849.3220000000
3849.3440000000
3849.3670000000
3849.3880000000
3849.4110000000
3849.4330000000
3849.4550000000
3849.4660000000
3849.4880000000
3849.5100000000
3849.5320000000
3849.5550000000
3849.5770000000
3849.5990000000
3849.6220000000
3849.6440000000
3849.6660000000
3849.6880000000
3849.7100000000
3849.7330000000
3849.7550000000
3849.7770000000
3849.7990000000
3849.8220000000
3849.8440000000
3849.8660000000
3849.8880000000
3849.9100000000
3849.9320000000
3849.9550000000
3849.9770000000
3850.0000000000
3850.0210000000
3850.0440000000
3850.0650000000
3850.0880000000
3850.1100000000
3850.1330000000
3850.1550000000
3850.1770000000
3850.1990000000
3850.2210000000
3850.2430000000
3850.2660000000
3850.2880000000
3850.3100000000
3850.3320000000
3850.3540000000
3850.3760000000
3850.3990000000
3850.4210000000
3850.4430000000
3850.4650000000
3850.4770000000
3850.4990000000
3850.5210000000
3850.5430000000
3850.5650000000
3850.5880000000
3850.6100000000
3850.6330000000
3850.6540000000
3850.6770000000
3850.6990000000
3850.7210000000
3850.7430000000
3850.7650000000
3850.7870000000
3850.8100000000
3850.8320000000
3850.8540000000
3850.8760000000
3850.8990000000
3850.9210000000
3850.9430000000
3850.9650000000
3850.9870000000
3851.0100000000
3851.0320000000
3851.0540000000
3851.0760000000
3851.0990000000
3851.1210000000
3851.1430000000
3851.1650000000
3851.1880000000
3851.2100000000
3851.2320000000
3851.2540000000
3851.2760000000
3851.2980000000
3851.3220000000
3851.3430000000
3851.3650000000
3851.3870000000
3851.4090000000
3851.4320000000
3851.4540000000
3851.4650000000
3851.4870000000
3851.5090000000
3851.5310000000
3851.5540000000
3851.5760000000
3851.5980000000
3851.6210000000
3851.6430000000
3851.6650000000
3851.6870000000
3851.7090000000
3851.7320000000
3851.7540000000
3851.7760000000
3851.7980000000
3851.8210000000
3851.8430000000
3851.8650000000
3851.8870000000
3851.9090000000
3851.9310000000
3851.9530000000
3851.9760000000
3851.9980000000
3852.0210000000
3852.0430000000
3852.0650000000
3852.0870000000
3852.1090000000
3852.1320000000
3852.1540000000
3852.1760000000
3852.1980000000
3852.2200000000
3852.2430000000
3852.2640000000
3852.2870000000
3852.3100000000
3852.3320000000
3852.3530000000
3852.3750000000
3852.3980000000
3852.4200000000
3852.4420000000
3852.4650000000
3852.4750000000
3852.4980000000
3852.5200000000
3852.5420000000
3852.5640000000
3852.5870000000
3852.6090000000
3852.6310000000
3852.6540000000
3852.6750000000
3852.6980000000
3852.7200000000
3852.7420000000
3852.7640000000
3852.7870000000
3852.8090000000
3852.8310000000
3852.8530000000
3852.8750000000
3852.8980000000
3852.9200000000
3852.9420000000
3852.9640000000
3852.9860000000
3853.0090000000
3853.0310000000
3853.0530000000
3853.0750000000
3853.0980000000
3853.1200000000
3853.1420000000
3853.1640000000
3853.1860000000
3853.2090000000
3853.2310000000
3853.2530000000
3853.2750000000
3853.2970000000
3853.3200000000
3853.3420000000
3853.3650000000
3853.3860000000
3853.4080000000
3853.4300000000
3853.4530000000
3853.4640000000
3853.4860000000
3853.5090000000
3853.5310000000
3853.5520000000
3853.5750000000
3853.5970000000
3853.6190000000
3853.6430000000
3853.6640000000
3853.6860000000
3853.7080000000
3853.7300000000
3853.7520000000
3853.7750000000
3853.7970000000
3853.8190000000
3853.8420000000
3853.8640000000
3853.8860000000
3853.9080000000
3853.9300000000
3853.9520000000
3853.9750000000
3853.9970000000
3854.0200000000
3854.0420000000
3854.0630000000
3854.0850000000
3854.1090000000
3854.1300000000
3854.1520000000
3854.1750000000
3854.1970000000
3854.2190000000
3854.2410000000
3854.2630000000
3854.2860000000
3854.3090000000
3854.3300000000
3854.3520000000
3854.3750000000
3854.3970000000
3854.4190000000
3854.4420000000
3854.4630000000
3854.4750000000
3854.4970000000
3854.5190000000
3854.5410000000
3854.5630000000
3854.5850000000
3854.6080000000
3854.6310000000
3854.6520000000
3854.6750000000
3854.6970000000
3854.7190000000
3854.7420000000
3854.7640000000
3854.7860000000
3854.8080000000
3854.8310000000
3854.8520000000
3854.8750000000
3854.8970000000
3854.9180000000
3854.9410000000
3854.9640000000
3854.9850000000
3855.0080000000
3855.0300000000
3855.0520000000
3855.0750000000
3855.0970000000
3855.1180000000
3855.1420000000
3855.1630000000
3855.1850000000
3855.2080000000
3855.2300000000
3855.2510000000
3855.2740000000
3855.2970000000
3855.3180000000
3855.3410000000
3855.3630000000
3855.3850000000
3855.4080000000
3855.4300000000
3855.4520000000
3855.4630000000
3855.4850000000
3855.5080000000
3855.5310000000
3855.5520000000
3855.5750000000
3855.5970000000
3855.6180000000
3855.6410000000
3855.6630000000
3855.6850000000
3855.7080000000
3855.7310000000
3855.7510000000
3855.7740000000
3855.7960000000
3855.8190000000
3855.8410000000
3855.8630000000
3855.8850000000
3855.9070000000
3855.9300000000
3855.9510000000
3855.9730000000
3855.9970000000
3856.0180000000
3856.0400000000
3856.0630000000
3856.0850000000
3856.1070000000
3856.1300000000
3856.1510000000
3856.1740000000
3856.1960000000
3856.2190000000
3856.2400000000
3856.2630000000
3856.2850000000
3856.3070000000
3856.3300000000
3856.3510000000
3856.3740000000
3856.3970000000
3856.4190000000
3856.4400000000
3856.4630000000
3856.4850000000
3856.4960000000
3856.5180000000
3856.5400000000
3856.5630000000
3856.5840000000
3856.6070000000
3856.6300000000
3856.6510000000
3856.6730000000
3856.6970000000
3856.7180000000
3856.7400000000
3856.7630000000
3856.7840000000
3856.8070000000
3856.8300000000
3856.8510000000
3856.8730000000
3856.8960000000
3856.9180000000
3856.9400000000
3856.9630000000
3856.9850000000
3857.0070000000
3857.0300000000
3857.0510000000
3857.0730000000
3857.0960000000
3857.1180000000
3857.1400000000
3857.1630000000
3857.1850000000
3857.2070000000
3857.2290000000
3857.2510000000
3857.2730000000
3857.2960000000
3857.3170000000
3857.3400000000
3857.3620000000
3857.3840000000
3857.4060000000
3857.4290000000
3857.4510000000
3857.4730000000
3857.4840000000
3857.5060000000
3857.5290000000
3857.5510000000
3857.5730000000
3857.5960000000
3857.6180000000
3857.6400000000
3857.6620000000
3857.6840000000
3857.7060000000
3857.7280000000
3857.7510000000
3857.7730000000
3857.7960000000
3857.8170000000
3857.8400000000
3857.8630000000
3857.8840000000
3857.9060000000
3857.9290000000
3857.9500000000
3857.9730000000
3857.9960000000
3858.0170000000
3858.0400000000
3858.0620000000
3858.0840000000
3858.1060000000
3858.1300000000
3858.1500000000
3858.1730000000
3858.1960000000
3858.2170000000
3858.2400000000
3858.2620000000
3858.2850000000
3858.3060000000
3858.3290000000
3858.3500000000
3858.3730000000
3858.3950000000
3858.4170000000
3858.4400000000
3858.4620000000
3858.4840000000
3858.4950000000
3858.5170000000
3858.5390000000
3858.5620000000
3858.5830000000
3858.6060000000
3858.6280000000
3858.6500000000
3858.6730000000
3858.6950000000
3858.7170000000
3858.7400000000
3858.7620000000
3858.7830000000
3858.8060000000
3858.8280000000
3858.8500000000
3858.8730000000
3858.8950000000
3858.9170000000
3858.9390000000
3858.9610000000
3858.9830000000
3859.0060000000
3859.0280000000
3859.0500000000
3859.0720000000
3859.0950000000
3859.1160000000
3859.1390000000
3859.1610000000
3859.1840000000
3859.2050000000
3859.2280000000
