(0.3484286000, -0.7503659000, 0.5617298000)
(0.3457226000, -0.7463073000, 0.5687634000)
(0.3373902000, -0.7518567000, 0.5664589000)
(0.3404929000, -0.7460302000, 0.5722492000)
(0.3441138000, -0.7423385000, 0.5748812000)
(0.3455611000, -0.7401634000, 0.5768327000)
(0.3460936000, -0.7378880000, 0.5794036000)
(0.3454757000, -0.7382078000, 0.5793808000)
(0.3393622000, -0.7443404000, 0.5751347000)
(0.3401258000, -0.7429941000, 0.5764266000)
(0.3430243000, -0.7408011000, 0.5775297000)
(0.3444198000, -0.7404044000, 0.5771924000)
(0.3549053000, -0.7337161000, 0.5793813000)
(0.3553148000, -0.7301139000, 0.5836658000)
(0.3642306000, -0.7347454000, 0.5722487000)
(0.3667272000, -0.7293746000, 0.5774996000)
(0.3691156000, -0.7263666000, 0.5797580000)
(0.3711157000, -0.7218717000, 0.5840786000)
(0.3672108000, -0.7165394000, 0.5930436000)
(0.3715808000, -0.7090033000, 0.5993656000)
(0.4188558000, -0.6555463000, 0.6283429000)
(0.4387125000, -0.6330274000, 0.6377981000)
(0.4343215000, -0.6322958000, 0.6415193000)
(0.4412779000, -0.6229997000, 0.6458467000)
(0.4381773000, -0.6312861000, 0.6399032000)
(0.4392908000, -0.6255569000, 0.6447394000)
(0.4374898000, -0.6306105000, 0.6410159000)
(0.4368677000, -0.6276637000, 0.6443384000)
(0.4740022000, -0.5751796000, 0.6666804000)
(0.4736041000, -0.5542119000, 0.6844938000)
(0.4702389000, -0.5573195000, 0.6842923000)
(0.4766598000, -0.5526148000, 0.6836748000)
(0.4767317000, -0.5554404000, 0.6813118000)
(0.4806688000, -0.5552316000, 0.6787179000)
(0.4882928000, -0.5551168000, 0.6733425000)
(0.4847159000, -0.5570403000, 0.6743370000)
(0.4891894000, -0.5559531000, 0.6720155000)
(0.4898897000, -0.5547192000, 0.6725273000)
(0.4856767000, -0.5543493000, 0.6758738000)
(0.4847430000, -0.5540780000, 0.6767573000)
(0.4860192000, -0.5537387000, 0.6761153000)
(0.4904330000, -0.5516071000, 0.6746870000)
(0.4964802000, -0.5503321000, 0.6712980000)
(0.4943523000, -0.5494840000, 0.6735533000)
(0.4873495000, -0.5486142000, 0.6793450000)
(0.4858490000, -0.5495705000, 0.6796348000)
(0.4934506000, -0.5479831000, 0.6754325000)
(0.4970361000, -0.5452418000, 0.6750150000)
(0.4967009000, -0.5437735000, 0.6764503000)
(0.4977077000, -0.5396848000, 0.6789895000)
(0.4896890000, -0.5410785000, 0.6836798000)
(0.4875862000, -0.5423538000, 0.6841782000)
(0.4907931000, -0.5390152000, 0.6845188000)
(0.5073217000, -0.5423740000, 0.6696514000)
(0.5013278000, -0.5452834000, 0.6717997000)
(0.4999733000, -0.5347733000, 0.6811993000)
(0.4760602000, -0.5613996000, 0.6768844000)
(0.4692168000, -0.5871239000, 0.6596212000)
(0.4772237000, -0.6115658000, 0.6310493000)
(0.4740811000, -0.6152645000, 0.6298372000)
(0.4728002000, -0.6153989000, 0.6306603000)
(0.4717436000, -0.6148030000, 0.6320238000)
(0.4646961000, -0.6171121000, 0.6349936000)
(0.4729061000, -0.6131098000, 0.6327931000)
(0.4752856000, -0.6102237000, 0.6338047000)
(0.4741284000, -0.6109776000, 0.6339436000)
(0.4656620000, -0.6142398000, 0.6370602000)
(0.4634396000, -0.6150786000, 0.6378666000)
(0.4624007000, -0.6153981000, 0.6383234000)
(0.4621741000, -0.6148543000, 0.6389992000)
(0.4627934000, -0.6141550000, 0.6392307000)
(0.4583731000, -0.6159584000, 0.6406927000)
(0.4835200000, -0.6089280000, 0.6288090000)
(0.4772469000, -0.6070822000, 0.6353621000)
(0.4788454000, -0.6086677000, 0.6326272000)
(0.4744618000, -0.6027915000, 0.6414966000)
(0.4816761000, -0.5970474000, 0.6414843000)
(0.4757270000, -0.5974972000, 0.6454934000)
(0.4743545000, -0.5989468000, 0.6451580000)
(0.4762428000, -0.5975859000, 0.6450289000)
(0.4746373000, -0.5955001000, 0.6481347000)
(0.4761646000, -0.5934203000, 0.6489218000)
(0.4847157000, -0.6053547000, 0.6313266000)
(0.4843065000, -0.5938496000, 0.6424718000)
(0.4931109000, -0.5918320000, 0.6376125000)
(0.4825698000, -0.5951415000, 0.6425812000)
(0.4867425000, -0.6010435000, 0.6338759000)
(0.4849173000, -0.6006218000, 0.6356861000)
(0.0000000000, 0.0000000000, 0.0000000000)
(0.0000000000, 0.0000000000, 0.0000000000)
(0.0000000000, 0.0000000000, 0.0000000000)
(0.0000000000, 0.0000000000, 0.0000000000)
(0.0000000000, 0.0000000000, 0.0000000000)
(0.0000000000, 0.0000000000, 0.0000000000)
(0.0000000000, 0.0000000000, 0.0000000000)
(0.4557031000, -0.6474317000, 0.6108634000)
(0.4471442000, -0.6297008000, 0.6352232000)
(0.4425232000, -0.6247081000, 0.6433361000)
(0.4537679000, -0.6148226000, 0.6450357000)
(0.4693961000, -0.5987461000, 0.6489658000)
(0.4395066000, -0.6124722000, 0.6570417000)
(0.4446547000, -0.6085923000, 0.6571859000)
(0.4437343000, -0.6049346000, 0.6611562000)
(0.4595420000, -0.6079826000, 0.6474301000)
(0.4657047000, -0.5995141000, 0.6509194000)
(0.4557219000, -0.6119896000, 0.6463546000)
(0.4396460000, -0.6082786000, 0.6608298000)
(0.4431995000, -0.6101395000, 0.6567183000)
(0.4517865000, -0.6110284000, 0.6500015000)
(0.4593215000, -0.5986183000, 0.6562501000)
(0.4527332000, -0.6152997000, 0.6453175000)
(0.4521360000, -0.6117043000, 0.6491250000)
(0.4356742000, -0.6175699000, 0.6548244000)
(0.4452429000, -0.6070245000, 0.6582175000)
(0.4452875000, -0.6136184000, 0.6520547000)
(0.4757024000, -0.6003316000, 0.6428684000)
(0.4735948000, -0.6053718000, 0.6396968000)
(0.4743025000, -0.5976897000, 0.6463540000)
(0.4521308000, -0.6115025000, 0.6493281000)
(0.4630482000, -0.6116183000, 0.6414722000)
(0.4695330000, -0.6081606000, 0.6400473000)
(0.4513869000, -0.6175484000, 0.6440904000)
(0.4553573000, -0.6092824000, 0.6491668000)
(0.4759156000, -0.5909511000, 0.6513629000)
(0.4724185000, -0.5923927000, 0.6525922000)
(0.4660447000, -0.5962623000, 0.6536477000)
(0.4677226000, -0.5959917000, 0.6527035000)
(0.4631484000, -0.5999439000, 0.6523303000)
(0.4576106000, -0.5973926000, 0.6585599000)
(0.4583749000, -0.5973283000, 0.6580907000)
(0.4621059000, -0.5972763000, 0.6555256000)
(0.4638056000, -0.5938151000, 0.6574503000)
(0.4741491000, -0.5894348000, 0.6540215000)
(0.4782184000, -0.5893428000, 0.6511187000)
(0.4742348000, -0.5920734000, 0.6515529000)
(0.4769034000, -0.5909616000, 0.6506345000)
(0.4790569000, -0.5875759000, 0.6521184000)
(0.4742331000, -0.5883652000, 0.6549193000)
(0.4556958000, -0.5951369000, 0.6619149000)
(0.4651511000, -0.5904139000, 0.6595592000)
(0.4894410000, -0.5825920000, 0.6488586000)
(0.4857018000, -0.5833517000, 0.6509869000)
(0.4850950000, -0.5843015000, 0.6505871000)
(0.4768457000, -0.5802623000, 0.6602259000)
(0.4713959000, -0.5858639000, 0.6591921000)
(0.4693534000, -0.5825827000, 0.6635486000)
(0.4593068000, -0.5856575000, 0.6678546000)
(0.4636719000, -0.5849746000, 0.6654240000)
(0.4635428000, -0.5890924000, 0.6618770000)
(0.4662202000, -0.5933305000, 0.6561922000)
(0.4899411000, -0.6005170000, 0.6319277000)
(0.4857814000, -0.6068040000, 0.6291046000)
(0.4943436000, -0.5962977000, 0.6324746000)
(0.4661509000, -0.6162739000, 0.6347494000)
(0.4648048000, -0.6158534000, 0.6361264000)
(0.4838085000, -0.6013328000, 0.6358482000)
(0.4800203000, -0.6021892000, 0.6379014000)
(0.4791987000, -0.6036767000, 0.6371332000)
(0.4808561000, -0.5993155000, 0.6399914000)
(0.4792231000, -0.5984492000, 0.6420261000)
(0.4779938000, -0.6011575000, 0.6404122000)
(0.4765320000, -0.6026084000, 0.6401237000)
(0.4744216000, -0.6007448000, 0.6434296000)
(0.4834653000, -0.5969409000, 0.6402412000)
(0.4884980000, -0.5962278000, 0.6370756000)
(0.4771686000, -0.6012990000, 0.6408960000)
(0.4889956000, -0.5958962000, 0.6369965000)
(0.4749320000, -0.5985947000, 0.6450552000)
(0.4683654000, -0.6015240000, 0.6471362000)
(0.4723161000, -0.6006880000, 0.6450372000)
(0.4773048000, -0.6008270000, 0.6412189000)
(0.4712292000, -0.6003436000, 0.6461458000)
(0.4689110000, -0.6016192000, 0.6466424000)
(0.4649680000, -0.5911353000, 0.6590588000)
(0.4658067000, -0.5965486000, 0.6535525000)
(0.4586569000, -0.5980932000, 0.6571952000)
(0.4623728000, -0.5965862000, 0.6559645000)
(0.4683201000, -0.5943312000, 0.6537854000)
(0.4697149000, -0.5943386000, 0.6527740000)
(0.4679244000, -0.5930375000, 0.6552414000)
(0.4712476000, -0.5922669000, 0.6535551000)
(0.4766756000, -0.5911828000, 0.6505864000)
(0.4777865000, -0.5909634000, 0.6499718000)
(0.4807971000, -0.5904725000, 0.6482078000)
(0.4998180000, -0.5909804000, 0.6331674000)
(0.5005057000, -0.5893579000, 0.6341517000)
(0.4909647000, -0.5943814000, 0.6369100000)
(0.4755556000, -0.5898423000, 0.6526290000)
(0.4742604000, -0.5899979000, 0.6534138000)
(0.4741002000, -0.5895928000, 0.6538982000)
(0.4772983000, -0.5916286000, 0.6497346000)
(0.4761537000, -0.5896501000, 0.6523674000)
(0.4767030000, -0.5889306000, 0.6526169000)
(0.4963607000, -0.5740286000, 0.6512381000)
(0.4999097000, -0.5715461000, 0.6506877000)
(0.4984394000, -0.5715889000, 0.6517816000)
(0.4953299000, -0.5700213000, 0.6555245000)
(0.4811063000, -0.5695199000, 0.6664621000)
(0.4799642000, -0.5696044000, 0.6672108000)
(0.4823600000, -0.5684870000, 0.6664463000)
(0.4831261000, -0.5684933000, 0.6658750000)
(0.4964504000, -0.5674311000, 0.6569164000)
(0.4977773000, -0.5663273000, 0.6568664000)
(0.4959600000, -0.5659887000, 0.6585305000)
(0.4835311000, -0.5683860000, 0.6656662000)
(0.4869760000, -0.5650867000, 0.6659693000)
(0.4894977000, -0.5626005000, 0.6662152000)
(0.4907418000, -0.5590546000, 0.6682879000)
(0.4855402000, -0.5626491000, 0.6690732000)
(0.4757652000, -0.5649180000, 0.6741761000)
(0.4767966000, -0.5645010000, 0.6737918000)
(0.4848227000, -0.5625582000, 0.6696613000)
(0.5076811000, -0.5532020000, 0.6604551000)
(0.5084595000, -0.5519329000, 0.6609227000)
(0.5084634000, -0.5524858000, 0.6604712000)
(0.4929268000, -0.5588232000, 0.6668760000)
(0.4909678000, -0.5598074000, 0.6675003000)
(0.4911322000, -0.5578257000, 0.6690413000)
(0.4909938000, -0.5580281000, 0.6689627000)
(0.4903378000, -0.5573381000, 0.6700271000)
(0.4898322000, -0.5575324000, 0.6702332000)
(0.4880095000, -0.5576705000, 0.6714531000)
(0.4792857000, -0.5579063000, 0.6774994000)
(0.4770489000, -0.5571637000, 0.6796847000)
(0.4891241000, -0.5524517000, 0.6749313000)
(0.4943665000, -0.5501082000, 0.6730385000)
(0.4939300000, -0.5505010000, 0.6730366000)
(0.4939819000, -0.5493634000, 0.6739175000)
(0.4938284000, -0.5494174000, 0.6739835000)
(0.4974890000, -0.5506821000, 0.6702632000)
(0.5063094000, -0.5512576000, 0.6631412000)
(0.5047429000, -0.5515986000, 0.6640568000)
(0.5030860000, -0.5531493000, 0.6640130000)
(0.4943593000, -0.5512747000, 0.6720887000)
(0.4929071000, -0.5494033000, 0.6746746000)
(0.4933279000, -0.5502138000, 0.6737040000)
(0.4913673000, -0.5503844000, 0.6749940000)
(0.4907859000, -0.5487542000, 0.6767534000)
(0.4995521000, -0.5469036000, 0.6718070000)
(0.4998438000, -0.5495815000, 0.6694082000)
(0.4911569000, -0.5504283000, 0.6751208000)
(0.4858157000, -0.5485780000, 0.6804579000)
(0.4807527000, -0.5450388000, 0.6868778000)
(0.4875145000, -0.5493776000, 0.6785924000)
(0.4834298000, -0.5467162000, 0.6836618000)
(0.4785870000, -0.5466111000, 0.6871316000)
(0.4817924000, -0.5460584000, 0.6853400000)
(0.4829424000, -0.5450180000, 0.6853601000)
(0.4823292000, -0.5447954000, 0.6859573000)
(0.4910141000, -0.5430911000, 0.6811242000)
(0.4915056000, -0.5442435000, 0.6798599000)
(0.4892309000, -0.5429701000, 0.6825156000)
(0.4851948000, -0.5453007000, 0.6835258000)
(0.4884950000, -0.5363613000, 0.6882347000)
(0.4863336000, -0.5372350000, 0.6890810000)
(0.4921271000, -0.5347682000, 0.6868920000)
(0.4917880000, -0.5294974000, 0.6912055000)
(0.5023454000, -0.5938727000, 0.6284462000)
(0.0000000000, 0.0000000000, 0.0000000000)
(0.0000000000, 0.0000000000, 0.0000000000)
(0.0000000000, 0.0000000000, 0.0000000000)
(0.0000000000, 0.0000000000, 0.0000000000)
(0.0000000000, 0.0000000000, 0.0000000000)
(0.0000000000, 0.0000000000, 0.0000000000)
(0.0000000000, 0.0000000000, 0.0000000000)
(0.0000000000, 0.0000000000, 0.0000000000)
(0.0000000000, 0.0000000000, 0.0000000000)
(0.4800671000, -0.5087311000, 0.7146466000)
(0.4733081000, -0.5270724000, 0.7058007000)
(0.4811200000, -0.5117654000, 0.7117637000)
(0.4829922000, -0.5237617000, 0.7016882000)
(0.4902850000, -0.5186244000, 0.7004496000)
(0.4949117000, -0.5230559000, 0.6938816000)
(0.4765176000, -0.5199652000, 0.7089007000)
(0.4725629000, -0.5214204000, 0.7104821000)
(0.4806289000, -0.5076300000, 0.7150527000)
(0.4733799000, -0.5168071000, 0.7132981000)
(0.4680063000, -0.5262780000, 0.7099115000)
(0.4757040000, -0.5167283000, 0.7118162000)
(0.4743456000, -0.5276796000, 0.7046608000)
(0.4773486000, -0.5221657000, 0.7067382000)
(0.4759178000, -0.5186849000, 0.7102450000)
(0.4731463000, -0.5306892000, 0.7032010000)
(0.4812189000, -0.5191272000, 0.7063509000)
(0.4872551000, -0.5245069000, 0.6981737000)
(0.4774215000, -0.5153931000, 0.7116382000)
(0.4755365000, -0.5177571000, 0.7111901000)
(0.4862150000, -0.5165290000, 0.7048334000)
(0.4890987000, -0.5172531000, 0.7022912000)
(0.4971157000, -0.5105896000, 0.7015356000)
(0.4683447000, -0.5249164000, 0.7107140000)
(0.4744577000, -0.5304873000, 0.7024682000)
(0.4714584000, -0.5378677000, 0.6988598000)
(0.4727564000, -0.5398981000, 0.6964194000)
(0.4722489000, -0.5468764000, 0.6913069000)
(0.4781783000, -0.5421598000, 0.6909318000)
(0.4694942000, -0.5353093000, 0.7021455000)
(0.4693612000, -0.5298244000, 0.7063851000)
(0.4674588000, -0.5331901000, 0.7050972000)
(0.4811985000, -0.5435176000, 0.6877666000)
(0.4751834000, -0.5471200000, 0.6890808000)
(0.4694650000, -0.5386630000, 0.6995897000)
(0.4671330000, -0.5367404000, 0.7026214000)
(0.4724207000, -0.5425538000, 0.6945707000)
(0.4838992000, -0.5497239000, 0.6808936000)
(0.4851902000, -0.5490558000, 0.6805151000)
(0.4841889000, -0.5468417000, 0.6830125000)
(0.4735931000, -0.5335115000, 0.7007674000)
(0.4755315000, -0.5368498000, 0.6968872000)
(0.4827107000, -0.5400509000, 0.6894237000)
(0.4918854000, -0.5358782000, 0.6861923000)
(0.4926399000, -0.5356618000, 0.6858360000)
(0.4931103000, -0.5346052000, 0.6863139000)
(0.4934835000, -0.5353293000, 0.6854832000)
(0.4855433000, -0.5366768000, 0.6900778000)
(0.4732245000, -0.5377501000, 0.6977527000)
(0.4652592000, -0.5385818000, 0.7024547000)
(0.4662704000, -0.5386248000, 0.7017463000)
(0.4771544000, -0.5368797000, 0.6957449000)
(0.4986322000, -0.5371236000, 0.6803385000)
(0.4971767000, -0.5309252000, 0.6862357000)
(0.5006232000, -0.5290430000, 0.6851776000)
(0.4820773000, -0.5342239000, 0.6944053000)
(0.4769681000, -0.5357187000, 0.6967805000)
(0.4844221000, -0.5338897000, 0.6930171000)
(0.4866555000, -0.5336692000, 0.6916191000)
(0.4633148000, -0.5547795000, 0.6910456000)
(0.4208885000, -0.5604516000, 0.7132574000)
(0.4231832000, -0.5687137000, 0.7053221000)
(0.4211482000, -0.5680718000, 0.7070424000)
(0.4414563000, -0.5612462000, 0.7000718000)
(0.4273400000, -0.5663285000, 0.7047299000)
(0.4234220000, -0.5662478000, 0.7071574000)
(0.4253080000, -0.5671854000, 0.7052537000)
(0.4313579000, -0.5605056000, 0.7069384000)
(0.4268198000, -0.5669969000, 0.7044967000)
(0.4412518000, -0.5674611000, 0.6951784000)
(0.4647741000, -0.5718033000, 0.6760284000)
(0.4687555000, -0.5610954000, 0.6822209000)
(0.4610850000, -0.5644985000, 0.6846378000)
(0.4637441000, -0.5652061000, 0.6822467000)
(0.4660221000, -0.5643305000, 0.6814322000)
(0.4653057000, -0.5647852000, 0.6815420000)
(0.4668748000, -0.5628564000, 0.6820577000)
(0.4636971000, -0.5609497000, 0.6857886000)
(0.4608331000, -0.5615347000, 0.6872385000)
(0.4645514000, -0.5596038000, 0.6863047000)
(0.4717559000, -0.5567428000, 0.6837119000)
(0.4722204000, -0.5554497000, 0.6844531000)
(0.4728364000, -0.5553188000, 0.6841316000)
(0.4730175000, -0.5553939000, 0.6839524000)
(0.4728058000, -0.5548341000, 0.6845518000)
(0.4737016000, -0.5534152000, 0.6850749000)
(0.4731165000, -0.5532541000, 0.6855985000)
(0.4727507000, -0.5538288000, 0.6853994000)
(0.4728766000, -0.5543324000, 0.6849104000)
(0.4773951000, -0.5506391000, 0.6847417000)
(0.4817316000, -0.5486795000, 0.6832680000)
(0.4779502000, -0.5506076000, 0.6843869000)
(0.4748137000, -0.5531936000, 0.6844721000)
(0.4758986000, -0.5526021000, 0.6841933000)
(0.4803433000, -0.5486751000, 0.6842660000)
(0.4818607000, -0.5480043000, 0.6837282000)
(0.4826468000, -0.5468313000, 0.6841177000)
(0.4801682000, -0.5483796000, 0.6846218000)
(0.4776669000, -0.5502837000, 0.6848476000)
(0.4780111000, -0.5491043000, 0.6855478000)
(0.4848080000, -0.5447906000, 0.6842126000)
(0.4864238000, -0.5436349000, 0.6839873000)
(0.4850878000, -0.5433330000, 0.6851820000)
(0.4799784000, -0.5457876000, 0.6868245000)
(0.4761823000, -0.5471737000, 0.6883669000)
(0.4813772000, -0.5439170000, 0.6873162000)
(0.4824067000, -0.5437552000, 0.6867267000)
(0.4729837000, -0.5472239000, 0.6905268000)
(0.4739236000, -0.5469947000, 0.6900494000)
(0.4760992000, -0.5466815000, 0.6888028000)
(0.4778421000, -0.5458946000, 0.6882158000)
(0.4768940000, -0.5458546000, 0.6889014000)
(0.4782392000, -0.5446149000, 0.6889508000)
(0.4798358000, -0.5442637000, 0.6881324000)
(0.4835564000, -0.5413254000, 0.6878388000)
(0.4850439000, -0.5412958000, 0.6868108000)
(0.4771478000, -0.5437497000, 0.6904069000)
(0.4678046000, -0.5471333000, 0.6941008000)
(0.4676000000, -0.5465559000, 0.6947036000)
(0.4744928000, -0.5414270000, 0.6940420000)
(0.4762135000, -0.5406386000, 0.6934709000)
(0.4767770000, -0.5389747000, 0.6943988000)
(0.4801686000, -0.5372310000, 0.6934063000)
(0.4812584000, -0.5371886000, 0.6926843000)
(0.4813156000, -0.5369229000, 0.6928455000)
(0.4818798000, -0.5361504000, 0.6930585000)
(0.4819944000, -0.5349887000, 0.6938781000)
(0.4816374000, -0.5337242000, 0.6950783000)
(0.4822358000, -0.5323408000, 0.6957298000)
(0.4845995000, -0.5314212000, 0.6947864000)
(0.4860123000, -0.5299805000, 0.6949161000)
(0.4863541000, -0.5299005000, 0.6947393000)
(0.4799057000, -0.5238927000, 0.7037202000)
(0.4797032000, -0.5211707000, 0.7058685000)
(0.4795296000, -0.5221989000, 0.7052351000)
(0.4841976000, -0.5265294000, 0.6987770000)
(0.4844126000, -0.5260774000, 0.6989688000)
(0.4876018000, -0.5257953000, 0.6969707000)
(0.4883431000, -0.5268508000, 0.6956604000)
(0.4884036000, -0.5259613000, 0.6962901000)
(0.4893821000, -0.5256158000, 0.6958494000)
(0.4894339000, -0.5252447000, 0.6960939000)
(0.4900893000, -0.5264440000, 0.6947349000)
(0.4908758000, -0.5265608000, 0.6940809000)
(0.4913001000, -0.5253408000, 0.6947056000)
(0.4910977000, -0.5238793000, 0.6959481000)
(0.4910691000, -0.5245529000, 0.6954607000)
(0.4876494000, -0.5231568000, 0.6989256000)
(0.4839397000, -0.5259051000, 0.6994262000)
(0.4859411000, -0.5256360000, 0.6982415000)
(0.4844067000, -0.5238228000, 0.7006717000)
(0.4880694000, -0.5233831000, 0.6984642000)
(0.4891879000, -0.5228695000, 0.6980522000)
(0.4889343000, -0.5218690000, 0.6989833000)
(0.4872851000, -0.5222945000, 0.6998277000)
(0.4866768000, -0.5216691000, 0.7006992000)
(0.4868009000, -0.5211865000, 0.7009757000)
(0.4873045000, -0.5225731000, 0.6996029000)
(0.4877470000, -0.5227089000, 0.6991937000)
(0.4876691000, -0.5218867000, 0.6998457000)
(0.4885708000, -0.5220955000, 0.6990631000)
(0.4892435000, -0.5215771000, 0.6989868000)
(0.4896778000, -0.5214689000, 0.6987665000)
(0.4893958000, -0.5216290000, 0.6988415000)
(0.4891127000, -0.5213584000, 0.6992412000)
(0.4890634000, -0.5235124000, 0.6976751000)
(0.4893958000, -0.5248670000, 0.6964236000)
(0.4898713000, -0.5245348000, 0.6963220000)
(0.4895371000, -0.5237263000, 0.6971630000)
(0.4897271000, -0.5245348000, 0.6964225000)
(0.4878718000, -0.5223321000, 0.6993911000)
(0.5000109000, -0.5248678000, 0.6888393000)
(0.5004116000, -0.5269563000, 0.6869451000)
(0.5045680000, -0.5319620000, 0.6800052000)
(0.4746523000, -0.5186348000, 0.7111271000)
(0.4817504000, -0.5160275000, 0.7082596000)
(0.4857512000, -0.5294637000, 0.6954879000)
(0.0000000000, 0.0000000000, 0.0000000000)
(0.0000000000, 0.0000000000, 0.0000000000)
(0.0000000000, 0.0000000000, 0.0000000000)
(0.0000000000, 0.0000000000, 0.0000000000)
(0.0000000000, 0.0000000000, 0.0000000000)
(0.0000000000, 0.0000000000, 0.0000000000)
(0.0000000000, 0.0000000000, 0.0000000000)
(0.0000000000, 0.0000000000, 0.0000000000)
(0.0000000000, 0.0000000000, 0.0000000000)
(0.0000000000, 0.0000000000, 0.0000000000)
(0.0000000000, 0.0000000000, 0.0000000000)
(0.0000000000, 0.0000000000, 0.0000000000)
(0.0000000000, 0.0000000000, 0.0000000000)
(0.0000000000, 0.0000000000, 0.0000000000)
(0.0000000000, 0.0000000000, 0.0000000000)
(0.0000000000, 0.0000000000, 0.0000000000)
(0.4879123000, -0.5437653000, 0.6828185000)
(0.4918381000, -0.5464799000, 0.6778102000)
(0.5043809000, -0.5416184000, 0.6724777000)
(0.5063040000, -0.5360884000, 0.6754663000)
(0.4982693000, -0.5575735000, 0.6639560000)
(0.5057600000, -0.5452677000, 0.6684896000)
(0.4990925000, -0.5473418000, 0.6717908000)
(0.4997329000, -0.5503027000, 0.6689042000)
(0.5055891000, -0.5408362000, 0.6722093000)
(0.5057666000, -0.5455912000, 0.6682165000)
(0.4991579000, -0.5460443000, 0.6728106000)
(0.5066226000, -0.5449516000, 0.6680849000)
(0.5066200000, -0.5440077000, 0.6688647000)
(0.4980263000, -0.5414168000, 0.6773658000)
(0.5078816000, -0.5427033000, 0.6689633000)
(0.5086466000, -0.5431051000, 0.6680623000)
(0.5089647000, -0.5420977000, 0.6686342000)
(0.5060669000, -0.5413851000, 0.6713935000)
(0.4963761000, -0.5438027000, 0.6766748000)
(0.4974119000, -0.5388132000, 0.6798894000)
(0.4961195000, -0.5396656000, 0.6801647000)
(0.5012226000, -0.5421054000, 0.6744586000)
(0.5041351000, -0.5481759000, 0.6673365000)
(0.4992520000, -0.5492116000, 0.6701568000)
(0.4902039000, -0.5396694000, 0.6844188000)
(0.4900721000, -0.5382703000, 0.6856314000)
(0.4855845000, -0.5376281000, 0.6893172000)
(0.4854775000, -0.5352727000, 0.6912123000)
(0.4853301000, -0.5305209000, 0.6949832000)
(0.4853526000, -0.5299538000, 0.6953952000)
(0.4870453000, -0.5287157000, 0.6951525000)
(0.4899208000, -0.5328711000, 0.6899387000)
(0.4914235000, -0.5313988000, 0.6900038000)
(0.4888816000, -0.5310486000, 0.6920748000)
(0.4914724000, -0.5309733000, 0.6902879000)
(0.4980600000, -0.5350860000, 0.6823559000)
(0.4972195000, -0.5353276000, 0.6827797000)
(0.5005396000, -0.5381644000, 0.6781125000)
(0.5032256000, -0.5400934000, 0.6745816000)
(0.5037245000, -0.5393426000, 0.6748063000)
(0.5038592000, -0.5376180000, 0.6760654000)
(0.4986632000, -0.5328420000, 0.6836661000)
(0.4888724000, -0.5281455000, 0.6942902000)
(0.4876832000, -0.5284703000, 0.6948944000)
(0.4892779000, -0.5284781000, 0.6937588000)
(0.5025780000, -0.5263985000, 0.6857892000)
(0.5054526000, -0.5281507000, 0.6823162000)
(0.5055730000, -0.5274465000, 0.6827852000)
(0.5029810000, -0.5250662000, 0.6865075000)
(0.5016577000, -0.5261538000, 0.6866528000)
(0.5015790000, -0.5271940000, 0.6859013000)
(0.5010984000, -0.5264206000, 0.6868580000)
(0.5006316000, -0.5257127000, 0.6877338000)
(0.5012537000, -0.5259342000, 0.6871149000)
(0.5032876000, -0.5263746000, 0.6852824000)
(0.5038289000, -0.5271023000, 0.6843362000)
(0.5029622000, -0.5253717000, 0.6862858000)
(0.5031671000, -0.5256939000, 0.6858994000)
(0.5052584000, -0.5286316000, 0.6820801000)
(0.5073417000, -0.5305912000, 0.6790090000)
(0.5068813000, -0.5313203000, 0.6787802000)
(0.5069599000, -0.5306273000, 0.6792680000)
(0.5058488000, -0.5296280000, 0.6808761000)
(0.5058320000, -0.5288945000, 0.6814600000)
(0.5052949000, -0.5290764000, 0.6817271000)
(0.5055500000, -0.5284621000, 0.6820065000)
(0.5067313000, -0.5290473000, 0.6806813000)
(0.5085374000, -0.5335220000, 0.6758272000)
(0.5085095000, -0.5331060000, 0.6761752000)
(0.5064216000, -0.5306296000, 0.6796622000)
(0.5067840000, -0.5280349000, 0.6814246000)
(0.5071856000, -0.5263939000, 0.6823882000)
(0.5089027000, -0.5269064000, 0.6807199000)
(0.5066748000, -0.5267199000, 0.6825155000)
(0.5052138000, -0.5266089000, 0.6836787000)
(0.5063205000, -0.5262565000, 0.6831324000)
(0.5037424000, -0.5283340000, 0.6834447000)
(0.4949696000, -0.5399949000, 0.6807241000)
(0.4931096000, -0.5391131000, 0.6827685000)
(0.5012232000, -0.5446753000, 0.6723832000)
(0.5008848000, -0.5446643000, 0.6726409000)
(0.4944083000, -0.5438490000, 0.6780544000)
(0.4896825000, -0.5387660000, 0.6855170000)
(0.4909538000, -0.5379910000, 0.6852210000)
(0.4916953000, -0.5369694000, 0.6854749000)
(0.4918182000, -0.5371420000, 0.6852570000)
(0.4929918000, -0.5375333000, 0.6841059000)
(0.4937176000, -0.5364382000, 0.6844498000)
(0.4932810000, -0.5374498000, 0.6839684000)
(0.4923528000, -0.5353916000, 0.6862487000)
(0.4916563000, -0.5373078000, 0.6852497000)
(0.4921075000, -0.5381293000, 0.6842806000)
(0.4927436000, -0.5382046000, 0.6837549000)
(0.4935897000, -0.5382847000, 0.6830888000)
(0.4934342000, -0.5393386000, 0.6823593000)
(0.4888196000, -0.5347545000, 0.6892555000)
(0.4875475000, -0.5314528000, 0.6927102000)
(0.4875644000, -0.5334472000, 0.6911558000)
(0.4946172000, -0.5369465000, 0.6833888000)
(0.4955297000, -0.5386721000, 0.6813701000)
(0.4967980000, -0.5386404000, 0.6804689000)
(0.4974688000, -0.5389292000, 0.6797509000)
(0.4934706000, -0.5362722000, 0.6847613000)
(0.4932566000, -0.5358824000, 0.6852013000)
(0.5093054000, -0.5443952000, 0.6665084000)
(0.5092489000, -0.5386414000, 0.6711934000)
(0.5111394000, -0.5571590000, 0.6544384000)
(0.0000000000, 0.0000000000, 0.0000000000)
(0.0000000000, 0.0000000000, 0.0000000000)
(0.0000000000, 0.0000000000, 0.0000000000)
(0.0000000000, 0.0000000000, 0.0000000000)
(0.0000000000, 0.0000000000, 0.0000000000)
(0.0000000000, 0.0000000000, 0.0000000000)
(0.0000000000, 0.0000000000, 0.0000000000)
(0.0000000000, 0.0000000000, 0.0000000000)
(0.0000000000, 0.0000000000, 0.0000000000)
(0.0000000000, 0.0000000000, 0.0000000000)
(0.4739971000, -0.5326725000, 0.7011303000)
(0.4586170000, -0.5501866000, 0.6978161000)
(0.4892991000, -0.5282136000, 0.6939527000)
(0.4907613000, -0.5281684000, 0.6929486000)
(0.4987920000, -0.5174320000, 0.6953077000)
(0.5058993000, -0.5126890000, 0.6936893000)
(0.5088218000, -0.5134825000, 0.6909505000)
(0.5041693000, -0.5135151000, 0.6943333000)
(0.5049373000, -0.5207511000, 0.6883562000)
(0.5146579000, -0.5109468000, 0.6885106000)
(0.5111249000, -0.4918691000, 0.7048498000)
(0.5141231000, -0.4964370000, 0.6994399000)
(0.5159990000, -0.5115721000, 0.6870457000)
(0.5123490000, -0.5083755000, 0.6921342000)
(0.5106636000, -0.5100234000, 0.6921519000)
(0.5079711000, -0.5106226000, 0.6937047000)
(0.5016950000, -0.5238675000, 0.6883717000)
(0.5031608000, -0.5214724000, 0.6891060000)
(0.4973363000, -0.5227237000, 0.6923932000)
(0.4931414000, -0.5212204000, 0.6965049000)
(0.4910924000, -0.5215666000, 0.6976898000)
(0.4913372000, -0.5213299000, 0.6976977000)
(0.4919277000, -0.5223320000, 0.6965345000)
(0.4908514000, -0.5211512000, 0.6981683000)
(0.4876714000, -0.5275416000, 0.6956096000)
(0.4902893000, -0.5201679000, 0.6992968000)
(0.4882607000, -0.5244567000, 0.6975128000)
(0.4871554000, -0.5243202000, 0.6983835000)
(0.4892512000, -0.5225054000, 0.6982879000)
(0.4914225000, -0.5238466000, 0.6957510000)
(0.4891289000, -0.5222194000, 0.6985871000)
(0.4725285000, -0.5264868000, 0.7067707000)
(0.4708784000, -0.5365882000, 0.7002372000)
(0.4774399000, -0.5308542000, 0.7001716000)
(0.4763141000, -0.5300152000, 0.7015581000)
(0.4728843000, -0.5328603000, 0.7017219000)
(0.4769178000, -0.5317426000, 0.6998461000)
(0.4789819000, -0.5313736000, 0.6987107000)
(0.4834276000, -0.5295411000, 0.6970390000)
(0.4995918000, -0.5248947000, 0.6891150000)
(0.4927984000, -0.5250645000, 0.6938604000)
(0.4877044000, -0.5272754000, 0.6957864000)
(0.4986378000, -0.5229093000, 0.6913093000)
(0.5002514000, -0.5255147000, 0.6881721000)
(0.5010673000, -0.5245916000, 0.6882708000)
(0.5018377000, -0.5244489000, 0.6878212000)
(0.4866635000, -0.5305443000, 0.6940147000)
(0.4874246000, -0.5292759000, 0.6944589000)
(0.4866353000, -0.5291016000, 0.6951382000)
(0.4873259000, -0.5303832000, 0.6936764000)
(0.4880146000, -0.5310367000, 0.6926858000)
(0.4890757000, -0.5303758000, 0.6924445000)
(0.4883629000, -0.5304346000, 0.6929166000)
(0.4869685000, -0.5297228000, 0.6944420000)
(0.4845844000, -0.5312321000, 0.6949448000)
(0.4850658000, -0.5306450000, 0.6950733000)
(0.4873188000, -0.5293295000, 0.6944953000)
(0.4884824000, -0.5286635000, 0.6941833000)
(0.4910773000, -0.5246913000, 0.6953576000)
(0.4918047000, -0.5235822000, 0.6956840000)
(0.4916359000, -0.5236601000, 0.6957439000)
(0.4881711000, -0.5271170000, 0.6955823000)
(0.4820432000, -0.5293258000, 0.6981629000)
(0.4730924000, -0.5368889000, 0.6985168000)
(0.4787600000, -0.5467950000, 0.6868724000)
(0.4859408000, -0.5465747000, 0.6819754000)
(0.4894400000, -0.5495400000, 0.6770892000)
(0.4807191000, -0.5481217000, 0.6844295000)
(0.4697793000, -0.5443112000, 0.6949947000)
(0.4691780000, -0.5435253000, 0.6960233000)
(0.4714578000, -0.5455498000, 0.6928819000)
(0.4793792000, -0.5522751000, 0.6820328000)
(0.4862325000, -0.5574155000, 0.6729380000)
(0.4878926000, -0.5583796000, 0.6709452000)
(0.4878468000, -0.5584056000, 0.6709448000)
(0.4842908000, -0.5527254000, 0.6781955000)
(0.4723359000, -0.5456052000, 0.6922436000)
(0.4729998000, -0.5458108000, 0.6916275000)
(0.4783836000, -0.5462759000, 0.6875463000)
(0.4790328000, -0.5462451000, 0.6871212000)
(0.4821478000, -0.5462112000, 0.6849605000)
(0.4822432000, -0.5457721000, 0.6852461000)
(0.4804893000, -0.5449864000, 0.6870938000)
(0.4783947000, -0.5454227000, 0.6882237000)
(0.4792104000, -0.5457085000, 0.6874245000)
(0.4804721000, -0.5463479000, 0.6860232000)
(0.4796160000, -0.5460677000, 0.6868513000)
(0.4807478000, -0.5447189000, 0.6871257000)
(0.4805666000, -0.5440581000, 0.6877859000)
(0.4801012000, -0.5431770000, 0.6888104000)
(0.4749649000, -0.5424415000, 0.6929305000)
(0.4713781000, -0.5418984000, 0.6958016000)
(0.4736510000, -0.5416147000, 0.6944836000)
(0.4809878000, -0.5412025000, 0.6897421000)
(0.4814036000, -0.5413578000, 0.6893165000)
(0.4809926000, -0.5415038000, 0.6894894000)
(0.4789753000, -0.5416005000, 0.6908204000)
(0.4753448000, -0.5410371000, 0.6937618000)
(0.4744318000, -0.5408803000, 0.6945170000)
(0.4791965000, -0.5400354000, 0.6918830000)
(0.4815975000, -0.5400701000, 0.6901935000)
(0.4826072000, -0.5406069000, 0.6890686000)
(0.4829795000, -0.5408551000, 0.6886240000)
(0.4830613000, -0.5408965000, 0.6885352000)
(0.4826325000, -0.5421697000, 0.6878153000)
(0.4829285000, -0.5421591000, 0.6876352000)
(0.4833389000, -0.5419056000, 0.6875268000)
(0.4858372000, -0.5428833000, 0.6849923000)
(0.4858587000, -0.5433498000, 0.6846087000)
(0.4829500000, -0.5422838000, 0.6875172000)
(0.4799887000, -0.5421184000, 0.6897208000)
(0.4792409000, -0.5424914000, 0.6899364000)
(0.4810437000, -0.5416079000, 0.6893870000)
(0.4821518000, -0.5419857000, 0.6883143000)
(0.4826571000, -0.5409854000, 0.6887324000)
(0.4831371000, -0.5403523000, 0.6888946000)
(0.4843913000, -0.5390611000, 0.6890354000)
(0.4859133000, -0.5375593000, 0.6891227000)
(0.4858190000, -0.5375187000, 0.6892204000)
(0.4845317000, -0.5377569000, 0.6899598000)
(0.4835882000, -0.5371866000, 0.6910627000)
(0.4834942000, -0.5367215000, 0.6914770000)
(0.4833664000, -0.5361583000, 0.6920084000)
(0.4810036000, -0.5362737000, 0.6935625000)
(0.4785414000, -0.5369999000, 0.6947069000)
(0.4783057000, -0.5372117000, 0.6947125000)
(0.4792213000, -0.5368540000, 0.6943488000)
(0.4797768000, -0.5366885000, 0.6940872000)
(0.4817909000, -0.5355085000, 0.6936152000)
(0.4827671000, -0.5352744000, 0.6931121000)
(0.4777463000, -0.5347916000, 0.6969604000)
(0.4773659000, -0.5347390000, 0.6972432000)
(0.4818907000, -0.5331238000, 0.6953752000)
(0.4892485000, -0.5305327000, 0.6922015000)
(0.4901955000, -0.5285949000, 0.6930133000)
(0.4886932000, -0.5296437000, 0.6932724000)
(0.4877577000, -0.5304613000, 0.6933143000)
(0.5047258000, -0.5234938000, 0.6864273000)
(0.5044813000, -0.5253673000, 0.6851764000)
(0.5001607000, -0.5249771000, 0.6886461000)
(0.4899260000, -0.5292763000, 0.6926961000)
(0.4861289000, -0.5307370000, 0.6942402000)
(0.4880176000, -0.5297613000, 0.6936606000)
(0.4873605000, -0.5296118000, 0.6942481000)
(0.4883858000, -0.5288716000, 0.6940895000)
(0.4902889000, -0.5269774000, 0.6941829000)
(0.4902703000, -0.5274515000, 0.6938426000)
(0.4895800000, -0.5278084000, 0.6940553000)
(0.4881676000, -0.5266506000, 0.6959233000)
(0.4881442000, -0.5257843000, 0.6966063000)
(0.4870535000, -0.5264892000, 0.6968387000)
(0.4862260000, -0.5276685000, 0.6965107000)
(0.4934030000, -0.5261862000, 0.6925892000)
(0.4981755000, -0.5258706000, 0.6894020000)
(0.4914232000, -0.5267402000, 0.6935726000)
(0.4898379000, -0.5258295000, 0.6953758000)
(0.5038145000, -0.5250251000, 0.6859431000)
(0.5064515000, -0.5231040000, 0.6854588000)
(0.5063052000, -0.5201216000, 0.6878319000)
(0.5021912000, -0.5241249000, 0.6878056000)
(0.4774265000, -0.5252672000, 0.7043727000)
(0.4792314000, -0.5250708000, 0.7032871000)
(0.4812974000, -0.5238702000, 0.7027695000)
(0.4969015000, -0.5181590000, 0.6961283000)
(0.4960184000, -0.5177142000, 0.6970714000)
(0.5086981000, -0.5238658000, 0.6832169000)
(0.5049566000, -0.5223441000, 0.6871320000)
(0.5099243000, -0.5226580000, 0.6832302000)
(0.4965776000, -0.5235628000, 0.6923015000)
(0.4996186000, -0.5223635000, 0.6910192000)
(0.5004522000, -0.5219240000, 0.6907436000)
(0.4974624000, -0.5225701000, 0.6924033000)
(0.4952933000, -0.5213844000, 0.6948581000)
(0.4941941000, -0.5220562000, 0.6951442000)
(0.4908298000, -0.5222754000, 0.6973611000)
(0.4926580000, -0.5226473000, 0.6957914000)
(0.4941783000, -0.5223672000, 0.6949220000)
(0.4956536000, -0.5223990000, 0.6938294000)
(0.5083544000, -0.5234168000, 0.6838149000)
(0.5079123000, -0.5261646000, 0.6820256000)
(0.5045456000, -0.5219517000, 0.6877480000)
(0.5034897000, -0.5211759000, 0.6891035000)
(0.4885746000, -0.5203887000, 0.7003345000)
(0.5004063000, -0.5232476000, 0.6897833000)
(0.5004897000, -0.5229477000, 0.6899344000)
(0.4987238000, -0.5171849000, 0.6955433000)
(0.4770032000, -0.5164292000, 0.7111739000)
(0.4875797000, -0.5181536000, 0.7026933000)
(0.4928376000, -0.5188527000, 0.6984985000)
(0.4892074000, -0.5186591000, 0.7011862000)
(0.4848093000, -0.5183328000, 0.7044631000)
(0.4855726000, -0.5171750000, 0.7047959000)
(0.4884004000, -0.5168979000, 0.7030389000)
(0.4853593000, -0.5129026000, 0.7080451000)
(0.4797462000, -0.5083860000, 0.7150935000)
(0.0000000000, 0.0000000000, 0.0000000000)
(0.0000000000, 0.0000000000, 0.0000000000)
(0.0000000000, 0.0000000000, 0.0000000000)
(0.0000000000, 0.0000000000, 0.0000000000)
(0.0000000000, 0.0000000000, 0.0000000000)
(0.0000000000, 0.0000000000, 0.0000000000)
(0.0000000000, 0.0000000000, 0.0000000000)
(0.0000000000, 0.0000000000, 0.0000000000)
(0.0000000000, 0.0000000000, 0.0000000000)
(0.0000000000, 0.0000000000, 0.0000000000)
(0.0000000000, 0.0000000000, 0.0000000000)
(0.0000000000, 0.0000000000, 0.0000000000)
(0.4957119000, -0.5810702000, 0.6454653000)
(0.4822209000, -0.5519876000, 0.6802518000)
(0.4872949000, -0.5446976000, 0.6825119000)
(0.4543552000, -0.5606896000, 0.6922281000)
(0.4528055000, -0.5592561000, 0.6943890000)
(0.4542249000, -0.5537025000, 0.6979179000)
(0.4559438000, -0.5537853000, 0.6967276000)
(0.4559816000, -0.5451210000, 0.7034957000)
(0.4607067000, -0.5482374000, 0.6979697000)
(0.4838686000, -0.5502937000, 0.6804577000)
(0.4826606000, -0.5561067000, 0.6765872000)
(0.4873167000, -0.5557347000, 0.6735419000)
(0.4877702000, -0.5532744000, 0.6752356000)
(0.4855689000, -0.5575940000, 0.6732805000)
(0.4910212000, -0.5455075000, 0.6791914000)
(0.4928005000, -0.5423480000, 0.6804405000)
(0.5006552000, -0.5251645000, 0.6881269000)
(0.5012771000, -0.5230059000, 0.6893253000)
(0.5028322000, -0.5215897000, 0.6892597000)
(0.4988259000, -0.5298093000, 0.6858905000)
(0.4858099000, -0.5290559000, 0.6957481000)
(0.4855296000, -0.5262424000, 0.6980846000)
(0.4849240000, -0.5296069000, 0.6959531000)
(0.4897095000, -0.5301418000, 0.6921902000)
(0.4916989000, -0.5262017000, 0.6937692000)
(0.4911743000, -0.5249666000, 0.6950759000)
(0.4876757000, -0.5220119000, 0.6997488000)
(0.4800097000, -0.5200029000, 0.7065230000)
(0.4814123000, -0.5164916000, 0.7081442000)
(0.4837564000, -0.5124397000, 0.7094945000)
(0.4884062000, -0.5145354000, 0.7047696000)
(0.4882093000, -0.5155482000, 0.7041733000)
(0.4877039000, -0.5144466000, 0.7053249000)
(0.4875185000, -0.5121529000, 0.7071161000)
(0.4900628000, -0.5116066000, 0.7057578000)
(0.4932066000, -0.5129853000, 0.7025450000)
(0.4899102000, -0.5082530000, 0.7082762000)
(0.4895138000, -0.5089029000, 0.7080895000)
(0.4867436000, -0.5080348000, 0.7106136000)
(0.4869913000, -0.5079281000, 0.7105192000)
(0.4931256000, -0.5094166000, 0.7051966000)
(0.4933287000, -0.5142021000, 0.7015764000)
(0.4956003000, -0.5154699000, 0.6990330000)
(0.5065147000, -0.5262901000, 0.6829623000)
(0.5087084000, -0.5272928000, 0.6805640000)
(0.5086638000, -0.5263800000, 0.6812980000)
(0.4992060000, -0.5150526000, 0.6967750000)
(0.5006241000, -0.5165987000, 0.6946172000)
(0.5007638000, -0.5172390000, 0.6940438000)
(0.5000468000, -0.5160341000, 0.6954576000)
(0.4990181000, -0.5158081000, 0.6963620000)
(0.4981909000, -0.5143995000, 0.6979852000)
(0.4982585000, -0.5139888000, 0.6982446000)
(0.5004743000, -0.5139212000, 0.6967124000)
(0.5050315000, -0.5177190000, 0.6905646000)
(0.5033190000, -0.5150839000, 0.6937986000)
(0.5017594000, -0.5131178000, 0.6963674000)
(0.5021566000, -0.5135948000, 0.6957400000)
(0.5036381000, -0.5136961000, 0.6945896000)
(0.5038911000, -0.5147134000, 0.6936550000)
(0.5050309000, -0.5147366000, 0.6928008000)
(0.5099410000, -0.5127382000, 0.6906888000)
(0.5109674000, -0.5138143000, 0.6891288000)
(0.5090991000, -0.5136333000, 0.6906464000)
(0.5016308000, -0.5096516000, 0.6990110000)
(0.4984244000, -0.5067359000, 0.7034048000)
(0.4971988000, -0.5063404000, 0.7045470000)
(0.5022285000, -0.5080662000, 0.6997296000)
(0.5034924000, -0.5107971000, 0.6968361000)
(0.5024794000, -0.5101009000, 0.6980585000)
(0.5030488000, -0.5094735000, 0.6981084000)
(0.5039874000, -0.5124220000, 0.6952684000)
(0.5052730000, -0.5261109000, 0.6840266000)
(0.4894357000, -0.5318691000, 0.6910520000)
(0.5048558000, -0.5287738000, 0.6822799000)
(0.5119254000, -0.5317450000, 0.6746645000)
(0.5100634000, -0.5305175000, 0.6770265000)
(0.5045142000, -0.5289854000, 0.6823611000)
(0.4969896000, -0.5284123000, 0.6883146000)
(0.4977766000, -0.5282379000, 0.6878793000)
(0.5011621000, -0.5280277000, 0.6855756000)
(0.5051830000, -0.5291513000, 0.6817335000)
(0.5026592000, -0.5291930000, 0.6835638000)
(0.4971271000, -0.5279953000, 0.6885357000)
(0.4987266000, -0.5267794000, 0.6883084000)
(0.4992517000, -0.5259386000, 0.6885691000)
(0.4970575000, -0.5257349000, 0.6903037000)
(0.4826300000, -0.5216906000, 0.7034937000)
(0.4856754000, -0.5215957000, 0.7014498000)
(0.4884877000, -0.5221891000, 0.6990576000)
(0.5075549000, -0.5260912000, 0.6823432000)
(0.5143152000, -0.5262154000, 0.6771703000)
(0.5144889000, -0.5258904000, 0.6772893000)
(0.5007657000, -0.5237538000, 0.6891358000)
(0.5086446000, -0.5239230000, 0.6832110000)
(0.5148945000, -0.5216649000, 0.6802391000)
(0.5010824000, -0.5234760000, 0.6891007000)
(0.4871963000, -0.5252732000, 0.6976492000)
(0.4946992000, -0.5237232000, 0.6935238000)
(0.5048930000, -0.5209643000, 0.6882296000)
(0.5028238000, -0.5203835000, 0.6901878000)
(0.5026078000, -0.5162774000, 0.6934162000)
(0.5093990000, -0.5158243000, 0.6887791000)
(0.5156476000, -0.5135332000, 0.6858351000)
(0.5190567000, -0.5114919000, 0.6847833000)
(0.5184326000, -0.5121701000, 0.6847634000)
(0.5179506000, -0.5119620000, 0.6852745000)
(0.4963698000, -0.5168982000, 0.6974431000)
(0.4901721000, -0.5165188000, 0.7020895000)
(0.4913541000, -0.5157875000, 0.7017887000)
(0.5000269000, -0.5053123000, 0.7032893000)
(0.5121828000, -0.5192927000, 0.6841051000)
(0.5144710000, -0.5300226000, 0.6740790000)
(0.5157241000, -0.5235861000, 0.6781353000)
(0.4877539000, -0.5383504000, 0.6872129000)
(0.4983948000, -0.5338077000, 0.6831025000)
(0.4959854000, -0.5346496000, 0.6841983000)
(0.4959161000, -0.5348248000, 0.6841182000)
(0.4959883000, -0.5342690000, 0.6845012000)
(0.4962346000, -0.5341113000, 0.6844497000)
(0.4917611000, -0.5355285000, 0.6865697000)
(0.4861144000, -0.5397913000, 0.6872482000)
(0.4856033000, -0.5370649000, 0.6897253000)
(0.4914195000, -0.5350963000, 0.6871492000)
(0.4973256000, -0.5328284000, 0.6846431000)
(0.5010532000, -0.5308567000, 0.6834658000)
(0.5007319000, -0.5308647000, 0.6836867000)
(0.4975626000, -0.5321342000, 0.6850114000)
(0.4974547000, -0.5330969000, 0.6843542000)
(0.4956479000, -0.5337815000, 0.6851270000)
(0.4928689000, -0.5346110000, 0.6864871000)
(0.4898857000, -0.5350777000, 0.6882575000)
(0.4901662000, -0.5351424000, 0.6879892000)
(0.4925046000, -0.5337244000, 0.6874380000)
(0.4933618000, -0.5333096000, 0.6871289000)
(0.4940419000, -0.5330321000, 0.6868673000)
(0.4933713000, -0.5338951000, 0.6866697000)
(0.4927459000, -0.5336285000, 0.6873392000)
(0.4922602000, -0.5339791000, 0.6874180000)
(0.4930040000, -0.5331591000, 0.6875095000)
(0.4934351000, -0.5324458000, 0.6877656000)
(0.4933737000, -0.5324213000, 0.6878235000)
(0.4958796000, -0.5312344000, 0.6869404000)
(0.4977365000, -0.5298043000, 0.6866869000)
(0.4881091000, -0.5326408000, 0.6913975000)
(0.4850621000, -0.5329430000, 0.6933045000)
(0.4882222000, -0.5316545000, 0.6920708000)
(0.4926127000, -0.5298480000, 0.6903420000)
(0.4933513000, -0.5295916000, 0.6900197000)
(0.4952781000, -0.5283607000, 0.6895726000)
(0.4893378000, -0.5272173000, 0.6946863000)
(0.4865992000, -0.5273780000, 0.6964686000)
(0.4892757000, -0.5255620000, 0.6959791000)
(0.4945032000, -0.5235100000, 0.6938290000)
(0.4982052000, -0.5241231000, 0.6907000000)
(0.5111626000, -0.5211346000, 0.6834537000)
(0.5121027000, -0.5194064000, 0.6840759000)
(0.5086691000, -0.5197824000, 0.6863456000)
(0.5015048000, -0.5208588000, 0.6907815000)
(0.5024270000, -0.5208302000, 0.6901430000)
(0.4948981000, -0.5222360000, 0.6944951000)
(0.4905178000, -0.5215361000, 0.6981158000)
(0.5057265000, -0.5143492000, 0.6925849000)
(0.5134125000, -0.5097913000, 0.6903020000)
(0.4990817000, -0.5151497000, 0.6967930000)
(0.5025054000, -0.5137580000, 0.6953616000)
(0.5080305000, -0.5109224000, 0.6934323000)
(0.5068079000, -0.5109280000, 0.6943163000)
(0.5053886000, -0.5111896000, 0.6951563000)
(0.5072690000, -0.5111141000, 0.6938412000)
(0.5073017000, -0.5113153000, 0.6936722000)
(0.5075738000, -0.5124387000, 0.6926467000)
(0.5049936000, -0.5136031000, 0.6936656000)
(0.5033458000, -0.5137552000, 0.6947623000)
(0.5015886000, -0.5144083000, 0.6955397000)
(0.5014696000, -0.5146494000, 0.6954443000)
(0.5039020000, -0.5128786000, 0.6950032000)
(0.5101650000, -0.5100459000, 0.6925116000)
(0.5094972000, -0.5097488000, 0.6932214000)
(0.5065652000, -0.5093607000, 0.6956495000)
(0.5059428000, -0.5113298000, 0.6946464000)
(0.5074989000, -0.5086470000, 0.6954850000)
(0.5054281000, -0.5088953000, 0.6968052000)
(0.5136350000, -0.5038230000, 0.6944969000)
(0.5196932000, -0.5021802000, 0.6911629000)
(0.5191862000, -0.5023825000, 0.6914098000)
(0.5103765000, -0.5036678000, 0.6969995000)
(0.5152115000, -0.5377351000, 0.6673748000)
(0.5013754000, -0.5544454000, 0.6642295000)
(0.5023497000, -0.5543381000, 0.6635810000)
(0.5011811000, -0.5506524000, 0.6675150000)
(0.5014633000, -0.5495775000, 0.6682034000)
(0.4963520000, -0.5462191000, 0.6747341000)
(0.4940176000, -0.5456718000, 0.6768778000)
(0.4941628000, -0.5459700000, 0.6765410000)
(0.4968744000, -0.5456048000, 0.6748531000)
(0.5013963000, -0.5403588000, 0.6757186000)
(0.5024617000, -0.5396203000, 0.6755264000)
(0.5018791000, -0.5391846000, 0.6762971000)
(0.4965565000, -0.5379432000, 0.6812075000)
(0.4951410000, -0.5370846000, 0.6829110000)
(0.4966380000, -0.5372781000, 0.6816649000)
(0.4995075000, -0.5367330000, 0.6799889000)
(0.5011590000, -0.5358323000, 0.6794904000)
(0.5012671000, -0.5352396000, 0.6798766000)
(0.5015609000, -0.5341452000, 0.6805317000)
(0.5017811000, -0.5357071000, 0.6791344000)
(0.5090644000, -0.5335509000, 0.6753997000)
(0.5101184000, -0.5320539000, 0.6757835000)
(0.5081258000, -0.5328335000, 0.6766720000)
(0.5018154000, -0.5353518000, 0.6793749000)
(0.5023460000, -0.5340698000, 0.6800090000)
(0.5020011000, -0.5339577000, 0.6803551000)
(0.5009388000, -0.5360016000, 0.6795219000)
(0.5008922000, -0.5355277000, 0.6799258000)
(0.4999737000, -0.5349795000, 0.6810340000)
(0.4999444000, -0.5370475000, 0.6794232000)
(0.5007235000, -0.5355822000, 0.6800082000)
(0.5014691000, -0.5349519000, 0.6799494000)
(0.5006623000, -0.5339803000, 0.6813132000)
(0.5013505000, -0.5336883000, 0.6810323000)
(0.5013949000, -0.5333365000, 0.6812794000)
(0.5013233000, -0.5336549000, 0.6810850000)
(0.5002302000, -0.5337387000, 0.6818253000)
(0.4992282000, -0.5334640000, 0.6827596000)
(0.4988120000, -0.5336865000, 0.6829040000)
(0.4987336000, -0.5334224000, 0.6831634000)
(0.5014930000, -0.5314965000, 0.6826419000)
(0.5024415000, -0.5314058000, 0.6820108000)
(0.5031320000, -0.5307800000, 0.6819959000)
(0.5033171000, -0.5305215000, 0.6820568000)
(0.5027706000, -0.5305614000, 0.6824365000)
(0.5027971000, -0.5306699000, 0.6823271000)
(0.5021521000, -0.5307552000, 0.6827415000)
(0.5023835000, -0.5311393000, 0.6822767000)
(0.5041587000, -0.5290885000, 0.6825554000)
(0.5051474000, -0.5287403000, 0.6820838000)
(0.5035288000, -0.5295756000, 0.6826375000)
(0.5012489000, -0.5297111000, 0.6842051000)
(0.4995127000, -0.5304364000, 0.6849136000)
(0.5012735000, -0.5296528000, 0.6842253000)
(0.5031813000, -0.5254673000, 0.6860572000)
(0.4986000000, -0.5275100000, 0.6878303000)
(0.4993504000, -0.5266385000, 0.6879529000)
(0.5044100000, -0.5246105000, 0.6858150000)
(0.5111609000, -0.5221477000, 0.6826964000)
(0.5115882000, -0.5216936000, 0.6827152000)
(0.5076329000, -0.5231045000, 0.6845828000)
(0.5128278000, -0.5204598000, 0.6827170000)
(0.5149488000, -0.5194079000, 0.6819197000)
(0.5123582000, -0.5200713000, 0.6833723000)
(0.4959329000, -0.5213083000, 0.6944630000)
(0.4921933000, -0.5212022000, 0.6971965000)
(0.4922242000, -0.5217030000, 0.6968039000)
(0.5022848000, -0.5186728000, 0.6918579000)
(0.5169124000, -0.5154045000, 0.6834750000)
(0.5166295000, -0.5151581000, 0.6838719000)
(0.5140903000, -0.5144736000, 0.6862947000)
(0.5102636000, -0.5151239000, 0.6886675000)
(0.5117937000, -0.5164627000, 0.6865187000)
(0.5062599000, -0.5141961000, 0.6923169000)
(0.5043385000, -0.5145690000, 0.6934408000)
(0.5050995000, -0.5166276000, 0.6913317000)
(0.5106736000, -0.5186136000, 0.6857488000)
(0.5122417000, -0.5185841000, 0.6845971000)
(0.5041393000, -0.5230197000, 0.6872262000)
(0.4800974000, -0.5407712000, 0.6906856000)
(0.4861250000, -0.5367727000, 0.6896064000)
(0.4833215000, -0.5372420000, 0.6912031000)
(0.4835405000, -0.5367869000, 0.6914096000)
(0.4910851000, -0.5334380000, 0.6886757000)
(0.4890279000, -0.5346805000, 0.6891607000)
(0.4832065000, -0.5371912000, 0.6913230000)
(0.4832348000, -0.5349770000, 0.6930180000)
(0.4836293000, -0.5325574000, 0.6945908000)
(0.5063026000, -0.5216584000, 0.6866673000)
(0.5070518000, -0.5217720000, 0.6860241000)
(0.5058798000, -0.5220559000, 0.6866695000)
(0.5049984000, -0.5222690000, 0.6871657000)
(0.5050368000, -0.5222695000, 0.6871390000)
(0.5003228000, -0.5230151000, 0.6900036000)
(0.4853059000, -0.5314143000, 0.6943129000)
(0.4823841000, -0.5213525000, 0.7039155000)
(0.0000000000, 0.0000000000, 0.0000000000)
(0.0000000000, 0.0000000000, 0.0000000000)
(0.0000000000, 0.0000000000, 0.0000000000)
(0.0000000000, 0.0000000000, 0.0000000000)
(0.0000000000, 0.0000000000, 0.0000000000)
(0.0000000000, 0.0000000000, 0.0000000000)
(0.0000000000, 0.0000000000, 0.0000000000)
(0.0000000000, 0.0000000000, 0.0000000000)
(0.0000000000, 0.0000000000, 0.0000000000)
(0.0000000000, 0.0000000000, 0.0000000000)
(0.4922896000, -0.5213227000, 0.6970434000)
(0.4940112000, -0.5267540000, 0.6917070000)
(0.4952683000, -0.5254084000, 0.6918464000)
(0.4867020000, -0.5412320000, 0.6857002000)
(0.4917550000, -0.5265137000, 0.6935024000)
(0.4875357000, -0.5292931000, 0.6943588000)
(0.4910086000, -0.5351277000, 0.6874020000)
(0.4921849000, -0.5258868000, 0.6936681000)
(0.4936166000, -0.5317296000, 0.6881704000)
(0.4839248000, -0.5296207000, 0.6966388000)
(0.4757236000, -0.5251723000, 0.7056060000)
(0.4753867000, -0.5259327000, 0.7052601000)
(0.4743153000, -0.5289081000, 0.7037491000)
(0.4772662000, -0.5292067000, 0.7015294000)
(0.4812056000, -0.5299581000, 0.6982519000)
(0.4815389000, -0.5320174000, 0.6964611000)
(0.4804361000, -0.5302408000, 0.6985732000)
(0.4849406000, -0.5274541000, 0.6975734000)
(0.5022315000, -0.5267924000, 0.6857344000)
(0.5020219000, -0.5268643000, 0.6858267000)
(0.5004642000, -0.5234984000, 0.6895531000)
(0.4906709000, -0.5233374000, 0.6966606000)
(0.4892767000, -0.5240119000, 0.6971296000)
(0.4898034000, -0.5233489000, 0.6972741000)
(0.4908002000, -0.5226275000, 0.6971160000)
(0.4912749000, -0.5221390000, 0.6971447000)
(0.4960860000, -0.5190563000, 0.6960402000)
(0.5032292000, -0.5174975000, 0.6920507000)
(0.5023848000, -0.5165127000, 0.6934080000)
(0.4999965000, -0.5171970000, 0.6946158000)
(0.4982687000, -0.5178673000, 0.6953613000)
(0.4925193000, -0.5204310000, 0.6975403000)
(0.4925028000, -0.5195833000, 0.6981761000)
(0.5002235000, -0.5157061000, 0.6955565000)
(0.5077084000, -0.5135863000, 0.6917037000)
(0.5134445000, -0.5100805000, 0.6900488000)
(0.5131765000, -0.5106884000, 0.6898085000)
(0.5062618000, -0.5154131000, 0.6914024000)
(0.4763972000, -0.5174320000, 0.7108322000)
(0.4772201000, -0.5182312000, 0.7096993000)
(0.5076036000, -0.5193744000, 0.6874490000)
(0.5115060000, -0.5310925000, 0.6754937000)
(0.5023412000, -0.5473089000, 0.6693985000)
(0.4906589000, -0.5392945000, 0.6843876000)
(0.4876906000, -0.5377281000, 0.6877442000)
(0.4838370000, -0.5367219000, 0.6912384000)
(0.4913784000, -0.5371445000, 0.6855599000)
(0.4918376000, -0.5369816000, 0.6853614000)
(0.4926649000, -0.5364550000, 0.6851981000)
(0.4929443000, -0.5349036000, 0.6861897000)
(0.4954888000, -0.5298861000, 0.6882480000)
(0.4959079000, -0.5297022000, 0.6880966000)
(0.4967763000, -0.5281209000, 0.6886821000)
(0.4961282000, -0.5287621000, 0.6886603000)
(0.4944627000, -0.5298616000, 0.6890015000)
(0.4935715000, -0.5297602000, 0.6897183000)
(0.4937849000, -0.5288611000, 0.6902726000)
(0.4938041000, -0.5280126000, 0.6909078000)
(0.4932862000, -0.5279824000, 0.6912846000)
(0.4942774000, -0.5275038000, 0.6909552000)
(0.4953698000, -0.5267705000, 0.6907359000)
(0.4955906000, -0.5271591000, 0.6902780000)
(0.4956909000, -0.5271128000, 0.6902474000)
(0.4967933000, -0.5256159000, 0.6905839000)
(0.4979857000, -0.5251382000, 0.6900848000)
(0.4996165000, -0.5233811000, 0.6902534000)
(0.4994390000, -0.5244450000, 0.6895705000)
(0.4960730000, -0.5250643000, 0.6915281000)
(0.4957721000, -0.5231837000, 0.6931627000)
(0.4974878000, -0.5233479000, 0.6918101000)
(0.4986974000, -0.5236171000, 0.6907364000)
(0.4962378000, -0.5251722000, 0.6913154000)
(0.4954579000, -0.5255184000, 0.6916192000)
(0.4931761000, -0.5266100000, 0.6924168000)
(0.4938238000, -0.5263261000, 0.6921779000)
(0.4940428000, -0.5259534000, 0.6922973000)
(0.4836993000, -0.5267969000, 0.6989216000)
(0.4833000000, -0.5271040000, 0.6989705000)
(0.4928815000, -0.5246810000, 0.6940826000)
(0.4965960000, -0.5233670000, 0.6924323000)
(0.4951015000, -0.5235726000, 0.6933373000)
(0.4950972000, -0.5245673000, 0.6925908000)
(0.4962612000, -0.5237570000, 0.6923791000)
(0.4972221000, -0.5234404000, 0.6919274000)
(0.4993594000, -0.5240480000, 0.6899355000)
(0.5017654000, -0.5230743000, 0.6889244000)
(0.4988229000, -0.5238664000, 0.6904422000)
(0.4949746000, -0.5237229000, 0.6933174000)
(0.4949584000, -0.5234774000, 0.6935315000)
(0.4962426000, -0.5223285000, 0.6934652000)
(0.4974016000, -0.5202978000, 0.6941559000)
(0.5086700000, -0.5207326000, 0.6856295000)
(0.5092325000, -0.5207055000, 0.6852204000)
(0.5095534000, -0.5215392000, 0.6843418000)
(0.4963385000, -0.5179377000, 0.6966904000)
(0.4846074000, -0.5140294000, 0.7077423000)
(0.4843164000, -0.5135212000, 0.7083163000)
(0.4862282000, -0.5136121000, 0.7069494000)
(0.4988737000, -0.5121882000, 0.6991214000)
(0.4991726000, -0.5101625000, 0.7003821000)
(0.5011705000, -0.5080171000, 0.7005309000)
(0.5029598000, -0.5055698000, 0.7010052000)
(0.5005509000, -0.5029654000, 0.7046064000)
(0.5096058000, -0.5010144000, 0.6994708000)
(0.5155706000, -0.5028358000, 0.6937880000)
(0.5128357000, -0.5023140000, 0.6961686000)
(0.5089124000, -0.4960298000, 0.7035269000)
(0.5098301000, -0.4977275000, 0.7016654000)
(0.5013863000, -0.5245777000, 0.6880552000)
(0.4853825000, -0.5685387000, 0.6642007000)
(0.4845877000, -0.5611176000, 0.6710451000)
(0.4863186000, -0.5615735000, 0.6694122000)
(0.4883446000, -0.5618323000, 0.6677166000)
(0.4861856000, -0.5611664000, 0.6698471000)
(0.4781304000, -0.5581987000, 0.6780713000)
(0.4925924000, -0.5582280000, 0.6676307000)
(0.4945162000, -0.5532386000, 0.6703503000)
(0.4952467000, -0.5513006000, 0.6714026000)
(0.4813650000, -0.5503355000, 0.6822006000)
(0.4947923000, -0.5484927000, 0.6740407000)
(0.4958167000, -0.5460040000, 0.6752973000)
(0.4949973000, -0.5462509000, 0.6757108000)
(0.4958752000, -0.5441498000, 0.6767543000)
(0.4863283000, -0.5411694000, 0.6860053000)
(0.4862638000, -0.5410246000, 0.6861715000)
(0.4827355000, -0.5396764000, 0.6897131000)
(0.4816048000, -0.5385633000, 0.6913625000)
(0.4853234000, -0.5374628000, 0.6896145000)
(0.4882851000, -0.5378387000, 0.6872271000)
(0.4889156000, -0.5361841000, 0.6880696000)
(0.4974168000, -0.5366555000, 0.6815810000)
(0.4986181000, -0.5372345000, 0.6802596000)
(0.4985260000, -0.5378644000, 0.6798325000)
(0.4924773000, -0.5387195000, 0.6835515000)
(0.4829474000, -0.5384209000, 0.6905498000)
(0.4853506000, -0.5381567000, 0.6890632000)
(0.4873241000, -0.5388989000, 0.6870886000)
(0.4895052000, -0.5381339000, 0.6861408000)
(0.4882657000, -0.5364563000, 0.6883184000)
(0.4859977000, -0.5349789000, 0.6910791000)
(0.4858408000, -0.5335973000, 0.6922537000)
(0.4877087000, -0.5325380000, 0.6917592000)
(0.4877488000, -0.5328597000, 0.6914744000)
(0.4883493000, -0.5328187000, 0.6910865000)
(0.4892458000, -0.5316133000, 0.6913742000)
(0.4894941000, -0.5309845000, 0.6916845000)
(0.4895813000, -0.5307524000, 0.6917975000)
(0.4911992000, -0.5285367000, 0.6923488000)
(0.4903245000, -0.5284250000, 0.6930572000)
(0.4894283000, -0.5284840000, 0.6936580000)
(0.4892268000, -0.5288868000, 0.6934758000)
(0.4865149000, -0.5303687000, 0.6942651000)
(0.4854590000, -0.5307886000, 0.6946882000)
(0.4874229000, -0.5306671000, 0.6933953000)
(0.4878506000, -0.5305855000, 0.6931621000)
(0.4879728000, -0.5300077000, 0.6935213000)
(0.4887035000, -0.5293383000, 0.6935078000)
(0.4893313000, -0.5280333000, 0.6940565000)
(0.4902205000, -0.5269963000, 0.6942223000)
(0.4901198000, -0.5262008000, 0.6948988000)
(0.4893321000, -0.5276310000, 0.6943704000)
(0.4891370000, -0.5256479000, 0.6960088000)
(0.4895899000, -0.5252652000, 0.6959746000)
(0.4907767000, -0.5245019000, 0.6957141000)
(0.4915662000, -0.5246055000, 0.6950701000)
(0.4913417000, -0.5240818000, 0.6956309000)
(0.4910467000, -0.5240152000, 0.6958851000)
(0.4895637000, -0.5239407000, 0.6969899000)
(0.4888724000, -0.5236657000, 0.6976898000)
(0.4877577000, -0.5238683000, 0.6983122000)
(0.4882492000, -0.5228423000, 0.6987262000)
(0.4887817000, -0.5222067000, 0.6988466000)
(0.4886448000, -0.5220659000, 0.6990446000)
(0.4902377000, -0.5203841000, 0.6991777000)
(0.4910162000, -0.5186757000, 0.6998956000)
(0.5027544000, -0.5151357000, 0.6941587000)
(0.5046849000, -0.5155754000, 0.6924332000)
(0.5053757000, -0.5140900000, 0.6930265000)
(0.5039181000, -0.5130612000, 0.6948552000)
(0.5089105000, -0.5134583000, 0.6909168000)
(0.5075048000, -0.5128158000, 0.6924257000)
(0.5098015000, -0.5087683000, 0.6937202000)
(0.4965307000, -0.5096552000, 0.7026422000)
(0.4991654000, -0.5076864000, 0.7021985000)
(0.5124146000, -0.5012576000, 0.6972580000)
(0.5094662000, -0.5101209000, 0.6929606000)
(0.5041515000, -0.5277969000, 0.6835435000)
(0.4897179000, -0.5437443000, 0.6815411000)
(0.4976745000, -0.5381025000, 0.6802643000)
(0.4973177000, -0.5374960000, 0.6809862000)
(0.4871375000, -0.5379447000, 0.6879733000)
(0.4893934000, -0.5376462000, 0.6865880000)
(0.4908268000, -0.5361368000, 0.6867522000)
(0.4916472000, -0.5329870000, 0.6886082000)
(0.4921582000, -0.5314698000, 0.6894142000)
(0.4921173000, -0.5314061000, 0.6895076000)
(0.4924053000, -0.5302255000, 0.6901996000)
(0.5058593000, -0.5269749000, 0.6829163000)
(0.5067767000, -0.5271701000, 0.6820942000)
(0.5074764000, -0.5253128000, 0.6830091000)
(0.5073376000, -0.5242898000, 0.6839030000)
(0.5075958000, -0.5233821000, 0.6843889000)
(0.5081241000, -0.5231264000, 0.6842135000)
(0.4947619000, -0.5290155000, 0.6894373000)
(0.4943924000, -0.5285158000, 0.6901003000)
(0.4957545000, -0.5278172000, 0.6896515000)
(0.4960258000, -0.5282145000, 0.6891518000)
(0.4954953000, -0.5281751000, 0.6895686000)
(0.4940761000, -0.5279921000, 0.6907279000)
(0.4915714000, -0.5283651000, 0.6922331000)
(0.4892627000, -0.5283785000, 0.6938422000)
(0.5052303000, -0.5211625000, 0.6878293000)
(0.5066158000, -0.5200207000, 0.6876866000)
(0.5063846000, -0.5207843000, 0.6872650000)
(0.5071429000, -0.5193709000, 0.6877751000)
(0.4963427000, -0.5222059000, 0.6934940000)
(0.5028051000, -0.5217142000, 0.6891867000)
(0.5074692000, -0.5184911000, 0.6881974000)
(0.5085595000, -0.5175404000, 0.6881162000)
(0.5082566000, -0.5184759000, 0.6876374000)
(0.4952610000, -0.5246065000, 0.6924622000)
(0.4952873000, -0.5242541000, 0.6927021000)
(0.5089992000, -0.5158720000, 0.6890375000)
(0.5093658000, -0.5150909000, 0.6893550000)
(0.5095698000, -0.5147070000, 0.6894981000)
(0.4994257000, -0.5171483000, 0.6950707000)
(0.5015877000, -0.5174085000, 0.6933195000)
(0.5045816000, -0.5150317000, 0.6929014000)
(0.5073690000, -0.5114090000, 0.6935653000)
(0.5091798000, -0.5096354000, 0.6935421000)
(0.5082716000, -0.5136227000, 0.6912493000)
(0.5092476000, -0.5158674000, 0.6888735000)
(0.4983711000, -0.5154678000, 0.6970751000)
(0.4991730000, -0.5147164000, 0.6970497000)
(0.4982534000, -0.5125571000, 0.6992868000)
(0.4962592000, -0.5117014000, 0.7013400000)
(0.4960697000, -0.5126430000, 0.7007813000)
(0.4967226000, -0.5123869000, 0.7005159000)
(0.4979742000, -0.5110247000, 0.7006054000)
(0.4982121000, -0.5105797000, 0.7007651000)
(0.4972651000, -0.5111678000, 0.7010143000)
(0.4964983000, -0.5105245000, 0.7020145000)
(0.4958962000, -0.5099199000, 0.7028956000)
(0.5045952000, -0.5206785000, 0.6886660000)
(0.4994206000, -0.5285324000, 0.6864560000)
(0.4992343000, -0.5264251000, 0.6882143000)
(0.4999492000, -0.5273322000, 0.6869860000)
(0.4954032000, -0.5288965000, 0.6890771000)
(0.4965222000, -0.5285819000, 0.6885045000)
(0.4922991000, -0.5283081000, 0.6917388000)
(0.4910325000, -0.5286259000, 0.6924015000)
(0.4928696000, -0.5273966000, 0.6920292000)
(0.4928232000, -0.5260542000, 0.6930926000)
(0.4906007000, -0.5253977000, 0.6951728000)
(0.4908445000, -0.5257766000, 0.6947075000)
(0.4897855000, -0.5263315000, 0.6950326000)
(0.4887459000, -0.5255352000, 0.6963579000)
(0.4893566000, -0.5256665000, 0.6958366000)
(0.4909214000, -0.5252912000, 0.6950071000)
(0.4914081000, -0.5247093000, 0.6951177000)
(0.4846950000, -0.5264174000, 0.6985341000)
(0.4974662000, -0.5182917000, 0.6956092000)
(0.5102560000, -0.5656961000, 0.6477777000)
(0.0000000000, 0.0000000000, 0.0000000000)
(0.0000000000, 0.0000000000, 0.0000000000)
(0.0000000000, 0.0000000000, 0.0000000000)
(0.0000000000, 0.0000000000, 0.0000000000)
(0.0000000000, 0.0000000000, 0.0000000000)
(0.0000000000, 0.0000000000, 0.0000000000)
(0.0000000000, 0.0000000000, 0.0000000000)
(0.0000000000, 0.0000000000, 0.0000000000)
(0.0000000000, 0.0000000000, 0.0000000000)
(0.4555316000, -0.5666616000, 0.6865593000)
(0.4596168000, -0.5433134000, 0.7025306000)
(0.4996146000, -0.5425683000, 0.6752633000)
(0.4557385000, -0.5406201000, 0.7071284000)
(0.4431661000, -0.5540358000, 0.7047311000)
(0.4523029000, -0.5379372000, 0.7113600000)
(0.4739775000, -0.5237796000, 0.7078106000)
(0.4686608000, -0.5350551000, 0.7028999000)
(0.4599040000, -0.5381650000, 0.7062880000)
(0.4930837000, -0.5106779000, 0.7043082000)
(0.5048824000, -0.4989866000, 0.7043279000)
(0.5025995000, -0.5132803000, 0.6956452000)
(0.4876013000, -0.5084333000, 0.7097452000)
(0.4870748000, -0.5115835000, 0.7078219000)
(0.4919777000, -0.5112371000, 0.7046851000)
(0.5044858000, -0.4988841000, 0.7046967000)
(0.4982627000, -0.5127479000, 0.6991432000)
(0.4983909000, -0.5085251000, 0.7021289000)
(0.4898823000, -0.5147837000, 0.7035576000)
(0.4960285000, -0.5140398000, 0.6997871000)
(0.4972078000, -0.5039568000, 0.7062547000)
(0.4973279000, -0.5107422000, 0.7012827000)
(0.4982318000, -0.4998676000, 0.7084330000)
(0.4866239000, -0.5133843000, 0.7068361000)
(0.4790001000, -0.5192426000, 0.7077710000)
(0.4777465000, -0.5186161000, 0.7090766000)
(0.4760225000, -0.5196838000, 0.7094434000)
(0.4862904000, -0.5137196000, 0.7068210000)
(0.4811195000, -0.5165022000, 0.7083356000)
(0.4709125000, -0.5173510000, 0.7145351000)
(0.4712008000, -0.5172944000, 0.7144008000)
(0.4716996000, -0.5174093000, 0.7139937000)
(0.4786626000, -0.5162198000, 0.7101988000)
(0.4833256000, -0.5149831000, 0.7079460000)
(0.4849046000, -0.5140603000, 0.7075300000)
(0.4859603000, -0.5140978000, 0.7067723000)
(0.4884125000, -0.5128542000, 0.7059869000)
(0.4895642000, -0.5122226000, 0.7056538000)
(0.4875214000, -0.5125505000, 0.7068263000)
(0.4844833000, -0.5118848000, 0.7093937000)
(0.4835678000, -0.5124009000, 0.7096480000)
(0.4877614000, -0.5105625000, 0.7080934000)
(0.4902147000, -0.5110052000, 0.7060735000)
(0.4902490000, -0.5105674000, 0.7063724000)
(0.4754854000, -0.5231710000, 0.7072381000)
(0.4760681000, -0.5284631000, 0.7028919000)
(0.4749100000, -0.5228802000, 0.7078514000)
(0.4783480000, -0.5229772000, 0.7054451000)
(0.4908361000, -0.5217729000, 0.6977324000)
(0.4901918000, -0.5208538000, 0.6988726000)
(0.4910944000, -0.5201550000, 0.6987398000)
(0.4921362000, -0.5199323000, 0.6981812000)
(0.4919185000, -0.5193961000, 0.6987234000)
(0.4910607000, -0.5195283000, 0.6992426000)
(0.4906647000, -0.5195221000, 0.6995218000)
(0.4904752000, -0.5195209000, 0.6996537000)
(0.4960914000, -0.5181430000, 0.6967116000)
(0.4964510000, -0.5181520000, 0.6964573000)
(0.4940732000, -0.5186032000, 0.6977941000)
(0.5070145000, -0.5151209000, 0.6910673000)
(0.5065076000, -0.5146721000, 0.6917641000)
(0.5049993000, -0.5157652000, 0.6920522000)
(0.4929608000, -0.5196207000, 0.6978403000)
(0.4944246000, -0.5186296000, 0.6975317000)
(0.4943098000, -0.5193559000, 0.6970827000)
(0.5001409000, -0.5175490000, 0.6942635000)
(0.5030129000, -0.5173001000, 0.6923671000)
(0.5026316000, -0.5164058000, 0.6933149000)
(0.4935944000, -0.5197282000, 0.6973063000)
(0.4917392000, -0.5198277000, 0.6985394000)
(0.4894533000, -0.5190977000, 0.7006766000)
(0.4908400000, -0.5178456000, 0.7006318000)
(0.4937458000, -0.5169647000, 0.6992452000)
(0.4969651000, -0.5135180000, 0.6995167000)
(0.5054504000, -0.5128823000, 0.6938751000)
(0.5054486000, -0.5123883000, 0.6942359000)
(0.5018042000, -0.5124125000, 0.6968473000)
(0.5008268000, -0.5186809000, 0.6929219000)
(0.4997561000, -0.5194570000, 0.6930935000)
(0.4995615000, -0.5207517000, 0.6922609000)
(0.5007935000, -0.5196611000, 0.6922078000)
(0.4807767000, -0.5260268000, 0.7015327000)
(0.4848908000, -0.5234517000, 0.7006106000)
(0.4863478000, -0.5217287000, 0.7008835000)
(0.4864351000, -0.5214603000, 0.7010205000)
(0.4864231000, -0.5207776000, 0.7015498000)
(0.4873893000, -0.5197271000, 0.7016498000)
(0.4985134000, -0.5169674000, 0.6958645000)
(0.5008453000, -0.5156349000, 0.6951600000)
(0.5013725000, -0.5147713000, 0.6954206000)
(0.4983855000, -0.5150083000, 0.6974037000)
(0.4854030000, -0.5147225000, 0.7066980000)
(0.4860359000, -0.5139491000, 0.7068244000)
(0.4867230000, -0.5132332000, 0.7068720000)
(0.4887666000, -0.5130793000, 0.7055708000)
(0.4912430000, -0.5133486000, 0.7036616000)
(0.4945070000, -0.5129142000, 0.7016779000)
(0.4921952000, -0.5115932000, 0.7042842000)
(0.4912275000, -0.5084809000, 0.7072011000)
(0.4915406000, -0.5071741000, 0.7079154000)
(0.5006163000, -0.5102187000, 0.6993097000)
(0.5007406000, -0.5094835000, 0.6997613000)
(0.5018582000, -0.5094069000, 0.6990197000)
(0.4941710000, -0.5096311000, 0.7043047000)
(0.4952669000, -0.5084134000, 0.7044126000)
(0.4960563000, -0.5075803000, 0.7044756000)
(0.4958894000, -0.5073906000, 0.7047276000)
(0.4931045000, -0.5076475000, 0.7064881000)
(0.4909668000, -0.5080778000, 0.7076733000)
(0.4915414000, -0.5076854000, 0.7075415000)
(0.4928616000, -0.5081573000, 0.7062837000)
(0.4952958000, -0.5065678000, 0.7057379000)
(0.4949858000, -0.5056217000, 0.7066207000)
(0.4938231000, -0.5054364000, 0.7075614000)
(0.4934970000, -0.5056612000, 0.7076433000)
(0.4951424000, -0.5041077000, 0.7075938000)
(0.4953917000, -0.5037401000, 0.7076914000)
(0.4951825000, -0.5035906000, 0.7079450000)
(0.4924155000, -0.5028253000, 0.7104173000)
(0.4913222000, -0.5021253000, 0.7116617000)
(0.4963020000, -0.5004511000, 0.7093769000)
(0.5040735000, -0.4996001000, 0.7044714000)
(0.5062186000, -0.5013297000, 0.7017034000)
(0.5088143000, -0.5084054000, 0.6947099000)
(0.5075601000, -0.5167354000, 0.6894521000)
(0.5070714000, -0.5160878000, 0.6903060000)
(0.4804353000, -0.5259698000, 0.7018001000)
(0.4902826000, -0.5221318000, 0.6978543000)
(0.4871716000, -0.5228466000, 0.6994855000)
(0.4884813000, -0.5228259000, 0.6985936000)
(0.4890078000, -0.5223308000, 0.6985906000)
(0.4900870000, -0.5211801000, 0.6986875000)
(0.4905113000, -0.5208734000, 0.6986144000)
(0.4908004000, -0.5217190000, 0.6977991000)
(0.4927980000, -0.5209796000, 0.6969354000)
(0.4927252000, -0.5204715000, 0.6973566000)
(0.4913990000, -0.5205100000, 0.6982666000)
(0.4904321000, -0.5202780000, 0.6991277000)
(0.4905116000, -0.5200127000, 0.6992648000)
(0.4905132000, -0.5200325000, 0.6992498000)
(0.4919989000, -0.5184485000, 0.6993786000)
(0.5041541000, -0.5145809000, 0.6935589000)
(0.5036898000, -0.5142901000, 0.6941121000)
(0.5030939000, -0.5145029000, 0.6943733000)
(0.4902569000, -0.5149484000, 0.7031779000)
(0.4918210000, -0.5141957000, 0.7026442000)
(0.4937323000, -0.5145308000, 0.7010553000)
(0.4938338000, -0.5145229000, 0.7009926000)
(0.4967239000, -0.5142906000, 0.6991203000)
(0.5075531000, -0.5126797000, 0.6924859000)
(0.5076795000, -0.5127667000, 0.6923350000)
(0.5082519000, -0.5109190000, 0.6932614000)
(0.4939846000, -0.5145828000, 0.7008437000)
(0.5095610000, -0.5088676000, 0.6938107000)
(0.5099862000, -0.5092704000, 0.6932222000)
(0.5121158000, -0.5047957000, 0.6949084000)
(0.4862479000, -0.5116543000, 0.7083507000)
(0.4870191000, -0.5109561000, 0.7083261000)
(0.4954940000, -0.5083202000, 0.7043251000)
(0.4983215000, -0.5076619000, 0.7028062000)
(0.4976533000, -0.5076216000, 0.7033018000)
(0.4970873000, -0.5074499000, 0.7038352000)
(0.4970787000, -0.5076194000, 0.7037178000)
(0.4977152000, -0.5071902000, 0.7035891000)
(0.4984265000, -0.5073856000, 0.7029356000)
(0.4989454000, -0.5080780000, 0.7020717000)
(0.4988294000, -0.5083255000, 0.7019747000)
(0.4987500000, -0.5078173000, 0.7023968000)
(0.4975585000, -0.5077956000, 0.7032619000)
(0.4985499000, -0.5092142000, 0.7015180000)
(0.5037012000, -0.5087103000, 0.6981975000)
(0.5027500000, -0.5054502000, 0.7012508000)
(0.4927212000, -0.5074578000, 0.7068899000)
(0.5034472000, -0.5131754000, 0.6951193000)
(0.5091329000, -0.5178521000, 0.6874524000)
(0.5036659000, -0.5203038000, 0.6896405000)
(0.4841954000, -0.5243781000, 0.7004055000)
(0.4854419000, -0.5233734000, 0.7002987000)
(0.4986541000, -0.5180863000, 0.6949139000)
(0.5018371000, -0.5170579000, 0.6933977000)
(0.5005788000, -0.5158647000, 0.6951994000)
(0.4997096000, -0.5139239000, 0.6972605000)
(0.4949490000, -0.5154178000, 0.6995488000)
(0.4917015000, -0.5153562000, 0.7018605000)
(0.4941819000, -0.5149620000, 0.7004130000)
(0.4986660000, -0.5154538000, 0.6968683000)
(0.4994454000, -0.5143359000, 0.6971389000)
(0.4974122000, -0.5120975000, 0.7002237000)
(0.4986295000, -0.5099987000, 0.7008910000)
(0.5007774000, -0.5093543000, 0.6998279000)
(0.4996558000, -0.5087948000, 0.7010370000)
(0.4975112000, -0.5097215000, 0.7018902000)
(0.4973456000, -0.5087868000, 0.7026786000)
(0.4972903000, -0.5082722000, 0.7030956000)
(0.4910719000, -0.5075013000, 0.7079991000)
(0.4900835000, -0.5064017000, 0.7094838000)
(0.4981773000, -0.5206844000, 0.6933081000)
(0.4989961000, -0.5158817000, 0.6963059000)
(0.5001983000, -0.5162949000, 0.6951513000)
(0.4872763000, -0.5181324000, 0.7029169000)
(0.4856190000, -0.5187087000, 0.7036425000)
(0.4862919000, -0.5190487000, 0.7029085000)
(0.4858129000, -0.5189684000, 0.7032975000)
(0.4851352000, -0.5177910000, 0.7046459000)
(0.4850149000, -0.5185956000, 0.7041427000)
(0.4867849000, -0.5174872000, 0.7037274000)
(0.4876503000, -0.5166429000, 0.7037445000)
(0.4873162000, -0.5161596000, 0.7043279000)
(0.4879102000, -0.5188651000, 0.7019235000)
(0.4897890000, -0.5185497000, 0.7008564000)
(0.4902197000, -0.5184768000, 0.7006100000)
(0.4891320000, -0.5185201000, 0.7013314000)
(0.4898574000, -0.5183820000, 0.7009321000)
(0.5001958000, -0.5213285000, 0.6913785000)
(0.4882682000, -0.5224907000, 0.6989913000)
(0.4784441000, -0.5232039000, 0.7052196000)
(0.4787264000, -0.5230507000, 0.7051355000)
(0.4848242000, -0.5228292000, 0.7011284000)
(0.4840502000, -0.5227982000, 0.7016835000)
(0.4841876000, -0.5230138000, 0.7014310000)
(0.4876549000, -0.5203738000, 0.7009813000)
(0.4922090000, -0.5146623000, 0.7020166000)
(0.4797877000, -0.5196094000, 0.7069534000)
(0.4787236000, -0.5196321000, 0.7076705000)
(0.4865968000, -0.5147297000, 0.7058671000)
(0.4954402000, -0.5088100000, 0.7040237000)
(0.4957136000, -0.5067605000, 0.7053050000)
(0.4948409000, -0.5070007000, 0.7057360000)
(0.4969831000, -0.5033527000, 0.7068436000)
(0.4972000000, -0.5040523000, 0.7061839000)
(0.5038306000, -0.5014422000, 0.7033503000)
(0.5001532000, -0.5382578000, 0.6783109000)
(0.0000000000, 0.0000000000, 0.0000000000)
(0.0000000000, 0.0000000000, 0.0000000000)
(0.0000000000, 0.0000000000, 0.0000000000)
(0.0000000000, 0.0000000000, 0.0000000000)
(0.0000000000, 0.0000000000, 0.0000000000)
(0.0000000000, 0.0000000000, 0.0000000000)
(0.0000000000, 0.0000000000, 0.0000000000)
(0.0000000000, 0.0000000000, 0.0000000000)
(0.0000000000, 0.0000000000, 0.0000000000)
(0.0000000000, 0.0000000000, 0.0000000000)
(0.0000000000, 0.0000000000, 0.0000000000)
(0.4791847000, -0.5186598000, 0.7080674000)
(0.4934020000, -0.4951219000, 0.7151128000)
(0.5030871000, -0.4895872000, 0.7121645000)
(0.5016932000, -0.5001532000, 0.7057967000)
(0.5001994000, -0.4957102000, 0.7099646000)
(0.4934450000, -0.5014230000, 0.7106754000)
(0.4890064000, -0.5136184000, 0.7050120000)
(0.4939866000, -0.5101790000, 0.7040490000)
(0.4987723000, -0.5030045000, 0.7058243000)
(0.5014960000, -0.5028319000, 0.7040251000)
(0.5000337000, -0.5076653000, 0.7015911000)
(0.5020048000, -0.4992848000, 0.7061828000)
(0.4977967000, -0.5060928000, 0.7043180000)
(0.4931849000, -0.5094798000, 0.7051078000)
(0.4933410000, -0.5099655000, 0.7046483000)
(0.4933267000, -0.5098218000, 0.7047638000)
(0.4947083000, -0.5085438000, 0.7047135000)
(0.5034756000, -0.5013248000, 0.7036829000)
(0.5063028000, -0.4946073000, 0.7064078000)
(0.4926709000, -0.5119095000, 0.7037214000)
(0.4786735000, -0.5187122000, 0.7083659000)
(0.4806429000, -0.5166209000, 0.7085674000)
(0.4811147000, -0.5161079000, 0.7086126000)
(0.4795051000, -0.5183161000, 0.7081007000)
(0.4788301000, -0.5179583000, 0.7088268000)
(0.4908131000, -0.5115681000, 0.7052525000)
(0.4847393000, -0.5135726000, 0.7079928000)
(0.4847230000, -0.5136558000, 0.7079428000)
(0.4919378000, -0.5110952000, 0.7048184000)
(0.4952845000, -0.5038890000, 0.7076516000)
(0.4921257000, -0.5068765000, 0.7077297000)
(0.4880771000, -0.5102884000, 0.7080708000)
(0.4823700000, -0.5160887000, 0.7077819000)
(0.4820031000, -0.5166157000, 0.7076536000)
(0.4819812000, -0.5167331000, 0.7075828000)
(0.4816464000, -0.5163614000, 0.7080826000)
(0.4866032000, -0.5125253000, 0.7074657000)
(0.4897233000, -0.5102741000, 0.7069435000)
(0.4944904000, -0.5062038000, 0.7065614000)
(0.4940269000, -0.5068678000, 0.7063997000)
(0.4917842000, -0.5088053000, 0.7065865000)
(0.4867143000, -0.5106071000, 0.7087805000)
(0.4969587000, -0.5012836000, 0.7083386000)
(0.5072646000, -0.4969657000, 0.7040451000)
(0.5071488000, -0.5001327000, 0.7018985000)
(0.4880449000, -0.5081650000, 0.7096326000)
(0.4853038000, -0.5089829000, 0.7109120000)
(0.4870153000, -0.5075589000, 0.7107636000)
(0.4861749000, -0.5074074000, 0.7114523000)
(0.4842395000, -0.5151768000, 0.7071753000)
(0.4872755000, -0.5128912000, 0.7067358000)
(0.4887845000, -0.5100499000, 0.7077547000)
(0.4923304000, -0.5084448000, 0.7064486000)
(0.4926521000, -0.5077400000, 0.7067367000)
(0.4943971000, -0.5063733000, 0.7065019000)
(0.4938236000, -0.5071387000, 0.7063426000)
(0.4950830000, -0.5071596000, 0.7054577000)
(0.4933518000, -0.5093240000, 0.7051059000)
(0.4909780000, -0.5104444000, 0.7059536000)
(0.4904172000, -0.5112759000, 0.7057379000)
(0.4914176000, -0.5105340000, 0.7055845000)
(0.4945588000, -0.5084562000, 0.7048788000)
(0.4951901000, -0.5070887000, 0.7054361000)
(0.4954308000, -0.5070816000, 0.7052743000)
(0.4946793000, -0.5068150000, 0.7059877000)
(0.4941867000, -0.5070064000, 0.7061882000)
(0.4942391000, -0.5064077000, 0.7065872000)
(0.4940921000, -0.5063826000, 0.7067064000)
(0.4952467000, -0.5063440000, 0.7059159000)
(0.4954777000, -0.5062063000, 0.7058551000)
(0.4880030000, -0.5097021000, 0.7085460000)
(0.4873482000, -0.5105183000, 0.7084063000)
(0.4908994000, -0.5089034000, 0.7071252000)
(0.4910364000, -0.5061688000, 0.7089914000)
(0.5032308000, -0.5001279000, 0.7047172000)
(0.5011023000, -0.5023133000, 0.7046623000)
(0.5011249000, -0.5002037000, 0.7061602000)
(0.4922454000, -0.5054580000, 0.7086512000)
(0.4919404000, -0.5053170000, 0.7089635000)
(0.4910853000, -0.5050823000, 0.7097242000)
(0.4913153000, -0.5041136000, 0.7102478000)
(0.4923731000, -0.5044955000, 0.7092619000)
(0.4935556000, -0.5045236000, 0.7084042000)
(0.4924169000, -0.5049754000, 0.7088820000)
(0.4915275000, -0.5060795000, 0.7087164000)
(0.4916137000, -0.5057691000, 0.7088635000)
(0.4924535000, -0.5055962000, 0.7084076000)
(0.4919506000, -0.5057057000, 0.7086744000)
(0.4914077000, -0.5045187000, 0.7099099000)
(0.4899705000, -0.5061036000, 0.7097757000)
(0.4878463000, -0.5066098000, 0.7108753000)
(0.4875304000, -0.5059128000, 0.7115762000)
(0.4927830000, -0.5025308000, 0.7103564000)
(0.4932826000, -0.5021297000, 0.7103016000)
(0.5123577000, -0.4985099000, 0.6992584000)
(0.5093639000, -0.4970237000, 0.7024882000)
(0.5108801000, -0.4975052000, 0.7010532000)
(0.5104823000, -0.4980525000, 0.7009436000)
(0.4976614000, -0.5053640000, 0.7049342000)
(0.5000299000, -0.5033458000, 0.7046952000)
(0.5011790000, -0.5022730000, 0.7046358000)
(0.4974682000, -0.5046777000, 0.7055638000)
(0.4941776000, -0.5064773000, 0.7065762000)
(0.4957690000, -0.5056104000, 0.7060831000)
(0.4987194000, -0.5047144000, 0.7046521000)
(0.5057461000, -0.4970899000, 0.7050615000)
(0.5024999000, -0.5033910000, 0.7029113000)
(0.5056790000, -0.5049626000, 0.6994911000)
(0.5024592000, -0.5041662000, 0.7023806000)
(0.4907904000, -0.5100508000, 0.7063672000)
(0.4893026000, -0.5107700000, 0.7068740000)
(0.4896851000, -0.5102847000, 0.7069612000)
(0.4942315000, -0.5082209000, 0.7052957000)
(0.4952554000, -0.5067090000, 0.7056641000)
(0.4934061000, -0.5081815000, 0.7058952000)
(0.4927527000, -0.5082882000, 0.7062677000)
(0.5004956000, -0.5025315000, 0.7049416000)
(0.5050337000, -0.4991997000, 0.7040729000)
(0.5049784000, -0.4984477000, 0.7046536000)
(0.5023700000, -0.4994161000, 0.7058204000)
(0.5008585000, -0.5001004000, 0.7064116000)
(0.5029366000, -0.4986102000, 0.7059869000)
(0.5042156000, -0.4983361000, 0.7052804000)
(0.5035999000, -0.4987815000, 0.7054064000)
(0.5005958000, -0.4992642000, 0.7071950000)
(0.4974420000, -0.4987020000, 0.7098213000)
(0.4953673000, -0.4984849000, 0.7114085000)
(0.5056688000, -0.5045977000, 0.6997611000)
(0.5109574000, -0.5005999000, 0.6987888000)
(0.5095633000, -0.5008211000, 0.6996586000)
(0.4966923000, -0.5068366000, 0.7045538000)
(0.4954577000, -0.5064421000, 0.7057124000)
(0.4993365000, -0.5052412000, 0.7038392000)
(0.4983990000, -0.5055967000, 0.7042492000)
(0.4965196000, -0.5066326000, 0.7048190000)
(0.4944327000, -0.5073585000, 0.7057765000)
(0.4907374000, -0.5077037000, 0.7081002000)
(0.4891841000, -0.5084822000, 0.7086092000)
(0.4892244000, -0.5096461000, 0.7077395000)
(0.4931040000, -0.5074027000, 0.7066618000)
(0.4939115000, -0.5078526000, 0.7057794000)
(0.4945484000, -0.5063529000, 0.7064024000)
(0.4929063000, -0.5070337000, 0.7070648000)
(0.4930017000, -0.5053613000, 0.7081882000)
(0.4964304000, -0.5051677000, 0.7059389000)
(0.4972639000, -0.5049853000, 0.7054760000)
(0.4968388000, -0.5051076000, 0.7057011000)
(0.4926850000, -0.5073213000, 0.7070103000)
(0.4924174000, -0.5063314000, 0.7079130000)
(0.4928759000, -0.5063367000, 0.7075905000)
(0.4842294000, -0.5093005000, 0.7114156000)
(0.4946723000, -0.5045683000, 0.7076075000)
(0.5013792000, -0.5097651000, 0.6991082000)
(0.4903252000, -0.5110067000, 0.7059945000)
(0.4869510000, -0.5101351000, 0.7089560000)
(0.0000000000, 0.0000000000, 0.0000000000)
(0.0000000000, 0.0000000000, 0.0000000000)
(0.0000000000, 0.0000000000, 0.0000000000)
(0.0000000000, 0.0000000000, 0.0000000000)
(0.0000000000, 0.0000000000, 0.0000000000)
(0.0000000000, 0.0000000000, 0.0000000000)
(0.0000000000, 0.0000000000, 0.0000000000)
(0.0000000000, 0.0000000000, 0.0000000000)
(0.0000000000, 0.0000000000, 0.0000000000)
(0.0000000000, 0.0000000000, 0.0000000000)
(0.4877831000, -0.5195367000, 0.7015144000)
(0.4774399000, -0.5224679000, 0.7064545000)
(0.4799088000, -0.5198690000, 0.7066908000)
(0.4671978000, -0.5413799000, 0.6990025000)
(0.4697599000, -0.5368919000, 0.7007619000)
(0.4779776000, -0.5281303000, 0.7018534000)
(0.4830700000, -0.5159869000, 0.7073805000)
(0.4852614000, -0.5150613000, 0.7065588000)
(0.4849217000, -0.5211771000, 0.7022831000)
(0.4844745000, -0.5179504000, 0.7049696000)
(0.4835701000, -0.5103279000, 0.7111310000)
(0.4899066000, -0.5106969000, 0.7065073000)
(0.4913587000, -0.5147955000, 0.7025192000)
(0.4918364000, -0.5101765000, 0.7055506000)
(0.4831651000, -0.5156503000, 0.7075608000)
(0.4901316000, -0.5157612000, 0.7026675000)
(0.4873202000, -0.5185242000, 0.7025899000)
(0.4926168000, -0.5086406000, 0.7061226000)
(0.4865383000, -0.5164020000, 0.7046857000)
(0.4843503000, -0.5135340000, 0.7082926000)
(0.4870433000, -0.5149758000, 0.7053905000)
(0.4824932000, -0.5128792000, 0.7100287000)
(0.4766839000, -0.5092869000, 0.7165126000)
(0.4815221000, -0.5105309000, 0.7123778000)
(0.4807429000, -0.5107332000, 0.7127481000)
(0.4804676000, -0.5107991000, 0.7128909000)
(0.4869181000, -0.5096559000, 0.7093255000)
(0.4857436000, -0.5120072000, 0.7084357000)
(0.4835780000, -0.5101612000, 0.7112457000)
(0.4880163000, -0.5087939000, 0.7091902000)
(0.4910795000, -0.5078340000, 0.7077674000)
(0.4904946000, -0.5076821000, 0.7082816000)
(0.4917314000, -0.5075006000, 0.7075583000)
(0.4920647000, -0.5065258000, 0.7080120000)
(0.4925276000, -0.5062028000, 0.7079278000)
(0.4939072000, -0.5067505000, 0.7065777000)
(0.4955306000, -0.5053307000, 0.7064598000)
(0.4958877000, -0.5059204000, 0.7057881000)
(0.4940566000, -0.5050802000, 0.7076614000)
(0.4929502000, -0.5058729000, 0.7078741000)
(0.4919676000, -0.5052350000, 0.7090141000)
(0.4881466000, -0.5128821000, 0.7061423000)
(0.4860048000, -0.5151071000, 0.7060113000)
(0.4861258000, -0.5104695000, 0.7092847000)
(0.4886941000, -0.5096321000, 0.7081160000)
(0.4922970000, -0.5090583000, 0.7060419000)
(0.4930288000, -0.5093424000, 0.7053102000)
(0.4946102000, -0.5085751000, 0.7047727000)
(0.4959518000, -0.5082040000, 0.7040933000)
(0.4974551000, -0.5088189000, 0.7025858000)
(0.4958407000, -0.5091039000, 0.7035176000)
(0.4939486000, -0.5093434000, 0.7046729000)
(0.4936690000, -0.5093223000, 0.7048822000)
(0.4934742000, -0.5098285000, 0.7046511000)
(0.4941028000, -0.5086136000, 0.7050949000)
(0.4894944000, -0.5101889000, 0.7071600000)
(0.4876553000, -0.5105953000, 0.7081367000)
(0.4877265000, -0.5107609000, 0.7079675000)
(0.4908522000, -0.5122114000, 0.7047577000)
(0.4857471000, -0.5149903000, 0.7062748000)
(0.4801071000, -0.5147902000, 0.7102731000)
(0.4811578000, -0.5146717000, 0.7096317000)
(0.4932274000, -0.5120965000, 0.7031791000)
(0.4944755000, -0.5118672000, 0.7024828000)
(0.4939646000, -0.5120658000, 0.7026933000)
(0.4939036000, -0.5120273000, 0.7027628000)
(0.4944187000, -0.5120339000, 0.7024008000)
