437.9632000000
437.9740000000
437.9852000000
437.9962000000
438.0076000000
438.0223000000
438.0340000000
438.0441000000
438.0546000000
438.0641000000
438.0740000000
438.0841000000
438.0936000000
438.1035000000
438.1139000000
438.1250000000
438.1361000000
438.1472000000
438.1584000000
438.1694000000
438.1805000000
438.1918000000
438.2028000000
438.2140000000
438.2249000000
438.2362000000
438.2472000000
438.2583000000
438.2695000000
438.2805000000
438.2917000000
438.3027000000
438.3139000000
438.3250000000
438.3360000000
438.3472000000
438.3582000000
438.3693000000
438.3805000000
438.3915000000
438.4026000000
438.4140000000
438.4254000000
438.4366000000
438.4479000000
438.4593000000
438.4708000000
438.4820000000
438.4932000000
438.5045000000
438.5159000000
438.5273000000
438.5386000000
438.5499000000
438.5612000000
438.5726000000
438.5840000000
438.5952000000
438.6065000000
438.6181000000
438.6292000000
438.6402000000
438.6513000000
438.6624000000
438.6734000000
438.6851000000
438.6957000000
438.7068000000
438.7180000000
438.7290000000
438.7402000000
438.7512000000
438.7623000000
438.7734000000
438.7850000000
438.7957000000
438.8067000000
438.8179000000
438.8290000000
438.8403000000
438.8512000000
438.8624000000
438.8734000000
438.8853000000
438.8957000000
438.9074000000
438.9179000000
438.9289000000
438.9402000000
438.9513000000
438.9623000000
438.9733000000
438.9851000000
438.9956000000
439.0067000000
439.0177000000
439.0289000000
439.0399000000
439.0511000000
439.0623000000
439.0733000000
439.0845000000
439.0957000000
439.1066000000
439.1177000000
439.1289000000
439.1399000000
439.1511000000
439.1621000000
439.1733000000
439.1845000000
439.1955000000
439.2065000000
439.2177000000
439.2289000000
439.2399000000
439.2512000000
439.2621000000
439.2732000000
439.2843000000
439.2954000000
439.3065000000
439.3177000000
439.3289000000
439.3398000000
439.3509000000
439.3624000000
439.3735000000
439.3842000000
439.3955000000
439.4066000000
439.4176000000
439.4288000000
439.4397000000
439.4509000000
439.4621000000
439.4731000000
439.4843000000
439.4953000000
439.5065000000
439.5177000000
439.5286000000
439.5397000000
439.5510000000
439.5621000000
439.5730000000
439.5844000000
439.5952000000
439.6063000000
439.6177000000
439.6286000000
439.6397000000
439.6508000000
439.6620000000
439.6730000000
439.6842000000
439.6953000000
439.7063000000
439.7175000000
439.7286000000
439.7397000000
439.7507000000
439.7618000000
439.7729000000
439.7840000000
439.7952000000
439.8062000000
439.8175000000
439.8285000000
439.8396000000
439.8509000000
439.8619000000
439.8730000000
439.8841000000
439.8951000000
439.9068000000
439.9174000000
439.9284000000
439.9395000000
439.9512000000
439.9617000000
439.9728000000
439.9840000000
439.9951000000
440.0068000000
440.0172000000
440.0285000000
440.0395000000
440.0506000000
440.0618000000
440.0728000000
440.0840000000
440.0951000000
440.1061000000
440.1172000000
440.1283000000
440.1396000000
440.1506000000
440.1617000000
440.1728000000
440.1840000000
440.1950000000
440.2061000000
440.2171000000
440.2283000000
440.2394000000
440.2506000000
440.2616000000
440.2727000000
440.2839000000
440.2950000000
440.3060000000
440.3173000000
440.3284000000
440.3396000000
440.3505000000
440.3616000000
440.3726000000
440.3837000000
440.3949000000
440.4061000000
440.4171000000
440.4282000000
440.4393000000
440.4504000000
440.4616000000
440.4726000000
440.4838000000
440.4949000000
440.5060000000
440.5170000000
440.5281000000
440.5392000000
440.5503000000
440.5614000000
440.5726000000
440.5838000000
440.5948000000
440.6058000000
440.6171000000
440.6281000000
440.6392000000
440.6505000000
440.6614000000
440.6725000000
440.6836000000
440.6947000000
440.7058000000
440.7169000000
440.7282000000
440.7393000000
440.7503000000
440.7615000000
440.7724000000
440.7836000000
440.7948000000
440.8058000000
440.8168000000
440.8279000000
440.8393000000
440.8502000000
440.8614000000
440.8724000000
440.8835000000
440.8947000000
440.9058000000
440.9168000000
440.9281000000
440.9391000000
440.9502000000
440.9614000000
440.9723000000
440.9835000000
440.9949000000
441.0057000000
441.0169000000
441.0278000000
441.0389000000
441.0501000000
441.0613000000
441.0725000000
441.0833000000
441.0945000000
441.1056000000
441.1168000000
441.1278000000
441.1389000000
441.1500000000
441.1611000000
441.1724000000
441.1834000000
441.1946000000
441.2055000000
441.2166000000
441.2278000000
441.2390000000
441.2500000000
441.2611000000
441.2723000000
441.2835000000
441.2945000000
441.3056000000
441.3166000000
441.3277000000
441.3388000000
441.3502000000
441.3610000000
441.3721000000
441.3833000000
441.3946000000
441.4055000000
441.4167000000
441.4278000000
441.4388000000
441.4501000000
441.4610000000
441.4720000000
441.4832000000
441.4943000000
441.5056000000
441.5165000000
441.5276000000
441.5387000000
441.5498000000
441.5609000000
441.5720000000
441.5834000000
441.5943000000
441.6054000000
441.6166000000
441.6277000000
441.6386000000
441.6498000000
441.6609000000
441.6719000000
441.6831000000
441.6947000000
441.7053000000
441.7166000000
441.7276000000
441.7388000000
441.7497000000
441.7608000000
441.7721000000
441.7831000000
441.7947000000
441.8053000000
441.8165000000
441.8275000000
441.8387000000
441.8497000000
441.8609000000
441.8719000000
441.8830000000
441.8945000000
441.9053000000
441.9163000000
441.9274000000
441.9385000000
441.9498000000
441.9608000000
441.9719000000
441.9831000000
441.9944000000
442.0053000000
442.0163000000
442.0274000000
442.0385000000
442.0497000000
442.0609000000
442.0719000000
442.0829000000
442.0942000000
442.1051000000
442.1161000000
442.1274000000
442.1385000000
442.1495000000
442.1606000000
442.1719000000
442.1829000000
442.1943000000
442.2053000000
442.2162000000
442.2272000000
442.2388000000
442.2495000000
442.2605000000
442.2717000000
442.2828000000
442.2942000000
442.3050000000
442.3160000000
442.3272000000
442.3383000000
442.3498000000
442.3607000000
442.3717000000
442.3828000000
442.3942000000
442.4051000000
442.4160000000
442.4273000000
442.4382000000
442.4493000000
442.4606000000
442.4716000000
442.4826000000
442.4942000000
442.5049000000
442.5162000000
442.5271000000
442.5384000000
442.5493000000
442.5605000000
442.5716000000
442.5826000000
442.5941000000
442.6049000000
442.6159000000
442.6271000000
442.6381000000
442.6493000000
442.6603000000
442.6716000000
442.6826000000
442.6939000000
442.7049000000
442.7161000000
442.7271000000
442.7382000000
442.7492000000
442.7604000000
442.7717000000
442.7825000000
442.7940000000
442.8047000000
442.8159000000
442.8272000000
442.8381000000
442.8492000000
442.8604000000
442.8714000000
442.8824000000
442.8938000000
442.9048000000
442.9158000000
442.9269000000
442.9382000000
442.9492000000
442.9603000000
442.9713000000
442.9826000000
442.9936000000
443.0048000000
443.0159000000
443.0269000000
443.0384000000
443.0490000000
443.0602000000
443.0721000000
443.0824000000
443.0936000000
443.1051000000
443.1157000000
443.1269000000
443.1382000000
443.1491000000
443.1602000000
443.1712000000
443.1824000000
443.1937000000
443.2046000000
443.2156000000
443.2268000000
443.2379000000
443.2491000000
443.2602000000
443.2712000000
443.2824000000
443.2936000000
443.3046000000
443.3156000000
443.3267000000
443.3380000000
443.3489000000
443.3600000000
443.3712000000
443.3822000000
443.3934000000
443.4046000000
443.4156000000
443.4266000000
443.4378000000
443.4489000000
443.4600000000
443.4711000000
443.4824000000
443.4933000000
443.5044000000
443.5157000000
443.5268000000
443.5378000000
443.5489000000
443.5599000000
443.5712000000
443.5822000000
443.5934000000
443.6046000000
443.6158000000
443.6265000000
443.6376000000
443.6487000000
443.6599000000
443.6710000000
443.6821000000
443.6931000000
443.7045000000
443.7154000000
443.7265000000
443.7376000000
443.7487000000
443.7599000000
443.7711000000
443.7821000000
443.7932000000
443.8043000000
443.8156000000
443.8265000000
443.8376000000
443.8490000000
443.8599000000
443.8711000000
443.8820000000
443.8931000000
443.9043000000
443.9155000000
443.9265000000
443.9375000000
443.9486000000
443.9599000000
443.9709000000
443.9819000000
443.9931000000
444.0043000000
444.0153000000
444.0264000000
444.0377000000
444.0486000000
444.0598000000
444.0709000000
444.0819000000
444.0930000000
444.1041000000
444.1152000000
444.1264000000
444.1375000000
444.1487000000
444.1598000000
444.1709000000
444.1819000000
444.1929000000
444.2041000000
444.2153000000
444.2263000000
444.2375000000
444.2486000000
444.2597000000
444.2707000000
444.2817000000
444.2929000000
444.3041000000
444.3151000000
444.3262000000
444.3374000000
444.3484000000
444.3596000000
444.3707000000
444.3818000000
444.3929000000
444.4039000000
444.4150000000
444.4263000000
444.4373000000
444.4485000000
444.4596000000
444.4706000000
444.4818000000
444.4929000000
444.5045000000
444.5150000000
444.5261000000
444.5373000000
444.5483000000
444.5594000000
444.5707000000
444.5816000000
444.5930000000
444.6039000000
444.6150000000
444.6265000000
444.6371000000
444.6483000000
444.6594000000
444.6706000000
444.6818000000
444.6929000000
444.7039000000
444.7151000000
444.7260000000
444.7371000000
444.7482000000
444.7594000000
444.7705000000
444.7816000000
444.7926000000
444.8039000000
444.8149000000
444.8259000000
444.8371000000
444.8483000000
444.8593000000
444.8704000000
444.8815000000
444.8927000000
444.9037000000
444.9148000000
444.9261000000
444.9371000000
444.9481000000
444.9592000000
444.9703000000
444.9815000000
444.9926000000
445.0038000000
445.0148000000
445.0260000000
445.0370000000
445.0481000000
445.0594000000
445.0703000000
445.0815000000
445.0925000000
445.1036000000
445.1147000000
445.1258000000
445.1369000000
445.1482000000
445.1599000000
445.1704000000
445.1813000000
445.1926000000
445.2036000000
445.2150000000
445.2259000000
445.2369000000
445.2480000000
445.2592000000
445.2703000000
445.2813000000
445.2924000000
445.3036000000
445.3147000000
445.3257000000
445.3368000000
445.3479000000
445.3604000000
445.3701000000
445.3812000000
445.3923000000
445.4037000000
445.4145000000
445.4258000000
445.4367000000
445.4478000000
445.4590000000
445.4702000000
445.4811000000
445.4922000000
445.5035000000
445.5145000000
445.5256000000
445.5367000000
445.5478000000
445.5590000000
445.5701000000
445.5812000000
445.5923000000
445.6034000000
445.6144000000
445.6257000000
445.6366000000
445.6478000000
445.6589000000
445.6700000000
445.6811000000
445.6923000000
445.7036000000
445.7144000000
445.7255000000
445.7366000000
445.7477000000
445.7588000000
445.7700000000
445.7813000000
445.7921000000
445.8034000000
445.8148000000
445.8254000000
445.8367000000
445.8477000000
445.8588000000
445.8698000000
445.8810000000
445.8921000000
445.9035000000
445.9144000000
445.9254000000
445.9366000000
445.9476000000
445.9587000000
445.9700000000
445.9810000000
445.9921000000
446.0032000000
446.0142000000
446.0255000000
446.0366000000
446.0478000000
446.0587000000
446.0699000000
446.0809000000
446.0921000000
446.1032000000
446.1142000000
446.1254000000
446.1365000000
446.1475000000
446.1589000000
446.1697000000
446.1809000000
446.1920000000
446.2031000000
446.2143000000
446.2252000000
446.2366000000
446.2476000000
446.2587000000
446.2698000000
446.2808000000
446.2919000000
446.3030000000
446.3141000000
446.3252000000
446.3367000000
446.3474000000
446.3588000000
446.3697000000
446.3807000000
446.3918000000
446.4033000000
446.4141000000
446.4252000000
446.4362000000
446.4474000000
446.4585000000
446.4696000000
446.4807000000
446.4918000000
446.5029000000
446.5140000000
446.5251000000
446.5366000000
446.5473000000
446.5586000000
446.5695000000
446.5807000000
446.5919000000
446.6028000000
446.6139000000
446.6250000000
446.6362000000
446.6472000000
446.6585000000
446.6696000000
446.6806000000
446.6917000000
446.7028000000
446.7140000000
446.7251000000
446.7367000000
446.7472000000
446.7584000000
446.7696000000
446.7806000000
446.7916000000
446.8029000000
446.8139000000
446.8250000000
446.8362000000
446.8472000000
446.8583000000
446.8696000000
446.8805000000
446.8917000000
446.9027000000
446.9139000000
446.9250000000
446.9367000000
446.9472000000
446.9583000000
446.9694000000
446.9805000000
446.9916000000
447.0027000000
447.0138000000
447.0250000000
447.0361000000
447.0471000000
447.0585000000
447.0694000000
447.0804000000
447.0915000000
447.1027000000
447.1137000000
447.1249000000
447.1361000000
447.1470000000
447.1583000000
447.1693000000
447.1805000000
447.1916000000
447.2026000000
447.2137000000
447.2249000000
447.2358000000
447.2471000000
447.2581000000
447.2692000000
447.2803000000
447.2914000000
447.3027000000
447.3136000000
447.3247000000
447.3360000000
447.3469000000
447.3581000000
447.3693000000
447.3802000000
447.3916000000
447.4026000000
447.4135000000
447.4248000000
447.4359000000
447.4468000000
447.4581000000
447.4692000000
447.4801000000
447.4913000000
447.5027000000
447.5135000000
447.5246000000
447.5357000000
447.5468000000
447.5586000000
447.5690000000
447.5801000000
447.5911000000
447.6026000000
447.6134000000
447.6247000000
447.6356000000
447.6469000000
447.6579000000
447.6689000000
447.6801000000
447.6913000000
447.7024000000
447.7138000000
447.7246000000
447.7356000000
447.7467000000
447.7579000000
447.7691000000
447.7801000000
447.7912000000
447.8028000000
447.8133000000
447.8245000000
447.8361000000
447.8466000000
447.8578000000
447.8690000000
447.8800000000
447.8912000000
447.9025000000
447.9134000000
447.9244000000
447.9355000000
447.9465000000
447.9579000000
447.9689000000
447.9800000000
447.9910000000
448.0025000000
448.0132000000
448.0250000000
448.0355000000
448.0465000000
448.0577000000
448.0692000000
448.0798000000
448.0911000000
448.1024000000
448.1133000000
448.1244000000
448.1357000000
448.1465000000
448.1576000000
448.1687000000
448.1799000000
448.1910000000
448.2024000000
448.2137000000
448.2242000000
448.2354000000
448.2466000000
448.2576000000
448.2689000000
448.2798000000
448.2909000000
448.3022000000
448.3131000000
448.3242000000
448.3353000000
448.3465000000
448.3578000000
448.3686000000
448.3797000000
448.3909000000
448.4023000000
448.4131000000
448.4243000000
448.4353000000
448.4464000000
448.4576000000
448.4686000000
448.4797000000
448.4912000000
448.5022000000
448.5130000000
448.5242000000
448.5352000000
448.5464000000
448.5574000000
448.5687000000
448.5798000000
448.5907000000
448.6021000000
448.6129000000
448.6241000000
448.6351000000
448.6463000000
448.6574000000
448.6685000000
448.6796000000
448.6909000000
448.7020000000
448.7128000000
448.7240000000
448.7354000000
448.7462000000
448.7574000000
448.7685000000
448.7795000000
448.7907000000
448.8019000000
448.8128000000
448.8239000000
448.8350000000
448.8462000000
448.8573000000
448.8685000000
448.8795000000
448.8907000000
448.9017000000
448.9133000000
448.9240000000
448.9349000000
448.9461000000
448.9574000000
448.9683000000
448.9794000000
448.9905000000
449.0021000000
449.0128000000
449.0239000000
449.0349000000
449.0462000000
449.0572000000
449.0687000000
449.0795000000
449.0905000000
449.1018000000
449.1127000000
449.1240000000
449.1349000000
449.1460000000
449.1573000000
449.1683000000
449.1793000000
449.1906000000
449.2017000000
449.2126000000
449.2238000000
449.2349000000
449.2461000000
449.2570000000
449.2683000000
449.2793000000
449.2903000000
449.3014000000
449.3125000000
449.3236000000
449.3347000000
449.3459000000
449.3572000000
449.3682000000
449.3792000000
449.3906000000
449.4016000000
449.4126000000
449.4236000000
449.4347000000
449.4458000000
449.4570000000
449.4681000000
449.4792000000
449.4903000000
449.5015000000
449.5126000000
449.5237000000
449.5347000000
449.5457000000
449.5571000000
449.5680000000
449.5792000000
449.5902000000
449.6013000000
449.6124000000
449.6236000000
449.6346000000
449.6457000000
449.6568000000
449.6682000000
449.6790000000
449.6906000000
449.7013000000
449.7124000000
449.7235000000
449.7347000000
449.7458000000
449.7568000000
449.7679000000
449.7790000000
449.7901000000
449.8013000000
449.8124000000
449.8235000000
449.8347000000
449.8459000000
449.8569000000
449.8679000000
449.8789000000
449.8901000000
449.9012000000
449.9124000000
449.9234000000
449.9344000000
449.9456000000
449.9570000000
449.9679000000
449.9791000000
449.9901000000
450.0011000000
450.0123000000
450.0235000000
450.0345000000
450.0457000000
450.0566000000
450.0680000000
450.0788000000
450.0900000000
450.1011000000
450.1122000000
450.1233000000
450.1346000000
450.1456000000
450.1566000000
450.1677000000
450.1788000000
450.1900000000
450.2010000000
450.2122000000
450.2232000000
450.2343000000
450.2455000000
450.2566000000
450.2676000000
450.2787000000
450.2900000000
450.3014000000
450.3121000000
450.3232000000
450.3344000000
450.3453000000
450.3566000000
450.3677000000
450.3788000000
450.3899000000
450.4009000000
450.4120000000
450.4231000000
450.4343000000
450.4455000000
450.4565000000
450.4678000000
450.4786000000
450.4898000000
450.5010000000
450.5120000000
450.5232000000
450.5343000000
450.5453000000
450.5566000000
450.5675000000
450.5788000000
450.5899000000
450.6010000000
450.6119000000
450.6231000000
450.6342000000
450.6453000000
450.6565000000
450.6676000000
450.6786000000
450.6898000000
450.7008000000
450.7119000000
450.7229000000
450.7342000000
450.7452000000
450.7565000000
450.7673000000
450.7785000000
450.7898000000
450.8009000000
450.8118000000
450.8235000000
450.8342000000
450.8451000000
450.8565000000
450.8673000000
450.8784000000
450.8896000000
450.9007000000
450.9119000000
450.9229000000
450.9341000000
450.9451000000
450.9563000000
450.9673000000
450.9784000000
450.9896000000
451.0006000000
451.0117000000
451.0229000000
451.0340000000
451.0450000000
451.0561000000
451.0675000000
451.0784000000
451.0896000000
451.1007000000
451.1116000000
451.1228000000
451.1341000000
451.1451000000
451.1562000000
451.1675000000
451.1784000000
451.1894000000
451.2007000000
451.2117000000
451.2230000000
451.2339000000
451.2451000000
451.2568000000
451.2672000000
451.2782000000
451.2895000000
451.3008000000
451.3116000000
451.3228000000
451.3337000000
451.3450000000
451.3561000000
451.3673000000
451.3784000000
451.3894000000
451.4005000000
451.4116000000
451.4226000000
451.4338000000
451.4448000000
451.4559000000
451.4672000000
451.4783000000
451.4893000000
451.5004000000
451.5114000000
451.5228000000
451.5338000000
451.5448000000
451.5559000000
451.5670000000
451.5782000000
451.5893000000
451.6003000000
451.6114000000
451.6227000000
451.6336000000
451.6449000000
451.6558000000
451.6670000000
451.6781000000
451.6894000000
451.7003000000
451.7118000000
451.7225000000
451.7342000000
451.7448000000
451.7559000000
451.7670000000
451.7780000000
451.7892000000
451.8003000000
451.8113000000
451.8224000000
451.8337000000
451.8450000000
451.8559000000
451.8670000000
451.8781000000
451.8893000000
451.9004000000
451.9114000000
451.9227000000
451.9336000000
451.9446000000
451.9558000000
451.9672000000
451.9780000000
451.9891000000
452.0002000000
452.0115000000
452.0224000000
452.0340000000
452.0446000000
452.0557000000
452.0670000000
452.0779000000
452.0892000000
452.1001000000
452.1114000000
452.1226000000
452.1336000000
452.1445000000
452.1559000000
452.1669000000
452.1779000000
452.1890000000
452.2001000000
452.2113000000
452.2223000000
452.2335000000
452.2445000000
452.2556000000
452.2668000000
452.2777000000
452.2889000000
452.2999000000
452.3113000000
452.3222000000
452.3333000000
452.3444000000
452.3557000000
452.3667000000
452.3777000000
452.3888000000
452.4000000000
452.4112000000
452.4221000000
452.4335000000
452.4444000000
452.4556000000
452.4667000000
452.4776000000
452.4888000000
452.4999000000
452.5111000000
452.5221000000
452.5333000000
452.5444000000
452.5555000000
452.5666000000
452.5778000000
452.5888000000
452.5999000000
452.6114000000
452.6222000000
452.6331000000
452.6444000000
452.6554000000
452.6668000000
452.6776000000
452.6888000000
452.7000000000
452.7112000000
452.7221000000
452.7331000000
452.7442000000
452.7552000000
452.7669000000
452.7776000000
452.7886000000
452.7998000000
452.8110000000
452.8219000000
452.8336000000
452.8441000000
452.8552000000
452.8663000000
452.8774000000
452.8885000000
452.8997000000
452.9117000000
452.9219000000
452.9331000000
452.9441000000
452.9552000000
452.9665000000
452.9775000000
452.9885000000
452.9997000000
453.0110000000
453.0222000000
453.0329000000
453.0441000000
453.0552000000
453.0666000000
453.0774000000
453.0886000000
453.0996000000
453.1108000000
453.1219000000
453.1331000000
453.1440000000
453.1552000000
453.1663000000
453.1774000000
453.1885000000
453.1997000000
453.2106000000
453.2217000000
453.2328000000
453.2442000000
453.2551000000
453.2663000000
453.2773000000
453.2884000000
453.2995000000
453.3106000000
453.3218000000
453.3329000000
453.3440000000
453.3552000000
453.3663000000
453.3772000000
453.3887000000
453.3996000000
453.4105000000
453.4217000000
453.4328000000
453.4438000000
453.4550000000
453.4661000000
453.4771000000
453.4883000000
453.4995000000
453.5104000000
453.5216000000
453.5327000000
453.5438000000
453.5550000000
453.5660000000
453.5772000000
453.5883000000
453.5993000000
453.6106000000
453.6216000000
453.6326000000
453.6437000000
453.6549000000
453.6660000000
453.6772000000
453.6883000000
453.6995000000
453.7105000000
453.7217000000
453.7327000000
453.7438000000
453.7549000000
453.7660000000
453.7773000000
453.7882000000
453.7994000000
453.8107000000
453.8215000000
453.8326000000
453.8439000000
453.8548000000
453.8660000000
453.8772000000
453.8888000000
453.8993000000
453.9105000000
453.9214000000
453.9325000000
453.9436000000
453.9547000000
453.9659000000
453.9768000000
453.9880000000
453.9991000000
454.0102000000
454.0215000000
454.0328000000
454.0436000000
454.0547000000
454.0658000000
454.0769000000
454.0880000000
454.0991000000
454.1102000000
454.1212000000
454.1325000000
454.1435000000
454.1546000000
454.1658000000
454.1770000000
454.1879000000
454.1990000000
454.2102000000
454.2213000000
454.2323000000
454.2438000000
454.2545000000
454.2656000000
454.2767000000
454.2880000000
454.2989000000
454.3104000000
454.3212000000
454.3324000000
454.3434000000
454.3546000000
454.3656000000
454.3767000000
454.3878000000
454.3989000000
454.4101000000
454.4215000000
454.4322000000
454.4434000000
454.4545000000
454.4659000000
454.4767000000
454.4880000000
454.4989000000
454.5099000000
454.5218000000
454.5321000000
454.5433000000
454.5543000000
454.5655000000
454.5768000000
454.5879000000
454.5988000000
454.6099000000
454.6215000000
454.6321000000
454.6434000000
454.6544000000
454.6654000000
454.6766000000
454.6878000000
454.6988000000
454.7098000000
454.7210000000
454.7321000000
454.7432000000
454.7543000000
454.7654000000
454.7765000000
454.7875000000
454.7988000000
454.8098000000
454.8211000000
454.8323000000
454.8432000000
454.8543000000
454.8654000000
454.8765000000
454.8876000000
454.8987000000
454.9099000000
454.9208000000
454.9319000000
454.9431000000
454.9544000000
454.9652000000
454.9763000000
454.9875000000
454.9986000000
455.0097000000
455.0210000000
455.0319000000
455.0430000000
455.0542000000
455.0654000000
455.0763000000
455.0874000000
455.0985000000
455.1099000000
455.1208000000
455.1320000000
455.1432000000
455.1541000000
455.1652000000
455.1767000000
455.1873000000
455.1985000000
455.2097000000
455.2208000000
455.2320000000
455.2434000000
455.2541000000
455.2653000000
455.2763000000
455.2876000000
455.2985000000
455.3097000000
455.3207000000
455.3320000000
455.3430000000
455.3543000000
455.3653000000
455.3763000000
455.3873000000
455.3985000000
455.4097000000
455.4208000000
455.4319000000
455.4429000000
455.4540000000
455.4651000000
455.4761000000
455.4873000000
455.4984000000
455.5097000000
455.5208000000
455.5317000000
455.5428000000
455.5538000000
455.5653000000
455.5762000000
455.5874000000
455.5983000000
455.6095000000
455.6206000000
455.6316000000
455.6427000000
455.6539000000
455.6651000000
455.6761000000
455.6871000000
455.6983000000
455.7094000000
455.7206000000
455.7317000000
455.7426000000
455.7539000000
455.7650000000
455.7761000000
455.7872000000
455.7983000000
455.8095000000
455.8204000000
455.8317000000
455.8429000000
455.8537000000
455.8649000000
455.8761000000
455.8872000000
455.8983000000
455.9094000000
455.9204000000
455.9315000000
455.9427000000
455.9537000000
455.9648000000
455.9760000000
455.9870000000
455.9982000000
456.0095000000
456.0203000000
456.0315000000
456.0431000000
456.0536000000
456.0649000000
456.0759000000
456.0870000000
456.0981000000
456.1093000000
456.1204000000
456.1313000000
456.1424000000
456.1535000000
456.1647000000
456.1758000000
456.1871000000
456.1981000000
456.2092000000
456.2203000000
456.2314000000
456.2425000000
456.2536000000
456.2649000000
456.2757000000
456.2868000000
456.2981000000
456.3091000000
456.3203000000
456.3313000000
456.3426000000
456.3536000000
456.3646000000
456.3756000000
456.3868000000
456.3979000000
456.4090000000
456.4203000000
456.4312000000
456.4423000000
456.4535000000
456.4647000000
456.4758000000
456.4867000000
456.4978000000
456.5100000000
456.5209000000
456.5312000000
456.5424000000
456.5533000000
456.5646000000
456.5757000000
456.5866000000
456.5980000000
456.6089000000
456.6203000000
456.6311000000
456.6422000000
456.6534000000
456.6646000000
456.6757000000
456.6868000000
456.6979000000
456.7089000000
456.7202000000
456.7312000000
456.7423000000
456.7533000000
456.7645000000
456.7755000000
456.7867000000
456.7978000000
456.8092000000
456.8204000000
456.8312000000
456.8427000000
456.8536000000
456.8644000000
456.8755000000
456.8867000000
456.8979000000
456.9088000000
456.9203000000
456.9310000000
456.9422000000
456.9532000000
456.9643000000
456.9755000000
456.9865000000
456.9977000000
457.0090000000
457.0202000000
457.0310000000
457.0421000000
457.0532000000
457.0643000000
457.0754000000
457.0865000000
457.0976000000
457.1086000000
457.1205000000
457.1310000000
457.1421000000
457.1530000000
457.1643000000
457.1754000000
457.1864000000
457.1975000000
457.2086000000
457.2200000000
457.2309000000
457.2419000000
457.2530000000
457.2641000000
457.2753000000
457.2865000000
457.2977000000
457.3086000000
457.3197000000
457.3308000000
457.3421000000
457.3529000000
457.3641000000
457.3760000000
457.3863000000
457.3975000000
457.4085000000
457.4197000000
457.4309000000
457.4419000000
457.4530000000
457.4644000000
457.4751000000
457.4862000000
457.4975000000
457.5085000000
457.5197000000
457.5307000000
457.5419000000
457.5529000000
457.5641000000
457.5751000000
457.5863000000
457.5975000000
457.6086000000
457.6195000000
457.6306000000
457.6418000000
457.6529000000
457.6640000000
457.6753000000
457.6861000000
457.6972000000
457.7087000000
457.7195000000
457.7306000000
457.7417000000
457.7528000000
457.7638000000
457.7751000000
457.7861000000
457.7971000000
457.8083000000
457.8194000000
457.8306000000
457.8416000000
457.8528000000
457.8638000000
457.8751000000
457.8860000000
457.8972000000
457.9086000000
457.9195000000
457.9304000000
457.9416000000
457.9526000000
457.9637000000
457.9749000000
457.9864000000
457.9971000000
458.0086000000
458.0193000000
458.0304000000
458.0416000000
458.0527000000
458.0638000000
458.0750000000
458.0859000000
458.0970000000
458.1082000000
458.1194000000
458.1305000000
458.1416000000
458.1526000000
458.1638000000
458.1748000000
458.1859000000
458.1974000000
458.2083000000
458.2194000000
458.2305000000
458.2415000000
458.2527000000
458.2637000000
458.2749000000
458.2859000000
458.2970000000
458.3081000000
458.3192000000
458.3303000000
458.3417000000
458.3525000000
458.3637000000
458.3748000000
458.3859000000
458.3971000000
458.4081000000
458.4191000000
458.4302000000
458.4414000000
458.4525000000
458.4635000000
458.4746000000
458.4858000000
458.4968000000
458.5079000000
458.5197000000
458.5306000000
458.5413000000
458.5523000000
458.5635000000
458.5745000000
458.5856000000
458.5967000000
458.6081000000
458.6190000000
458.6301000000
458.6411000000
458.6523000000
458.6635000000
458.6746000000
458.6859000000
458.6967000000
458.7080000000
458.7189000000
458.7303000000
458.7413000000
458.7524000000
458.7634000000
458.7748000000
458.7859000000
458.7967000000
458.8078000000
458.8189000000
458.8300000000
458.8413000000
458.8525000000
458.8633000000
458.8746000000
458.8855000000
458.8968000000
458.9079000000
458.9189000000
458.9301000000
458.9410000000
458.9521000000
458.9633000000
458.9744000000
458.9855000000
458.9967000000
459.0079000000
459.0189000000
459.0299000000
459.0410000000
459.0521000000
459.0632000000
459.0746000000
459.0855000000
459.0965000000
459.1078000000
459.1189000000
459.1299000000
459.1412000000
459.1522000000
459.1632000000
459.1743000000
459.1854000000
459.1965000000
459.2077000000
459.2188000000
459.2299000000
459.2412000000
459.2520000000
459.2631000000
459.2744000000
459.2854000000
459.2964000000
459.3077000000
459.3188000000
459.3298000000
459.3411000000
459.3520000000
459.3631000000
459.3742000000
459.3853000000
459.3964000000
459.4077000000
459.4186000000
459.4300000000
459.4409000000
459.4520000000
459.4631000000
459.4741000000
459.4854000000
459.4964000000
459.5076000000
459.5185000000
459.5296000000
459.5409000000
459.5521000000
459.5631000000
459.5742000000
459.5852000000
459.5963000000
459.6077000000
459.6186000000
459.6296000000
459.6407000000
459.6519000000
459.6630000000
459.6743000000
459.6851000000
459.6963000000
459.7074000000
459.7185000000
459.7296000000
459.7409000000
459.7518000000
459.7629000000
459.7741000000
459.7852000000
459.7962000000
459.8073000000
459.8184000000
459.8296000000
459.8406000000
459.8517000000
459.8629000000
459.8740000000
459.8850000000
459.8963000000
459.9073000000
459.9185000000
459.9295000000
459.9406000000
459.9517000000
459.9628000000
459.9741000000
459.9850000000
459.9960000000
460.0074000000
460.0184000000
460.0295000000
460.0405000000
460.0516000000
460.0627000000
460.0738000000
460.0852000000
460.0960000000
460.1071000000
460.1194000000
460.1300000000
460.1405000000
460.1515000000
460.1627000000
460.1739000000
460.1850000000
460.1960000000
460.2071000000
460.2182000000
460.2295000000
460.2406000000
460.2516000000
460.2626000000
460.2737000000
460.2848000000
460.2960000000
460.3071000000
460.3181000000
460.3295000000
460.3405000000
460.3515000000
460.3625000000
460.3737000000
460.3847000000
460.3960000000
460.4070000000
460.4185000000
460.4294000000
460.4404000000
460.4515000000
460.4625000000
460.4738000000
460.4847000000
460.4958000000
460.5071000000
460.5181000000
460.5294000000
460.5402000000
460.5516000000
460.5626000000
460.5738000000
460.5847000000
460.5957000000
460.6070000000
460.6180000000
460.6294000000
460.6403000000
460.6515000000
460.6624000000
460.6736000000
460.6846000000
460.6957000000
460.7070000000
460.7180000000
460.7293000000
460.7404000000
460.7513000000
460.7624000000
460.7735000000
460.7847000000
460.7957000000
460.8068000000
460.8179000000
460.8291000000
460.8401000000
460.8513000000
460.8624000000
460.8735000000
460.8846000000
460.8957000000
460.9068000000
460.9178000000
460.9291000000
460.9401000000
460.9511000000
460.9622000000
460.9734000000
460.9845000000
460.9956000000
461.0070000000
461.0179000000
461.0289000000
461.0401000000
461.0515000000
461.0622000000
461.0733000000
461.0844000000
461.0955000000
461.1066000000
461.1178000000
461.1289000000
461.1407000000
461.1510000000
461.1622000000
461.1734000000
461.1844000000
461.1954000000
461.2067000000
461.2178000000
461.2289000000
461.2400000000
461.2509000000
461.2621000000
461.2734000000
461.2843000000
461.2954000000
461.3066000000
461.3177000000
461.3289000000
461.3400000000
461.3509000000
461.3622000000
461.3732000000
461.3842000000
461.3955000000
461.4066000000
461.4175000000
461.4287000000
461.4398000000
461.4513000000
461.4621000000
461.4732000000
461.4843000000
461.4954000000
461.5066000000
461.5175000000
461.5287000000
461.5397000000
461.5509000000
461.5621000000
461.5731000000
461.5841000000
461.5953000000
461.6064000000
461.6175000000
461.6288000000
461.6399000000
461.6508000000
461.6620000000
461.6731000000
461.6841000000
461.6953000000
461.7064000000
461.7177000000
461.7286000000
461.7397000000
461.7508000000
461.7619000000
461.7731000000
461.7842000000
461.7954000000
461.8064000000
461.8177000000
461.8288000000
461.8397000000
461.8508000000
461.8619000000
461.8730000000
461.8841000000
461.8957000000
461.9063000000
461.9174000000
461.9285000000
461.9397000000
461.9508000000
461.9618000000
461.9730000000
461.9840000000
461.9951000000
462.0065000000
462.0173000000
462.0285000000
462.0397000000
462.0506000000
462.0617000000
462.0733000000
462.0839000000
462.0951000000
462.1068000000
462.1173000000
462.1284000000
462.1400000000
462.1505000000
462.1617000000
462.1729000000
462.1839000000
462.1951000000
462.2062000000
462.2173000000
462.2284000000
462.2395000000
462.2506000000
462.2617000000
462.2728000000
462.2839000000
462.2949000000
462.3062000000
462.3171000000
462.3282000000
462.3396000000
462.3505000000
462.3616000000
462.3727000000
462.3839000000
462.3950000000
462.4061000000
462.4172000000
462.4283000000
462.4394000000
462.4505000000
462.4615000000
462.4726000000
462.4837000000
462.4948000000
462.5061000000
462.5170000000
462.5283000000
462.5393000000
462.5504000000
462.5616000000
462.5728000000
462.5836000000
462.5948000000
462.6059000000
462.6170000000
462.6281000000
462.6393000000
462.6504000000
462.6616000000
462.6727000000
462.6836000000
462.6947000000
462.7060000000
462.7169000000
462.7282000000
462.7392000000
462.7503000000
462.7614000000
462.7725000000
462.7837000000
462.7950000000
462.8058000000
462.8172000000
462.8282000000
462.8392000000
462.8503000000
462.8614000000
462.8725000000
462.8838000000
462.8950000000
462.9058000000
462.9169000000
462.9280000000
462.9392000000
462.9502000000
462.9613000000
462.9727000000
462.9834000000
462.9950000000
463.0059000000
463.0168000000
463.0279000000
463.0392000000
463.0501000000
463.0613000000
463.0724000000
463.0834000000
463.0946000000
463.1058000000
463.1169000000
463.1279000000
463.1389000000
463.1501000000
463.1611000000
463.1723000000
463.1833000000
463.1948000000
463.2058000000
463.2167000000
463.2279000000
463.2389000000
463.2501000000
463.2611000000
463.2722000000
463.2833000000
463.2944000000
463.3057000000
463.3169000000
463.3277000000
463.3391000000
463.3501000000
463.3614000000
463.3721000000
463.3838000000
463.3943000000
463.4056000000
463.4167000000
463.4278000000
463.4389000000
463.4501000000
463.4611000000
463.4726000000
463.4832000000
463.4943000000
463.5058000000
463.5165000000
463.5280000000
463.5388000000
463.5498000000
463.5611000000
463.5723000000
463.5832000000
463.5942000000
463.6053000000
463.6166000000
463.6277000000
463.6388000000
463.6498000000
463.6611000000
463.6721000000
463.6831000000
463.6944000000
463.7054000000
463.7165000000
463.7276000000
463.7388000000
463.7499000000
463.7616000000
463.7721000000
463.7832000000
463.7942000000
463.8053000000
463.8165000000
463.8275000000
463.8387000000
463.8498000000
463.8608000000
463.8720000000
463.8832000000
463.8941000000
463.9052000000
463.9163000000
463.9276000000
463.9385000000
463.9497000000
463.9608000000
463.9720000000
463.9829000000
463.9943000000
464.0052000000
464.0162000000
464.0275000000
464.0385000000
464.0497000000
464.0608000000
464.0718000000
464.0829000000
464.0940000000
464.1055000000
464.1165000000
464.1276000000
464.1385000000
464.1496000000
464.1608000000
464.1720000000
464.1829000000
464.1940000000
464.2053000000
464.2163000000
464.2273000000
464.2383000000
464.2495000000
464.2606000000
464.2718000000
464.2829000000
464.2939000000
464.3050000000
464.3162000000
464.3273000000
464.3385000000
464.3495000000
464.3606000000
464.3716000000
464.3829000000
464.3938000000
464.4051000000
464.4162000000
464.4273000000
464.4385000000
464.4496000000
464.4605000000
464.4719000000
464.4827000000
464.4938000000
464.5051000000
464.5160000000
464.5271000000
464.5383000000
464.5494000000
464.5605000000
464.5717000000
464.5829000000
464.5939000000
464.6049000000
464.6159000000
464.6272000000
464.6383000000
464.6494000000
464.6606000000
464.6715000000
464.6826000000
464.6937000000
464.7049000000
464.7160000000
464.7271000000
464.7381000000
464.7493000000
464.7603000000
464.7715000000
464.7826000000
464.7936000000
464.8049000000
464.8159000000
464.8279000000
464.8383000000
464.8492000000
464.8603000000
464.8714000000
464.8828000000
464.8936000000
464.9049000000
464.9158000000
464.9271000000
464.9381000000
464.9492000000
464.9604000000
464.9714000000
464.9825000000
464.9937000000
465.0047000000
465.0157000000
465.0269000000
465.0382000000
465.0491000000
465.0609000000
465.0713000000
465.0824000000
465.0937000000
465.1049000000
465.1157000000
465.1271000000
465.1381000000
465.1490000000
465.1601000000
465.1713000000
465.1823000000
465.1934000000
465.2047000000
465.2160000000
465.2267000000
465.2382000000
465.2491000000
465.2601000000
465.2713000000
465.2824000000
465.2935000000
465.3049000000
465.3157000000
465.3268000000
465.3381000000
465.3490000000
465.3601000000
465.3712000000
465.3823000000
465.3936000000
465.4046000000
465.4156000000
465.4267000000
465.4382000000
465.4491000000
465.4602000000
465.4711000000
465.4822000000
465.4940000000
465.5045000000
465.5155000000
465.5268000000
465.5381000000
465.5490000000
465.5600000000
465.5710000000
465.5828000000
465.5932000000
465.6044000000
465.6155000000
465.6267000000
465.6379000000
465.6492000000
465.6599000000
465.6717000000
465.6823000000
465.6932000000
465.7046000000
465.7155000000
465.7265000000
465.7379000000
465.7489000000
465.7599000000
465.7709000000
465.7821000000
465.7932000000
465.8044000000
465.8156000000
465.8268000000
465.8381000000
465.8488000000
465.8598000000
465.8710000000
465.8825000000
465.8931000000
465.9044000000
465.9153000000
465.9264000000
465.9379000000
465.9487000000
465.9597000000
465.9708000000
465.9821000000
465.9933000000
466.0042000000
466.0153000000
466.0266000000
466.0377000000
466.0488000000
466.0598000000
466.0710000000
466.0819000000
466.0931000000
466.1042000000
466.1154000000
466.1263000000
466.1375000000
466.1489000000
466.1597000000
466.1711000000
466.1818000000
466.1929000000
466.2041000000
466.2151000000
466.2263000000
466.2373000000
466.2486000000
466.2597000000
466.2707000000
466.2820000000
466.2929000000
466.3043000000
466.3154000000
466.3262000000
466.3374000000
466.3485000000
466.3596000000
466.3707000000
466.3818000000
466.3929000000
466.4040000000
466.4153000000
466.4262000000
466.4373000000
466.4487000000
466.4596000000
466.4707000000
466.4818000000
466.4930000000
466.5040000000
466.5154000000
466.5262000000
466.5374000000
466.5484000000
466.5594000000
466.5706000000
466.5816000000
466.5927000000
466.6039000000
466.6151000000
466.6263000000
466.6374000000
466.6483000000
466.6594000000
466.6708000000
466.6816000000
466.6929000000
466.7039000000
466.7150000000
466.7265000000
466.7371000000
466.7484000000
466.7594000000
466.7706000000
466.7817000000
466.7928000000
466.8039000000
466.8149000000
466.8260000000
466.8372000000
466.8482000000
466.8595000000
466.8706000000
466.8816000000
466.8927000000
466.9037000000
466.9150000000
466.9261000000
466.9370000000
466.9483000000
466.9594000000
466.9705000000
466.9815000000
466.9926000000
467.0039000000
467.0148000000
467.0260000000
467.0370000000
467.0481000000
467.0592000000
467.0705000000
467.0817000000
467.0925000000
467.1037000000
467.1147000000
467.1259000000
467.1370000000
467.1482000000
467.1592000000
467.1703000000
467.1814000000
467.1925000000
467.2036000000
467.2147000000
467.2258000000
467.2372000000
467.2480000000
467.2591000000
467.2702000000
467.2816000000
467.2924000000
467.3037000000
467.3146000000
467.3258000000
467.3370000000
467.3481000000
467.3591000000
467.3702000000
467.3813000000
467.3926000000
467.4036000000
467.4146000000
467.4257000000
467.4368000000
467.4481000000
467.4590000000
467.4702000000
467.4812000000
467.4924000000
467.5036000000
467.5145000000
467.5257000000
467.5369000000
467.5480000000
467.5589000000
467.5702000000
467.5811000000
467.5923000000
467.6033000000
467.6145000000
467.6255000000
467.6368000000
467.6479000000
467.6589000000
467.6701000000
467.6812000000
467.6922000000
467.7038000000
467.7145000000
467.7256000000
467.7367000000
467.7478000000
467.7589000000
467.7699000000
467.7811000000
467.7922000000
467.8033000000
467.8143000000
467.8256000000
467.8366000000
467.8479000000
467.8589000000
467.8700000000
467.8811000000
467.8921000000
467.9032000000
467.9143000000
467.9259000000
467.9366000000
467.9477000000
467.9587000000
467.9700000000
467.9810000000
467.9922000000
468.0032000000
468.0145000000
468.0253000000
468.0365000000
468.0476000000
468.0587000000
468.0701000000
468.0810000000
468.0920000000
468.1031000000
468.1142000000
468.1254000000
468.1366000000
468.1475000000
468.1588000000
468.1701000000
468.1809000000
468.1922000000
468.2031000000
468.2144000000
468.2253000000
468.2363000000
468.2476000000
468.2585000000
468.2698000000
468.2808000000
468.2920000000
468.3034000000
468.3141000000
468.3255000000
468.3364000000
468.3475000000
468.3589000000
468.3697000000
468.3807000000
468.3919000000
468.4031000000
468.4143000000
468.4253000000
468.4363000000
468.4474000000
468.4586000000
468.4698000000
468.4809000000
468.4919000000
468.5029000000
468.5140000000
468.5259000000
468.5363000000
468.5474000000
468.5584000000
468.5697000000
468.5806000000
468.5917000000
468.6030000000
468.6140000000
468.6250000000
468.6364000000
468.6473000000
468.6584000000
468.6695000000
468.6806000000
468.6917000000
468.7029000000
468.7139000000
468.7250000000
468.7361000000
468.7473000000
468.7584000000
468.7695000000
468.7807000000
468.7918000000
468.8029000000
468.8139000000
468.8252000000
468.8362000000
468.8472000000
468.8584000000
468.8695000000
468.8805000000
468.8916000000
468.9027000000
468.9138000000
468.9250000000
468.9360000000
468.9472000000
468.9582000000
468.9695000000
468.9804000000
468.9917000000
469.0027000000
469.0138000000
469.0249000000
469.0360000000
469.0473000000
469.0582000000
469.0694000000
469.0804000000
469.0915000000
469.1028000000
469.1137000000
469.1250000000
469.1359000000
469.1473000000
469.1581000000
469.1693000000
469.1803000000
469.1915000000
469.2026000000
469.2136000000
469.2248000000
469.2360000000
469.2475000000
469.2582000000
469.2692000000
469.2803000000
469.2914000000
469.3026000000
469.3136000000
469.3246000000
469.3358000000
469.3473000000
469.3581000000
469.3692000000
469.3803000000
469.3914000000
469.4026000000
469.4137000000
469.4247000000
469.4359000000
469.4471000000
469.4580000000
469.4691000000
469.4802000000
469.4913000000
469.5025000000
469.5135000000
469.5250000000
469.5358000000
469.5473000000
469.5580000000
469.5692000000
469.5804000000
469.5913000000
469.6024000000
469.6134000000
469.6246000000
469.6359000000
469.6468000000
469.6580000000
469.6690000000
469.6802000000
469.6912000000
469.7023000000
469.7134000000
469.7247000000
469.7358000000
469.7469000000
469.7580000000
469.7690000000
469.7802000000
469.7912000000
469.8023000000
469.8134000000
469.8245000000
469.8357000000
469.8468000000
469.8578000000
469.8691000000
469.8801000000
469.8911000000
469.9023000000
469.9133000000
469.9245000000
469.9356000000
469.9466000000
469.9578000000
469.9689000000
469.9799000000
469.9910000000
470.0023000000
470.0135000000
470.0244000000
470.0357000000
470.0466000000
470.0577000000
470.0690000000
470.0800000000
470.0911000000
470.1027000000
470.1132000000
470.1244000000
470.1354000000
470.1466000000
470.1578000000
470.1689000000
470.1799000000
470.1912000000
470.2020000000
470.2132000000
470.2243000000
470.2354000000
470.2464000000
470.2577000000
470.2686000000
470.2798000000
470.2909000000
470.3022000000
470.3131000000
470.3242000000
470.3354000000
470.3466000000
470.3576000000
470.3688000000
470.3797000000
470.3908000000
470.4020000000
470.4133000000
470.4242000000
470.4353000000
470.4464000000
470.4575000000
470.4686000000
470.4797000000
470.4907000000
470.5020000000
470.5132000000
470.5242000000
470.5354000000
470.5463000000
470.5575000000
470.5686000000
470.5797000000
470.5907000000
470.6020000000
470.6130000000
470.6241000000
470.6355000000
470.6463000000
470.6579000000
470.6685000000
470.6796000000
470.6906000000
470.7018000000
470.7130000000
470.7240000000
470.7352000000
470.7462000000
470.7575000000
470.7685000000
470.7796000000
470.7906000000
470.8018000000
470.8131000000
470.8245000000
470.8351000000
470.8463000000
470.8574000000
470.8684000000
470.8795000000
470.8906000000
470.9018000000
470.9130000000
470.9241000000
470.9352000000
470.9461000000
470.9574000000
470.9684000000
470.9798000000
470.9906000000
471.0018000000
471.0128000000
471.0238000000
471.0351000000
471.0461000000
471.0574000000
471.0684000000
471.0796000000
471.0905000000
471.1018000000
471.1128000000
471.1239000000
471.1349000000
471.1464000000
471.1573000000
471.1683000000
471.1794000000
471.1905000000
471.2020000000
471.2127000000
471.2238000000
471.2349000000
471.2460000000
471.2572000000
471.2685000000
471.2795000000
471.2906000000
471.3016000000
471.3128000000
471.3238000000
471.3351000000
471.3460000000
471.3572000000
471.3682000000
471.3793000000
471.3904000000
471.4016000000
471.4126000000
471.4236000000
471.4348000000
471.4459000000
471.4570000000
471.4689000000
471.4792000000
471.4902000000
471.5015000000
471.5126000000
471.5236000000
471.5350000000
471.5458000000
471.5570000000
471.5681000000
471.5792000000
471.5904000000
471.6013000000
471.6126000000
471.6236000000
471.6349000000
471.6458000000
471.6570000000
471.6680000000
471.6791000000
471.6908000000
471.7013000000
471.7125000000
471.7235000000
471.7348000000
471.7460000000
471.7572000000
471.7680000000
471.7792000000
471.7903000000
471.8013000000
471.8124000000
471.8235000000
471.8349000000
471.8459000000
471.8569000000
471.8681000000
471.8791000000
471.8903000000
471.9015000000
471.9123000000
471.9235000000
471.9347000000
471.9457000000
471.9569000000
471.9681000000
471.9794000000
471.9901000000
472.0013000000
472.0123000000
472.0235000000
472.0345000000
472.0456000000
472.0569000000
472.0682000000
472.0789000000
472.0901000000
472.1011000000
472.1123000000
472.1233000000
472.1346000000
472.1456000000
472.1567000000
472.1678000000
472.1791000000
472.1900000000
472.2010000000
472.2122000000
472.2237000000
472.2343000000
472.2460000000
472.2565000000
472.2678000000
472.2788000000
472.2900000000
472.3012000000
472.3121000000
472.3232000000
472.3350000000
472.3454000000
472.3566000000
472.3678000000
472.3788000000
472.3898000000
472.4011000000
472.4120000000
472.4231000000
472.4350000000
472.4455000000
472.4568000000
472.4677000000
472.4787000000
472.4898000000
472.5009000000
472.5121000000
472.5232000000
472.5343000000
472.5453000000
472.5565000000
472.5675000000
472.5786000000
472.5898000000
472.6013000000
472.6121000000
472.6232000000
472.6343000000
472.6453000000
472.6564000000
472.6677000000
472.6787000000
472.6897000000
472.7010000000
472.7119000000
472.7230000000
472.7343000000
472.7452000000
472.7564000000
472.7675000000
472.7786000000
472.7896000000
472.8009000000
472.8118000000
472.8230000000
472.8342000000
472.8452000000
472.8563000000
472.8675000000
472.8785000000
472.8896000000
472.9007000000
472.9118000000
472.9229000000
472.9341000000
472.9451000000
472.9566000000
472.9673000000
472.9784000000
472.9896000000
473.0007000000
473.0118000000
473.0229000000
473.0339000000
473.0450000000
473.0565000000
473.0674000000
473.0784000000
473.0895000000
473.1006000000
473.1117000000
473.1228000000
473.1339000000
473.1451000000
473.1563000000
473.1672000000
473.1785000000
473.1894000000
473.2005000000
473.2117000000
473.2228000000
473.2341000000
473.2450000000
473.2562000000
473.2672000000
473.2784000000
473.2896000000
473.3006000000
473.3116000000
473.3228000000
473.3338000000
473.3450000000
473.3562000000
473.3672000000
473.3782000000
473.3894000000
473.4005000000
473.4115000000
473.4226000000
473.4337000000
473.4449000000
473.4563000000
473.4671000000
473.4782000000
473.4894000000
473.5005000000
473.5118000000
473.5228000000
473.5338000000
473.5450000000
473.5559000000
473.5670000000
473.5781000000
473.5893000000
473.6004000000
473.6116000000
473.6227000000
473.6337000000
473.6448000000
473.6560000000
473.6672000000
473.6782000000
473.6892000000
473.7004000000
473.7115000000
473.7226000000
473.7337000000
473.7448000000
473.7558000000
473.7671000000
473.7781000000
473.7892000000
473.8002000000
473.8113000000
473.8224000000
473.8336000000
473.8448000000
473.8557000000
473.8669000000
473.8784000000
473.8891000000
473.9003000000
473.9113000000
473.9225000000
473.9335000000
473.9446000000
473.9558000000
473.9669000000
473.9780000000
473.9890000000
474.0002000000
474.0114000000
474.0224000000
474.0334000000
474.0446000000
474.0558000000
474.0669000000
474.0780000000
474.0890000000
474.1001000000
474.1112000000
474.1223000000
474.1335000000
474.1447000000
474.1556000000
474.1667000000
474.1779000000
474.1889000000
474.2001000000
474.2112000000
474.2222000000
474.2335000000
474.2444000000
474.2555000000
474.2668000000
474.2779000000
474.2890000000
474.3000000000
474.3111000000
474.3223000000
474.3334000000
474.3445000000
474.3555000000
474.3667000000
474.3778000000
474.3892000000
474.4001000000
474.4110000000
474.4223000000
474.4333000000
474.4443000000
474.4559000000
474.4666000000
474.4777000000
474.4887000000
474.5001000000
474.5111000000
474.5222000000
474.5334000000
474.5445000000
474.5555000000
474.5667000000
474.5776000000
474.5889000000
474.5998000000
474.6109000000
474.6224000000
474.6332000000
474.6443000000
474.6555000000
474.6666000000
474.6776000000
474.6887000000
474.7000000000
474.7109000000
474.7220000000
474.7333000000
474.7442000000
474.7553000000
474.7664000000
474.7775000000
474.7886000000
474.7998000000
474.8109000000
474.8221000000
474.8331000000
474.8444000000
474.8560000000
474.8665000000
474.8775000000
474.8887000000
474.8997000000
474.9108000000
474.9220000000
474.9331000000
474.9441000000
474.9553000000
474.9663000000
474.9774000000
474.9886000000
474.9996000000
475.0110000000
475.0224000000
475.0329000000
475.0442000000
475.0553000000
475.0663000000
475.0774000000
475.0885000000
475.0996000000
475.1107000000
475.1219000000
475.1330000000
475.1441000000
475.1551000000
475.1665000000
475.1775000000
475.1884000000
475.1995000000
475.2108000000
475.2219000000
475.2328000000
475.2440000000
475.2550000000
475.2664000000
475.2775000000
475.2884000000
475.2999000000
475.3106000000
475.3218000000
475.3328000000
475.3441000000
475.3552000000
475.3664000000
475.3772000000
475.3884000000
475.3997000000
475.4105000000
475.4218000000
475.4331000000
475.4440000000
475.4550000000
475.4663000000
475.4773000000
475.4884000000
475.4994000000
475.5106000000
475.5217000000
475.5328000000
475.5439000000
475.5550000000
475.5662000000
475.5771000000
475.5883000000
475.5994000000
475.6105000000
475.6216000000
475.6330000000
475.6437000000
475.6548000000
475.6662000000
475.6772000000
475.6882000000
475.6996000000
475.7104000000
475.7216000000
475.7327000000
475.7437000000
475.7548000000
475.7660000000
475.7770000000
475.7885000000
475.7998000000
475.8104000000
475.8214000000
475.8325000000
475.8438000000
475.8549000000
475.8659000000
475.8770000000
475.8881000000
475.8994000000
475.9102000000
475.9215000000
475.9327000000
475.9438000000
475.9549000000
475.9658000000
475.9774000000
475.9880000000
475.9992000000
476.0103000000
476.0214000000
476.0324000000
476.0436000000
476.0547000000
476.0659000000
476.0770000000
476.0880000000
476.0992000000
476.1102000000
476.1213000000
476.1324000000
476.1436000000
476.1546000000
476.1658000000
476.1770000000
476.1879000000
476.1990000000
476.2101000000
476.2213000000
476.2323000000
476.2435000000
476.2548000000
476.2658000000
476.2768000000
476.2880000000
476.2990000000
476.3101000000
476.3213000000
476.3324000000
476.3434000000
476.3549000000
476.3657000000
476.3769000000
476.3879000000
476.3990000000
476.4102000000
476.4211000000
476.4323000000
476.4434000000
476.4549000000
476.4656000000
476.4766000000
476.4878000000
476.4990000000
476.5101000000
476.5212000000
476.5322000000
476.5433000000
476.5546000000
476.5659000000
476.5766000000
476.5877000000
476.5988000000
476.6099000000
476.6211000000
476.6321000000
476.6432000000
476.6546000000
476.6656000000
476.6767000000
476.6877000000
476.6989000000
476.7100000000
476.7212000000
476.7328000000
476.7432000000
476.7544000000
476.7654000000
476.7766000000
476.7877000000
476.7990000000
476.8099000000
476.8211000000
476.8322000000
476.8433000000
476.8543000000
476.8655000000
476.8766000000
476.8877000000
476.8989000000
476.9100000000
476.9210000000
476.9322000000
476.9436000000
476.9543000000
476.9653000000
476.9766000000
476.9875000000
476.9989000000
477.0097000000
477.0209000000
477.0321000000
477.0431000000
477.0542000000
477.0654000000
477.0764000000
477.0876000000
477.0986000000
477.1098000000
477.1208000000
477.1319000000
477.1432000000
477.1542000000
477.1653000000
477.1764000000
477.1879000000
477.1985000000
477.2097000000
477.2208000000
477.2319000000
477.2430000000
477.2540000000
477.2652000000
477.2763000000
477.2876000000
477.2985000000
477.3096000000
477.3207000000
477.3318000000
477.3431000000
477.3540000000
477.3651000000
477.3766000000
477.3873000000
477.3985000000
477.4096000000
477.4207000000
477.4318000000
477.4428000000
477.4540000000
477.4651000000
477.4762000000
477.4872000000
477.4986000000
477.5096000000
477.5208000000
477.5320000000
477.5430000000
477.5539000000
477.5653000000
477.5761000000
477.5874000000
477.5985000000
477.6096000000
477.6207000000
477.6317000000
477.6428000000
477.6540000000
477.6653000000
477.6761000000
477.6873000000
477.6983000000
477.7095000000
477.7207000000
477.7318000000
477.7427000000
477.7538000000
477.7654000000
477.7762000000
477.7874000000
477.7983000000
477.8096000000
477.8206000000
477.8316000000
477.8427000000
477.8539000000
477.8650000000
477.8760000000
477.8872000000
477.8982000000
477.9093000000
477.9203000000
477.9315000000
477.9426000000
477.9540000000
