-1.0000000000
-1.0000000000
-1.0000000000
-1.0000000000
-1.0000000000
-1.0000000000
-1.0000000000
-1.0000000000
-1.0000000000
-1.0000000000
-1.0000000000
-1.0000000000
-1.0000000000
-1.0000000000
-1.0000000000
-1.0000000000
-1.0000000000
-1.0000000000
-1.0000000000
-1.0000000000
-1.0000000000
-1.0000000000
-1.0000000000
438.2140000000
438.2249000000
438.2362000000
438.2472000000
438.2583000000
438.2695000000
438.2805000000
438.2917000000
438.3027000000
438.3139000000
438.3250000000
438.3360000000
438.3472000000
438.3582000000
438.3693000000
438.3805000000
438.3915000000
438.4026000000
-1.0000000000
-1.0000000000
-1.0000000000
-1.0000000000
-1.0000000000
-1.0000000000
-1.0000000000
-1.0000000000
-1.0000000000
-1.0000000000
-1.0000000000
-1.0000000000
-1.0000000000
-1.0000000000
-1.0000000000
-1.0000000000
-1.0000000000
-1.0000000000
-1.0000000000
-1.0000000000
-1.0000000000
-1.0000000000
-1.0000000000
-1.0000000000
-1.0000000000
-1.0000000000
-1.0000000000
-1.0000000000
-1.0000000000
-1.0000000000
-1.0000000000
-1.0000000000
-1.0000000000
-1.0000000000
-1.0000000000
-1.0000000000
-1.0000000000
-1.0000000000
-1.0000000000
-1.0000000000
-1.0000000000
-1.0000000000
-1.0000000000
-1.0000000000
-1.0000000000
-1.0000000000
-1.0000000000
-1.0000000000
-1.0000000000
-1.0000000000
-1.0000000000
-1.0000000000
-1.0000000000
-1.0000000000
-1.0000000000
-1.0000000000
-1.0000000000
-1.0000000000
-1.0000000000
-1.0000000000
-1.0000000000
-1.0000000000
-1.0000000000
-1.0000000000
-1.0000000000
-1.0000000000
-1.0000000000
-1.0000000000
-1.0000000000
-1.0000000000
-1.0000000000
-1.0000000000
-1.0000000000
-1.0000000000
-1.0000000000
-1.0000000000
-1.0000000000
-1.0000000000
-1.0000000000
-1.0000000000
-1.0000000000
-1.0000000000
-1.0000000000
-1.0000000000
-1.0000000000
-1.0000000000
-1.0000000000
-1.0000000000
-1.0000000000
-1.0000000000
-1.0000000000
-1.0000000000
-1.0000000000
-1.0000000000
-1.0000000000
-1.0000000000
-1.0000000000
-1.0000000000
-1.0000000000
-1.0000000000
-1.0000000000
-1.0000000000
-1.0000000000
-1.0000000000
-1.0000000000
-1.0000000000
-1.0000000000
-1.0000000000
-1.0000000000
-1.0000000000
-1.0000000000
-1.0000000000
-1.0000000000
-1.0000000000
-1.0000000000
-1.0000000000
-1.0000000000
-1.0000000000
-1.0000000000
-1.0000000000
-1.0000000000
-1.0000000000
-1.0000000000
-1.0000000000
-1.0000000000
-1.0000000000
-1.0000000000
-1.0000000000
-1.0000000000
-1.0000000000
-1.0000000000
-1.0000000000
-1.0000000000
-1.0000000000
-1.0000000000
439.9174000000
439.9284000000
439.9395000000
439.9512000000
439.9617000000
439.9728000000
439.9840000000
439.9951000000
440.0068000000
440.0172000000
440.0285000000
440.0395000000
440.0506000000
440.0618000000
440.0728000000
440.0840000000
440.0951000000
440.1061000000
440.1172000000
440.1283000000
-1.0000000000
-1.0000000000
-1.0000000000
-1.0000000000
-1.0000000000
-1.0000000000
-1.0000000000
-1.0000000000
-1.0000000000
-1.0000000000
-1.0000000000
-1.0000000000
-1.0000000000
-1.0000000000
-1.0000000000
-1.0000000000
-1.0000000000
-1.0000000000
-1.0000000000
-1.0000000000
-1.0000000000
-1.0000000000
-1.0000000000
-1.0000000000
-1.0000000000
-1.0000000000
-1.0000000000
-1.0000000000
-1.0000000000
-1.0000000000
-1.0000000000
-1.0000000000
-1.0000000000
-1.0000000000
-1.0000000000
-1.0000000000
-1.0000000000
-1.0000000000
-1.0000000000
-1.0000000000
-1.0000000000
-1.0000000000
-1.0000000000
-1.0000000000
-1.0000000000
-1.0000000000
-1.0000000000
-1.0000000000
-1.0000000000
-1.0000000000
-1.0000000000
-1.0000000000
-1.0000000000
-1.0000000000
-1.0000000000
-1.0000000000
-1.0000000000
-1.0000000000
-1.0000000000
-1.0000000000
-1.0000000000
-1.0000000000
-1.0000000000
-1.0000000000
-1.0000000000
-1.0000000000
-1.0000000000
-1.0000000000
-1.0000000000
-1.0000000000
-1.0000000000
-1.0000000000
-1.0000000000
-1.0000000000
-1.0000000000
-1.0000000000
-1.0000000000
-1.0000000000
-1.0000000000
-1.0000000000
-1.0000000000
-1.0000000000
-1.0000000000
-1.0000000000
-1.0000000000
-1.0000000000
-1.0000000000
-1.0000000000
-1.0000000000
-1.0000000000
-1.0000000000
-1.0000000000
-1.0000000000
-1.0000000000
-1.0000000000
-1.0000000000
-1.0000000000
-1.0000000000
-1.0000000000
-1.0000000000
-1.0000000000
-1.0000000000
-1.0000000000
-1.0000000000
-1.0000000000
-1.0000000000
-1.0000000000
-1.0000000000
-1.0000000000
-1.0000000000
441.3610000000
441.3721000000
441.3833000000
441.3946000000
441.4055000000
441.4167000000
441.4278000000
441.4388000000
441.4501000000
441.4610000000
441.4720000000
441.4832000000
441.4943000000
441.5056000000
441.5165000000
441.5276000000
441.5387000000
441.5498000000
441.5609000000
441.5720000000
441.5834000000
441.5943000000
-1.0000000000
-1.0000000000
-1.0000000000
-1.0000000000
-1.0000000000
-1.0000000000
-1.0000000000
-1.0000000000
-1.0000000000
-1.0000000000
-1.0000000000
-1.0000000000
-1.0000000000
-1.0000000000
-1.0000000000
-1.0000000000
-1.0000000000
-1.0000000000
-1.0000000000
-1.0000000000
-1.0000000000
-1.0000000000
-1.0000000000
-1.0000000000
-1.0000000000
-1.0000000000
-1.0000000000
-1.0000000000
-1.0000000000
-1.0000000000
-1.0000000000
-1.0000000000
-1.0000000000
-1.0000000000
-1.0000000000
-1.0000000000
-1.0000000000
-1.0000000000
-1.0000000000
-1.0000000000
-1.0000000000
-1.0000000000
-1.0000000000
-1.0000000000
-1.0000000000
-1.0000000000
-1.0000000000
-1.0000000000
-1.0000000000
-1.0000000000
-1.0000000000
-1.0000000000
-1.0000000000
-1.0000000000
-1.0000000000
-1.0000000000
-1.0000000000
-1.0000000000
-1.0000000000
-1.0000000000
-1.0000000000
-1.0000000000
-1.0000000000
-1.0000000000
-1.0000000000
-1.0000000000
-1.0000000000
-1.0000000000
-1.0000000000
-1.0000000000
-1.0000000000
-1.0000000000
-1.0000000000
-1.0000000000
-1.0000000000
-1.0000000000
-1.0000000000
-1.0000000000
-1.0000000000
-1.0000000000
-1.0000000000
-1.0000000000
-1.0000000000
-1.0000000000
-1.0000000000
-1.0000000000
-1.0000000000
-1.0000000000
-1.0000000000
-1.0000000000
-1.0000000000
-1.0000000000
-1.0000000000
-1.0000000000
-1.0000000000
-1.0000000000
-1.0000000000
-1.0000000000
-1.0000000000
-1.0000000000
-1.0000000000
-1.0000000000
-1.0000000000
-1.0000000000
-1.0000000000
-1.0000000000
-1.0000000000
-1.0000000000
-1.0000000000
-1.0000000000
-1.0000000000
-1.0000000000
-1.0000000000
-1.0000000000
-1.0000000000
-1.0000000000
-1.0000000000
-1.0000000000
-1.0000000000
-1.0000000000
-1.0000000000
-1.0000000000
-1.0000000000
-1.0000000000
-1.0000000000
-1.0000000000
-1.0000000000
-1.0000000000
-1.0000000000
-1.0000000000
-1.0000000000
-1.0000000000
-1.0000000000
-1.0000000000
-1.0000000000
-1.0000000000
-1.0000000000
443.1269000000
443.1382000000
443.1491000000
443.1602000000
443.1712000000
443.1824000000
443.1937000000
443.2046000000
443.2156000000
443.2268000000
443.2379000000
443.2491000000
443.2602000000
443.2712000000
443.2824000000
443.2936000000
443.3046000000
443.3156000000
443.3267000000
443.3380000000
443.3489000000
443.3600000000
443.3712000000
443.3822000000
443.3934000000
443.4046000000
-1.0000000000
-1.0000000000
-1.0000000000
-1.0000000000
-1.0000000000
-1.0000000000
-1.0000000000
-1.0000000000
-1.0000000000
-1.0000000000
-1.0000000000
-1.0000000000
-1.0000000000
-1.0000000000
-1.0000000000
-1.0000000000
-1.0000000000
-1.0000000000
-1.0000000000
-1.0000000000
-1.0000000000
-1.0000000000
-1.0000000000
-1.0000000000
-1.0000000000
-1.0000000000
-1.0000000000
-1.0000000000
-1.0000000000
-1.0000000000
-1.0000000000
-1.0000000000
-1.0000000000
-1.0000000000
-1.0000000000
-1.0000000000
-1.0000000000
-1.0000000000
-1.0000000000
-1.0000000000
-1.0000000000
-1.0000000000
-1.0000000000
-1.0000000000
-1.0000000000
-1.0000000000
-1.0000000000
-1.0000000000
-1.0000000000
-1.0000000000
-1.0000000000
-1.0000000000
-1.0000000000
-1.0000000000
-1.0000000000
-1.0000000000
-1.0000000000
-1.0000000000
-1.0000000000
-1.0000000000
-1.0000000000
-1.0000000000
-1.0000000000
-1.0000000000
-1.0000000000
-1.0000000000
-1.0000000000
-1.0000000000
-1.0000000000
-1.0000000000
-1.0000000000
-1.0000000000
-1.0000000000
-1.0000000000
-1.0000000000
-1.0000000000
-1.0000000000
-1.0000000000
-1.0000000000
-1.0000000000
-1.0000000000
-1.0000000000
-1.0000000000
-1.0000000000
-1.0000000000
-1.0000000000
-1.0000000000
-1.0000000000
-1.0000000000
-1.0000000000
-1.0000000000
-1.0000000000
-1.0000000000
-1.0000000000
-1.0000000000
-1.0000000000
-1.0000000000
-1.0000000000
-1.0000000000
-1.0000000000
-1.0000000000
-1.0000000000
-1.0000000000
-1.0000000000
-1.0000000000
-1.0000000000
-1.0000000000
-1.0000000000
-1.0000000000
-1.0000000000
-1.0000000000
-1.0000000000
-1.0000000000
-1.0000000000
-1.0000000000
-1.0000000000
-1.0000000000
-1.0000000000
-1.0000000000
-1.0000000000
-1.0000000000
-1.0000000000
-1.0000000000
-1.0000000000
-1.0000000000
-1.0000000000
-1.0000000000
-1.0000000000
-1.0000000000
-1.0000000000
-1.0000000000
-1.0000000000
-1.0000000000
-1.0000000000
-1.0000000000
-1.0000000000
-1.0000000000
-1.0000000000
-1.0000000000
444.9592000000
444.9703000000
444.9815000000
444.9926000000
445.0038000000
445.0148000000
445.0260000000
445.0370000000
445.0481000000
445.0594000000
445.0703000000
445.0815000000
445.0925000000
445.1036000000
445.1147000000
445.1258000000
445.1369000000
-1.0000000000
-1.0000000000
-1.0000000000
-1.0000000000
-1.0000000000
-1.0000000000
-1.0000000000
-1.0000000000
-1.0000000000
-1.0000000000
-1.0000000000
-1.0000000000
-1.0000000000
-1.0000000000
-1.0000000000
-1.0000000000
-1.0000000000
-1.0000000000
-1.0000000000
-1.0000000000
-1.0000000000
-1.0000000000
-1.0000000000
-1.0000000000
-1.0000000000
-1.0000000000
-1.0000000000
-1.0000000000
-1.0000000000
-1.0000000000
-1.0000000000
-1.0000000000
-1.0000000000
-1.0000000000
-1.0000000000
-1.0000000000
-1.0000000000
-1.0000000000
-1.0000000000
-1.0000000000
-1.0000000000
-1.0000000000
-1.0000000000
-1.0000000000
-1.0000000000
-1.0000000000
-1.0000000000
-1.0000000000
-1.0000000000
445.6923000000
445.7036000000
445.7144000000
445.7255000000
445.7366000000
445.7477000000
445.7588000000
445.7700000000
445.7813000000
445.7921000000
445.8034000000
445.8148000000
445.8254000000
445.8367000000
445.8477000000
445.8588000000
445.8698000000
445.8810000000
445.8921000000
445.9035000000
445.9144000000
445.9254000000
445.9366000000
445.9476000000
-1.0000000000
-1.0000000000
-1.0000000000
-1.0000000000
-1.0000000000
-1.0000000000
-1.0000000000
-1.0000000000
-1.0000000000
-1.0000000000
-1.0000000000
-1.0000000000
-1.0000000000
-1.0000000000
-1.0000000000
-1.0000000000
-1.0000000000
-1.0000000000
-1.0000000000
-1.0000000000
-1.0000000000
-1.0000000000
-1.0000000000
-1.0000000000
-1.0000000000
-1.0000000000
-1.0000000000
-1.0000000000
-1.0000000000
-1.0000000000
-1.0000000000
-1.0000000000
-1.0000000000
-1.0000000000
-1.0000000000
-1.0000000000
-1.0000000000
-1.0000000000
-1.0000000000
-1.0000000000
-1.0000000000
-1.0000000000
-1.0000000000
-1.0000000000
-1.0000000000
-1.0000000000
-1.0000000000
-1.0000000000
-1.0000000000
-1.0000000000
-1.0000000000
-1.0000000000
-1.0000000000
-1.0000000000
-1.0000000000
-1.0000000000
-1.0000000000
-1.0000000000
-1.0000000000
-1.0000000000
-1.0000000000
-1.0000000000
-1.0000000000
-1.0000000000
-1.0000000000
-1.0000000000
-1.0000000000
-1.0000000000
-1.0000000000
-1.0000000000
-1.0000000000
-1.0000000000
-1.0000000000
-1.0000000000
-1.0000000000
-1.0000000000
-1.0000000000
-1.0000000000
-1.0000000000
-1.0000000000
-1.0000000000
-1.0000000000
-1.0000000000
-1.0000000000
-1.0000000000
-1.0000000000
-1.0000000000
-1.0000000000
-1.0000000000
-1.0000000000
-1.0000000000
-1.0000000000
-1.0000000000
-1.0000000000
-1.0000000000
-1.0000000000
-1.0000000000
-1.0000000000
-1.0000000000
-1.0000000000
-1.0000000000
-1.0000000000
-1.0000000000
-1.0000000000
-1.0000000000
-1.0000000000
-1.0000000000
-1.0000000000
-1.0000000000
-1.0000000000
-1.0000000000
-1.0000000000
-1.0000000000
-1.0000000000
-1.0000000000
-1.0000000000
-1.0000000000
-1.0000000000
-1.0000000000
-1.0000000000
-1.0000000000
-1.0000000000
-1.0000000000
-1.0000000000
-1.0000000000
-1.0000000000
-1.0000000000
-1.0000000000
-1.0000000000
-1.0000000000
-1.0000000000
-1.0000000000
-1.0000000000
-1.0000000000
-1.0000000000
-1.0000000000
447.4692000000
447.4801000000
447.4913000000
447.5027000000
447.5135000000
447.5246000000
447.5357000000
447.5468000000
447.5586000000
447.5690000000
447.5801000000
447.5911000000
447.6026000000
447.6134000000
447.6247000000
447.6356000000
447.6469000000
447.6579000000
447.6689000000
447.6801000000
447.6913000000
447.7024000000
447.7138000000
447.7246000000
447.7356000000
447.7467000000
447.7579000000
447.7691000000
447.7801000000
-1.0000000000
-1.0000000000
-1.0000000000
-1.0000000000
-1.0000000000
-1.0000000000
-1.0000000000
-1.0000000000
-1.0000000000
-1.0000000000
-1.0000000000
-1.0000000000
-1.0000000000
-1.0000000000
-1.0000000000
-1.0000000000
-1.0000000000
-1.0000000000
-1.0000000000
-1.0000000000
-1.0000000000
-1.0000000000
-1.0000000000
-1.0000000000
-1.0000000000
-1.0000000000
-1.0000000000
-1.0000000000
-1.0000000000
-1.0000000000
-1.0000000000
-1.0000000000
-1.0000000000
-1.0000000000
-1.0000000000
-1.0000000000
-1.0000000000
-1.0000000000
-1.0000000000
-1.0000000000
-1.0000000000
-1.0000000000
-1.0000000000
-1.0000000000
-1.0000000000
-1.0000000000
-1.0000000000
-1.0000000000
-1.0000000000
448.3353000000
448.3465000000
448.3578000000
448.3686000000
448.3797000000
448.3909000000
448.4023000000
448.4131000000
448.4243000000
448.4353000000
448.4464000000
448.4576000000
448.4686000000
448.4797000000
448.4912000000
448.5022000000
448.5130000000
448.5242000000
448.5352000000
448.5464000000
448.5574000000
-1.0000000000
-1.0000000000
-1.0000000000
-1.0000000000
-1.0000000000
-1.0000000000
-1.0000000000
-1.0000000000
-1.0000000000
-1.0000000000
-1.0000000000
-1.0000000000
-1.0000000000
-1.0000000000
-1.0000000000
-1.0000000000
-1.0000000000
-1.0000000000
-1.0000000000
-1.0000000000
-1.0000000000
-1.0000000000
-1.0000000000
-1.0000000000
-1.0000000000
-1.0000000000
-1.0000000000
-1.0000000000
-1.0000000000
-1.0000000000
-1.0000000000
-1.0000000000
-1.0000000000
-1.0000000000
-1.0000000000
-1.0000000000
-1.0000000000
-1.0000000000
-1.0000000000
-1.0000000000
-1.0000000000
-1.0000000000
-1.0000000000
-1.0000000000
-1.0000000000
-1.0000000000
-1.0000000000
-1.0000000000
-1.0000000000
-1.0000000000
-1.0000000000
-1.0000000000
-1.0000000000
-1.0000000000
449.1683000000
449.1793000000
449.1906000000
449.2017000000
449.2126000000
449.2238000000
449.2349000000
449.2461000000
449.2570000000
449.2683000000
449.2793000000
449.2903000000
449.3014000000
449.3125000000
449.3236000000
449.3347000000
449.3459000000
449.3572000000
449.3682000000
449.3792000000
449.3906000000
-1.0000000000
-1.0000000000
-1.0000000000
-1.0000000000
-1.0000000000
-1.0000000000
-1.0000000000
-1.0000000000
-1.0000000000
-1.0000000000
-1.0000000000
-1.0000000000
-1.0000000000
-1.0000000000
-1.0000000000
-1.0000000000
-1.0000000000
-1.0000000000
-1.0000000000
-1.0000000000
-1.0000000000
-1.0000000000
-1.0000000000
-1.0000000000
-1.0000000000
-1.0000000000
-1.0000000000
-1.0000000000
-1.0000000000
-1.0000000000
-1.0000000000
-1.0000000000
-1.0000000000
-1.0000000000
-1.0000000000
-1.0000000000
-1.0000000000
-1.0000000000
-1.0000000000
-1.0000000000
-1.0000000000
-1.0000000000
-1.0000000000
-1.0000000000
-1.0000000000
-1.0000000000
-1.0000000000
-1.0000000000
-1.0000000000
-1.0000000000
-1.0000000000
-1.0000000000
-1.0000000000
-1.0000000000
-1.0000000000
-1.0000000000
-1.0000000000
-1.0000000000
-1.0000000000
-1.0000000000
-1.0000000000
-1.0000000000
-1.0000000000
-1.0000000000
-1.0000000000
450.1233000000
450.1346000000
450.1456000000
450.1566000000
450.1677000000
450.1788000000
450.1900000000
450.2010000000
450.2122000000
450.2232000000
450.2343000000
450.2455000000
450.2566000000
450.2676000000
450.2787000000
450.2900000000
450.3014000000
450.3121000000
450.3232000000
450.3344000000
450.3453000000
-1.0000000000
-1.0000000000
-1.0000000000
-1.0000000000
-1.0000000000
-1.0000000000
-1.0000000000
-1.0000000000
-1.0000000000
-1.0000000000
-1.0000000000
-1.0000000000
-1.0000000000
-1.0000000000
-1.0000000000
-1.0000000000
-1.0000000000
-1.0000000000
-1.0000000000
-1.0000000000
-1.0000000000
-1.0000000000
-1.0000000000
-1.0000000000
-1.0000000000
-1.0000000000
-1.0000000000
-1.0000000000
-1.0000000000
-1.0000000000
-1.0000000000
-1.0000000000
-1.0000000000
-1.0000000000
-1.0000000000
-1.0000000000
-1.0000000000
-1.0000000000
-1.0000000000
-1.0000000000
-1.0000000000
-1.0000000000
-1.0000000000
-1.0000000000
-1.0000000000
-1.0000000000
-1.0000000000
-1.0000000000
-1.0000000000
-1.0000000000
-1.0000000000
-1.0000000000
-1.0000000000
-1.0000000000
-1.0000000000
-1.0000000000
-1.0000000000
-1.0000000000
-1.0000000000
-1.0000000000
-1.0000000000
-1.0000000000
-1.0000000000
-1.0000000000
-1.0000000000
-1.0000000000
-1.0000000000
-1.0000000000
-1.0000000000
-1.0000000000
-1.0000000000
-1.0000000000
-1.0000000000
-1.0000000000
-1.0000000000
-1.0000000000
-1.0000000000
-1.0000000000
-1.0000000000
-1.0000000000
-1.0000000000
-1.0000000000
-1.0000000000
-1.0000000000
-1.0000000000
-1.0000000000
-1.0000000000
-1.0000000000
-1.0000000000
-1.0000000000
-1.0000000000
-1.0000000000
-1.0000000000
-1.0000000000
-1.0000000000
-1.0000000000
-1.0000000000
-1.0000000000
451.4448000000
451.4559000000
451.4672000000
451.4783000000
451.4893000000
451.5004000000
451.5114000000
451.5228000000
451.5338000000
451.5448000000
451.5559000000
451.5670000000
451.5782000000
451.5893000000
451.6003000000
451.6114000000
451.6227000000
451.6336000000
451.6449000000
451.6558000000
451.6670000000
451.6781000000
451.6894000000
451.7003000000
451.7118000000
451.7225000000
451.7342000000
451.7448000000
451.7559000000
451.7670000000
-1.0000000000
-1.0000000000
-1.0000000000
-1.0000000000
-1.0000000000
-1.0000000000
-1.0000000000
-1.0000000000
-1.0000000000
-1.0000000000
-1.0000000000
-1.0000000000
-1.0000000000
-1.0000000000
-1.0000000000
-1.0000000000
-1.0000000000
-1.0000000000
-1.0000000000
-1.0000000000
-1.0000000000
-1.0000000000
-1.0000000000
-1.0000000000
-1.0000000000
-1.0000000000
-1.0000000000
-1.0000000000
-1.0000000000
-1.0000000000
-1.0000000000
-1.0000000000
-1.0000000000
-1.0000000000
-1.0000000000
-1.0000000000
-1.0000000000
-1.0000000000
-1.0000000000
-1.0000000000
-1.0000000000
-1.0000000000
-1.0000000000
-1.0000000000
-1.0000000000
-1.0000000000
-1.0000000000
-1.0000000000
-1.0000000000
-1.0000000000
-1.0000000000
-1.0000000000
-1.0000000000
-1.0000000000
-1.0000000000
-1.0000000000
-1.0000000000
-1.0000000000
-1.0000000000
-1.0000000000
-1.0000000000
-1.0000000000
-1.0000000000
-1.0000000000
-1.0000000000
-1.0000000000
-1.0000000000
-1.0000000000
-1.0000000000
-1.0000000000
-1.0000000000
-1.0000000000
-1.0000000000
-1.0000000000
-1.0000000000
-1.0000000000
-1.0000000000
-1.0000000000
-1.0000000000
-1.0000000000
-1.0000000000
-1.0000000000
-1.0000000000
-1.0000000000
-1.0000000000
-1.0000000000
-1.0000000000
-1.0000000000
-1.0000000000
-1.0000000000
-1.0000000000
-1.0000000000
-1.0000000000
-1.0000000000
-1.0000000000
-1.0000000000
-1.0000000000
-1.0000000000
-1.0000000000
-1.0000000000
-1.0000000000
-1.0000000000
-1.0000000000
-1.0000000000
-1.0000000000
-1.0000000000
-1.0000000000
-1.0000000000
-1.0000000000
-1.0000000000
-1.0000000000
-1.0000000000
-1.0000000000
-1.0000000000
-1.0000000000
-1.0000000000
-1.0000000000
-1.0000000000
-1.0000000000
-1.0000000000
-1.0000000000
-1.0000000000
-1.0000000000
-1.0000000000
-1.0000000000
-1.0000000000
-1.0000000000
453.1885000000
453.1997000000
453.2106000000
453.2217000000
453.2328000000
453.2442000000
453.2551000000
453.2663000000
453.2773000000
453.2884000000
453.2995000000
453.3106000000
453.3218000000
453.3329000000
453.3440000000
453.3552000000
453.3663000000
453.3772000000
-1.0000000000
-1.0000000000
-1.0000000000
-1.0000000000
-1.0000000000
-1.0000000000
-1.0000000000
-1.0000000000
-1.0000000000
-1.0000000000
-1.0000000000
-1.0000000000
-1.0000000000
-1.0000000000
-1.0000000000
-1.0000000000
-1.0000000000
-1.0000000000
-1.0000000000
-1.0000000000
-1.0000000000
-1.0000000000
-1.0000000000
-1.0000000000
-1.0000000000
-1.0000000000
-1.0000000000
-1.0000000000
-1.0000000000
-1.0000000000
-1.0000000000
-1.0000000000
-1.0000000000
-1.0000000000
-1.0000000000
-1.0000000000
-1.0000000000
-1.0000000000
-1.0000000000
-1.0000000000
-1.0000000000
-1.0000000000
-1.0000000000
-1.0000000000
-1.0000000000
-1.0000000000
-1.0000000000
-1.0000000000
-1.0000000000
-1.0000000000
-1.0000000000
-1.0000000000
-1.0000000000
-1.0000000000
-1.0000000000
-1.0000000000
-1.0000000000
-1.0000000000
-1.0000000000
-1.0000000000
-1.0000000000
-1.0000000000
-1.0000000000
-1.0000000000
-1.0000000000
-1.0000000000
-1.0000000000
-1.0000000000
-1.0000000000
-1.0000000000
-1.0000000000
-1.0000000000
-1.0000000000
-1.0000000000
-1.0000000000
-1.0000000000
-1.0000000000
-1.0000000000
-1.0000000000
-1.0000000000
-1.0000000000
-1.0000000000
-1.0000000000
-1.0000000000
-1.0000000000
-1.0000000000
-1.0000000000
-1.0000000000
-1.0000000000
-1.0000000000
-1.0000000000
-1.0000000000
-1.0000000000
-1.0000000000
-1.0000000000
-1.0000000000
-1.0000000000
454.4659000000
454.4767000000
454.4880000000
454.4989000000
454.5099000000
454.5218000000
454.5321000000
454.5433000000
454.5543000000
454.5655000000
454.5768000000
454.5879000000
454.5988000000
454.6099000000
454.6215000000
454.6321000000
454.6434000000
454.6544000000
454.6654000000
454.6766000000
454.6878000000
454.6988000000
454.7098000000
454.7210000000
454.7321000000
-1.0000000000
-1.0000000000
-1.0000000000
-1.0000000000
-1.0000000000
-1.0000000000
-1.0000000000
-1.0000000000
-1.0000000000
-1.0000000000
-1.0000000000
-1.0000000000
-1.0000000000
-1.0000000000
-1.0000000000
-1.0000000000
-1.0000000000
-1.0000000000
-1.0000000000
-1.0000000000
-1.0000000000
-1.0000000000
-1.0000000000
-1.0000000000
-1.0000000000
-1.0000000000
-1.0000000000
-1.0000000000
-1.0000000000
-1.0000000000
-1.0000000000
-1.0000000000
-1.0000000000
-1.0000000000
-1.0000000000
-1.0000000000
-1.0000000000
-1.0000000000
-1.0000000000
-1.0000000000
-1.0000000000
-1.0000000000
-1.0000000000
-1.0000000000
-1.0000000000
-1.0000000000
-1.0000000000
-1.0000000000
-1.0000000000
-1.0000000000
-1.0000000000
-1.0000000000
-1.0000000000
-1.0000000000
-1.0000000000
-1.0000000000
-1.0000000000
-1.0000000000
-1.0000000000
-1.0000000000
-1.0000000000
-1.0000000000
-1.0000000000
-1.0000000000
-1.0000000000
-1.0000000000
-1.0000000000
-1.0000000000
-1.0000000000
-1.0000000000
-1.0000000000
-1.0000000000
-1.0000000000
-1.0000000000
-1.0000000000
-1.0000000000
-1.0000000000
-1.0000000000
-1.0000000000
-1.0000000000
-1.0000000000
-1.0000000000
-1.0000000000
-1.0000000000
-1.0000000000
-1.0000000000
-1.0000000000
-1.0000000000
-1.0000000000
-1.0000000000
-1.0000000000
-1.0000000000
-1.0000000000
-1.0000000000
-1.0000000000
-1.0000000000
-1.0000000000
-1.0000000000
-1.0000000000
-1.0000000000
-1.0000000000
-1.0000000000
-1.0000000000
-1.0000000000
-1.0000000000
-1.0000000000
-1.0000000000
-1.0000000000
-1.0000000000
-1.0000000000
-1.0000000000
-1.0000000000
-1.0000000000
-1.0000000000
-1.0000000000
-1.0000000000
-1.0000000000
-1.0000000000
-1.0000000000
-1.0000000000
-1.0000000000
-1.0000000000
-1.0000000000
-1.0000000000
-1.0000000000
-1.0000000000
-1.0000000000
-1.0000000000
-1.0000000000
-1.0000000000
-1.0000000000
-1.0000000000
-1.0000000000
-1.0000000000
-1.0000000000
-1.0000000000
-1.0000000000
-1.0000000000
-1.0000000000
-1.0000000000
-1.0000000000
-1.0000000000
-1.0000000000
-1.0000000000
-1.0000000000
-1.0000000000
-1.0000000000
-1.0000000000
-1.0000000000
-1.0000000000
-1.0000000000
-1.0000000000
-1.0000000000
-1.0000000000
-1.0000000000
-1.0000000000
-1.0000000000
-1.0000000000
-1.0000000000
-1.0000000000
-1.0000000000
-1.0000000000
-1.0000000000
-1.0000000000
-1.0000000000
-1.0000000000
-1.0000000000
456.5980000000
456.6089000000
456.6203000000
456.6311000000
456.6422000000
456.6534000000
456.6646000000
456.6757000000
456.6868000000
456.6979000000
456.7089000000
456.7202000000
456.7312000000
456.7423000000
456.7533000000
456.7645000000
456.7755000000
456.7867000000
456.7978000000
456.8092000000
456.8204000000
456.8312000000
456.8427000000
456.8536000000
456.8644000000
-1.0000000000
-1.0000000000
-1.0000000000
-1.0000000000
-1.0000000000
-1.0000000000
-1.0000000000
-1.0000000000
-1.0000000000
-1.0000000000
-1.0000000000
-1.0000000000
-1.0000000000
-1.0000000000
-1.0000000000
-1.0000000000
-1.0000000000
-1.0000000000
-1.0000000000
-1.0000000000
-1.0000000000
-1.0000000000
-1.0000000000
-1.0000000000
-1.0000000000
-1.0000000000
-1.0000000000
-1.0000000000
-1.0000000000
-1.0000000000
-1.0000000000
-1.0000000000
-1.0000000000
-1.0000000000
-1.0000000000
-1.0000000000
-1.0000000000
-1.0000000000
-1.0000000000
-1.0000000000
-1.0000000000
-1.0000000000
-1.0000000000
-1.0000000000
-1.0000000000
-1.0000000000
-1.0000000000
-1.0000000000
-1.0000000000
-1.0000000000
-1.0000000000
-1.0000000000
-1.0000000000
-1.0000000000
-1.0000000000
-1.0000000000
-1.0000000000
-1.0000000000
-1.0000000000
-1.0000000000
-1.0000000000
-1.0000000000
-1.0000000000
-1.0000000000
-1.0000000000
-1.0000000000
-1.0000000000
-1.0000000000
-1.0000000000
-1.0000000000
-1.0000000000
-1.0000000000
-1.0000000000
-1.0000000000
-1.0000000000
-1.0000000000
-1.0000000000
-1.0000000000
-1.0000000000
-1.0000000000
-1.0000000000
-1.0000000000
-1.0000000000
-1.0000000000
-1.0000000000
-1.0000000000
-1.0000000000
-1.0000000000
-1.0000000000
-1.0000000000
-1.0000000000
-1.0000000000
-1.0000000000
-1.0000000000
-1.0000000000
-1.0000000000
-1.0000000000
-1.0000000000
-1.0000000000
-1.0000000000
-1.0000000000
-1.0000000000
-1.0000000000
-1.0000000000
-1.0000000000
-1.0000000000
-1.0000000000
-1.0000000000
-1.0000000000
-1.0000000000
-1.0000000000
-1.0000000000
-1.0000000000
-1.0000000000
-1.0000000000
-1.0000000000
-1.0000000000
-1.0000000000
-1.0000000000
-1.0000000000
-1.0000000000
-1.0000000000
-1.0000000000
-1.0000000000
-1.0000000000
-1.0000000000
-1.0000000000
-1.0000000000
-1.0000000000
-1.0000000000
-1.0000000000
-1.0000000000
-1.0000000000
-1.0000000000
-1.0000000000
-1.0000000000
-1.0000000000
-1.0000000000
-1.0000000000
-1.0000000000
-1.0000000000
458.4414000000
458.4525000000
458.4635000000
458.4746000000
458.4858000000
458.4968000000
458.5079000000
458.5197000000
458.5306000000
458.5413000000
458.5523000000
458.5635000000
458.5745000000
458.5856000000
458.5967000000
458.6081000000
458.6190000000
458.6301000000
458.6411000000
-1.0000000000
-1.0000000000
-1.0000000000
-1.0000000000
-1.0000000000
-1.0000000000
-1.0000000000
-1.0000000000
-1.0000000000
-1.0000000000
-1.0000000000
-1.0000000000
-1.0000000000
-1.0000000000
-1.0000000000
-1.0000000000
-1.0000000000
-1.0000000000
-1.0000000000
-1.0000000000
-1.0000000000
-1.0000000000
-1.0000000000
-1.0000000000
-1.0000000000
-1.0000000000
-1.0000000000
-1.0000000000
-1.0000000000
-1.0000000000
-1.0000000000
-1.0000000000
-1.0000000000
-1.0000000000
-1.0000000000
-1.0000000000
-1.0000000000
-1.0000000000
-1.0000000000
-1.0000000000
-1.0000000000
-1.0000000000
-1.0000000000
-1.0000000000
-1.0000000000
-1.0000000000
-1.0000000000
-1.0000000000
-1.0000000000
-1.0000000000
-1.0000000000
-1.0000000000
-1.0000000000
-1.0000000000
-1.0000000000
-1.0000000000
-1.0000000000
-1.0000000000
-1.0000000000
-1.0000000000
-1.0000000000
-1.0000000000
-1.0000000000
-1.0000000000
-1.0000000000
-1.0000000000
-1.0000000000
-1.0000000000
-1.0000000000
-1.0000000000
-1.0000000000
-1.0000000000
-1.0000000000
-1.0000000000
-1.0000000000
-1.0000000000
-1.0000000000
-1.0000000000
-1.0000000000
-1.0000000000
-1.0000000000
-1.0000000000
-1.0000000000
-1.0000000000
-1.0000000000
-1.0000000000
-1.0000000000
-1.0000000000
-1.0000000000
-1.0000000000
-1.0000000000
-1.0000000000
-1.0000000000
-1.0000000000
-1.0000000000
-1.0000000000
-1.0000000000
-1.0000000000
-1.0000000000
-1.0000000000
-1.0000000000
-1.0000000000
-1.0000000000
-1.0000000000
-1.0000000000
-1.0000000000
-1.0000000000
-1.0000000000
-1.0000000000
-1.0000000000
-1.0000000000
-1.0000000000
-1.0000000000
-1.0000000000
-1.0000000000
-1.0000000000
-1.0000000000
-1.0000000000
-1.0000000000
-1.0000000000
-1.0000000000
-1.0000000000
460.0074000000
460.0184000000
460.0295000000
460.0405000000
460.0516000000
460.0627000000
460.0738000000
460.0852000000
460.0960000000
460.1071000000
460.1194000000
460.1300000000
460.1405000000
460.1515000000
460.1627000000
460.1739000000
460.1850000000
460.1960000000
460.2071000000
460.2182000000
460.2295000000
-1.0000000000
-1.0000000000
-1.0000000000
-1.0000000000
-1.0000000000
-1.0000000000
-1.0000000000
-1.0000000000
-1.0000000000
-1.0000000000
-1.0000000000
-1.0000000000
-1.0000000000
-1.0000000000
-1.0000000000
-1.0000000000
-1.0000000000
-1.0000000000
-1.0000000000
-1.0000000000
-1.0000000000
-1.0000000000
-1.0000000000
-1.0000000000
-1.0000000000
-1.0000000000
-1.0000000000
-1.0000000000
-1.0000000000
-1.0000000000
-1.0000000000
-1.0000000000
-1.0000000000
-1.0000000000
-1.0000000000
-1.0000000000
-1.0000000000
-1.0000000000
-1.0000000000
-1.0000000000
-1.0000000000
-1.0000000000
-1.0000000000
-1.0000000000
-1.0000000000
-1.0000000000
-1.0000000000
-1.0000000000
-1.0000000000
-1.0000000000
-1.0000000000
-1.0000000000
-1.0000000000
-1.0000000000
-1.0000000000
-1.0000000000
-1.0000000000
-1.0000000000
-1.0000000000
-1.0000000000
-1.0000000000
-1.0000000000
-1.0000000000
-1.0000000000
-1.0000000000
-1.0000000000
-1.0000000000
-1.0000000000
-1.0000000000
-1.0000000000
-1.0000000000
-1.0000000000
-1.0000000000
-1.0000000000
-1.0000000000
-1.0000000000
-1.0000000000
-1.0000000000
-1.0000000000
-1.0000000000
-1.0000000000
-1.0000000000
-1.0000000000
-1.0000000000
-1.0000000000
-1.0000000000
-1.0000000000
-1.0000000000
-1.0000000000
-1.0000000000
-1.0000000000
-1.0000000000
-1.0000000000
-1.0000000000
-1.0000000000
-1.0000000000
-1.0000000000
-1.0000000000
-1.0000000000
-1.0000000000
-1.0000000000
-1.0000000000
-1.0000000000
-1.0000000000
461.3955000000
461.4066000000
461.4175000000
461.4287000000
461.4398000000
461.4513000000
461.4621000000
461.4732000000
461.4843000000
461.4954000000
461.5066000000
461.5175000000
461.5287000000
461.5397000000
461.5509000000
461.5621000000
461.5731000000
461.5841000000
461.5953000000
461.6064000000
461.6175000000
461.6288000000
461.6399000000
461.6508000000
461.6620000000
461.6731000000
-1.0000000000
-1.0000000000
-1.0000000000
-1.0000000000
-1.0000000000
-1.0000000000
-1.0000000000
-1.0000000000
-1.0000000000
-1.0000000000
-1.0000000000
-1.0000000000
-1.0000000000
-1.0000000000
-1.0000000000
-1.0000000000
-1.0000000000
-1.0000000000
-1.0000000000
-1.0000000000
-1.0000000000
-1.0000000000
-1.0000000000
-1.0000000000
-1.0000000000
-1.0000000000
-1.0000000000
-1.0000000000
-1.0000000000
-1.0000000000
-1.0000000000
-1.0000000000
-1.0000000000
-1.0000000000
-1.0000000000
-1.0000000000
-1.0000000000
-1.0000000000
-1.0000000000
-1.0000000000
-1.0000000000
-1.0000000000
-1.0000000000
-1.0000000000
-1.0000000000
-1.0000000000
-1.0000000000
-1.0000000000
-1.0000000000
-1.0000000000
-1.0000000000
-1.0000000000
-1.0000000000
-1.0000000000
-1.0000000000
-1.0000000000
-1.0000000000
-1.0000000000
-1.0000000000
-1.0000000000
-1.0000000000
-1.0000000000
-1.0000000000
-1.0000000000
-1.0000000000
-1.0000000000
-1.0000000000
-1.0000000000
-1.0000000000
-1.0000000000
-1.0000000000
-1.0000000000
-1.0000000000
-1.0000000000
-1.0000000000
-1.0000000000
-1.0000000000
-1.0000000000
-1.0000000000
-1.0000000000
-1.0000000000
-1.0000000000
-1.0000000000
-1.0000000000
-1.0000000000
-1.0000000000
-1.0000000000
-1.0000000000
-1.0000000000
-1.0000000000
-1.0000000000
-1.0000000000
-1.0000000000
-1.0000000000
-1.0000000000
-1.0000000000
-1.0000000000
-1.0000000000
-1.0000000000
-1.0000000000
-1.0000000000
-1.0000000000
-1.0000000000
-1.0000000000
-1.0000000000
-1.0000000000
-1.0000000000
-1.0000000000
-1.0000000000
-1.0000000000
-1.0000000000
-1.0000000000
-1.0000000000
-1.0000000000
-1.0000000000
-1.0000000000
-1.0000000000
-1.0000000000
-1.0000000000
-1.0000000000
-1.0000000000
-1.0000000000
-1.0000000000
-1.0000000000
-1.0000000000
-1.0000000000
-1.0000000000
-1.0000000000
-1.0000000000
-1.0000000000
-1.0000000000
-1.0000000000
-1.0000000000
-1.0000000000
-1.0000000000
-1.0000000000
-1.0000000000
463.2058000000
463.2167000000
463.2279000000
463.2389000000
463.2501000000
463.2611000000
463.2722000000
463.2833000000
463.2944000000
463.3057000000
463.3169000000
463.3277000000
463.3391000000
463.3501000000
463.3614000000
463.3721000000
463.3838000000
463.3943000000
463.4056000000
463.4167000000
463.4278000000
463.4389000000
463.4501000000
463.4611000000
-1.0000000000
-1.0000000000
-1.0000000000
-1.0000000000
-1.0000000000
-1.0000000000
-1.0000000000
-1.0000000000
-1.0000000000
-1.0000000000
-1.0000000000
-1.0000000000
-1.0000000000
-1.0000000000
-1.0000000000
-1.0000000000
-1.0000000000
-1.0000000000
-1.0000000000
-1.0000000000
-1.0000000000
-1.0000000000
-1.0000000000
-1.0000000000
-1.0000000000
-1.0000000000
-1.0000000000
-1.0000000000
-1.0000000000
-1.0000000000
-1.0000000000
-1.0000000000
-1.0000000000
-1.0000000000
-1.0000000000
-1.0000000000
-1.0000000000
-1.0000000000
-1.0000000000
-1.0000000000
-1.0000000000
-1.0000000000
-1.0000000000
-1.0000000000
-1.0000000000
-1.0000000000
-1.0000000000
-1.0000000000
-1.0000000000
-1.0000000000
-1.0000000000
-1.0000000000
-1.0000000000
-1.0000000000
-1.0000000000
-1.0000000000
-1.0000000000
-1.0000000000
-1.0000000000
-1.0000000000
-1.0000000000
-1.0000000000
-1.0000000000
-1.0000000000
-1.0000000000
-1.0000000000
-1.0000000000
-1.0000000000
-1.0000000000
-1.0000000000
-1.0000000000
-1.0000000000
-1.0000000000
-1.0000000000
-1.0000000000
-1.0000000000
-1.0000000000
-1.0000000000
-1.0000000000
-1.0000000000
-1.0000000000
-1.0000000000
-1.0000000000
-1.0000000000
-1.0000000000
-1.0000000000
-1.0000000000
-1.0000000000
-1.0000000000
-1.0000000000
-1.0000000000
-1.0000000000
-1.0000000000
-1.0000000000
-1.0000000000
-1.0000000000
-1.0000000000
-1.0000000000
-1.0000000000
-1.0000000000
-1.0000000000
-1.0000000000
-1.0000000000
-1.0000000000
-1.0000000000
-1.0000000000
-1.0000000000
-1.0000000000
-1.0000000000
-1.0000000000
-1.0000000000
-1.0000000000
-1.0000000000
-1.0000000000
-1.0000000000
-1.0000000000
-1.0000000000
-1.0000000000
-1.0000000000
-1.0000000000
-1.0000000000
-1.0000000000
-1.0000000000
-1.0000000000
-1.0000000000
-1.0000000000
-1.0000000000
-1.0000000000
-1.0000000000
-1.0000000000
-1.0000000000
-1.0000000000
-1.0000000000
-1.0000000000
-1.0000000000
-1.0000000000
-1.0000000000
-1.0000000000
-1.0000000000
-1.0000000000
-1.0000000000
-1.0000000000
-1.0000000000
-1.0000000000
-1.0000000000
465.0824000000
465.0937000000
465.1049000000
465.1157000000
465.1271000000
465.1381000000
465.1490000000
465.1601000000
465.1713000000
465.1823000000
465.1934000000
465.2047000000
465.2160000000
465.2267000000
465.2382000000
465.2491000000
-1.0000000000
-1.0000000000
-1.0000000000
-1.0000000000
-1.0000000000
-1.0000000000
-1.0000000000
-1.0000000000
-1.0000000000
-1.0000000000
-1.0000000000
-1.0000000000
-1.0000000000
-1.0000000000
-1.0000000000
-1.0000000000
-1.0000000000
-1.0000000000
-1.0000000000
-1.0000000000
-1.0000000000
-1.0000000000
-1.0000000000
-1.0000000000
-1.0000000000
-1.0000000000
-1.0000000000
-1.0000000000
-1.0000000000
-1.0000000000
-1.0000000000
-1.0000000000
-1.0000000000
-1.0000000000
-1.0000000000
-1.0000000000
-1.0000000000
-1.0000000000
-1.0000000000
-1.0000000000
-1.0000000000
-1.0000000000
-1.0000000000
-1.0000000000
-1.0000000000
-1.0000000000
-1.0000000000
-1.0000000000
-1.0000000000
-1.0000000000
-1.0000000000
-1.0000000000
-1.0000000000
-1.0000000000
-1.0000000000
-1.0000000000
-1.0000000000
-1.0000000000
-1.0000000000
-1.0000000000
-1.0000000000
-1.0000000000
-1.0000000000
-1.0000000000
-1.0000000000
-1.0000000000
-1.0000000000
-1.0000000000
-1.0000000000
-1.0000000000
-1.0000000000
-1.0000000000
-1.0000000000
-1.0000000000
-1.0000000000
-1.0000000000
-1.0000000000
-1.0000000000
-1.0000000000
-1.0000000000
-1.0000000000
-1.0000000000
-1.0000000000
-1.0000000000
-1.0000000000
-1.0000000000
-1.0000000000
-1.0000000000
-1.0000000000
-1.0000000000
-1.0000000000
-1.0000000000
-1.0000000000
-1.0000000000
-1.0000000000
-1.0000000000
-1.0000000000
-1.0000000000
-1.0000000000
-1.0000000000
-1.0000000000
-1.0000000000
-1.0000000000
-1.0000000000
-1.0000000000
-1.0000000000
-1.0000000000
-1.0000000000
-1.0000000000
-1.0000000000
-1.0000000000
-1.0000000000
-1.0000000000
-1.0000000000
-1.0000000000
-1.0000000000
-1.0000000000
-1.0000000000
466.5706000000
466.5816000000
466.5927000000
466.6039000000
466.6151000000
466.6263000000
466.6374000000
466.6483000000
466.6594000000
466.6708000000
466.6816000000
466.6929000000
466.7039000000
466.7150000000
466.7265000000
466.7371000000
466.7484000000
466.7594000000
466.7706000000
466.7817000000
-1.0000000000
-1.0000000000
-1.0000000000
-1.0000000000
-1.0000000000
-1.0000000000
-1.0000000000
-1.0000000000
-1.0000000000
-1.0000000000
-1.0000000000
-1.0000000000
-1.0000000000
-1.0000000000
-1.0000000000
-1.0000000000
-1.0000000000
-1.0000000000
-1.0000000000
-1.0000000000
-1.0000000000
-1.0000000000
-1.0000000000
-1.0000000000
-1.0000000000
-1.0000000000
-1.0000000000
-1.0000000000
-1.0000000000
-1.0000000000
-1.0000000000
-1.0000000000
-1.0000000000
-1.0000000000
-1.0000000000
-1.0000000000
-1.0000000000
-1.0000000000
-1.0000000000
-1.0000000000
-1.0000000000
-1.0000000000
-1.0000000000
-1.0000000000
-1.0000000000
-1.0000000000
-1.0000000000
-1.0000000000
-1.0000000000
-1.0000000000
-1.0000000000
-1.0000000000
-1.0000000000
-1.0000000000
-1.0000000000
-1.0000000000
-1.0000000000
-1.0000000000
-1.0000000000
-1.0000000000
-1.0000000000
-1.0000000000
-1.0000000000
-1.0000000000
-1.0000000000
-1.0000000000
-1.0000000000
-1.0000000000
-1.0000000000
-1.0000000000
-1.0000000000
-1.0000000000
-1.0000000000
-1.0000000000
-1.0000000000
-1.0000000000
-1.0000000000
-1.0000000000
-1.0000000000
-1.0000000000
-1.0000000000
-1.0000000000
-1.0000000000
-1.0000000000
-1.0000000000
-1.0000000000
-1.0000000000
-1.0000000000
-1.0000000000
-1.0000000000
-1.0000000000
-1.0000000000
-1.0000000000
-1.0000000000
-1.0000000000
-1.0000000000
-1.0000000000
-1.0000000000
-1.0000000000
-1.0000000000
-1.0000000000
-1.0000000000
-1.0000000000
-1.0000000000
-1.0000000000
-1.0000000000
-1.0000000000
-1.0000000000
-1.0000000000
-1.0000000000
-1.0000000000
-1.0000000000
-1.0000000000
-1.0000000000
-1.0000000000
-1.0000000000
-1.0000000000
-1.0000000000
-1.0000000000
468.1142000000
468.1254000000
468.1366000000
468.1475000000
468.1588000000
468.1701000000
468.1809000000
468.1922000000
468.2031000000
468.2144000000
468.2253000000
468.2363000000
468.2476000000
468.2585000000
468.2698000000
-1.0000000000
-1.0000000000
-1.0000000000
-1.0000000000
-1.0000000000
-1.0000000000
-1.0000000000
-1.0000000000
468.3697000000
468.3807000000
468.3919000000
468.4031000000
468.4143000000
468.4253000000
468.4363000000
468.4474000000
468.4586000000
468.4698000000
468.4809000000
468.4919000000
468.5029000000
468.5140000000
468.5259000000
468.5363000000
468.5474000000
-1.0000000000
-1.0000000000
-1.0000000000
-1.0000000000
-1.0000000000
-1.0000000000
-1.0000000000
-1.0000000000
-1.0000000000
-1.0000000000
-1.0000000000
-1.0000000000
-1.0000000000
-1.0000000000
-1.0000000000
-1.0000000000
-1.0000000000
-1.0000000000
-1.0000000000
-1.0000000000
-1.0000000000
-1.0000000000
-1.0000000000
-1.0000000000
-1.0000000000
-1.0000000000
-1.0000000000
-1.0000000000
-1.0000000000
-1.0000000000
-1.0000000000
-1.0000000000
-1.0000000000
-1.0000000000
-1.0000000000
-1.0000000000
-1.0000000000
-1.0000000000
-1.0000000000
-1.0000000000
-1.0000000000
-1.0000000000
-1.0000000000
-1.0000000000
-1.0000000000
-1.0000000000
-1.0000000000
-1.0000000000
-1.0000000000
-1.0000000000
-1.0000000000
-1.0000000000
-1.0000000000
-1.0000000000
-1.0000000000
-1.0000000000
-1.0000000000
-1.0000000000
-1.0000000000
-1.0000000000
-1.0000000000
-1.0000000000
-1.0000000000
-1.0000000000
-1.0000000000
-1.0000000000
-1.0000000000
-1.0000000000
-1.0000000000
-1.0000000000
-1.0000000000
-1.0000000000
-1.0000000000
-1.0000000000
-1.0000000000
-1.0000000000
-1.0000000000
-1.0000000000
-1.0000000000
-1.0000000000
-1.0000000000
-1.0000000000
-1.0000000000
-1.0000000000
-1.0000000000
-1.0000000000
-1.0000000000
-1.0000000000
-1.0000000000
-1.0000000000
-1.0000000000
-1.0000000000
-1.0000000000
-1.0000000000
-1.0000000000
-1.0000000000
-1.0000000000
-1.0000000000
-1.0000000000
-1.0000000000
-1.0000000000
-1.0000000000
-1.0000000000
-1.0000000000
-1.0000000000
-1.0000000000
-1.0000000000
-1.0000000000
-1.0000000000
-1.0000000000
-1.0000000000
-1.0000000000
-1.0000000000
-1.0000000000
-1.0000000000
-1.0000000000
-1.0000000000
-1.0000000000
-1.0000000000
-1.0000000000
-1.0000000000
-1.0000000000
-1.0000000000
-1.0000000000
-1.0000000000
-1.0000000000
-1.0000000000
-1.0000000000
-1.0000000000
-1.0000000000
-1.0000000000
470.0135000000
470.0244000000
470.0357000000
470.0466000000
470.0577000000
470.0690000000
470.0800000000
470.0911000000
470.1027000000
470.1132000000
470.1244000000
470.1354000000
470.1466000000
470.1578000000
470.1689000000
470.1799000000
470.1912000000
470.2020000000
470.2132000000
470.2243000000
470.2354000000
-1.0000000000
-1.0000000000
-1.0000000000
-1.0000000000
-1.0000000000
-1.0000000000
-1.0000000000
-1.0000000000
-1.0000000000
-1.0000000000
-1.0000000000
-1.0000000000
-1.0000000000
-1.0000000000
-1.0000000000
-1.0000000000
-1.0000000000
-1.0000000000
-1.0000000000
-1.0000000000
-1.0000000000
-1.0000000000
-1.0000000000
-1.0000000000
-1.0000000000
-1.0000000000
-1.0000000000
-1.0000000000
-1.0000000000
-1.0000000000
-1.0000000000
-1.0000000000
-1.0000000000
-1.0000000000
-1.0000000000
-1.0000000000
-1.0000000000
-1.0000000000
-1.0000000000
-1.0000000000
-1.0000000000
-1.0000000000
-1.0000000000
-1.0000000000
-1.0000000000
-1.0000000000
-1.0000000000
-1.0000000000
-1.0000000000
-1.0000000000
-1.0000000000
-1.0000000000
-1.0000000000
-1.0000000000
-1.0000000000
-1.0000000000
-1.0000000000
-1.0000000000
-1.0000000000
-1.0000000000
-1.0000000000
-1.0000000000
-1.0000000000
-1.0000000000
-1.0000000000
-1.0000000000
-1.0000000000
-1.0000000000
-1.0000000000
-1.0000000000
-1.0000000000
-1.0000000000
-1.0000000000
-1.0000000000
-1.0000000000
-1.0000000000
-1.0000000000
-1.0000000000
-1.0000000000
-1.0000000000
-1.0000000000
-1.0000000000
-1.0000000000
-1.0000000000
-1.0000000000
-1.0000000000
-1.0000000000
-1.0000000000
-1.0000000000
-1.0000000000
-1.0000000000
-1.0000000000
-1.0000000000
-1.0000000000
-1.0000000000
-1.0000000000
-1.0000000000
-1.0000000000
-1.0000000000
-1.0000000000
-1.0000000000
-1.0000000000
-1.0000000000
-1.0000000000
-1.0000000000
-1.0000000000
-1.0000000000
-1.0000000000
-1.0000000000
-1.0000000000
-1.0000000000
-1.0000000000
-1.0000000000
-1.0000000000
471.5126000000
471.5236000000
471.5350000000
471.5458000000
471.5570000000
471.5681000000
471.5792000000
471.5904000000
471.6013000000
471.6126000000
471.6236000000
471.6349000000
471.6458000000
471.6570000000
471.6680000000
471.6791000000
471.6908000000
471.7013000000
471.7125000000
471.7235000000
471.7348000000
-1.0000000000
-1.0000000000
-1.0000000000
-1.0000000000
-1.0000000000
-1.0000000000
-1.0000000000
-1.0000000000
-1.0000000000
-1.0000000000
-1.0000000000
-1.0000000000
-1.0000000000
-1.0000000000
-1.0000000000
-1.0000000000
-1.0000000000
-1.0000000000
-1.0000000000
-1.0000000000
-1.0000000000
-1.0000000000
-1.0000000000
-1.0000000000
-1.0000000000
-1.0000000000
-1.0000000000
-1.0000000000
-1.0000000000
-1.0000000000
-1.0000000000
-1.0000000000
-1.0000000000
-1.0000000000
-1.0000000000
-1.0000000000
-1.0000000000
-1.0000000000
-1.0000000000
-1.0000000000
-1.0000000000
-1.0000000000
-1.0000000000
-1.0000000000
-1.0000000000
-1.0000000000
-1.0000000000
-1.0000000000
-1.0000000000
-1.0000000000
-1.0000000000
-1.0000000000
-1.0000000000
-1.0000000000
-1.0000000000
-1.0000000000
-1.0000000000
-1.0000000000
-1.0000000000
-1.0000000000
472.4120000000
472.4231000000
472.4350000000
472.4455000000
472.4568000000
472.4677000000
472.4787000000
472.4898000000
472.5009000000
472.5121000000
472.5232000000
472.5343000000
472.5453000000
472.5565000000
472.5675000000
-1.0000000000
-1.0000000000
-1.0000000000
-1.0000000000
-1.0000000000
-1.0000000000
-1.0000000000
-1.0000000000
-1.0000000000
-1.0000000000
-1.0000000000
-1.0000000000
-1.0000000000
-1.0000000000
-1.0000000000
-1.0000000000
-1.0000000000
-1.0000000000
-1.0000000000
-1.0000000000
-1.0000000000
-1.0000000000
-1.0000000000
-1.0000000000
-1.0000000000
-1.0000000000
-1.0000000000
-1.0000000000
-1.0000000000
-1.0000000000
-1.0000000000
-1.0000000000
-1.0000000000
-1.0000000000
-1.0000000000
-1.0000000000
-1.0000000000
-1.0000000000
-1.0000000000
-1.0000000000
-1.0000000000
-1.0000000000
-1.0000000000
-1.0000000000
-1.0000000000
-1.0000000000
-1.0000000000
-1.0000000000
-1.0000000000
-1.0000000000
-1.0000000000
-1.0000000000
-1.0000000000
-1.0000000000
-1.0000000000
-1.0000000000
-1.0000000000
-1.0000000000
-1.0000000000
-1.0000000000
-1.0000000000
-1.0000000000
-1.0000000000
-1.0000000000
-1.0000000000
-1.0000000000
-1.0000000000
-1.0000000000
-1.0000000000
-1.0000000000
-1.0000000000
-1.0000000000
-1.0000000000
-1.0000000000
-1.0000000000
-1.0000000000
-1.0000000000
-1.0000000000
-1.0000000000
-1.0000000000
-1.0000000000
-1.0000000000
-1.0000000000
-1.0000000000
-1.0000000000
-1.0000000000
-1.0000000000
-1.0000000000
-1.0000000000
-1.0000000000
-1.0000000000
-1.0000000000
-1.0000000000
-1.0000000000
-1.0000000000
-1.0000000000
-1.0000000000
-1.0000000000
-1.0000000000
-1.0000000000
-1.0000000000
-1.0000000000
-1.0000000000
-1.0000000000
-1.0000000000
-1.0000000000
-1.0000000000
-1.0000000000
-1.0000000000
-1.0000000000
-1.0000000000
-1.0000000000
-1.0000000000
-1.0000000000
-1.0000000000
-1.0000000000
-1.0000000000
-1.0000000000
-1.0000000000
-1.0000000000
-1.0000000000
-1.0000000000
-1.0000000000
-1.0000000000
-1.0000000000
-1.0000000000
-1.0000000000
-1.0000000000
-1.0000000000
-1.0000000000
-1.0000000000
-1.0000000000
-1.0000000000
-1.0000000000
-1.0000000000
-1.0000000000
-1.0000000000
-1.0000000000
-1.0000000000
-1.0000000000
-1.0000000000
-1.0000000000
-1.0000000000
-1.0000000000
-1.0000000000
-1.0000000000
-1.0000000000
-1.0000000000
-1.0000000000
-1.0000000000
-1.0000000000
-1.0000000000
-1.0000000000
-1.0000000000
-1.0000000000
-1.0000000000
-1.0000000000
-1.0000000000
-1.0000000000
-1.0000000000
-1.0000000000
-1.0000000000
-1.0000000000
-1.0000000000
-1.0000000000
-1.0000000000
-1.0000000000
-1.0000000000
-1.0000000000
-1.0000000000
-1.0000000000
-1.0000000000
-1.0000000000
-1.0000000000
-1.0000000000
-1.0000000000
-1.0000000000
-1.0000000000
-1.0000000000
-1.0000000000
-1.0000000000
-1.0000000000
-1.0000000000
-1.0000000000
-1.0000000000
-1.0000000000
-1.0000000000
-1.0000000000
-1.0000000000
-1.0000000000
-1.0000000000
-1.0000000000
-1.0000000000
-1.0000000000
-1.0000000000
-1.0000000000
-1.0000000000
-1.0000000000
-1.0000000000
-1.0000000000
-1.0000000000
-1.0000000000
-1.0000000000
-1.0000000000
-1.0000000000
-1.0000000000
-1.0000000000
-1.0000000000
-1.0000000000
-1.0000000000
-1.0000000000
-1.0000000000
-1.0000000000
-1.0000000000
-1.0000000000
-1.0000000000
-1.0000000000
-1.0000000000
-1.0000000000
-1.0000000000
-1.0000000000
-1.0000000000
-1.0000000000
-1.0000000000
-1.0000000000
-1.0000000000
-1.0000000000
-1.0000000000
-1.0000000000
-1.0000000000
-1.0000000000
-1.0000000000
-1.0000000000
-1.0000000000
-1.0000000000
-1.0000000000
-1.0000000000
-1.0000000000
-1.0000000000
-1.0000000000
-1.0000000000
-1.0000000000
-1.0000000000
-1.0000000000
-1.0000000000
-1.0000000000
-1.0000000000
-1.0000000000
-1.0000000000
-1.0000000000
-1.0000000000
-1.0000000000
475.3772000000
475.3884000000
475.3997000000
475.4105000000
475.4218000000
475.4331000000
475.4440000000
475.4550000000
475.4663000000
475.4773000000
475.4884000000
475.4994000000
475.5106000000
475.5217000000
475.5328000000
475.5439000000
475.5550000000
475.5662000000
-1.0000000000
-1.0000000000
-1.0000000000
-1.0000000000
-1.0000000000
-1.0000000000
-1.0000000000
-1.0000000000
-1.0000000000
-1.0000000000
-1.0000000000
-1.0000000000
-1.0000000000
-1.0000000000
-1.0000000000
-1.0000000000
-1.0000000000
-1.0000000000
-1.0000000000
-1.0000000000
-1.0000000000
-1.0000000000
-1.0000000000
-1.0000000000
-1.0000000000
-1.0000000000
-1.0000000000
-1.0000000000
-1.0000000000
-1.0000000000
-1.0000000000
-1.0000000000
-1.0000000000
-1.0000000000
-1.0000000000
-1.0000000000
-1.0000000000
-1.0000000000
-1.0000000000
-1.0000000000
-1.0000000000
-1.0000000000
-1.0000000000
-1.0000000000
-1.0000000000
-1.0000000000
-1.0000000000
-1.0000000000
-1.0000000000
-1.0000000000
-1.0000000000
-1.0000000000
-1.0000000000
-1.0000000000
-1.0000000000
-1.0000000000
-1.0000000000
-1.0000000000
-1.0000000000
-1.0000000000
-1.0000000000
-1.0000000000
-1.0000000000
-1.0000000000
-1.0000000000
-1.0000000000
-1.0000000000
-1.0000000000
-1.0000000000
-1.0000000000
-1.0000000000
-1.0000000000
-1.0000000000
-1.0000000000
-1.0000000000
-1.0000000000
-1.0000000000
-1.0000000000
-1.0000000000
-1.0000000000
-1.0000000000
-1.0000000000
-1.0000000000
-1.0000000000
-1.0000000000
-1.0000000000
-1.0000000000
-1.0000000000
-1.0000000000
-1.0000000000
-1.0000000000
-1.0000000000
-1.0000000000
-1.0000000000
-1.0000000000
-1.0000000000
-1.0000000000
-1.0000000000
-1.0000000000
-1.0000000000
476.6877000000
476.6989000000
476.7100000000
476.7212000000
476.7328000000
476.7432000000
476.7544000000
476.7654000000
476.7766000000
476.7877000000
476.7990000000
476.8099000000
476.8211000000
476.8322000000
476.8433000000
476.8543000000
476.8655000000
476.8766000000
476.8877000000
476.8989000000
476.9100000000
476.9210000000
476.9322000000
476.9436000000
476.9543000000
476.9653000000
476.9766000000
476.9875000000
-1.0000000000
-1.0000000000
-1.0000000000
-1.0000000000
-1.0000000000
-1.0000000000
-1.0000000000
-1.0000000000
-1.0000000000
-1.0000000000
-1.0000000000
-1.0000000000
-1.0000000000
-1.0000000000
-1.0000000000
-1.0000000000
-1.0000000000
-1.0000000000
-1.0000000000
-1.0000000000
-1.0000000000
-1.0000000000
-1.0000000000
-1.0000000000
-1.0000000000
-1.0000000000
-1.0000000000
-1.0000000000
-1.0000000000
-1.0000000000
-1.0000000000
-1.0000000000
-1.0000000000
-1.0000000000
-1.0000000000
-1.0000000000
-1.0000000000
-1.0000000000
-1.0000000000
-1.0000000000
-1.0000000000
-1.0000000000
-1.0000000000
-1.0000000000
-1.0000000000
-1.0000000000
-1.0000000000
-1.0000000000
-1.0000000000
-1.0000000000
-1.0000000000
-1.0000000000
-1.0000000000
-1.0000000000
-1.0000000000
-1.0000000000
-1.0000000000
-1.0000000000
-1.0000000000
-1.0000000000
-1.0000000000
-1.0000000000
-1.0000000000
-1.0000000000
-1.0000000000
-1.0000000000
-1.0000000000
-1.0000000000
-1.0000000000
-1.0000000000
-1.0000000000
-1.0000000000
-1.0000000000
-1.0000000000
-1.0000000000
-1.0000000000
-1.0000000000
-1.0000000000
-1.0000000000
-1.0000000000
-1.0000000000
-1.0000000000
-1.0000000000
-1.0000000000
-1.0000000000
-1.0000000000
-1.0000000000
