176.6236000000
176.6505000000
176.6616000000
176.6747000000
176.6895000000
176.7151000000
176.7272000000
176.7419000000
176.7716000000
176.7876000000
176.8252000000
176.8367000000
176.8528000000
176.8740000000
176.8963000000
176.9209000000
176.9409000000
176.9767000000
176.9876000000
177.0072000000
177.0296000000
177.0525000000
177.0744000000
177.0968000000
177.1351000000
177.1465000000
177.1637000000
177.1857000000
177.2075000000
177.2298000000
177.2408000000
177.2531000000
177.2881000000
177.3001000000
177.3220000000
177.3409000000
177.3530000000
177.3742000000
177.3861000000
177.4078000000
177.4436000000
177.4551000000
177.4744000000
177.4963000000
177.5082000000
177.5314000000
177.5418000000
177.5634000000
177.5997000000
177.6113000000
177.6295000000
177.6409000000
177.6629000000
177.6743000000
177.6965000000
177.7191000000
177.7560000000
177.7669000000
177.7865000000
177.8075000000
177.8193000000
177.8407000000
177.8523000000
177.8746000000
177.9111000000
177.9223000000
177.9428000000
177.9634000000
177.9862000000
178.0080000000
178.0305000000
178.0668000000
178.0784000000
178.0959000000
178.1072000000
178.1184000000
178.1288000000
178.1417000000
178.1523000000
178.1737000000
178.1852000000
178.2223000000
178.2332000000
178.2521000000
178.2737000000
178.2848000000
178.2955000000
178.3069000000
178.3184000000
178.3405000000
178.3672000000
178.3776000000
178.3958000000
178.4070000000
178.4184000000
178.4407000000
178.4518000000
178.4739000000
178.4962000000
178.5331000000
178.5440000000
178.5644000000
178.5749000000
178.5960000000
178.6070000000
178.6184000000
178.6407000000
178.6628000000
178.6999000000
178.7110000000
178.7292000000
178.7399000000
178.7518000000
178.7756000000
178.7963000000
178.8192000000
178.8544000000
178.8667000000
178.8853000000
178.9072000000
178.9183000000
178.9404000000
178.9625000000
178.9746000000
178.9989000000
179.0107000000
179.0288000000
179.0396000000
179.0512000000
179.0627000000
179.0742000000
179.0967000000
179.1190000000
179.1406000000
179.1829000000
179.2023000000
179.2219000000
179.2431000000
179.2571000000
179.2763000000
179.2895000000
179.3097000000
179.3445000000
179.3586000000
179.3764000000
179.3901000000
179.4119000000
179.4254000000
179.4428000000
179.4563000000
179.4762000000
179.5079000000
179.5497000000
179.5646000000
179.5882000000
179.6104000000
179.6293000000
179.6546000000
179.6665000000
179.6841000000
179.6952000000
179.7057000000
179.7171000000
179.7281000000
179.7392000000
179.7517000000
179.7732000000
179.7851000000
179.8209000000
179.8342000000
179.8522000000
179.8737000000
179.8959000000
179.9187000000
179.9402000000
179.9760000000
179.9875000000
180.0064000000
180.0182000000
180.0399000000
180.0528000000
180.0734000000
180.0956000000
180.1328000000
180.1445000000
180.1623000000
180.1851000000
180.2068000000
180.2290000000
180.2519000000
180.2903000000
180.3024000000
180.3188000000
180.3400000000
180.3621000000
180.3851000000
180.4067000000
180.4427000000
180.4544000000
180.4742000000
180.4846000000
180.5061000000
180.5174000000
180.5394000000
180.5509000000
180.5729000000
180.5977000000
180.6083000000
180.6282000000
180.6386000000
180.6507000000
180.6727000000
180.6859000000
180.7061000000
180.7175000000
180.7395000000
180.7649000000
180.7760000000
180.7949000000
180.8057000000
180.8176000000
180.8396000000
180.8619000000
180.8850000000
180.9081000000
180.9428000000
180.9545000000
180.9729000000
180.9953000000
181.0181000000
181.0397000000
181.0622000000
181.0985000000
181.1115000000
181.1285000000
181.1516000000
181.1728000000
181.1953000000
181.2188000000
181.2532000000
181.2641000000
181.2850000000
181.3061000000
181.3301000000
181.3516000000
181.3730000000
181.4092000000
181.4210000000
181.4389000000
181.4508000000
181.4721000000
181.4840000000
181.5055000000
181.5175000000
181.5408000000
181.5652000000
181.5767000000
181.5942000000
181.6057000000
181.6278000000
181.6381000000
181.6507000000
181.6720000000
181.6832000000
181.6938000000
181.7190000000
181.7317000000
181.7509000000
181.7720000000
181.7840000000
181.8057000000
181.8176000000
181.8390000000
181.8620000000
181.8986000000
181.9100000000
181.9282000000
181.9527000000
181.9729000000
181.9949000000
182.0182000000
182.0535000000
182.0649000000
182.0847000000
182.1059000000
182.1282000000
182.1529000000
182.1727000000
182.2084000000
182.2207000000
182.2386000000
182.2510000000
182.2721000000
182.2943000000
182.3179000000
182.3388000000
182.3773000000
182.3884000000
182.4053000000
182.4276000000
182.4510000000
182.4723000000
182.4944000000
182.5326000000
182.5446000000
182.5625000000
182.5845000000
182.6056000000
182.6279000000
182.6512000000
182.6861000000
182.6975000000
182.7176000000
182.7384000000
182.7504000000
182.7734000000
182.7850000000
182.8052000000
182.8311000000
182.8413000000
182.8607000000
182.8715000000
182.8836000000
182.9052000000
182.9272000000
182.9378000000
182.9502000000
182.9717000000
182.9995000000
183.0112000000
183.0270000000
183.0378000000
183.0486000000
183.0600000000
183.0715000000
183.0832000000
183.1050000000
183.1273000000
183.1516000000
183.1628000000
183.1839000000
183.2068000000
183.2276000000
183.2507000000
183.2720000000
183.2943000000
183.3314000000
183.3428000000
183.3600000000
183.3718000000
183.3939000000
183.4184000000
183.4381000000
183.4604000000
183.4846000000
183.4953000000
183.5175000000
183.5384000000
183.5605000000
183.5827000000
183.6046000000
183.6176000000
183.6518000000
183.6628000000
183.6841000000
183.7043000000
183.7160000000
183.7380000000
183.7601000000
183.7709000000
183.7966000000
183.8076000000
183.8284000000
183.8385000000
183.8600000000
183.8710000000
183.8815000000
183.8925000000
183.9038000000
183.9149000000
183.9264000000
183.9507000000
183.9620000000
183.9821000000
183.9925000000
184.0036000000
184.0148000000
184.0279000000
184.0389000000
184.0605000000
184.0822000000
184.1069000000
184.1179000000
184.1372000000
184.1480000000
184.1593000000
184.1702000000
184.1812000000
184.1925000000
184.2033000000
184.2146000000
184.2262000000
184.2387000000
184.2642000000
184.2767000000
184.2929000000
184.3040000000
184.3148000000
184.3261000000
184.3377000000
184.3596000000
184.3701000000
184.3811000000
184.3928000000
184.4172000000
184.4277000000
184.4501000000
184.4603000000
184.4814000000
184.4925000000
184.5036000000
184.5145000000
184.5262000000
184.5374000000
184.5599000000
184.5961000000
184.6067000000
184.6266000000
184.6491000000
184.6726000000
184.6836000000
184.7037000000
184.7146000000
184.7401000000
184.7519000000
184.7690000000
184.7799000000
184.7907000000
184.8016000000
184.8127000000
184.8242000000
184.8348000000
184.8459000000
184.8571000000
184.8698000000
184.8944000000
184.9058000000
184.9248000000
184.9361000000
184.9460000000
184.9569000000
184.9682000000
184.9791000000
184.9902000000
185.0014000000
185.0124000000
185.0242000000
185.0490000000
185.0599000000
185.0813000000
185.0918000000
185.1029000000
185.1138000000
185.1242000000
185.1358000000
185.1460000000
185.1570000000
185.1681000000
185.1791000000
185.2042000000
185.2170000000
185.2350000000
185.2457000000
185.2568000000
185.2679000000
185.2808000000
185.2916000000
185.3026000000
185.3125000000
185.3240000000
185.3351000000
185.3597000000
185.3712000000
185.3910000000
185.4017000000
185.4125000000
185.4245000000
185.4355000000
185.4462000000
185.4582000000
185.4690000000
185.4813000000
185.4917000000
185.5164000000
185.5273000000
185.5477000000
185.5586000000
185.5695000000
185.5811000000
185.5921000000
185.6030000000
185.6143000000
185.6257000000
185.6371000000
185.6592000000
185.6958000000
185.7090000000
185.7258000000
185.7372000000
185.7589000000
185.7699000000
185.7804000000
185.7918000000
185.8029000000
185.8138000000
185.8392000000
185.8500000000
185.8692000000
185.8800000000
185.8917000000
185.9032000000
185.9152000000
185.9255000000
185.9371000000
185.9586000000
185.9699000000
185.9940000000
186.0054000000
186.0253000000
186.0372000000
186.0591000000
186.0706000000
186.0921000000
186.1035000000
186.1273000000
186.1512000000
186.1622000000
186.1802000000
186.1915000000
186.2023000000
186.2136000000
186.2249000000
186.2365000000
186.2480000000
186.2694000000
186.2802000000
186.3055000000
186.3183000000
186.3361000000
186.3467000000
186.3583000000
186.3693000000
186.3800000000
186.3916000000
186.4027000000
186.4133000000
186.4261000000
186.4475000000
186.4724000000
186.4837000000
186.5027000000
186.5137000000
186.5268000000
186.5373000000
186.5590000000
186.5805000000
186.5917000000
186.6033000000
186.6395000000
186.6511000000
186.6689000000
186.6799000000
186.6913000000
186.7029000000
186.7129000000
186.7244000000
186.7388000000
186.7585000000
186.7840000000
186.7955000000
186.8252000000
186.8470000000
186.8698000000
186.8914000000
186.9129000000
186.9494000000
186.9623000000
186.9796000000
187.0017000000
187.0245000000
187.0464000000
187.0691000000
187.1057000000
187.1172000000
187.1356000000
187.1583000000
187.1817000000
187.2023000000
187.2257000000
187.2607000000
187.2725000000
187.2914000000
187.3132000000
187.3246000000
187.3365000000
187.3580000000
187.3696000000
187.3931000000
187.4176000000
187.4292000000
187.4553000000
187.4669000000
187.4782000000
187.4896000000
187.5006000000
187.5115000000
187.5224000000
187.5338000000
187.5449000000
187.5695000000
187.5809000000
187.5982000000
187.6085000000
187.6195000000
187.6304000000
187.6416000000
187.6529000000
187.6631000000
187.6746000000
187.6859000000
187.6969000000
187.7217000000
187.7341000000
187.7456000000
187.7557000000
187.7671000000
187.7781000000
187.7883000000
187.8018000000
187.8127000000
187.8227000000
187.8342000000
187.8444000000
187.8547000000
187.8835000000
187.8952000000
187.9090000000
187.9202000000
187.9314000000
187.9426000000
187.9540000000
187.9663000000
187.9773000000
187.9885000000
188.0027000000
188.0131000000
188.0378000000
188.0489000000
188.0683000000
188.0792000000
188.0906000000
188.1018000000
188.1125000000
188.1241000000
188.1353000000
188.1460000000
188.1571000000
188.1689000000
188.1933000000
188.2058000000
188.2246000000
188.2461000000
188.2580000000
188.2796000000
188.2915000000
188.3129000000
188.3246000000
188.3602000000
188.3716000000
188.3913000000
188.4129000000
188.4263000000
188.4466000000
188.4580000000
188.4796000000
188.5050000000
188.5165000000
188.5361000000
188.5574000000
188.5693000000
188.5909000000
188.6027000000
188.6242000000
188.6380000000
188.6712000000
188.6831000000
188.7012000000
188.7122000000
188.7248000000
188.7455000000
188.7569000000
188.7686000000
188.7789000000
188.7909000000
188.8164000000
188.8279000000
188.8473000000
188.8579000000
188.8792000000
188.8904000000
188.9024000000
188.9237000000
188.9360000000
188.9565000000
188.9821000000
188.9934000000
189.0121000000
189.0235000000
189.0369000000
189.0589000000
189.0699000000
189.0906000000
189.1025000000
189.1249000000
189.1613000000
189.1725000000
189.1905000000
189.2025000000
189.2252000000
189.2451000000
189.2576000000
189.2675000000
189.2785000000
189.3028000000
189.3141000000
189.3338000000
189.3450000000
189.3553000000
189.3687000000
189.3889000000
189.4007000000
189.4118000000
189.4223000000
189.4343000000
189.4589000000
189.4716000000
189.4891000000
189.5009000000
189.5113000000
189.5223000000
189.5362000000
189.5553000000
189.5697000000
189.5889000000
189.6147000000
189.6254000000
189.6450000000
189.6575000000
189.6782000000
189.6920000000
189.7022000000
189.7236000000
189.7365000000
189.7572000000
189.7926000000
189.8044000000
189.8240000000
189.8454000000
189.8571000000
189.8789000000
189.8920000000
189.9025000000
189.9238000000
189.9592000000
189.9702000000
189.9899000000
190.0025000000
190.0231000000
190.0358000000
190.0561000000
190.0696000000
190.0895000000
190.1170000000
190.1287000000
190.1454000000
190.1577000000
190.1788000000
190.1924000000
190.2116000000
190.2234000000
190.2357000000
190.2566000000
190.2836000000
190.2944000000
190.3132000000
190.3236000000
190.3449000000
190.3568000000
190.3784000000
190.3906000000
190.4119000000
190.4379000000
190.4489000000
190.4673000000
190.4799000000
190.5015000000
190.5251000000
190.5449000000
190.5574000000
190.5785000000
190.6074000000
190.6204000000
190.6356000000
190.6558000000
190.6707000000
190.6896000000
190.7026000000
190.7256000000
190.7444000000
190.7702000000
190.7818000000
190.7998000000
190.8118000000
190.8239000000
190.8461000000
190.8663000000
190.8781000000
190.8903000000
190.9105000000
190.9382000000
190.9505000000
190.9663000000
190.9782000000
190.9899000000
191.0106000000
191.0225000000
191.0356000000
191.0552000000
191.0679000000
191.1021000000
191.1140000000
191.1351000000
191.1465000000
191.1667000000
191.1788000000
191.2002000000
191.2119000000
191.2335000000
191.2595000000
191.2710000000
191.2889000000
191.3026000000
191.3224000000
191.3376000000
191.3559000000
191.3692000000
191.3888000000
191.4159000000
191.4273000000
191.4447000000
191.4575000000
191.4778000000
191.4912000000
191.5113000000
191.5251000000
191.5470000000
191.5729000000
191.5843000000
191.6005000000
191.6125000000
191.6341000000
191.6469000000
191.6674000000
191.6891000000
191.7029000000
191.7362000000
191.7503000000
191.7691000000
191.7881000000
191.8020000000
191.8216000000
191.8349000000
191.8550000000
191.8827000000
191.8945000000
191.9124000000
191.9329000000
191.9460000000
191.9680000000
191.9794000000
191.9998000000
192.0123000000
192.0472000000
192.0597000000
192.0767000000
192.0891000000
192.1035000000
192.1209000000
192.1347000000
192.1546000000
192.1703000000
192.2016000000
192.2135000000
192.2337000000
192.2541000000
192.2687000000
192.2876000000
192.3013000000
192.3211000000
192.3504000000
192.3646000000
192.3813000000
192.3994000000
192.4124000000
192.4330000000
192.4462000000
192.4672000000
192.4871000000
192.5147000000
192.5259000000
192.5428000000
192.5555000000
192.5698000000
192.5888000000
192.6010000000
192.6204000000
192.6341000000
192.6538000000
192.6827000000
192.6935000000
192.7117000000
192.7322000000
192.7457000000
192.7653000000
192.7789000000
192.8003000000
192.8126000000
192.8458000000
192.8594000000
192.8763000000
192.8891000000
192.9093000000
192.9237000000
192.9428000000
192.9591000000
192.9760000000
193.0035000000
193.0172000000
193.0318000000
193.0469000000
193.0651000000
193.0787000000
193.0988000000
193.1119000000
193.1317000000
193.1596000000
193.1710000000
193.1881000000
193.2036000000
193.2220000000
193.2351000000
193.2536000000
193.2679000000
193.2869000000
193.3153000000
193.3268000000
193.3429000000
193.3585000000
193.3758000000
193.3889000000
193.4090000000
193.4262000000
193.4427000000
193.4720000000
193.4852000000
193.4995000000
193.5132000000
193.5318000000
193.5456000000
193.5651000000
193.5787000000
193.5984000000
193.6265000000
193.6426000000
193.6564000000
193.6757000000
193.6897000000
193.7090000000
193.7229000000
193.7429000000
193.7570000000
193.7900000000
193.8016000000
193.8216000000
193.8359000000
193.8560000000
193.8688000000
193.8876000000
193.9030000000
193.9212000000
193.9506000000
193.9619000000
193.9768000000
193.9906000000
194.0103000000
194.0251000000
194.0438000000
194.0600000000
194.0770000000
194.1075000000
194.1194000000
194.1345000000
194.1537000000
194.1701000000
194.1868000000
194.2016000000
194.2199000000
194.2361000000
194.2672000000
194.2806000000
194.2984000000
194.3118000000
194.3316000000
194.3458000000
194.3651000000
194.3787000000
194.3982000000
194.4259000000
194.4379000000
194.4538000000
194.4682000000
194.4881000000
194.5016000000
194.5205000000
194.5354000000
194.5556000000
194.5898000000
194.6020000000
194.6207000000
194.6358000000
194.6538000000
194.6688000000
194.6889000000
194.7025000000
194.7206000000
194.7492000000
194.7616000000
194.7767000000
194.7912000000
194.8094000000
194.8240000000
194.8432000000
194.8580000000
194.8762000000
194.9066000000
194.9207000000
194.9367000000
194.9540000000
194.9713000000
194.9876000000
195.0028000000
195.0230000000
195.0435000000
195.0796000000
195.0932000000
195.1101000000
195.1321000000
195.1466000000
195.1656000000
195.1879000000
195.2109000000
195.2455000000
195.2580000000
195.2762000000
195.2924000000
195.3105000000
195.3235000000
195.3422000000
195.3574000000
195.3755000000
195.4058000000
195.4178000000
195.4337000000
195.4535000000
195.4703000000
195.4865000000
195.5041000000
195.5213000000
195.5354000000
195.5672000000
195.5814000000
195.5984000000
195.6134000000
195.6314000000
195.6458000000
195.6671000000
195.6867000000
195.7180000000
195.7316000000
195.7476000000
195.7649000000
195.7792000000
195.7986000000
195.8131000000
195.8318000000
195.8463000000
195.8805000000
195.8932000000
195.9119000000
195.9318000000
195.9480000000
195.9654000000
195.9865000000
196.0028000000
196.0343000000
196.0470000000
196.0651000000
196.0794000000
196.0981000000
196.1129000000
196.1313000000
196.1456000000
196.1691000000
196.2010000000
196.2151000000
196.2319000000
196.2534000000
196.2757000000
196.2910000000
196.3088000000
196.3247000000
196.3583000000
196.3740000000
196.3888000000
196.4095000000
196.4322000000
196.4545000000
196.4783000000
196.5131000000
196.5263000000
196.5431000000
196.5656000000
196.5890000000
196.6096000000
196.6320000000
196.6682000000
196.6816000000
196.6986000000
196.7210000000
196.7431000000
196.7655000000
196.7870000000
196.8185000000
196.8350000000
196.8542000000
196.8757000000
196.8919000000
196.9090000000
196.9254000000
196.9413000000
196.9716000000
196.9846000000
197.0017000000
197.0204000000
197.0378000000
197.0568000000
197.0744000000
197.0927000000
197.1221000000
197.1350000000
197.1526000000
197.1715000000
197.1878000000
197.2075000000
197.2255000000
197.2413000000
197.2573000000
197.2880000000
197.3007000000
197.3193000000
197.3363000000
197.3557000000
197.3745000000
197.3926000000
197.4083000000
197.4401000000
197.4549000000
197.4747000000
197.4916000000
197.5072000000
197.5231000000
197.5404000000
197.5581000000
197.5738000000
197.6047000000
197.6183000000
197.6377000000
197.6531000000
197.6693000000
197.6866000000
197.7069000000
197.7267000000
197.7575000000
197.7698000000
197.7873000000
197.8074000000
197.8238000000
197.8421000000
197.8584000000
197.8772000000
197.9104000000
197.9236000000
197.9416000000
197.9583000000
197.9745000000
197.9908000000
198.0078000000
198.0247000000
198.0422000000
198.0710000000
198.0836000000
198.1040000000
198.1211000000
198.1403000000
198.1574000000
198.1740000000
198.1907000000
198.2108000000
198.2460000000
198.2605000000
198.2768000000
198.2957000000
198.3125000000
198.3288000000
198.3456000000
198.3662000000
198.3982000000
198.4109000000
198.4292000000
198.4456000000
198.4624000000
198.4802000000
198.4988000000
198.5179000000
198.5490000000
198.5620000000
198.5797000000
198.5963000000
198.6124000000
198.6302000000
198.6488000000
198.6653000000
198.6879000000
198.7227000000
198.7360000000
198.7543000000
198.7756000000
198.7983000000
198.8200000000
198.8424000000
198.8793000000
198.8938000000
198.9105000000
198.9319000000
198.9565000000
198.9757000000
198.9985000000
199.0343000000
199.0475000000
199.0651000000
199.0867000000
199.1107000000
199.1322000000
199.1537000000
199.1921000000
199.2056000000
199.2248000000
199.2448000000
199.2637000000
199.2857000000
199.3031000000
199.3224000000
199.3554000000
199.3687000000
199.3875000000
199.4079000000
199.4302000000
199.4534000000
199.4751000000
199.5110000000
199.5253000000
199.5444000000
199.5641000000
199.5860000000
199.6084000000
199.6311000000
199.6674000000
199.6802000000
199.6981000000
199.7200000000
199.7438000000
199.7651000000
199.7867000000
199.8231000000
199.8367000000
199.8557000000
199.8784000000
199.8979000000
199.9197000000
199.9418000000
199.9802000000
199.9938000000
200.0125000000
200.0311000000
200.0530000000
200.0756000000
200.0977000000
200.1335000000
200.1473000000
200.1673000000
200.1867000000
200.2087000000
200.2314000000
200.2534000000
200.2928000000
200.3071000000
200.3331000000
200.3555000000
200.3793000000
200.3996000000
200.4299000000
200.4692000000
200.4830000000
200.5084000000
200.5415000000
200.5652000000
200.5896000000
200.6257000000
200.6409000000
200.6759000000
200.7079000000
200.7447000000
200.7906000000
200.8114000000
200.8418000000
200.8743000000
200.9082000000
200.9579000000
200.9763000000
201.0080000000
201.0439000000
201.0761000000
201.1234000000
201.1436000000
201.1758000000
201.2102000000
201.2448000000
201.2903000000
201.3096000000
201.3427000000
201.3766000000
201.4001000000
201.4364000000
201.4513000000
201.4701000000
201.4888000000
201.5090000000
201.5315000000
201.5536000000
201.5900000000
201.6039000000
201.6232000000
201.6421000000
201.6668000000
201.6870000000
201.7088000000
201.7456000000
201.7598000000
201.7816000000
201.8047000000
201.8280000000
201.8504000000
201.8762000000
201.9142000000
201.9285000000
201.9528000000
201.9838000000
202.0076000000
202.0311000000
202.0741000000
202.0896000000
202.1207000000
202.1431000000
202.1679000000
202.1914000000
202.2323000000
202.2459000000
202.2733000000
202.2964000000
202.3216000000
202.3438000000
202.3858000000
202.4006000000
202.4282000000
202.4531000000
202.4758000000
202.4995000000
202.5427000000
202.5572000000
202.5853000000
202.6135000000
202.6373000000
202.6617000000
202.7016000000
202.7196000000
202.7460000000
202.7698000000
202.7946000000
202.8179000000
202.8661000000
202.8805000000
202.9077000000
202.9431000000
202.9668000000
202.9914000000
203.0357000000
203.0495000000
203.0777000000
203.1014000000
203.1255000000
203.1510000000
203.1906000000
203.2067000000
203.2338000000
203.2578000000
203.2853000000
203.3174000000
203.3592000000
203.3758000000
203.4069000000
203.4303000000
203.4546000000
203.4795000000
203.5201000000
203.5342000000
203.5627000000
203.5903000000
203.6140000000
203.6386000000
203.6801000000
203.6951000000
203.7218000000
203.7505000000
203.7834000000
203.8099000000
203.8518000000
203.8668000000
203.8966000000
203.9246000000
203.9507000000
203.9835000000
204.0244000000
204.0411000000
204.0727000000
204.0975000000
204.1219000000
204.1488000000
204.1902000000
204.2068000000
204.2332000000
204.2591000000
204.2847000000
204.3168000000
204.3629000000
204.3774000000
204.4063000000
204.4321000000
204.4573000000
204.4860000000
204.5335000000
204.5480000000
204.5765000000
204.6058000000
204.6292000000
204.6539000000
204.6964000000
204.7132000000
204.7412000000
204.7665000000
204.7921000000
204.8181000000
204.8706000000
204.8852000000
204.9160000000
204.9435000000
204.9669000000
204.9926000000
205.0350000000
205.0511000000
205.0817000000
205.1110000000
205.1426000000
205.1897000000
205.2057000000
205.2339000000
205.2607000000
205.2942000000
205.3302000000
205.3469000000
205.3740000000
205.4051000000
205.4275000000
205.4516000000
205.4884000000
205.5030000000
205.5261000000
205.5464000000
205.5682000000
205.5915000000
205.6113000000
205.6457000000
205.6603000000
205.6814000000
205.7018000000
205.7314000000
205.7617000000
205.7993000000
205.8192000000
205.8505000000
205.8736000000
205.8949000000
205.9210000000
205.9559000000
205.9734000000
206.0065000000
206.0305000000
206.0503000000
206.0733000000
206.1096000000
206.1245000000
206.1469000000
206.1677000000
206.1897000000
206.2113000000
206.2343000000
206.2732000000
206.2878000000
206.3161000000
206.3383000000
206.3604000000
206.3827000000
206.4050000000
206.4450000000
206.4616000000
206.4824000000
206.5166000000
206.5392000000
206.5613000000
206.5975000000
206.6153000000
206.6371000000
206.6580000000
206.6819000000
206.7017000000
206.7236000000
206.7615000000
206.7765000000
206.8093000000
206.8309000000
206.8531000000
206.8754000000
206.9126000000
206.9278000000
206.9626000000
206.9854000000
207.0112000000
207.0325000000
207.0685000000
207.0834000000
207.1185000000
207.1393000000
207.1615000000
207.1873000000
207.2232000000
207.2382000000
207.2740000000
207.3004000000
207.3288000000
207.3610000000
207.3976000000
207.4128000000
207.4373000000
207.4586000000
207.4805000000
207.5036000000
207.5273000000
207.5605000000
207.5752000000
207.6059000000
207.6279000000
207.6501000000
207.6731000000
207.6962000000
207.7333000000
207.7500000000
207.7838000000
207.8066000000
207.8289000000
207.8518000000
207.8883000000
207.9036000000
207.9263000000
207.9631000000
207.9874000000
208.0084000000
208.0457000000
208.0606000000
208.0973000000
208.1239000000
208.1467000000
208.1691000000
208.2073000000
208.2278000000
208.2516000000
208.2742000000
208.2985000000
208.3212000000
208.3584000000
208.3734000000
208.4062000000
208.4276000000
208.4495000000
208.4776000000
208.5144000000
208.5293000000
208.5603000000
208.5831000000
208.6086000000
208.6304000000
208.6682000000
208.6839000000
208.7159000000
208.7402000000
208.7635000000
208.7874000000
208.8266000000
208.8414000000
208.8723000000
208.9003000000
208.9233000000
208.9471000000
208.9825000000
208.9985000000
209.0291000000
209.0500000000
209.0739000000
209.0977000000
209.1349000000
209.1503000000
209.1828000000
209.2056000000
209.2308000000
209.2533000000
209.2914000000
209.3071000000
209.3397000000
209.3635000000
209.3874000000
209.4152000000
209.4649000000
209.4810000000
209.5158000000
209.5393000000
209.5632000000
209.5872000000
209.6249000000
209.6422000000
209.6712000000
209.6960000000
209.7200000000
209.7438000000
209.7818000000
209.7984000000
209.8267000000
209.8510000000
209.8729000000
209.8966000000
209.9345000000
209.9499000000
209.9826000000
210.0116000000
210.0414000000
210.0744000000
210.1225000000
210.1426000000
210.1754000000
210.2074000000
210.2381000000
210.2892000000
210.3075000000
210.3409000000
210.3682000000
210.3919000000
210.4445000000
210.4594000000
210.4928000000
210.5219000000
210.5474000000
210.5962000000
210.6114000000
210.6382000000
210.6706000000
210.6964000000
210.7223000000
210.7674000000
210.7839000000
210.8194000000
210.8513000000
210.8822000000
210.9332000000
210.9509000000
210.9839000000
211.0149000000
211.0489000000
211.0989000000
211.1211000000
211.1562000000
211.1885000000
211.2189000000
211.2671000000
211.2865000000
211.3212000000
211.3518000000
211.3852000000
211.4400000000
211.4582000000
211.4936000000
211.5247000000
211.5604000000
211.6165000000
211.6353000000
211.6682000000
211.7047000000
211.7376000000
211.7885000000
211.8092000000
211.8438000000
211.8771000000
211.9080000000
211.9581000000
211.9753000000
212.0120000000
212.0432000000
212.0755000000
212.1280000000
212.1442000000
212.1791000000
212.2105000000
212.2409000000
212.2932000000
212.3123000000
212.3454000000
212.3761000000
212.4144000000
212.4703000000
212.4903000000
212.5277000000
212.5670000000
212.6162000000
212.6346000000
212.6703000000
212.7034000000
212.7364000000
212.7902000000
212.8070000000
212.8449000000
212.8756000000
212.9079000000
212.9644000000
212.9837000000
213.0195000000
213.0538000000
213.0868000000
213.1364000000
213.1550000000
213.1918000000
213.2272000000
213.2588000000
213.3154000000
213.3335000000
213.3699000000
213.4040000000
213.4391000000
213.4892000000
213.5067000000
213.5433000000
213.5756000000
213.6112000000
213.6634000000
213.6804000000
213.7238000000
213.7597000000
213.7976000000
213.8482000000
213.8676000000
213.9030000000
213.9379000000
213.9780000000
214.0326000000
214.0502000000
214.0932000000
214.1249000000
214.1589000000
214.2097000000
214.2305000000
214.2715000000
214.3090000000
214.3587000000
214.3775000000
214.4171000000
214.4512000000
214.4909000000
214.5455000000
214.5657000000
214.6047000000
214.6414000000
214.6920000000
214.7111000000
214.7497000000
214.7843000000
214.8209000000
214.8712000000
214.8902000000
214.9270000000
214.9621000000
214.9948000000
215.0436000000
215.0602000000
215.0934000000
215.1255000000
215.1592000000
215.2022000000
215.2186000000
215.2485000000
215.2780000000
215.3138000000
215.3572000000
215.3748000000
215.4051000000
215.4300000000
215.4570000000
215.4921000000
215.5331000000
215.5498000000
215.5816000000
215.6154000000
215.6490000000
215.6958000000
215.7180000000
215.7473000000
215.7814000000
215.8085000000
215.8498000000
215.8715000000
215.9012000000
215.9382000000
215.9691000000
216.0184000000
216.0366000000
216.0701000000
216.0984000000
216.1251000000
216.1729000000
216.1902000000
216.2254000000
216.2638000000
216.2925000000
216.3334000000
216.3502000000
216.3810000000
216.4095000000
216.4374000000
216.4721000000
216.5127000000
216.5303000000
216.5602000000
216.5877000000
216.6155000000
216.6482000000
216.6919000000
216.7094000000
216.7397000000
216.7673000000
216.8033000000
216.8452000000
216.8623000000
216.8970000000
216.9240000000
216.9583000000
217.0050000000
217.0260000000
217.0705000000
217.1073000000
217.1403000000
217.1952000000
217.2153000000
217.2574000000
217.2949000000
217.3539000000
217.3789000000
217.4205000000
217.4570000000
217.5112000000
217.5320000000
217.5717000000
217.6099000000
217.6625000000
217.6825000000
217.7252000000
217.7643000000
217.8169000000
217.8360000000
217.8772000000
217.9138000000
217.9567000000
218.0117000000
218.0311000000
218.0744000000
218.1104000000
218.1643000000
218.1925000000
218.2327000000
218.2695000000
218.3280000000
218.3488000000
218.3910000000
218.4298000000
218.4834000000
218.5095000000
218.5512000000
218.5878000000
218.6441000000
218.6652000000
218.7048000000
218.7426000000
218.7994000000
218.8225000000
218.8667000000
218.9048000000
218.9594000000
218.9796000000
219.0216000000
219.0607000000
219.1154000000
219.1420000000
219.1824000000
219.2257000000
219.2814000000
219.3023000000
219.3433000000
219.3816000000
219.4371000000
219.4572000000
219.5040000000
219.5414000000
219.5979000000
219.6220000000
219.6628000000
219.7004000000
219.7560000000
219.7815000000
219.8241000000
219.8648000000
219.9193000000
219.9402000000
219.9822000000
220.0219000000
220.0789000000
220.1039000000
220.1459000000
220.1837000000
220.2391000000
220.2605000000
220.3029000000
220.3435000000
220.3998000000
220.4223000000
220.4676000000
220.5055000000
220.5619000000
220.5829000000
220.6266000000
220.6636000000
220.7209000000
220.7449000000
220.7907000000
220.8310000000
220.8876000000
220.9100000000
220.9657000000
221.0058000000
221.0631000000
221.0848000000
221.1292000000
221.1674000000
221.2256000000
221.2460000000
221.2902000000
221.3297000000
221.3875000000
221.4125000000
221.4595000000
221.4988000000
221.5578000000
221.5806000000
221.6263000000
221.6676000000
221.7147000000
221.7335000000
221.7676000000
221.7988000000
221.8348000000
221.8822000000
221.9018000000
221.9362000000
221.9675000000
221.9984000000
222.0493000000
222.0694000000
222.1046000000
222.1346000000
222.1683000000
222.2148000000
222.2406000000
222.2737000000
222.3060000000
222.3356000000
222.3820000000
222.4070000000
222.4410000000
222.4818000000
222.5241000000
222.5826000000
222.6046000000
222.6495000000
222.6878000000
222.7479000000
222.7698000000
222.8148000000
222.8537000000
222.9130000000
222.9445000000
222.9879000000
223.0277000000
223.0860000000
223.1097000000
223.1546000000
223.1968000000
223.2510000000
223.2800000000
223.3250000000
223.3646000000
223.4324000000
223.4592000000
223.5048000000
223.5509000000
223.6145000000
223.6393000000
223.6835000000
223.7251000000
223.7840000000
223.8089000000
223.8583000000
223.9009000000
223.9596000000
223.9845000000
224.0322000000
224.0820000000
224.1406000000
224.1755000000
224.2216000000
224.2636000000
224.3231000000
224.3486000000
224.3943000000
224.4368000000
224.4935000000
224.5207000000
224.5675000000
224.6105000000
224.6675000000
224.6940000000
224.7396000000
224.7889000000
224.8514000000
224.8762000000
224.9255000000
224.9721000000
225.0319000000
225.0589000000
225.1097000000
225.1502000000
225.2022000000
225.2227000000
225.2574000000
225.2922000000
225.3229000000
225.3684000000
225.3894000000
225.4244000000
225.4565000000
225.4890000000
225.5398000000
225.5582000000
225.5927000000
225.6254000000
225.6579000000
225.7113000000
225.7314000000
225.7675000000
225.8015000000
225.8348000000
225.8805000000
225.9005000000
225.9354000000
225.9756000000
226.0166000000
226.0782000000
226.1009000000
226.1473000000
226.1887000000
226.2470000000
226.2706000000
226.3162000000
226.3566000000
226.4139000000
226.4467000000
226.4939000000
226.5354000000
226.5954000000
226.6279000000
226.6726000000
226.7137000000
226.7727000000
226.7950000000
226.8429000000
226.8843000000
226.9439000000
226.9668000000
227.0113000000
227.0519000000
227.1117000000
227.1400000000
227.1848000000
227.2243000000
227.2821000000
227.3055000000
227.3483000000
227.3882000000
227.4470000000
227.4691000000
227.5135000000
227.5549000000
227.6102000000
227.6339000000
227.6763000000
227.7153000000
227.7813000000
227.8022000000
227.8461000000
227.8849000000
227.9443000000
227.9678000000
228.0107000000
228.0491000000
228.1124000000
228.1332000000
228.1815000000
228.2297000000
228.2843000000
228.3078000000
228.3547000000
228.3921000000
228.4497000000
228.4713000000
228.5149000000
228.5528000000
228.6121000000
228.6342000000
228.6749000000
228.7182000000
228.7758000000
228.7958000000
228.8411000000
228.8813000000
228.9444000000
228.9688000000
229.0106000000
229.0490000000
229.1087000000
229.1280000000
229.1707000000
229.2077000000
229.2622000000
229.2950000000
229.3370000000
229.3795000000
229.4352000000
229.4560000000
229.4975000000
229.5371000000
229.5930000000
229.6114000000
229.6537000000
229.6915000000
229.7529000000
229.7760000000
229.8155000000
229.8550000000
229.8981000000
229.9190000000
229.9514000000
229.9901000000
230.0247000000
230.0716000000
230.0887000000
230.1230000000
230.1518000000
230.1864000000
230.2299000000
230.2551000000
230.2961000000
230.3340000000
230.3716000000
230.4284000000
230.4477000000
230.4909000000
230.5256000000
230.5824000000
230.6068000000
230.6492000000
230.6888000000
230.7435000000
230.7636000000
230.8051000000
230.8490000000
230.9037000000
230.9262000000
230.9654000000
231.0019000000
231.0576000000
231.0790000000
231.1195000000
231.1641000000
231.2203000000
231.2386000000
231.2824000000
231.3198000000
231.3761000000
231.3964000000
231.4381000000
231.4751000000
231.5299000000
231.5588000000
231.5990000000
231.6386000000
231.6982000000
231.7174000000
231.7587000000
231.7968000000
231.8506000000
231.8720000000
231.9118000000
231.9482000000
232.0058000000
232.0248000000
232.0700000000
232.1075000000
232.1624000000
232.1806000000
232.2127000000
232.2423000000
232.2719000000
232.3135000000
232.3311000000
232.3613000000
232.3892000000
232.4173000000
232.4495000000
232.4891000000
232.5063000000
232.5386000000
232.5663000000
232.5927000000
232.6285000000
232.6878000000
232.7059000000
232.7455000000
232.7847000000
232.8391000000
232.8587000000
232.8961000000
232.9317000000
232.9658000000
233.0050000000
233.0280000000
233.0568000000
233.0856000000
233.1155000000
233.1434000000
233.1819000000
233.1983000000
233.2328000000
233.2583000000
233.2956000000
233.3357000000
233.3517000000
233.3850000000
233.4130000000
233.4396000000
233.4719000000
233.5182000000
233.5393000000
233.5737000000
233.6055000000
233.6324000000
233.6822000000
233.7010000000
233.7282000000
233.7608000000
233.7949000000
233.8473000000
233.8658000000
233.9061000000
233.9478000000
233.9960000000
234.0200000000
234.0602000000
234.1008000000
234.1584000000
234.1784000000
234.2155000000
234.2508000000
234.3023000000
234.3206000000
234.3576000000
234.3910000000
234.4290000000
234.4790000000
234.4969000000
234.5348000000
234.5601000000
234.5863000000
234.6266000000
234.6452000000
234.6722000000
234.6981000000
234.7233000000
234.7502000000
234.7963000000
234.8158000000
234.8482000000
234.8767000000
234.9009000000
234.9462000000
234.9628000000
234.9940000000
235.0268000000
235.0529000000
235.0945000000
235.1114000000
235.1397000000
235.1657000000
235.1913000000
235.2277000000
235.2688000000
235.2884000000
235.3159000000
235.3492000000
235.3825000000
235.4367000000
235.4542000000
235.4932000000
235.5258000000
235.5618000000
235.6112000000
235.6319000000
235.6680000000
235.7000000000
235.7347000000
235.7847000000
235.8012000000
235.8376000000
235.8708000000
235.9041000000
235.9568000000
235.9739000000
236.0151000000
236.0482000000
236.0825000000
236.1337000000
236.1531000000
236.1922000000
236.2268000000
236.2599000000
236.3098000000
236.3330000000
236.3756000000
236.4084000000
236.4441000000
236.4939000000
236.5162000000
236.5530000000
236.5851000000
236.6207000000
236.6717000000
236.6897000000
236.7254000000
236.7590000000
236.7931000000
236.8530000000
236.8710000000
236.9063000000
236.9372000000
236.9695000000
237.0201000000
237.0426000000
237.0775000000
237.1076000000
237.1390000000
237.1888000000
237.2056000000
237.2400000000
237.2745000000
237.3046000000
237.3608000000
237.3804000000
237.4152000000
237.4479000000
237.4837000000
237.5347000000
237.5548000000
237.5890000000
237.6196000000
237.6510000000
237.7089000000
237.7294000000
237.7649000000
237.7987000000
237.8310000000
237.8853000000
237.9088000000
237.9448000000
237.9764000000
238.0084000000
238.1000000000
238.1268000000
238.1655000000
238.2174000000
238.2356000000
238.2746000000
238.3066000000
238.3418000000
238.3903000000
238.4069000000
238.4439000000
238.4736000000
238.5035000000
238.5538000000
238.5720000000
238.6044000000
238.6354000000
238.6714000000
238.7211000000
238.7382000000
238.7724000000
238.8074000000
238.8376000000
238.8884000000
238.9065000000
238.9405000000
238.9701000000
239.0005000000
239.0526000000
239.0694000000
239.1028000000
239.1338000000
239.1646000000
239.2147000000
239.2328000000
239.2693000000
239.2985000000
239.3289000000
239.3799000000
239.3996000000
239.4344000000
239.4727000000
239.5012000000
239.5544000000
239.5704000000
239.6073000000
239.6365000000
239.6687000000
239.7142000000
239.7302000000
239.7632000000
239.7922000000
239.8228000000
239.8717000000
239.8891000000
239.9209000000
239.9502000000
239.9793000000
240.0256000000
240.0439000000
240.0758000000
240.1057000000
240.1340000000
240.1829000000
240.2029000000
240.2362000000
240.2669000000
240.3014000000
240.3537000000
240.3692000000
240.4055000000
240.4354000000
240.4663000000
240.5125000000
240.5291000000
240.5609000000
240.5904000000
240.6223000000
240.6696000000
240.6848000000
240.7210000000
240.7567000000
240.7848000000
240.8319000000
240.8479000000
240.8807000000
240.9145000000
240.9428000000
240.9909000000
241.0061000000
241.0397000000
241.0690000000
241.0990000000
241.1499000000
241.1661000000
241.1884000000
241.2202000000
241.2429000000
241.2650000000
241.3012000000
241.3159000000
241.3417000000
241.3625000000
241.3896000000
241.4209000000
241.4604000000
241.4754000000
241.5017000000
241.5327000000
241.5559000000
241.5835000000
241.6326000000
241.6486000000
241.6852000000
241.7142000000
241.7420000000
241.7906000000
241.8078000000
241.8392000000
241.8716000000
241.9000000000
241.9470000000
241.9623000000
241.9849000000
242.0061000000
242.0299000000
242.0493000000
242.0733000000
242.1085000000
242.1228000000
242.1534000000
242.1763000000
242.1981000000
242.2231000000
242.2472000000
242.2814000000
242.2959000000
242.3235000000
242.3557000000
242.3822000000
242.4089000000
242.4621000000
242.4799000000
242.5128000000
242.5398000000
242.5708000000
242.6164000000
242.6313000000
242.6644000000
242.6967000000
242.7224000000
242.7717000000
242.7872000000
242.8205000000
242.8520000000
242.8825000000
242.9278000000
242.9426000000
242.9758000000
243.0018000000
243.0280000000
243.0572000000
243.1052000000
243.1218000000
243.1538000000
243.1793000000
243.2055000000
243.2328000000
243.2867000000
243.3019000000
243.3319000000
243.3613000000
243.3866000000
243.4375000000
243.4534000000
243.4879000000
243.5162000000
243.5436000000
243.5945000000
243.6097000000
243.6422000000
243.6680000000
243.6940000000
243.7376000000
243.7539000000
243.7850000000
243.8141000000
243.8430000000
243.8684000000
243.9108000000
243.9261000000
243.9565000000
243.9848000000
244.0105000000
244.0439000000
244.0874000000
244.1008000000
244.1302000000
244.1604000000
244.1874000000
244.2182000000
244.2609000000
244.2763000000
244.3069000000
244.3322000000
244.3626000000
244.3932000000
244.4355000000
244.4505000000
244.4791000000
244.5075000000
244.5338000000
244.5657000000
244.6158000000
244.6297000000
244.6624000000
244.6875000000
244.7126000000
244.7378000000
244.7815000000
244.7987000000
244.8255000000
244.8512000000
244.8763000000
244.9072000000
244.9484000000
244.9630000000
244.9904000000
245.0198000000
245.0439000000
245.0715000000
245.1143000000
245.1302000000
245.1578000000
245.1835000000
245.2074000000
245.2414000000
245.2820000000
245.2970000000
245.3283000000
245.3531000000
245.3775000000
245.4017000000
245.4462000000
245.4635000000
245.4920000000
245.5181000000
245.5422000000
245.5744000000
245.6171000000
245.6317000000
245.6627000000
245.6887000000
245.7124000000
245.7369000000
245.7803000000
245.7965000000
245.8232000000
245.8473000000
245.8728000000
245.8981000000
245.9466000000
245.9607000000
245.9888000000
246.0180000000
246.0424000000
246.0669000000
246.1077000000
246.1235000000
246.1515000000
246.1751000000
246.1987000000
246.2239000000
246.2645000000
246.2784000000
246.3066000000
246.3319000000
246.3585000000
246.3807000000
246.4221000000
246.4364000000
246.4664000000
246.4914000000
246.5139000000
246.5388000000
246.5845000000
246.6005000000
246.6334000000
246.6624000000
246.6908000000
246.7310000000
246.7453000000
246.7750000000
246.8009000000
246.8276000000
246.8548000000
246.9001000000
246.9136000000
246.9401000000
246.9714000000
246.9987000000
247.0239000000
247.0673000000
247.0814000000
247.1075000000
247.1331000000
247.1571000000
247.1831000000
247.2268000000
247.2415000000
247.2681000000
247.2947000000
247.3167000000
247.3389000000
247.3815000000
247.3958000000
247.4230000000
247.4462000000
247.4693000000
247.4926000000
247.5336000000
247.5482000000
247.5788000000
247.6027000000
247.6275000000
247.6521000000
247.7004000000
247.7138000000
247.7413000000
247.7725000000
247.7949000000
247.8172000000
247.8591000000
247.8732000000
247.9056000000
247.9325000000
247.9553000000
247.9782000000
248.0182000000
248.0332000000
248.0617000000
248.0848000000
248.1089000000
248.1341000000
248.1728000000
248.1861000000
248.2166000000
248.2388000000
248.2648000000
248.2873000000
248.3268000000
248.3400000000
248.3718000000
248.3947000000
248.4169000000
248.4404000000
248.4833000000
248.4965000000
248.5278000000
248.5504000000
248.5727000000
248.5955000000
248.6334000000
248.6475000000
248.6749000000
248.7096000000
248.7355000000
248.7584000000
248.7974000000
248.8110000000
248.8374000000
248.8607000000
248.8837000000
248.9044000000
248.9263000000
248.9662000000
248.9800000000
249.0057000000
249.0380000000
249.0612000000
249.0844000000
249.1216000000
249.1355000000
249.1611000000
249.1935000000
249.2164000000
249.2410000000
249.2798000000
249.2950000000
249.3181000000
249.3501000000
249.3718000000
249.3940000000
249.4328000000
249.4466000000
249.4698000000
249.4920000000
249.5150000000
249.5356000000
249.5576000000
249.5957000000
249.6114000000
249.6375000000
249.6602000000
249.6820000000
249.7037000000
249.7287000000
249.7668000000
249.7800000000
249.8045000000
249.8300000000
249.8597000000
249.8820000000
249.9209000000
249.9362000000
249.9598000000
249.9798000000
250.0012000000
250.0222000000
250.0446000000
250.0837000000
250.0974000000
250.1266000000
250.1508000000
250.1708000000
250.1931000000
250.2159000000
250.2548000000
250.2710000000
250.2952000000
250.3268000000
250.3508000000
250.3741000000
250.4109000000
250.4240000000
250.4484000000
250.4699000000
250.4909000000
250.5104000000
250.5308000000
250.5710000000
250.5841000000
250.6153000000
250.6377000000
250.6598000000
250.6817000000
250.7202000000
250.7329000000
250.7598000000
250.7814000000
250.8038000000
250.8238000000
250.8445000000
250.8829000000
250.8958000000
250.9257000000
250.9489000000
250.9713000000
250.9924000000
251.0143000000
251.0540000000
251.0676000000
251.0898000000
251.1100000000
251.1302000000
251.1510000000
251.1734000000
251.2085000000
251.2219000000
251.2468000000
251.2691000000
251.2890000000
251.3089000000
251.3301000000
251.3677000000
251.3836000000
251.4056000000
251.4372000000
251.4605000000
251.4819000000
251.5205000000
251.5330000000
251.5551000000
251.5767000000
251.5997000000
251.6183000000
251.6398000000
251.6759000000
251.6884000000
251.7106000000
251.7323000000
251.7529000000
251.7735000000
251.7932000000
251.8337000000
251.8478000000
251.8716000000
251.9023000000
251.9252000000
251.9465000000
251.9853000000
251.9991000000
252.0222000000
252.0433000000
252.0634000000
252.0874000000
252.1076000000
252.1421000000
252.1551000000
252.1800000000
252.1987000000
252.2180000000
252.2392000000
252.2596000000
252.2986000000
252.3115000000
252.3330000000
252.3524000000
252.3720000000
252.3918000000
252.4137000000
252.4527000000
252.4673000000
252.4870000000
252.5063000000
252.5258000000
252.5478000000
252.5689000000
252.6069000000
252.6190000000
252.6394000000
252.6591000000
252.6823000000
252.7020000000
252.7244000000
252.7631000000
252.7769000000
252.7976000000
252.8169000000
252.8394000000
252.8596000000
252.8810000000
252.9180000000
252.9311000000
252.9529000000
252.9721000000
252.9919000000
253.0142000000
253.0359000000
253.0775000000
253.0946000000
253.1250000000
253.1468000000
253.1689000000
253.1916000000
253.2296000000
253.2415000000
253.2615000000
253.2833000000
253.3037000000
253.3252000000
253.3468000000
253.3850000000
253.3984000000
253.4197000000
253.4380000000
253.4584000000
253.4819000000
253.5020000000
253.5422000000
253.5546000000
253.5759000000
253.5948000000
253.6130000000
253.6353000000
253.6583000000
253.6961000000
253.7102000000
253.7325000000
253.7479000000
253.7687000000
253.7914000000
253.8131000000
253.8515000000
253.8647000000
253.8862000000
253.9077000000
253.9253000000
253.9479000000
253.9680000000
254.0054000000
254.0175000000
254.0379000000
254.0577000000
254.0786000000
254.1006000000
254.1247000000
254.1610000000
254.1773000000
254.1951000000
254.2123000000
254.2338000000
254.2562000000
254.2786000000
254.3164000000
254.3291000000
254.3484000000
254.3672000000
254.3909000000
254.4137000000
254.4348000000
254.4748000000
254.4873000000
254.5079000000
254.5253000000
254.5451000000
254.5675000000
254.5924000000
254.6289000000
254.6413000000
254.6599000000
254.6784000000
254.7007000000
254.7228000000
254.7454000000
254.7832000000
254.7972000000
254.8145000000
254.8341000000
254.8566000000
254.8782000000
254.9005000000
254.9404000000
254.9522000000
254.9720000000
254.9892000000
255.0123000000
255.0334000000
255.0555000000
255.0937000000
255.1060000000
255.1260000000
255.1442000000
255.1664000000
255.1887000000
255.2109000000
255.2498000000
255.2633000000
255.2845000000
255.3014000000
255.3225000000
255.3445000000
255.3670000000
255.4048000000
255.4175000000
255.4386000000
255.4563000000
255.4798000000
255.5016000000
255.5226000000
255.5608000000
255.5736000000
255.5935000000
255.6116000000
255.6337000000
255.6591000000
255.6784000000
255.7159000000
255.7278000000
255.7459000000
255.7673000000
255.7885000000
255.8108000000
255.8331000000
255.8714000000
255.8846000000
255.9041000000
255.9219000000
255.9446000000
255.9666000000
255.9886000000
256.0266000000
256.0383000000
256.0569000000
256.0777000000
256.1013000000
256.1220000000
256.1441000000
256.1816000000
256.1939000000
256.2113000000
256.2332000000
256.2552000000
256.2774000000
256.2995000000
256.3390000000
256.3512000000
256.3693000000
256.3883000000
256.4103000000
256.4330000000
256.4558000000
256.4933000000
256.5052000000
256.5257000000
256.5443000000
256.5662000000
256.5883000000
256.6107000000
256.6490000000
256.6618000000
256.6787000000
256.6993000000
256.7223000000
256.7458000000
256.7662000000
256.8040000000
256.8159000000
256.8336000000
256.8550000000
256.8771000000
256.8993000000
256.9213000000
256.9594000000
256.9733000000
256.9907000000
257.0103000000
257.0328000000
257.0549000000
257.0774000000
257.1149000000
257.1255000000
257.1442000000
257.1660000000
257.1899000000
257.2102000000
257.2325000000
257.2715000000
257.2827000000
257.3000000000
257.3222000000
257.3434000000
257.3659000000
257.3880000000
257.4273000000
257.4386000000
257.4560000000
257.4766000000
257.5010000000
257.5213000000
257.5435000000
257.5818000000
257.5933000000
257.6124000000
257.6323000000
257.6544000000
257.6768000000
257.6989000000
257.7386000000
257.7507000000
257.7679000000
257.7881000000
257.8098000000
257.8349000000
257.8545000000
257.8922000000
257.9041000000
257.9210000000
257.9431000000
257.9656000000
257.9893000000
258.0101000000
258.0511000000
258.0634000000
258.0814000000
258.0996000000
258.1217000000
258.1436000000
258.1662000000
258.2035000000
258.2146000000
258.2343000000
258.2542000000
258.2769000000
258.2997000000
258.3210000000
258.3590000000
258.3712000000
258.3873000000
258.4096000000
258.4342000000
258.4571000000
258.4766000000
258.5138000000
258.5257000000
258.5431000000
258.5654000000
258.5873000000
258.6095000000
258.6323000000
258.6703000000
258.6839000000
258.7014000000
258.7209000000
258.7428000000
258.7652000000
258.7877000000
258.8271000000
258.8399000000
258.8558000000
258.8761000000
258.9026000000
258.9208000000
258.9447000000
258.9804000000
258.9918000000
259.0091000000
259.0327000000
259.0540000000
259.0768000000
259.1013000000
259.1382000000
259.1495000000
259.1661000000
259.1873000000
259.2094000000
259.2321000000
259.2539000000
259.2927000000
259.3056000000
259.3214000000
259.3432000000
259.3654000000
259.3880000000
259.4100000000
259.4473000000
259.4580000000
259.4764000000
259.4991000000
259.5244000000
259.5432000000
259.5659000000
259.6039000000
259.6151000000
259.6319000000
259.6538000000
259.6768000000
259.6984000000
259.7202000000
259.7605000000
259.7729000000
259.7898000000
259.8090000000
259.8315000000
259.8536000000
259.8758000000
259.9145000000
259.9257000000
259.9445000000
259.9650000000
259.9869000000
260.0089000000
260.0320000000
260.0707000000
260.0832000000
260.0981000000
260.1197000000
260.1335000000
260.1557000000
260.1676000000
260.1861000000
260.2147000000
260.2267000000
260.2419000000
260.2549000000
260.2685000000
260.2860000000
260.2996000000
260.3120000000
260.3309000000
260.3440000000
260.3744000000
260.3861000000
260.4013000000
260.4193000000
260.4334000000
260.4538000000
260.4678000000
260.4862000000
260.5001000000
260.5351000000
260.5473000000
260.5669000000
260.5800000000
260.5971000000
260.6114000000
260.6304000000
260.6432000000
260.6563000000
260.6893000000
260.7004000000
260.7190000000
260.7331000000
260.7535000000
260.7700000000
260.7862000000
260.7997000000
260.8190000000
260.8481000000
260.8608000000
260.8752000000
260.8873000000
260.9005000000
260.9186000000
260.9314000000
260.9437000000
260.9565000000
260.9770000000
261.0032000000
261.0146000000
261.0318000000
261.0446000000
261.0641000000
261.0784000000
261.0972000000
261.1097000000
261.1226000000
261.1417000000
261.1718000000
261.1848000000
261.1985000000
261.2104000000
261.2303000000
261.2431000000
261.2556000000
261.2744000000
261.2865000000
261.2991000000
261.3271000000
261.3383000000
261.3523000000
261.3653000000
261.3766000000
261.3914000000
261.4077000000
261.4200000000
261.4325000000
261.4472000000
261.4642000000
261.4915000000
261.5037000000
261.5189000000
261.5323000000
261.5442000000
261.5648000000
261.5770000000
261.5912000000
261.6085000000
261.6212000000
261.6496000000
261.6603000000
261.6741000000
261.6864000000
261.6994000000
261.7188000000
261.7326000000
261.7529000000
261.7663000000
261.7855000000
261.8151000000
261.8269000000
261.8419000000
261.8549000000
261.8744000000
261.8866000000
261.8985000000
261.9100000000
261.9228000000
261.9409000000
261.9681000000
261.9796000000
261.9967000000
262.0106000000
262.0214000000
262.0408000000
262.0531000000
262.0653000000
262.0765000000
262.0894000000
262.1077000000
262.1345000000
262.1450000000
262.1638000000
262.1775000000
262.1965000000
262.2083000000
262.2220000000
262.2328000000
262.2512000000
262.2640000000
262.2903000000
262.3015000000
262.3180000000
262.3307000000
262.3420000000
262.3531000000
262.3655000000
262.3845000000
262.3971000000
262.4083000000
262.4223000000
262.4479000000
262.4600000000
262.4731000000
262.4849000000
262.4965000000
262.5086000000
262.5198000000
262.5323000000
262.5438000000
262.5645000000
262.5761000000
262.6046000000
262.6166000000
262.6327000000
262.6432000000
262.6637000000
262.6757000000
262.6865000000
262.6989000000
262.7193000000
262.7315000000
262.7574000000
262.7683000000
262.7859000000
262.7982000000
262.8090000000
262.8206000000
262.8358000000
262.8525000000
262.8646000000
262.8759000000
262.8871000000
262.9146000000
262.9259000000
262.9414000000
262.9528000000
262.9651000000
262.9763000000
262.9975000000
263.0088000000
263.0206000000
263.0334000000
263.0559000000
263.0844000000
263.0971000000
263.1097000000
263.1296000000
263.1414000000
263.1525000000
263.1646000000
263.1765000000
263.1959000000
263.2083000000
263.2348000000
263.2493000000
263.2631000000
263.2748000000
263.2852000000
263.2967000000
263.3079000000
263.3188000000
263.3303000000
263.3416000000
263.3522000000
263.3640000000
263.3909000000
263.4023000000
263.4176000000
263.4297000000
263.4408000000
263.4543000000
263.4652000000
263.4846000000
263.4973000000
263.5082000000
263.5186000000
263.5450000000
263.5567000000
263.5732000000
263.5843000000
263.5960000000
263.6066000000
263.6180000000
263.6306000000
263.6417000000
263.6555000000
263.6662000000
263.6839000000
263.7117000000
263.7234000000
263.7398000000
263.7514000000
263.7622000000
263.7735000000
263.7847000000
263.7961000000
263.8070000000
263.8176000000
263.8292000000
263.8400000000
263.8669000000
263.8814000000
263.8964000000
263.9073000000
263.9183000000
263.9302000000
263.9420000000
263.9525000000
263.9635000000
263.9752000000
263.9861000000
263.9975000000
264.0232000000
264.0347000000
264.0515000000
264.0636000000
264.0755000000
264.0887000000
264.0998000000
264.1186000000
264.1301000000
264.1410000000
264.1520000000
264.1789000000
264.1899000000
264.2084000000
264.2198000000
264.2315000000
264.2531000000
264.2650000000
264.2867000000
264.3002000000
264.3197000000
264.3458000000
264.3575000000
264.3759000000
264.3972000000
264.4084000000
264.4191000000
264.4302000000
264.4414000000
264.4522000000
264.4635000000
264.4746000000
264.5010000000
264.5167000000
264.5293000000
264.5402000000
264.5504000000
264.5620000000
264.5731000000
264.5834000000
264.5953000000
264.6057000000
264.6167000000
264.6285000000
264.6544000000
264.6653000000
264.6833000000
264.6949000000
264.7051000000
264.7185000000
264.7291000000
264.7400000000
264.7505000000
264.7625000000
264.7732000000
264.7837000000
264.8099000000
264.8208000000
264.8389000000
264.8499000000
264.8607000000
264.8721000000
264.8831000000
264.8943000000
264.9052000000
264.9184000000
264.9299000000
264.9411000000
264.9672000000
264.9796000000
264.9944000000
265.0050000000
265.0161000000
265.0387000000
265.0612000000
265.0849000000
265.1060000000
265.1440000000
265.1559000000
265.1725000000
265.1951000000
265.2174000000
265.2396000000
265.2636000000
265.2999000000
265.3116000000
265.3311000000
265.3506000000
265.3731000000
265.3956000000
265.4178000000
265.4539000000
265.4656000000
265.4839000000
265.5059000000
265.5287000000
265.5423000000
265.5527000000
265.5631000000
265.5746000000
265.6022000000
265.6138000000
265.6290000000
265.6402000000
265.6506000000
265.6624000000
265.6739000000
265.6846000000
265.6957000000
265.7064000000
265.7179000000
265.7294000000
265.7564000000
265.7673000000
265.7839000000
265.7961000000
265.8070000000
265.8176000000
265.8284000000
265.8390000000
265.8503000000
265.8623000000
265.8735000000
265.8843000000
265.9107000000
265.9219000000
265.9404000000
265.9538000000
265.9640000000
265.9851000000
265.9972000000
266.0081000000
266.0184000000
266.0301000000
266.0415000000
266.0660000000
266.0775000000
266.0957000000
266.1072000000
266.1183000000
266.1293000000
266.1401000000
266.1501000000
266.1636000000
266.1746000000
266.1852000000
266.1962000000
266.2213000000
266.2327000000
266.2505000000
266.2623000000
266.2728000000
266.2838000000
266.2946000000
266.3054000000
266.3170000000
266.3289000000
266.3397000000
266.3503000000
266.3777000000
266.3886000000
266.4059000000
266.4168000000
266.4284000000
266.4391000000
266.4505000000
266.4628000000
266.4753000000
266.4961000000
266.5070000000
266.5329000000
266.5451000000
266.5637000000
266.5771000000
266.5977000000
266.6191000000
266.6309000000
266.6528000000
266.6646000000
266.7011000000
266.7132000000
266.7304000000
266.7412000000
266.7523000000
266.7637000000
266.7880000000
266.8084000000
266.8311000000
266.8672000000
266.8792000000
266.8966000000
266.9082000000
266.9299000000
266.9420000000
266.9630000000
266.9734000000
266.9865000000
267.0115000000
267.0229000000
267.0403000000
267.0508000000
267.0624000000
267.0735000000
267.0843000000
267.0970000000
267.1073000000
267.1183000000
267.1294000000
267.1406000000
267.1659000000
267.1773000000
267.1963000000
267.2066000000
267.2171000000
267.2284000000
267.2388000000
267.2493000000
267.2605000000
267.2716000000
267.2822000000
267.2938000000
267.3188000000
267.3303000000
267.3418000000
267.3609000000
267.3721000000
267.3827000000
267.3957000000
267.4057000000
267.4158000000
267.4270000000
267.4380000000
267.4490000000
267.4744000000
267.4854000000
267.4967000000
267.5156000000
267.5269000000
267.5378000000
267.5489000000
267.5603000000
267.5714000000
267.5826000000
267.5945000000
267.6072000000
267.6316000000
267.6430000000
267.6628000000
267.6733000000
267.6842000000
267.6951000000
267.7062000000
267.7189000000
267.7403000000
267.7521000000
267.7750000000
267.8106000000
267.8238000000
267.8404000000
267.8521000000
267.8743000000
267.8849000000
267.8969000000
267.9186000000
267.9300000000
267.9664000000
267.9786000000
267.9941000000
268.0043000000
268.0153000000
268.0282000000
268.0389000000
268.0490000000
268.0598000000
268.0708000000
268.0829000000
268.1084000000
268.1196000000
268.1378000000
268.1492000000
268.1599000000
268.1707000000
268.1817000000
268.1934000000
268.2039000000
268.2152000000
268.2263000000
268.2394000000
268.2638000000
268.2758000000
268.2936000000
268.3047000000
268.3151000000
268.3261000000
268.3373000000
268.3485000000
268.3596000000
268.3712000000
268.3825000000
268.3936000000
268.4186000000
268.4299000000
268.4511000000
268.4627000000
268.4827000000
268.4940000000
268.5052000000
268.5160000000
268.5266000000
268.5375000000
268.5490000000
268.5746000000
268.5863000000
268.6049000000
268.6155000000
268.6264000000
268.6375000000
268.6506000000
268.6611000000
268.6720000000
268.6832000000
268.6942000000
268.7055000000
268.7305000000
268.7421000000
268.7625000000
268.7845000000
268.7963000000
268.8187000000
268.8405000000
268.8528000000
268.8637000000
268.8986000000
268.9096000000
268.9291000000
268.9515000000
268.9732000000
268.9840000000
268.9957000000
269.0187000000
269.0542000000
269.0675000000
269.0850000000
269.1068000000
269.1295000000
269.1511000000
269.1627000000
269.1848000000
269.2206000000
269.2321000000
269.2508000000
269.2623000000
269.2862000000
269.3066000000
269.3286000000
269.3402000000
269.3644000000
269.3770000000
269.3952000000
269.4063000000
269.4173000000
269.4281000000
269.4392000000
269.4505000000
269.4614000000
269.4726000000
269.4852000000
269.4962000000
269.5334000000
269.5448000000
269.5624000000
269.5850000000
269.6061000000
269.6167000000
269.6283000000
269.6389000000
269.6503000000
269.6754000000
269.6888000000
269.7064000000
269.7166000000
269.7276000000
269.7391000000
269.7502000000
269.7612000000
269.7722000000
269.7844000000
269.8066000000
269.8426000000
269.8535000000
269.8729000000
269.8837000000
269.8964000000
269.9072000000
269.9316000000
269.9513000000
269.9732000000
270.0097000000
270.0202000000
270.0396000000
270.0621000000
270.0848000000
270.1085000000
270.1298000000
270.1656000000
270.1762000000
270.1961000000
270.2176000000
270.2398000000
270.2628000000
270.2852000000
270.3217000000
270.3322000000
270.3507000000
270.3731000000
270.3961000000
270.4177000000
270.4401000000
270.4767000000
270.4888000000
270.5066000000
270.5172000000
270.5383000000
270.5492000000
270.5603000000
270.5713000000
270.5827000000
270.5942000000
270.6184000000
270.6291000000
270.6493000000
270.6600000000
270.6710000000
270.6826000000
270.6941000000
270.7062000000
270.7167000000
270.7274000000
270.7376000000
270.7490000000
270.7747000000
270.7865000000
270.8050000000
270.8157000000
270.8274000000
270.8377000000
270.8489000000
270.8605000000
270.8712000000
270.8827000000
270.8945000000
270.9066000000
270.9302000000
270.9410000000
270.9612000000
270.9720000000
270.9834000000
270.9943000000
271.0053000000
271.0164000000
271.0278000000
271.0501000000
271.0730000000
271.1102000000
271.1231000000
271.1393000000
271.1617000000
271.1840000000
271.2058000000
271.2290000000
271.2643000000
271.2754000000
271.2954000000
271.3167000000
271.3415000000
271.3628000000
271.3844000000
271.4195000000
271.4301000000
271.4501000000
271.4725000000
271.4963000000
271.5167000000
271.5393000000
271.5785000000
271.5902000000
271.6053000000
271.6161000000
271.6276000000
271.6502000000
271.6721000000
271.6951000000
271.7303000000
271.7415000000
271.7628000000
271.7832000000
271.8055000000
271.8290000000
271.8500000000
271.8864000000
271.8978000000
271.9161000000
271.9276000000
271.9495000000
271.9623000000
271.9829000000
272.0052000000
272.0293000000
272.0406000000
272.0621000000
272.0830000000
272.1053000000
272.1289000000
272.1500000000
272.1733000000
272.1975000000
272.2085000000
272.2275000000
272.2494000000
272.2719000000
272.2955000000
272.3160000000
272.3386000000
272.3746000000
272.3875000000
272.4050000000
272.4275000000
272.4495000000
272.4716000000
272.4947000000
272.5305000000
272.5419000000
272.5607000000
272.5826000000
272.5961000000
272.6164000000
272.6381000000
272.6488000000
272.6742000000
272.6857000000
272.7049000000
272.7274000000
272.7494000000
272.7715000000
272.7953000000
272.8170000000
272.8412000000
272.8528000000
272.8708000000
272.8815000000
272.8936000000
272.9155000000
272.9265000000
272.9468000000
272.9561000000
272.9666000000
272.9770000000
273.0012000000
273.0145000000
273.0252000000
273.0362000000
273.0463000000
273.0557000000
273.0660000000
273.0764000000
273.0877000000
273.0990000000
273.1092000000
273.1207000000
273.1318000000
273.1579000000
273.1691000000
273.1796000000
273.1902000000
273.2011000000
273.2122000000
273.2244000000
273.2346000000
273.2452000000
273.2555000000
273.2653000000
273.2767000000
273.2874000000
273.3120000000
273.3230000000
273.3330000000
273.3436000000
273.3543000000
273.3658000000
273.3789000000
273.3888000000
273.3998000000
273.4118000000
273.4225000000
273.4360000000
273.4464000000
273.4705000000
273.4813000000
273.4917000000
273.5026000000
273.5133000000
273.5247000000
273.5361000000
273.5474000000
273.5590000000
273.5701000000
273.5812000000
273.5935000000
273.6160000000
273.6518000000
273.6648000000
273.6821000000
273.7045000000
273.7266000000
273.7487000000
273.7710000000
273.8084000000
273.8198000000
273.8374000000
273.8480000000
273.8595000000
273.8718000000
273.8821000000
273.9039000000
273.9146000000
273.9256000000
273.9506000000
273.9627000000
273.9815000000
273.9923000000
274.0033000000
274.0144000000
274.0257000000
274.0367000000
274.0476000000
274.0588000000
274.0700000000
274.0839000000
274.1094000000
274.1207000000
274.1370000000
274.1479000000
274.1591000000
274.1700000000
274.1810000000
274.1925000000
274.2033000000
274.2146000000
274.2261000000
274.2368000000
274.2618000000
274.2727000000
274.2955000000
274.3152000000
274.3374000000
274.3604000000
274.3821000000
274.4045000000
274.4411000000
274.4522000000
274.4712000000
274.4944000000
274.5170000000
274.5377000000
274.5614000000
274.5967000000
274.6082000000
274.6268000000
274.6486000000
274.6707000000
274.6941000000
274.7154000000
274.7530000000
274.7649000000
274.7816000000
274.8040000000
274.8273000000
274.8484000000
274.8707000000
274.9083000000
274.9201000000
274.9387000000
274.9601000000
274.9817000000
275.0044000000
275.0272000000
275.0627000000
275.0740000000
275.0937000000
275.1152000000
275.1375000000
275.1617000000
275.1821000000
275.2179000000
275.2293000000
275.2485000000
275.2593000000
275.2817000000
275.3039000000
275.3271000000
275.3484000000
275.3861000000
275.3976000000
275.4150000000
275.4372000000
275.4604000000
275.4815000000
275.5042000000
275.5406000000
275.5515000000
275.5720000000
275.5938000000
275.6161000000
275.6374000000
275.6600000000
275.6959000000
275.7068000000
275.7265000000
275.7482000000
275.7703000000
275.7958000000
275.8150000000
275.8511000000
275.8626000000
275.8814000000
275.9037000000
275.9263000000
275.9482000000
275.9705000000
276.0090000000
276.0203000000
276.0370000000
276.0596000000
276.0812000000
276.1035000000
276.1257000000
276.1617000000
276.1725000000
276.1939000000
276.2146000000
276.2367000000
276.2599000000
276.2812000000
276.3187000000
276.3302000000
276.3469000000
276.3576000000
276.3687000000
276.3800000000
276.3924000000
276.4031000000
276.4249000000
276.4354000000
276.4606000000
276.4718000000
276.4915000000
276.5025000000
276.5134000000
276.5241000000
276.5353000000
276.5465000000
276.5578000000
276.5687000000
276.5798000000
276.5911000000
276.6182000000
