(0.2829183000, -0.8505563000, 0.4432691000)
(0.2834615000, -0.8495507000, 0.4448419000)
(0.2833789000, -0.8495855000, 0.4448444000)
(0.2836830000, -0.8494876000, 0.4448171000)
(0.2624623000, -0.8521124000, 0.4527609000)
(0.1605349000, -0.8434915000, 0.5125837000)
(0.1663768000, -0.8382306000, 0.5192981000)
(0.1506793000, -0.8391289000, 0.5226389000)
(0.1519890000, -0.8385230000, 0.5232176000)
(0.1545683000, -0.8342574000, 0.5292580000)
(0.1562160000, -0.8350930000, 0.5274481000)
(0.1518307000, -0.8382527000, 0.5236911000)
(0.1505492000, -0.8406186000, 0.5202536000)
(0.0000000000, 0.0000000000, 0.0000000000)
(0.0000000000, 0.0000000000, 0.0000000000)
(0.0000000000, 0.0000000000, 0.0000000000)
(0.0000000000, 0.0000000000, 0.0000000000)
(0.0000000000, 0.0000000000, 0.0000000000)
(0.0000000000, 0.0000000000, 0.0000000000)
(0.0000000000, 0.0000000000, 0.0000000000)
(0.0000000000, 0.0000000000, 0.0000000000)
(0.2623514000, -0.7852645000, 0.5608012000)
(0.2685748000, -0.7661889000, 0.5837969000)
(0.2747732000, -0.7607304000, 0.5880285000)
(0.2642671000, -0.7677689000, 0.5836794000)
(0.2688057000, -0.7665800000, 0.5831705000)
(0.2656865000, -0.7670951000, 0.5839150000)
(0.2685033000, -0.7678573000, 0.5816333000)
(0.2728592000, -0.7629495000, 0.5860363000)
(0.2737484000, -0.7609059000, 0.5882748000)
(0.2722828000, -0.7620943000, 0.5874180000)
(0.2689080000, -0.7624851000, 0.5884544000)
(0.2698324000, -0.7600856000, 0.5911309000)
(0.2682678000, -0.7097933000, 0.6513083000)
(0.2591234000, -0.7096725000, 0.6551386000)
(0.2616419000, -0.7057784000, 0.6583248000)
(0.2583038000, -0.7018738000, 0.6637941000)
(0.2593924000, -0.7013886000, 0.6638930000)
(0.2608318000, -0.7031860000, 0.6614305000)
(0.2611745000, -0.7040763000, 0.6603484000)
(0.2577045000, -0.7028630000, 0.6629907000)
(0.2576441000, -0.7017475000, 0.6641958000)
(0.2592118000, -0.7002314000, 0.6651722000)
(0.2588392000, -0.6991614000, 0.6664501000)
(0.2597517000, -0.6995283000, 0.6657179000)
(0.2618681000, -0.6973063000, 0.6672074000)
(0.2608511000, -0.6966392000, 0.6683133000)
(0.2519016000, -0.7009842000, 0.6672066000)
(0.0000000000, 0.0000000000, 0.0000000000)
(0.0000000000, 0.0000000000, 0.0000000000)
(0.0000000000, 0.0000000000, 0.0000000000)
(0.0000000000, 0.0000000000, 0.0000000000)
(0.0000000000, 0.0000000000, 0.0000000000)
(0.0000000000, 0.0000000000, 0.0000000000)
(0.0000000000, 0.0000000000, 0.0000000000)
(0.0000000000, 0.0000000000, 0.0000000000)
(0.0000000000, 0.0000000000, 0.0000000000)
(0.0000000000, 0.0000000000, 0.0000000000)
(0.0000000000, 0.0000000000, 0.0000000000)
(0.0000000000, 0.0000000000, 0.0000000000)
(0.2760571000, -0.7037876000, 0.6545603000)
(0.2757644000, -0.6882836000, 0.6709713000)
(0.2750415000, -0.6893938000, 0.6701280000)
(0.2699428000, -0.6943734000, 0.6670434000)
(0.2785552000, -0.6879485000, 0.6701583000)
(0.2782052000, -0.6875432000, 0.6707237000)
(0.2783213000, -0.6886727000, 0.6695154000)
(0.2834581000, -0.6869475000, 0.6691228000)
(0.2826578000, -0.6856796000, 0.6707664000)
(0.2804956000, -0.6842973000, 0.6730896000)
(0.2818103000, -0.6847491000, 0.6720786000)
(0.2806290000, -0.6864465000, 0.6708426000)
(0.2814021000, -0.6853088000, 0.6716698000)
(0.2810183000, -0.6844454000, 0.6727143000)
(0.2804525000, -0.6838173000, 0.6735803000)
(0.2820304000, -0.6854424000, 0.6712805000)
(0.2845010000, -0.6860035000, 0.6696589000)
(0.2849411000, -0.6857185000, 0.6697625000)
(0.2845758000, -0.6865894000, 0.6690238000)
(0.2812050000, -0.6833349000, 0.6737634000)
(0.2776696000, -0.6793990000, 0.6791832000)
(0.2783837000, -0.6784844000, 0.6798114000)
(0.2787574000, -0.6774684000, 0.6806808000)
(0.2796291000, -0.6814613000, 0.6763121000)
(0.2770179000, -0.6820797000, 0.6767575000)
(0.2768295000, -0.6825856000, 0.6763345000)
(0.2764614000, -0.6852161000, 0.6738269000)
(0.2788871000, -0.6867845000, 0.6712117000)
(0.2798631000, -0.6862624000, 0.6713479000)
(0.2790261000, -0.6864867000, 0.6714579000)
(0.2793754000, -0.6856929000, 0.6721274000)
(0.2791757000, -0.6854755000, 0.6724285000)
(0.2799714000, -0.6854177000, 0.6721709000)
(0.2791150000, -0.6861730000, 0.6717559000)
(0.2772893000, -0.6871158000, 0.6715497000)
(0.2781693000, -0.6866532000, 0.6716491000)
(0.2795702000, -0.6873246000, 0.6703695000)
(0.2790218000, -0.6883054000, 0.6696068000)
(0.2797007000, -0.6902710000, 0.6672881000)
(0.2806824000, -0.6913933000, 0.6657096000)
(0.2849547000, -0.6956971000, 0.6593953000)
(0.2861956000, -0.6961349000, 0.6583874000)
(0.2839815000, -0.6951991000, 0.6603237000)
(0.2777451000, -0.6938871000, 0.6643443000)
(0.2742445000, -0.6923485000, 0.6674117000)
(0.2755687000, -0.6935650000, 0.6655819000)
(0.2780699000, -0.6961517000, 0.6618490000)
(0.2774255000, -0.6975622000, 0.6606302000)
(0.2777202000, -0.6963233000, 0.6618057000)
(0.2776291000, -0.6962702000, 0.6618941000)
(0.2802585000, -0.6983321000, 0.6586167000)
(0.2818058000, -0.6969702000, 0.6593935000)
(0.2801120000, -0.6956253000, 0.6615325000)
(0.2782511000, -0.6952316000, 0.6627229000)
(0.2768041000, -0.6956692000, 0.6628892000)
(0.2756645000, -0.6954684000, 0.6635562000)
(0.2761305000, -0.6943173000, 0.6645746000)
(0.2762781000, -0.6949980000, 0.6638010000)
(0.2762270000, -0.6963039000, 0.6624492000)
(0.2778428000, -0.6964038000, 0.6616787000)
(0.2757761000, -0.6946919000, 0.6643320000)
(0.2743684000, -0.6939788000, 0.6656684000)
(0.2747878000, -0.6922242000, 0.6673023000)
(0.2775203000, -0.6968951000, 0.6613013000)
(0.2787719000, -0.6965395000, 0.6611352000)
(0.2786842000, -0.6957479000, 0.6619992000)
(0.2768853000, -0.6940352000, 0.6645591000)
(0.2763493000, -0.6941689000, 0.6646355000)
(0.2763791000, -0.6951702000, 0.6635751000)
(0.2777748000, -0.6944388000, 0.6637726000)
(0.2781762000, -0.6946232000, 0.6633960000)
(0.2780210000, -0.6942782000, 0.6638356000)
(0.2785068000, -0.6925563000, 0.6654305000)
(0.2789517000, -0.6905994000, 0.6672738000)
(0.2804603000, -0.6915292000, 0.6656633000)
(0.2822111000, -0.6906086000, 0.6658781000)
(0.2825088000, -0.6916484000, 0.6646770000)
(0.2823147000, -0.6923060000, 0.6640832000)
(0.2817423000, -0.6952683000, 0.6612211000)
(0.2813960000, -0.6944104000, 0.6622746000)
(0.2809781000, -0.6942499000, 0.6626051000)
(0.2809726000, -0.6939639000, 0.6629167000)
(0.2811328000, -0.6943099000, 0.6624780000)
(0.2813202000, -0.6941773000, 0.6625340000)
(0.2822686000, -0.6956462000, 0.6605991000)
(0.2862016000, -0.6989040000, 0.6554443000)
(0.2898567000, -0.7012815000, 0.6512877000)
(0.2858655000, -0.6929162000, 0.6619136000)
(0.2799213000, -0.6842852000, 0.6733369000)
(0.2803554000, -0.6894053000, 0.6679190000)
(0.2911944000, -0.6931317000, 0.6593581000)
(0.2892579000, -0.6901022000, 0.6633871000)
(0.2960819000, -0.6924479000, 0.6578946000)
(0.2974285000, -0.6909090000, 0.6589080000)
(0.2825893000, -0.6855284000, 0.6709583000)
(0.2742016000, -0.6802790000, 0.6797197000)
(0.2677410000, -0.6913611000, 0.6710594000)
(0.2899466000, -0.6949108000, 0.6580423000)
(0.2996846000, -0.6983629000, 0.6499740000)
(0.2996337000, -0.6968848000, 0.6515794000)
(0.2938429000, -0.6969168000, 0.6541739000)
(0.2840895000, -0.6917522000, 0.6639026000)
(0.2837993000, -0.6915069000, 0.6642715000)
(0.2852345000, -0.6894557000, 0.6657946000)
(0.2856112000, -0.6887458000, 0.6663550000)
(0.2872500000, -0.6892704000, 0.6651207000)
(0.2872597000, -0.6901752000, 0.6641680000)
(0.2869418000, -0.6884379000, 0.6661089000)
(0.2848090000, -0.6872060000, 0.6682985000)
(0.2745219000, -0.6847744000, 0.6750565000)
(0.2703433000, -0.6840106000, 0.6775163000)
(0.2691896000, -0.6845201000, 0.6774544000)
(0.2688107000, -0.6842488000, 0.6778854000)
(0.2716161000, -0.6801525000, 0.6808728000)
(0.2850502000, -0.6806837000, 0.6748328000)
(0.2859921000, -0.6802116000, 0.6749132000)
(0.2938204000, -0.6799709000, 0.6717761000)
(0.2819098000, -0.7048825000, 0.6508967000)
(0.2584967000, -0.7109904000, 0.6539513000)
(0.2545433000, -0.7055827000, 0.6613194000)
(0.2553415000, -0.7074193000, 0.6590565000)
(0.2610707000, -0.7093863000, 0.6546785000)
(0.2634103000, -0.7099171000, 0.6531611000)
(0.2653785000, -0.7102187000, 0.6520380000)
(0.2760669000, -0.7153471000, 0.6419210000)
(0.2792297000, -0.7158293000, 0.6399927000)
(0.2773662000, -0.7156217000, 0.6410398000)
(0.2709168000, -0.7125447000, 0.6471966000)
(0.2666492000, -0.7116422000, 0.6499658000)
(0.2678717000, -0.7109727000, 0.6501943000)
(0.2695880000, -0.7113817000, 0.6490244000)
(0.2707704000, -0.7112926000, 0.6486466000)
(0.2728439000, -0.7092348000, 0.6500269000)
(0.2708790000, -0.7100548000, 0.6499487000)
(0.2708487000, -0.7102383000, 0.6497499000)
(0.2710646000, -0.7104335000, 0.6494636000)
(0.2713992000, -0.7139316000, 0.6454620000)
(0.2727247000, -0.7111904000, 0.6479346000)
(0.2701088000, -0.7095455000, 0.6508191000)
(0.2681238000, -0.7087544000, 0.6524969000)
(0.2706034000, -0.7091858000, 0.6510010000)
(0.2710849000, -0.7092990000, 0.6506856000)
(0.2718484000, -0.7088687000, 0.6508247000)
(0.2702928000, -0.7096146000, 0.6506807000)
(0.2703480000, -0.7097684000, 0.6504702000)
(0.2710423000, -0.7094420000, 0.6505576000)
(0.2687236000, -0.7089531000, 0.6520307000)
(0.2678284000, -0.7100766000, 0.6511915000)
(0.2695928000, -0.7105686000, 0.6499183000)
(0.2645453000, -0.7090513000, 0.6536320000)
(0.2636204000, -0.7087632000, 0.6543276000)
(0.2654576000, -0.7111259000, 0.6510054000)
(0.2716021000, -0.7181371000, 0.6407028000)
(0.2720018000, -0.7202465000, 0.6381608000)
(0.2719178000, -0.7196406000, 0.6388825000)
(0.2707621000, -0.7205896000, 0.6382892000)
(0.2687843000, -0.7168422000, 0.6433434000)
(0.2674088000, -0.7160159000, 0.6448275000)
(0.2683012000, -0.7159224000, 0.6445509000)
(0.2688330000, -0.7152417000, 0.6450813000)
(0.2697708000, -0.7147234000, 0.6452646000)
(0.2703284000, -0.7144830000, 0.6453151000)
(0.2718801000, -0.7127481000, 0.6465834000)
(0.2723126000, -0.7130565000, 0.6460513000)
(0.2721514000, -0.7129761000, 0.6461948000)
(0.2713816000, -0.7127234000, 0.6468129000)
(0.2708316000, -0.7143118000, 0.6452888000)
(0.2722796000, -0.7117515000, 0.6475113000)
(0.2738558000, -0.7132066000, 0.6452341000)
(0.2744294000, -0.7148693000, 0.6431465000)
(0.2726101000, -0.7108327000, 0.6483715000)
(0.2729917000, -0.7108163000, 0.6482174000)
(0.2724404000, -0.7114170000, 0.6478021000)
(0.2724203000, -0.7104124000, 0.6489111000)
(0.2724518000, -0.7101363000, 0.6491948000)
(0.2723992000, -0.7105496000, 0.6487671000)
(0.2733859000, -0.7112218000, 0.6476063000)
(0.2722419000, -0.7118559000, 0.6473953000)
(0.2729978000, -0.7085196000, 0.6507245000)
(0.2739215000, -0.7057095000, 0.6533858000)
(0.2754381000, -0.7071873000, 0.6511618000)
(0.2739218000, -0.7123200000, 0.6461862000)
(0.2736246000, -0.7141366000, 0.6443022000)
(0.2773406000, -0.7117905000, 0.6453140000)
(0.2785046000, -0.7077467000, 0.6492369000)
(0.2774568000, -0.7056589000, 0.6519507000)
(0.2748983000, -0.7076797000, 0.6508548000)
(0.2767682000, -0.7101907000, 0.6473187000)
(0.2773217000, -0.7096729000, 0.6476455000)
(0.2791033000, -0.7115253000, 0.6448278000)
(0.2735531000, -0.7113889000, 0.6473519000)
(0.2778190000, -0.7156093000, 0.6408743000)
(0.2743376000, -0.7154880000, 0.6424903000)
(0.0000000000, 0.0000000000, 0.0000000000)
(0.0000000000, 0.0000000000, 0.0000000000)
(0.0000000000, 0.0000000000, 0.0000000000)
(0.0000000000, 0.0000000000, 0.0000000000)
(0.0000000000, 0.0000000000, 0.0000000000)
(0.0000000000, 0.0000000000, 0.0000000000)
(0.0000000000, 0.0000000000, 0.0000000000)
(0.0000000000, 0.0000000000, 0.0000000000)
(0.0000000000, 0.0000000000, 0.0000000000)
(0.0000000000, 0.0000000000, 0.0000000000)
(0.0000000000, 0.0000000000, 0.0000000000)
(0.0000000000, 0.0000000000, 0.0000000000)
(0.2860861000, -0.7127430000, 0.6404233000)
(0.2860584000, -0.7235783000, 0.6281713000)
(0.2885653000, -0.7143756000, 0.6374745000)
(0.2885584000, -0.7076266000, 0.6449655000)
(0.2765797000, -0.7148764000, 0.6422254000)
(0.2802217000, -0.7107853000, 0.6451613000)
(0.2862199000, -0.7080810000, 0.6455204000)
(0.2954082000, -0.7067710000, 0.6427958000)
(0.2751683000, -0.7163255000, 0.6411947000)
(0.2721699000, -0.7169495000, 0.6417840000)
(0.2770164000, -0.7157792000, 0.6410114000)
(0.2837893000, -0.7139248000, 0.6401147000)
(0.2844819000, -0.7143049000, 0.6393902000)
(0.2839631000, -0.7150712000, 0.6387601000)
(0.2833086000, -0.7159222000, 0.6380970000)
(0.2828346000, -0.7163167000, 0.6378648000)
(0.2838098000, -0.7156312000, 0.6382065000)
(0.2897013000, -0.7118659000, 0.6397704000)
(0.2950501000, -0.7109144000, 0.6383847000)
(0.2941835000, -0.7108265000, 0.6388717000)
(0.2773835000, -0.7159033000, 0.6407105000)
(0.2708277000, -0.7169623000, 0.6423346000)
(0.2664768000, -0.7177132000, 0.6433240000)
(0.2673658000, -0.7173868000, 0.6433157000)
(0.2796529000, -0.7156765000, 0.6399876000)
(0.2814220000, -0.7157515000, 0.6391357000)
(0.2738711000, -0.7176808000, 0.6402378000)
(0.2863121000, -0.7082206000, 0.6453248000)
(0.2866357000, -0.7122818000, 0.6406922000)
(0.2800979000, -0.7121851000, 0.6436859000)
(0.2735239000, -0.7114823000, 0.6472826000)
(0.2740752000, -0.7112595000, 0.6472941000)
(0.2730492000, -0.7119953000, 0.6468989000)
(0.2728724000, -0.7119403000, 0.6470423000)
(0.2715521000, -0.7121552000, 0.6473638000)
(0.2711782000, -0.7118151000, 0.6479026000)
(0.2712077000, -0.7114267000, 0.6483194000)
(0.2713340000, -0.7125590000, 0.6470026000)
(0.2729379000, -0.7120114000, 0.6469347000)
(0.2727785000, -0.7119142000, 0.6471114000)
(0.2735251000, -0.7120192000, 0.6466832000)
(0.2727683000, -0.7122529000, 0.6467324000)
(0.2723199000, -0.7130663000, 0.6460429000)
(0.2724630000, -0.7136937000, 0.6452827000)
(0.2723346000, -0.7134498000, 0.6456001000)
(0.2718609000, -0.7132819000, 0.6459955000)
(0.2706621000, -0.7137911000, 0.6459225000)
(0.2571168000, -0.7096322000, 0.6559815000)
(0.2574182000, -0.7087995000, 0.6567404000)
(0.2557855000, -0.7096114000, 0.6565158000)
(0.2835003000, -0.7123249000, 0.6420438000)
(0.2864922000, -0.7131639000, 0.6397788000)
(0.2850267000, -0.7129287000, 0.6406749000)
(0.2733916000, -0.7086465000, 0.6504263000)
(0.2732972000, -0.7082021000, 0.6509486000)
(0.2720521000, -0.7081429000, 0.6515468000)
(0.2715376000, -0.7086631000, 0.6511802000)
(0.2721284000, -0.7084472000, 0.6511854000)
(0.2713845000, -0.7099613000, 0.6498365000)
(0.2760414000, -0.7129457000, 0.6445938000)
(0.2823781000, -0.7135113000, 0.6412029000)
(0.2825524000, -0.7135380000, 0.6410924000)
(0.2756425000, -0.7120438000, 0.6457617000)
(0.2692463000, -0.7114844000, 0.6490518000)
(0.2650587000, -0.7073087000, 0.6553134000)
(0.2614927000, -0.7043287000, 0.6599344000)
(0.2613509000, -0.7044913000, 0.6598188000)
(0.2595434000, -0.7045076000, 0.6605114000)
(0.2720155000, -0.7117064000, 0.6476732000)
(0.2717742000, -0.7114618000, 0.6480429000)
(0.2579171000, -0.7038746000, 0.6618369000)
(0.2570874000, -0.7049758000, 0.6609854000)
(0.2601668000, -0.7053913000, 0.6593245000)
(0.2607580000, -0.7067203000, 0.6576751000)
(0.2588859000, -0.7112601000, 0.6535041000)
(0.2619639000, -0.7113424000, 0.6521811000)
(0.2616532000, -0.7118901000, 0.6517271000)
(0.2619798000, -0.7126585000, 0.6507346000)
(0.2711629000, -0.7126932000, 0.6469245000)
(0.2720470000, -0.7118074000, 0.6475472000)
(0.2726475000, -0.7118194000, 0.6472626000)
(0.2725612000, -0.7114336000, 0.6477216000)
(0.2729286000, -0.7114095000, 0.6475962000)
(0.2725584000, -0.7107002000, 0.6485474000)
(0.2715868000, -0.7107484000, 0.6488879000)
(0.2716363000, -0.7103865000, 0.6492596000)
(0.2706863000, -0.7105460000, 0.6494936000)
(0.2714036000, -0.7116722000, 0.6479541000)
(0.2727808000, -0.7126272000, 0.6463345000)
(0.2721815000, -0.7132099000, 0.6459383000)
(0.2611122000, -0.7120490000, 0.6517600000)
(0.2610679000, -0.7124146000, 0.6513877000)
(0.2604444000, -0.7128533000, 0.6511511000)
(0.2699630000, -0.7168452000, 0.6428341000)
(0.2723677000, -0.7165078000, 0.6422029000)
(0.2776483000, -0.7200577000, 0.6359288000)
(0.2782890000, -0.7213790000, 0.6341537000)
(0.2772708000, -0.7190441000, 0.6372501000)
(0.2744564000, -0.7136997000, 0.6444238000)
(0.2698547000, -0.7047231000, 0.6561390000)
(0.2700278000, -0.7034255000, 0.6574742000)
(0.2688983000, -0.7058885000, 0.6552760000)
(0.2760710000, -0.7134405000, 0.6440218000)
(0.2746322000, -0.7129949000, 0.6451448000)
(0.2802858000, -0.7162378000, 0.6390907000)
(0.2810316000, -0.7166426000, 0.6383132000)
(0.2805443000, -0.7169563000, 0.6381574000)
(0.2713931000, -0.7161223000, 0.6430421000)
(0.2709301000, -0.7172176000, 0.6420167000)
(0.2708014000, -0.7167891000, 0.6425515000)
(0.2719051000, -0.7158065000, 0.6431749000)
(0.2733600000, -0.7172636000, 0.6409317000)
(0.2738589000, -0.7172936000, 0.6406759000)
(0.2735688000, -0.7173271000, 0.6407682000)
(0.2725185000, -0.7173279000, 0.6412246000)
(0.2728947000, -0.7175280000, 0.6408410000)
(0.2746087000, -0.7164993000, 0.6412573000)
(0.2743074000, -0.7171180000, 0.6406841000)
(0.2744350000, -0.7173129000, 0.6404056000)
(0.2671104000, -0.7203534000, 0.6400934000)
(0.2677797000, -0.7192471000, 0.6410625000)
(0.2696744000, -0.7180051000, 0.6416550000)
(0.2719833000, -0.7174057000, 0.6413656000)
(0.2724893000, -0.7176294000, 0.6408933000)
(0.2733180000, -0.7166384000, 0.6416475000)
(0.2739285000, -0.7156663000, 0.6424789000)
(0.2742383000, -0.7149334000, 0.6431571000)
(0.2759680000, -0.7146218000, 0.6427677000)
(0.2749345000, -0.7156879000, 0.6420230000)
(0.2694531000, -0.7134296000, 0.6468352000)
(0.2679806000, -0.7159036000, 0.6447130000)
(0.2705379000, -0.7138616000, 0.6459114000)
(0.2768963000, -0.7118612000, 0.6454208000)
(0.2785237000, -0.7110301000, 0.6456404000)
(0.2786083000, -0.7118660000, 0.6446838000)
(0.2789703000, -0.7111874000, 0.6452687000)
(0.2777158000, -0.7121675000, 0.6447197000)
(0.2781645000, -0.7122865000, 0.6444140000)
(0.2786818000, -0.7126566000, 0.6437825000)
(0.2790439000, -0.7126122000, 0.6436721000)
(0.2792569000, -0.7119485000, 0.6443065000)
(0.2784890000, -0.7122856000, 0.6442737000)
(0.2791488000, -0.7120932000, 0.6441976000)
(0.2793369000, -0.7121844000, 0.6440148000)
(0.2789567000, -0.7118794000, 0.6445130000)
(0.2790442000, -0.7125018000, 0.6437836000)
(0.2786826000, -0.7123773000, 0.6440856000)
(0.2784272000, -0.7124350000, 0.6441180000)
(0.2785282000, -0.7129816000, 0.6434864000)
(0.2744814000, -0.7144529000, 0.6435847000)
(0.2742379000, -0.7132798000, 0.6449990000)
(0.2757294000, -0.7133694000, 0.6442502000)
(0.2771831000, -0.7118390000, 0.6453245000)
(0.2781914000, -0.7128010000, 0.6438335000)
(0.2786891000, -0.7127019000, 0.6437123000)
(0.2786021000, -0.7128467000, 0.6435923000)
(0.2766976000, -0.7127395000, 0.6445262000)
(0.2776172000, -0.7127208000, 0.6441524000)
(0.2771966000, -0.7125438000, 0.6445349000)
(0.2780481000, -0.7111418000, 0.6457202000)
(0.2781961000, -0.7108909000, 0.6459398000)
(0.2784340000, -0.7113471000, 0.6453162000)
(0.2778107000, -0.7111228000, 0.6458443000)
(0.2763878000, -0.7114709000, 0.6460614000)
(0.2767747000, -0.7116308000, 0.6457161000)
(0.2772145000, -0.7116622000, 0.6455120000)
(0.2773364000, -0.7107638000, 0.6464415000)
(0.2764133000, -0.7110849000, 0.6464899000)
(0.2759338000, -0.7121361000, 0.6455318000)
(0.2752338000, -0.7123167000, 0.6456382000)
(0.2731449000, -0.7136286000, 0.6450624000)
(0.2722695000, -0.7124162000, 0.6467822000)
(0.2732354000, -0.7116370000, 0.6472243000)
(0.2738781000, -0.7119913000, 0.6465743000)
(0.2734256000, -0.7130492000, 0.6455995000)
(0.2726941000, -0.7127832000, 0.6461832000)
(0.2727266000, -0.7119759000, 0.6470617000)
(0.2730356000, -0.7125024000, 0.6463600000)
(0.2729428000, -0.7129731000, 0.6458734000)
(0.2734470000, -0.7130879000, 0.6455255000)
(0.2725631000, -0.7141269000, 0.6447571000)
(0.2723583000, -0.7141663000, 0.6448148000)
(0.2717187000, -0.7145481000, 0.6446419000)
(0.2710554000, -0.7150607000, 0.6443729000)
(0.2717352000, -0.7150884000, 0.6440327000)
(0.2711705000, -0.7154624000, 0.6438582000)
(0.2706525000, -0.7150790000, 0.6445090000)
(0.2714085000, -0.7145926000, 0.6447327000)
(0.2715984000, -0.7145950000, 0.6446487000)
(0.2713751000, -0.7136968000, 0.6457349000)
(0.2719644000, -0.7130955000, 0.6461585000)
(0.2731003000, -0.7129265000, 0.6458728000)
(0.2743808000, -0.7125690000, 0.6457183000)
(0.2575926000, -0.7129430000, 0.6521714000)
(0.2566375000, -0.7128198000, 0.6526824000)
(0.2574311000, -0.7107697000, 0.6546056000)
(0.2744367000, -0.7132259000, 0.6449616000)
(0.2581713000, -0.7099721000, 0.6551977000)
(0.2591076000, -0.7093517000, 0.6555004000)
(0.2598790000, -0.7086182000, 0.6559830000)
(0.2609640000, -0.7094217000, 0.6546833000)
(0.2745862000, -0.7100565000, 0.6483873000)
(0.2626057000, -0.7111301000, 0.6521713000)
(0.2611708000, -0.7112392000, 0.6526142000)
(0.2609260000, -0.7112390000, 0.6527267000)
(0.2627320000, -0.7114343000, 0.6517885000)
(0.2746679000, -0.7131030000, 0.6450109000)
(0.2761745000, -0.7124625000, 0.6450663000)
(0.2760422000, -0.7119638000, 0.6456804000)
(0.2765895000, -0.7114686000, 0.6459839000)
(0.2773942000, -0.7108989000, 0.6462761000)
(0.2779387000, -0.7089428000, 0.6481733000)
(0.2923784000, -0.7084524000, 0.6423352000)
(0.2938174000, -0.7097819000, 0.6402122000)
(0.2910317000, -0.7096294000, 0.6416376000)
(0.2808781000, -0.7081645000, 0.6477638000)
(0.2817825000, -0.7079989000, 0.6475545000)
(0.2815061000, -0.7083060000, 0.6473259000)
(0.2810648000, -0.7077241000, 0.6481547000)
(0.2807080000, -0.7094378000, 0.6464523000)
(0.2870600000, -0.7099085000, 0.6431177000)
(0.2885339000, -0.7100156000, 0.6423564000)
(0.2810640000, -0.7084834000, 0.6473352000)
(0.2776870000, -0.7082224000, 0.6490766000)
(0.2773635000, -0.7077690000, 0.6497130000)
(0.2835790000, -0.7094686000, 0.6451474000)
(0.2868753000, -0.7106169000, 0.6424218000)
(0.2866435000, -0.7102806000, 0.6428903000)
(0.2816051000, -0.7080007000, 0.6476149000)
(0.2807255000, -0.7081617000, 0.6478422000)
(0.2800048000, -0.7079802000, 0.6483386000)
(0.2837076000, -0.7100102000, 0.6445079000)
(0.2907522000, -0.7051527000, 0.6466817000)
(0.2828135000, -0.7023399000, 0.6532484000)
(0.2779346000, -0.7058495000, 0.6515375000)
(0.2857503000, -0.7055351000, 0.6484922000)
(0.2948534000, -0.7061737000, 0.6437071000)
(0.2832605000, -0.7081688000, 0.6467276000)
(0.2803520000, -0.7129096000, 0.6427594000)
(0.2785657000, -0.7175813000, 0.6383395000)
(0.0000000000, 0.0000000000, 0.0000000000)
(0.0000000000, 0.0000000000, 0.0000000000)
(0.0000000000, 0.0000000000, 0.0000000000)
(0.0000000000, 0.0000000000, 0.0000000000)
(0.0000000000, 0.0000000000, 0.0000000000)
(0.0000000000, 0.0000000000, 0.0000000000)
(0.0000000000, 0.0000000000, 0.0000000000)
(0.0000000000, 0.0000000000, 0.0000000000)
(0.0000000000, 0.0000000000, 0.0000000000)
(0.0000000000, 0.0000000000, 0.0000000000)
(0.0000000000, 0.0000000000, 0.0000000000)
(0.2818657000, -0.7201257000, 0.6340056000)
(0.2938610000, -0.7142463000, 0.6351915000)
(0.2683044000, -0.7210957000, 0.6387679000)
(0.2770324000, -0.7145631000, 0.6423741000)
(0.2797136000, -0.7130349000, 0.6429052000)
(0.2787975000, -0.7115799000, 0.6449024000)
(0.2851406000, -0.7120334000, 0.6416318000)
(0.2707863000, -0.7158903000, 0.6435426000)
(0.2708122000, -0.7157662000, 0.6436699000)
(0.2731661000, -0.7152720000, 0.6432239000)
(0.2802200000, -0.7134523000, 0.6422086000)
(0.2810353000, -0.7143215000, 0.6409050000)
(0.2826865000, -0.7137352000, 0.6408349000)
(0.2755958000, -0.7121821000, 0.6456228000)
(0.2736426000, -0.7122362000, 0.6463853000)
(0.2705581000, -0.7117087000, 0.6482779000)
(0.2694974000, -0.7114967000, 0.6489393000)
(0.2707596000, -0.7124660000, 0.6473476000)
(0.2709272000, -0.7117085000, 0.6481114000)
(0.2706751000, -0.7124462000, 0.6474046000)
(0.2804986000, -0.7074964000, 0.6486441000)
(0.2844819000, -0.7066672000, 0.6478198000)
(0.2828070000, -0.7086520000, 0.6463851000)
(0.2810891000, -0.7101874000, 0.6454530000)
(0.2796593000, -0.7100794000, 0.6461994000)
(0.2784522000, -0.7103774000, 0.6463795000)
(0.2774409000, -0.7108691000, 0.6462863000)
(0.2784306000, -0.7101415000, 0.6466604000)
(0.2790536000, -0.7101586000, 0.6463616000)
(0.2918789000, -0.6993093000, 0.6525043000)
(0.2891000000, -0.7016189000, 0.6512469000)
(0.2883315000, -0.7021473000, 0.6510321000)
(0.2801039000, -0.7073140000, 0.6490283000)
(0.2807152000, -0.7070568000, 0.6490495000)
(0.2807971000, -0.7065709000, 0.6495314000)
(0.2678851000, -0.7129872000, 0.6479828000)
(0.2698164000, -0.7126370000, 0.6475526000)
(0.2710322000, -0.7171261000, 0.6420814000)
(0.2917361000, -0.7052500000, 0.6461403000)
(0.2919349000, -0.7044362000, 0.6469420000)
(0.2896680000, -0.7058026000, 0.6464608000)
(0.2880123000, -0.7061688000, 0.6467987000)
(0.2921245000, -0.7031578000, 0.6482490000)
(0.2913267000, -0.7059377000, 0.6455647000)
(0.2913869000, -0.7058355000, 0.6456469000)
(0.2884632000, -0.7060970000, 0.6466926000)
(0.2839732000, -0.7099508000, 0.6444470000)
(0.2845387000, -0.7084987000, 0.6457877000)
(0.2879187000, -0.7042027000, 0.6489932000)
(0.0000000000, 0.0000000000, 0.0000000000)
(0.0000000000, 0.0000000000, 0.0000000000)
(0.0000000000, 0.0000000000, 0.0000000000)
(0.0000000000, 0.0000000000, 0.0000000000)
(0.0000000000, 0.0000000000, 0.0000000000)
(0.0000000000, 0.0000000000, 0.0000000000)
(0.0000000000, 0.0000000000, 0.0000000000)
(0.0000000000, 0.0000000000, 0.0000000000)
(0.0000000000, 0.0000000000, 0.0000000000)
(0.0000000000, 0.0000000000, 0.0000000000)
(0.0000000000, 0.0000000000, 0.0000000000)
(0.0000000000, 0.0000000000, 0.0000000000)
(0.0000000000, 0.0000000000, 0.0000000000)
(0.0000000000, 0.0000000000, 0.0000000000)
(0.0000000000, 0.0000000000, 0.0000000000)
(0.0000000000, 0.0000000000, 0.0000000000)
(0.2832744000, -0.7022508000, 0.6531419000)
(0.2811455000, -0.7244989000, 0.6293167000)
(0.2475191000, -0.7171652000, 0.6514597000)
(0.2520647000, -0.7135344000, 0.6536940000)
(0.2563308000, -0.7115082000, 0.6542532000)
(0.2537411000, -0.7063778000, 0.6607872000)
(0.2547151000, -0.7087716000, 0.6578408000)
(0.2507541000, -0.7098137000, 0.6582226000)
(0.2796980000, -0.7083092000, 0.6481065000)
(0.2835383000, -0.7077516000, 0.6470494000)
(0.2836577000, -0.7073380000, 0.6474647000)
(0.2776732000, -0.7064233000, 0.6510441000)
(0.2710468000, -0.7056711000, 0.6546440000)
(0.2702439000, -0.7053097000, 0.6553525000)
(0.2694250000, -0.7069296000, 0.6539412000)
(0.2712538000, -0.7086121000, 0.6513533000)
(0.2714826000, -0.7089917000, 0.6508626000)
(0.2661031000, -0.7091963000, 0.6528521000)
(0.2643159000, -0.7094228000, 0.6533269000)
(0.2613182000, -0.7093801000, 0.6545859000)
(0.2718185000, -0.6955736000, 0.6650494000)
(0.2739261000, -0.6988188000, 0.6607515000)
(0.2792607000, -0.6998185000, 0.6574689000)
(0.2888584000, -0.7015966000, 0.6513978000)
(0.2969050000, -0.7038171000, 0.6453437000)
(0.2930509000, -0.7034506000, 0.6475079000)
(0.2835035000, -0.7003687000, 0.6550510000)
(0.2854910000, -0.6993304000, 0.6553088000)
(0.2899575000, -0.7022880000, 0.6501588000)
(0.2895737000, -0.7026082000, 0.6499902000)
(0.2896131000, -0.7025039000, 0.6500829000)
(0.2900091000, -0.7004725000, 0.6520824000)
(0.2892635000, -0.7009456000, 0.6519121000)
(0.2894761000, -0.7003837000, 0.6524184000)
(0.2906552000, -0.7012951000, 0.6509072000)
(0.2885467000, -0.7003518000, 0.6528747000)
(0.2868527000, -0.7004598000, 0.6535035000)
(0.2883815000, -0.7015748000, 0.6516145000)
(0.2898647000, -0.7023582000, 0.6501274000)
(0.2898301000, -0.7024948000, 0.6499767000)
(0.2896691000, -0.7023258000, 0.6502505000)
(0.2895778000, -0.7016355000, 0.6510309000)
(0.2887982000, -0.7018388000, 0.6511664000)
(0.2867981000, -0.7016262000, 0.6522782000)
(0.2870673000, -0.6998078000, 0.6541058000)
(0.2872315000, -0.7003105000, 0.6534938000)
(0.2884176000, -0.7005128000, 0.6527392000)
(0.2889994000, -0.7002766000, 0.6527520000)
(0.2891617000, -0.6999557000, 0.6530218000)
(0.2884003000, -0.7008321000, 0.6524058000)
(0.2893664000, -0.6983595000, 0.6546369000)
(0.2890036000, -0.6979955000, 0.6551908000)
(0.2869919000, -0.7021745000, 0.6515854000)
(0.2859314000, -0.7023945000, 0.6518315000)
(0.2859392000, -0.7018755000, 0.6523817000)
(0.2857053000, -0.7025578000, 0.6517336000)
(0.2857559000, -0.7029901000, 0.6512516000)
(0.2859993000, -0.7027704000, 0.6513970000)
(0.2868307000, -0.7026989000, 0.6510974000)
(0.2880599000, -0.7041827000, 0.6489521000)
(0.2815626000, -0.7021144000, 0.6540187000)
(0.2644344000, -0.7116662000, 0.6508490000)
(0.2634906000, -0.7109225000, 0.6520241000)
(0.2781969000, -0.7097337000, 0.6472033000)
(0.2726831000, -0.7102141000, 0.6490141000)
(0.2724236000, -0.7099938000, 0.6493614000)
(0.2744351000, -0.7092700000, 0.6493183000)
(0.2808606000, -0.7074067000, 0.6486042000)
(0.2809296000, -0.7071553000, 0.6488470000)
(0.2716959000, -0.7124271000, 0.6469960000)
(0.2652952000, -0.7168627000, 0.6447578000)
(0.2684593000, -0.7098365000, 0.6511899000)
(0.2785533000, -0.7060503000, 0.6510605000)
(0.2771915000, -0.7075582000, 0.6500159000)
(0.2733907000, -0.7082863000, 0.6508236000)
(0.2773339000, -0.7090161000, 0.6483488000)
(0.2790298000, -0.7081221000, 0.6486083000)
(0.2790329000, -0.7076219000, 0.6491399000)
(0.2792696000, -0.7088953000, 0.6476631000)
(0.2791739000, -0.7097505000, 0.6467682000)
(0.2745838000, -0.7102211000, 0.6482117000)
(0.2675809000, -0.7124355000, 0.6487031000)
(0.2681097000, -0.7128447000, 0.6480280000)
(0.2725265000, -0.7121013000, 0.6470208000)
(0.2792582000, -0.7087633000, 0.6478153000)
(0.2790076000, -0.7084062000, 0.6483145000)
(0.2783930000, -0.7090223000, 0.6478873000)
(0.2776712000, -0.7106037000, 0.6464795000)
(0.2776490000, -0.7110608000, 0.6459725000)
(0.2798994000, -0.7098200000, 0.6463703000)
(0.2869571000, -0.7053719000, 0.6481367000)
(0.2864644000, -0.7041180000, 0.6497249000)
(0.2795694000, -0.7089260000, 0.6474951000)
(0.2810835000, -0.7065071000, 0.6494706000)
(0.2808801000, -0.7050984000, 0.6510954000)
(0.2802244000, -0.7050317000, 0.6514438000)
(0.2770462000, -0.7060905000, 0.6516600000)
(0.2774021000, -0.7050799000, 0.6526020000)
(0.2798536000, -0.7045176000, 0.6521602000)
(0.2802197000, -0.7051206000, 0.6513507000)
(0.2777244000, -0.7059717000, 0.6515016000)
(0.2752541000, -0.7063287000, 0.6521661000)
(0.2757702000, -0.7080125000, 0.6501063000)
(0.2803794000, -0.7065427000, 0.6497512000)
(0.2775659000, -0.7071451000, 0.6503093000)
(0.2723461000, -0.7128243000, 0.6462957000)
(0.2710503000, -0.7131212000, 0.6465002000)
(0.2870246000, -0.7107540000, 0.6422003000)
(0.3014687000, -0.7112178000, 0.6350316000)
(0.3029277000, -0.7092850000, 0.6364907000)
(0.3039276000, -0.7095361000, 0.6357355000)
(0.3028424000, -0.7101101000, 0.6356158000)
(0.2899230000, -0.7084193000, 0.6434772000)
(0.2893741000, -0.7095560000, 0.6424870000)
(0.2892072000, -0.7063438000, 0.6460933000)
(0.2878700000, -0.7080649000, 0.6447892000)
(0.2684464000, -0.7156920000, 0.6447511000)
(0.2663668000, -0.7165537000, 0.6446626000)
(0.2710652000, -0.7160494000, 0.6432616000)
(0.2909279000, -0.7168700000, 0.6335956000)
(0.2704861000, -0.7175077000, 0.6418669000)
(0.2728151000, -0.7179742000, 0.6403751000)
(0.2757294000, -0.7172244000, 0.6399522000)
(0.2759903000, -0.7174124000, 0.6396296000)
(0.2791708000, -0.7152427000, 0.6406928000)
(0.2821137000, -0.7144693000, 0.6402557000)
(0.2791281000, -0.7142997000, 0.6417513000)
(0.2755377000, -0.7146288000, 0.6429271000)
(0.2734536000, -0.7143527000, 0.6441418000)
(0.2816463000, -0.7120509000, 0.6431473000)
(0.2920112000, -0.7125854000, 0.6379196000)
(0.2919574000, -0.7123077000, 0.6382404000)
(0.2724602000, -0.7117063000, 0.6474739000)
(0.2678102000, -0.7102925000, 0.6509571000)
(0.2691816000, -0.7090557000, 0.6517342000)
(0.2698167000, -0.7091197000, 0.6514016000)
(0.2702079000, -0.7101513000, 0.6501201000)
(0.2713055000, -0.7112419000, 0.6484661000)
(0.2725237000, -0.7118316000, 0.6473058000)
(0.2574413000, -0.7065540000, 0.6591593000)
(0.2562121000, -0.7117639000, 0.6540105000)
(0.2555089000, -0.7129104000, 0.6530350000)
(0.2591953000, -0.7143661000, 0.6499845000)
(0.2563355000, -0.7144016000, 0.6510845000)
(0.2510413000, -0.7132374000, 0.6544066000)
(0.2511503000, -0.7142546000, 0.6532691000)
(0.2553582000, -0.7145156000, 0.6513398000)
(0.2723977000, -0.7174551000, 0.6411309000)
(0.2729945000, -0.7172244000, 0.6411255000)
(0.2733596000, -0.7170613000, 0.6411648000)
(0.2737228000, -0.7168713000, 0.6412076000)
(0.2734407000, -0.7168410000, 0.6413615000)
(0.2734533000, -0.7170656000, 0.6411099000)
(0.2722536000, -0.7176914000, 0.6409150000)
(0.2534469000, -0.7146658000, 0.6519153000)
(0.2514554000, -0.7108392000, 0.6568563000)
(0.2562075000, -0.7125732000, 0.6531247000)
(0.2786248000, -0.7199084000, 0.6356768000)
(0.2735896000, -0.7173191000, 0.6407647000)
(0.2735541000, -0.7171833000, 0.6409472000)
(0.2931989000, -0.7232046000, 0.6252961000)
(0.2931099000, -0.7206183000, 0.6283075000)
(0.2874407000, -0.7222160000, 0.6290893000)
(0.2734658000, -0.7181409000, 0.6399122000)
(0.2741596000, -0.7190562000, 0.6385735000)
(0.2740984000, -0.7184585000, 0.6392669000)
(0.2727060000, -0.7192544000, 0.6389675000)
(0.2717166000, -0.7200892000, 0.6384625000)
(0.2701581000, -0.7193515000, 0.6399404000)
(0.2696123000, -0.7188379000, 0.6407430000)
(0.2710098000, -0.7181609000, 0.6409298000)
(0.2711146000, -0.7178271000, 0.6412616000)
(0.2718576000, -0.7177566000, 0.6410255000)
(0.2714701000, -0.7213174000, 0.6371691000)
(0.0000000000, 0.0000000000, 0.0000000000)
(0.0000000000, 0.0000000000, 0.0000000000)
(0.0000000000, 0.0000000000, 0.0000000000)
(0.0000000000, 0.0000000000, 0.0000000000)
(0.0000000000, 0.0000000000, 0.0000000000)
(0.0000000000, 0.0000000000, 0.0000000000)
(0.0000000000, 0.0000000000, 0.0000000000)
(0.0000000000, 0.0000000000, 0.0000000000)
(0.0000000000, 0.0000000000, 0.0000000000)
(0.0000000000, 0.0000000000, 0.0000000000)
(0.0000000000, 0.0000000000, 0.0000000000)
(0.0000000000, 0.0000000000, 0.0000000000)
(0.0000000000, 0.0000000000, 0.0000000000)
(0.2755372000, -0.7348903000, 0.6196727000)
(0.2716625000, -0.7434506000, 0.6111122000)
(0.2633579000, -0.7403401000, 0.6184916000)
(0.2613217000, -0.7311670000, 0.6301408000)
(0.2680247000, -0.7282841000, 0.6306716000)
(0.2753983000, -0.7243749000, 0.6319965000)
(0.2818994000, -0.7252342000, 0.6281344000)
(0.2819765000, -0.7246233000, 0.6287984000)
(0.2800165000, -0.7252994000, 0.6288892000)
(0.2770064000, -0.7263586000, 0.6290098000)
(0.2748495000, -0.7274017000, 0.6287538000)
(0.2752116000, -0.7272863000, 0.6287374000)
(0.2749248000, -0.7272128000, 0.6289461000)
(0.2754199000, -0.7264253000, 0.6296375000)
(0.2763822000, -0.7266877000, 0.6289179000)
(0.2785610000, -0.7266758000, 0.6279690000)
(0.2794400000, -0.7257600000, 0.6286284000)
(0.2779208000, -0.7260531000, 0.6289701000)
(0.2867405000, -0.7240922000, 0.6272591000)
(0.2860591000, -0.7231134000, 0.6287078000)
(0.2760970000, -0.7278133000, 0.6277261000)
(0.2713596000, -0.7303619000, 0.6268386000)
(0.2797759000, -0.7249181000, 0.6294554000)
(0.2933620000, -0.7180260000, 0.6311616000)
(0.2918948000, -0.7166476000, 0.6334062000)
(0.2921404000, -0.7154582000, 0.6346399000)
(0.2849155000, -0.7203855000, 0.6323385000)
(0.2804399000, -0.7068117000, 0.6494244000)
(0.2828067000, -0.7084849000, 0.6465814000)
(0.2834822000, -0.7092472000, 0.6454364000)
(0.2775502000, -0.7097775000, 0.6474239000)
(0.2733563000, -0.7097551000, 0.6492363000)
(0.2730313000, -0.7104424000, 0.6486149000)
(0.2727838000, -0.7106239000, 0.6485199000)
(0.2728609000, -0.7111444000, 0.6479241000)
(0.2727460000, -0.7121047000, 0.6469231000)
(0.2724693000, -0.7139784000, 0.6449583000)
(0.2728201000, -0.7134815000, 0.6453643000)
(0.2736598000, -0.7124425000, 0.6461666000)
(0.2754849000, -0.7114803000, 0.6464484000)
(0.2801074000, -0.7124514000, 0.6433778000)
(0.2825986000, -0.7124138000, 0.6423358000)
(0.2845336000, -0.7110696000, 0.6429671000)
(0.2836557000, -0.7114680000, 0.6429150000)
(0.2817283000, -0.7108415000, 0.6444578000)
(0.2785137000, -0.7127311000, 0.6437526000)
(0.2775943000, -0.7141550000, 0.6425750000)
(0.2789948000, -0.7130527000, 0.6431957000)
(0.2802084000, -0.7136407000, 0.6420181000)
(0.2800232000, -0.7133114000, 0.6424546000)
(0.2794175000, -0.7132140000, 0.6428317000)
(0.2792186000, -0.7137678000, 0.6423082000)
(0.2789807000, -0.7142890000, 0.6418328000)
(0.2794650000, -0.7137598000, 0.6422060000)
(0.2803495000, -0.7141330000, 0.6414079000)
(0.2805435000, -0.7141954000, 0.6412475000)
(0.2812411000, -0.7134312000, 0.6417999000)
(0.2816167000, -0.7129425000, 0.6421785000)
(0.2812091000, -0.7136083000, 0.6416048000)
(0.2815503000, -0.7137338000, 0.6413162000)
(0.2813266000, -0.7144680000, 0.6406125000)
(0.2807638000, -0.7140674000, 0.6412944000)
(0.2810525000, -0.7140096000, 0.6412286000)
(0.2830726000, -0.7132178000, 0.6412244000)
(0.2843279000, -0.7138569000, 0.6399719000)
(0.2845106000, -0.7136776000, 0.6400836000)
(0.2843203000, -0.7146498000, 0.6390834000)
(0.2847621000, -0.7155650000, 0.6378523000)
(0.2845346000, -0.7167767000, 0.6365902000)
(0.2846055000, -0.7167980000, 0.6365304000)
(0.2838808000, -0.7166160000, 0.6370639000)
(0.2836896000, -0.7165111000, 0.6372755000)
(0.2836782000, -0.7162982000, 0.6375150000)
(0.2831214000, -0.7165856000, 0.6374367000)
(0.2829986000, -0.7163160000, 0.6378090000)
(0.2837709000, -0.7160916000, 0.6376970000)
(0.2846868000, -0.7145139000, 0.6390634000)
(0.2846347000, -0.7138244000, 0.6398653000)
(0.2845268000, -0.7134708000, 0.6402943000)
(0.2842440000, -0.7140353000, 0.6397921000)
(0.2840936000, -0.7134072000, 0.6405579000)
(0.2840788000, -0.7135972000, 0.6403641000)
(0.2846290000, -0.7133061000, 0.6404307000)
(0.2858341000, -0.7132040000, 0.6400126000)
(0.2858607000, -0.7125943000, 0.6406761000)
(0.2865767000, -0.7108686000, 0.6422883000)
(0.2850984000, -0.7145700000, 0.6388156000)
(0.2847961000, -0.7139239000, 0.6396880000)
(0.2843879000, -0.7148933000, 0.6387690000)
(0.2840787000, -0.7131790000, 0.6408378000)
(0.2828379000, -0.7129894000, 0.6415967000)
(0.2824723000, -0.7129106000, 0.6418452000)
(0.2827388000, -0.7123172000, 0.6423848000)
(0.2827343000, -0.7128723000, 0.6417657000)
(0.2825475000, -0.7119036000, 0.6429108000)
(0.2821523000, -0.7118533000, 0.6431463000)
(0.2820677000, -0.7116989000, 0.6433677000)
(0.2832541000, -0.7099109000, 0.6448181000)
(0.2838602000, -0.7098451000, 0.6446123000)
(0.2836802000, -0.7096805000, 0.6448634000)
(0.2836421000, -0.7097028000, 0.6448725000)
(0.2858931000, -0.7075397000, 0.6462418000)
(0.2871819000, -0.7061313000, 0.6472103000)
(0.2864719000, -0.7053584000, 0.6483625000)
(0.2850737000, -0.7066923000, 0.6475464000)
(0.2826759000, -0.7075776000, 0.6476123000)
(0.2821595000, -0.7071759000, 0.6482781000)
(0.2836764000, -0.7071834000, 0.6476068000)
(0.2852269000, -0.7067528000, 0.6474130000)
(0.2861158000, -0.7064571000, 0.6473237000)
(0.2855908000, -0.7071515000, 0.6468169000)
(0.2856362000, -0.7079592000, 0.6459050000)
(0.2869546000, -0.7072642000, 0.6460791000)
(0.2937654000, -0.7060094000, 0.6443790000)
(0.2964906000, -0.7071171000, 0.6419311000)
(0.2982109000, -0.7040752000, 0.6444544000)
(0.2983697000, -0.7041984000, 0.6442512000)
(0.2898417000, -0.7080187000, 0.6439614000)
(0.2889467000, -0.7074372000, 0.6450132000)
(0.2859228000, -0.7091036000, 0.6445305000)
(0.2788661000, -0.7102001000, 0.6463951000)
(0.2796358000, -0.7103351000, 0.6459230000)
(0.2786843000, -0.7099888000, 0.6467028000)
(0.2787830000, -0.7076247000, 0.6492570000)
(0.2787270000, -0.7086418000, 0.6481659000)
(0.2792289000, -0.7080867000, 0.6485596000)
(0.2843997000, -0.7087195000, 0.6456081000)
(0.2909378000, -0.7059776000, 0.6456954000)
(0.2846173000, -0.7049894000, 0.6495957000)
(0.2792997000, -0.7040028000, 0.6529487000)
(0.2763086000, -0.7076889000, 0.6502352000)
(0.2785425000, -0.7073387000, 0.6496708000)
(0.2799404000, -0.7067361000, 0.6497310000)
(0.2795335000, -0.7081828000, 0.6483160000)
(0.2797985000, -0.7084163000, 0.6479447000)
(0.2796252000, -0.7084506000, 0.6479833000)
(0.2796624000, -0.7084184000, 0.6480055000)
(0.2892780000, -0.7100020000, 0.6420376000)
(0.2868655000, -0.7099504000, 0.6431651000)
(0.2894733000, -0.7095445000, 0.6424364000)
(0.2896776000, -0.7089188000, 0.6430406000)
(0.3099326000, -0.7073879000, 0.6352396000)
(0.3101790000, -0.7070911000, 0.6354398000)
(0.3103231000, -0.7066341000, 0.6358845000)
(0.3076827000, -0.7094404000, 0.6340531000)
(0.0000000000, 0.0000000000, 0.0000000000)
(0.0000000000, 0.0000000000, 0.0000000000)
(0.0000000000, 0.0000000000, 0.0000000000)
(0.0000000000, 0.0000000000, 0.0000000000)
(0.0000000000, 0.0000000000, 0.0000000000)
(0.0000000000, 0.0000000000, 0.0000000000)
(0.0000000000, 0.0000000000, 0.0000000000)
(0.0000000000, 0.0000000000, 0.0000000000)
(0.0000000000, 0.0000000000, 0.0000000000)
(0.0000000000, 0.0000000000, 0.0000000000)
(0.0000000000, 0.0000000000, 0.0000000000)
(0.0000000000, 0.0000000000, 0.0000000000)
(0.0000000000, 0.0000000000, 0.0000000000)
(0.0000000000, 0.0000000000, 0.0000000000)
(0.2940077000, -0.7161537000, 0.6329716000)
(0.2725595000, -0.7156827000, 0.6430318000)
(0.2814163000, -0.7107446000, 0.6446983000)
(0.2811688000, -0.7135805000, 0.6416610000)
(0.2808122000, -0.7080441000, 0.6479196000)
(0.2783014000, -0.7101263000, 0.6467133000)
(0.2766495000, -0.7063292000, 0.6515700000)
(0.2979027000, -0.7032649000, 0.6454852000)
(0.2981646000, -0.7019352000, 0.6468126000)
(0.2869169000, -0.7036770000, 0.6499901000)
(0.2884479000, -0.7031553000, 0.6498963000)
(0.2878448000, -0.7037220000, 0.6495385000)
(0.2850776000, -0.7051107000, 0.6492611000)
(0.2855433000, -0.7045851000, 0.6496337000)
(0.2872048000, -0.7027590000, 0.6508601000)
(0.2871486000, -0.7024950000, 0.6511687000)
(0.2888025000, -0.7014158000, 0.6515995000)
(0.2905252000, -0.7028085000, 0.6493466000)
(0.2919961000, -0.7027192000, 0.6487732000)
(0.2912065000, -0.7025664000, 0.6492974000)
(0.2847302000, -0.7002759000, 0.6546217000)
(0.2819774000, -0.6989841000, 0.6571859000)
(0.2881998000, -0.6927264000, 0.6611109000)
(0.2876033000, -0.6972712000, 0.6565582000)
(0.2927692000, -0.7016954000, 0.6495433000)
(0.2922135000, -0.6945894000, 0.6573845000)
(0.2658430000, -0.7074882000, 0.6547996000)
(0.2722020000, -0.7077555000, 0.6519049000)
(0.2786131000, -0.7079955000, 0.6489227000)
(0.2762543000, -0.7078766000, 0.6500708000)
(0.2789247000, -0.7069861000, 0.6498869000)
(0.2788897000, -0.7078133000, 0.6490127000)
(0.2774625000, -0.7044294000, 0.6532879000)
(0.2777590000, -0.7065855000, 0.6508260000)
(0.2770568000, -0.7045780000, 0.6532913000)
(0.2750939000, -0.7024208000, 0.6564444000)
(0.2719793000, -0.7015032000, 0.6587235000)
(0.2708904000, -0.7035038000, 0.6570371000)
(0.2708836000, -0.7008327000, 0.6598706000)
(0.2781896000, -0.7064425000, 0.6507865000)
(0.2765600000, -0.7072230000, 0.6506442000)
(0.2756904000, -0.7063090000, 0.6519933000)
(0.2740279000, -0.7074459000, 0.6514610000)
(0.2752165000, -0.7065685000, 0.6519249000)
(0.2751353000, -0.7072164000, 0.6512453000)
(0.2751825000, -0.7049905000, 0.6536333000)
(0.2774151000, -0.7036645000, 0.6541359000)
(0.2779045000, -0.7037785000, 0.6537882000)
(0.2775749000, -0.7036064000, 0.6541228000)
(0.2772400000, -0.7040128000, 0.6538200000)
(0.2776893000, -0.7036688000, 0.6540030000)
(0.2790478000, -0.7031397000, 0.6540011000)
(0.2782900000, -0.7033208000, 0.6541260000)
(0.2773872000, -0.7031373000, 0.6547090000)
(0.2979546000, -0.7023536000, 0.6464658000)
(0.2830051000, -0.7081632000, 0.6468265000)
(0.2882016000, -0.7033409000, 0.6497921000)
(0.3022942000, -0.6947257000, 0.6526564000)
(0.3038245000, -0.6932665000, 0.6535022000)
(0.2871509000, -0.7040118000, 0.6495263000)
(0.2911809000, -0.7015588000, 0.6503920000)
(0.2910323000, -0.7019157000, 0.6500763000)
(0.2910323000, -0.7024791000, 0.6494749000)
(0.2904348000, -0.7022164000, 0.6500284000)
(0.2903727000, -0.7018475000, 0.6504501000)
(0.2898867000, -0.7023879000, 0.6500680000)
(0.2861788000, -0.7033052000, 0.6507265000)
(0.2854259000, -0.7032349000, 0.6511414000)
(0.2883203000, -0.7013292000, 0.6519126000)
(0.2919698000, -0.6982484000, 0.6535993000)
(0.3003486000, -0.6943669000, 0.6539264000)
(0.2984083000, -0.6957622000, 0.6533369000)
(0.2906826000, -0.6999228000, 0.6523672000)
(0.2935667000, -0.6991013000, 0.6519604000)
(0.2898763000, -0.6996782000, 0.6529950000)
(0.2846549000, -0.6991037000, 0.6559097000)
(0.2836936000, -0.6997132000, 0.6556675000)
(0.2852516000, -0.6970111000, 0.6578775000)
(0.3045116000, -0.7034167000, 0.6422322000)
(0.3055286000, -0.7035735000, 0.6415812000)
(0.3060483000, -0.7036785000, 0.6412087000)
(0.2983170000, -0.6997937000, 0.6490636000)
(0.3051271000, -0.7030013000, 0.6423986000)
(0.3090942000, -0.7025791000, 0.6409561000)
(0.3075688000, -0.7028023000, 0.6414574000)
(0.3014537000, -0.7023849000, 0.6447964000)
(0.2986416000, -0.7026159000, 0.6458473000)
(0.3003108000, -0.6995176000, 0.6484297000)
(0.3045256000, -0.7007095000, 0.6451687000)
(0.3054161000, -0.7035797000, 0.6416216000)
(0.3004362000, -0.7012790000, 0.6464645000)
(0.2882122000, -0.6900730000, 0.6638711000)
(0.2858685000, -0.6951944000, 0.6595206000)
(0.2847342000, -0.6980497000, 0.6570028000)
(0.2963391000, -0.7018744000, 0.6477084000)
(0.2971087000, -0.7010847000, 0.6482276000)
(0.2978457000, -0.7006757000, 0.6483318000)
(0.2970320000, -0.7008913000, 0.6484702000)
(0.2959645000, -0.7003437000, 0.6495413000)
(0.2951939000, -0.7006277000, 0.6495867000)
(0.2957044000, -0.7007602000, 0.6492125000)
(0.2954608000, -0.7009894000, 0.6490771000)
(0.2913674000, -0.6997270000, 0.6522872000)
(0.2916654000, -0.6993284000, 0.6525801000)
(0.2917628000, -0.6995543000, 0.6522936000)
(0.2948923000, -0.7007177000, 0.6496266000)
(0.2937538000, -0.7014340000, 0.6493772000)
(0.2931353000, -0.7011172000, 0.6499959000)
(0.2939788000, -0.7013105000, 0.6494060000)
(0.2951529000, -0.7015094000, 0.6486609000)
(0.2954599000, -0.7013392000, 0.6487033000)
(0.2952456000, -0.7004317000, 0.6497720000)
(0.2950753000, -0.7003229000, 0.6499661000)
(0.2955352000, -0.7006685000, 0.6493881000)
(0.2957028000, -0.7007906000, 0.6491805000)
(0.2964635000, -0.6997019000, 0.6500009000)
(0.2965664000, -0.6989009000, 0.6508127000)
(0.3040701000, -0.7027329000, 0.6431815000)
(0.2790228000, -0.7148032000, 0.6412275000)
(0.2810258000, -0.7113011000, 0.6442600000)
(0.2692094000, -0.7122900000, 0.6481869000)
(0.2736849000, -0.7125935000, 0.6459750000)
(0.2788190000, -0.7119429000, 0.6444983000)
(0.2769451000, -0.7108814000, 0.6464831000)
(0.2743114000, -0.7114555000, 0.6469758000)
(0.2741050000, -0.7119815000, 0.6464795000)
(0.2744034000, -0.7119789000, 0.6463497000)
(0.2657630000, -0.7132561000, 0.6485471000)
(0.2651702000, -0.7140814000, 0.6478823000)
(0.2659601000, -0.7138552000, 0.6478157000)
(0.2745098000, -0.7152827000, 0.6426415000)
(0.2766784000, -0.7146468000, 0.6424371000)
(0.2767979000, -0.7144799000, 0.6425589000)
(0.2792496000, -0.7139541000, 0.6420823000)
(0.2791906000, -0.7144467000, 0.6415520000)
(0.2792843000, -0.7136128000, 0.6424487000)
(0.2727270000, -0.7096276000, 0.6496313000)
(0.2735850000, -0.7083317000, 0.6506960000)
(0.2737589000, -0.7083240000, 0.6506224000)
(0.2817103000, -0.7107856000, 0.6445165000)
(0.2815853000, -0.7107887000, 0.6445732000)
(0.2817198000, -0.7106665000, 0.6446432000)
(0.2823471000, -0.7100303000, 0.6450633000)
(0.2837828000, -0.7094111000, 0.6451228000)
(0.2837301000, -0.7093924000, 0.6451650000)
(0.2843869000, -0.7088597000, 0.6454635000)
(0.2846135000, -0.7084205000, 0.6458554000)
(0.2872073000, -0.7062823000, 0.6470377000)
(0.2881722000, -0.7062483000, 0.6466394000)
(0.2896862000, -0.7065312000, 0.6456692000)
(0.2887496000, -0.7043242000, 0.6484808000)
(0.2869168000, -0.7042280000, 0.6494153000)
(0.2867533000, -0.7045711000, 0.6491001000)
(0.2896614000, -0.7032217000, 0.6492723000)
(0.2914267000, -0.7049549000, 0.6465922000)
(0.2913207000, -0.7054527000, 0.6461069000)
(0.2887876000, -0.7051804000, 0.6475506000)
(0.2888762000, -0.7051529000, 0.6475388000)
(0.2888109000, -0.7050210000, 0.6477115000)
(0.2916600000, -0.7050896000, 0.6463460000)
(0.2912567000, -0.7054079000, 0.6461884000)
(0.2880630000, -0.7060849000, 0.6468861000)
(0.2861003000, -0.7061312000, 0.6477014000)
(0.2866198000, -0.7050825000, 0.6486166000)
(0.2882428000, -0.7038629000, 0.6492082000)
(0.2876995000, -0.7033521000, 0.6500028000)
(0.2868395000, -0.7034351000, 0.6503023000)
(0.2881358000, -0.7026416000, 0.6505864000)
(0.2889116000, -0.7021641000, 0.6507480000)
(0.2885371000, -0.7026560000, 0.6503911000)
(0.2893597000, -0.7011200000, 0.6516854000)
(0.2899349000, -0.6999079000, 0.6527199000)
(0.2899697000, -0.7000519000, 0.6525498000)
(0.2898675000, -0.7006559000, 0.6519512000)
(0.2897563000, -0.7000168000, 0.6526853000)
(0.2898320000, -0.6995734000, 0.6531244000)
(0.2893057000, -0.6993799000, 0.6535720000)
(0.2880515000, -0.6998852000, 0.6535763000)
(0.2790164000, -0.7013431000, 0.6559265000)
(0.0000000000, 0.0000000000, 0.0000000000)
(0.0000000000, 0.0000000000, 0.0000000000)
(0.0000000000, 0.0000000000, 0.0000000000)
(0.0000000000, 0.0000000000, 0.0000000000)
(0.0000000000, 0.0000000000, 0.0000000000)
(0.0000000000, 0.0000000000, 0.0000000000)
(0.0000000000, 0.0000000000, 0.0000000000)
(0.0000000000, 0.0000000000, 0.0000000000)
(0.0000000000, 0.0000000000, 0.0000000000)
(0.0000000000, 0.0000000000, 0.0000000000)
(0.0000000000, 0.0000000000, 0.0000000000)
(0.0000000000, 0.0000000000, 0.0000000000)
(0.2803265000, -0.7006239000, 0.6561502000)
(0.2783981000, -0.7062714000, 0.6509032000)
(0.2804173000, -0.7017117000, 0.6549379000)
(0.2790812000, -0.6968882000, 0.6606433000)
(0.2883782000, -0.6929518000, 0.6607773000)
(0.2885063000, -0.6909745000, 0.6627895000)
(0.2874633000, -0.6946399000, 0.6594115000)
(0.2934897000, -0.6958740000, 0.6554503000)
(0.3050756000, -0.6943744000, 0.6517277000)
(0.3061116000, -0.6940197000, 0.6516152000)
(0.3046802000, -0.6973131000, 0.6487829000)
(0.2954739000, -0.6987316000, 0.6514903000)
(0.2970902000, -0.6969038000, 0.6527134000)
(0.2985775000, -0.6938672000, 0.6552677000)
(0.2998306000, -0.6903356000, 0.6584328000)
(0.2966133000, -0.6924918000, 0.6576096000)
(0.3053769000, -0.6968414000, 0.6489488000)
(0.3072402000, -0.6944348000, 0.6506577000)
(0.3058336000, -0.6976076000, 0.6479223000)
(0.3050120000, -0.6960537000, 0.6499599000)
(0.2972008000, -0.6937602000, 0.6560067000)
(0.2952487000, -0.6930305000, 0.6576748000)
(0.2949361000, -0.6935309000, 0.6572821000)
(0.2948934000, -0.6945776000, 0.6561810000)
(0.2956458000, -0.6949356000, 0.6554788000)
(0.2950373000, -0.6946083000, 0.6560833000)
(0.2695844000, -0.7113042000, 0.6491171000)
(0.2813052000, -0.7150810000, 0.6399399000)
(0.2827688000, -0.7118873000, 0.6428378000)
(0.2599684000, -0.7091132000, 0.6554079000)
(0.2586324000, -0.7085436000, 0.6565508000)
(0.2717591000, -0.7084718000, 0.6512972000)
(0.2832196000, -0.7135711000, 0.6407757000)
(0.2852339000, -0.7119278000, 0.6416951000)
(0.2789431000, -0.7106386000, 0.6458858000)
(0.2740090000, -0.7090401000, 0.6497409000)
(0.2739258000, -0.7087295000, 0.6501136000)
(0.2742570000, -0.7085956000, 0.6501113000)
(0.2743442000, -0.7081450000, 0.6505733000)
(0.2745421000, -0.7079285000, 0.6507398000)
(0.2749531000, -0.7073886000, 0.6511533000)
(0.2759539000, -0.7072819000, 0.6508380000)
(0.2768877000, -0.7062798000, 0.6515329000)
(0.2771257000, -0.7058336000, 0.6519025000)
(0.2757566000, -0.7049180000, 0.6534804000)
(0.2748182000, -0.7040555000, 0.6548081000)
(0.2740698000, -0.7040758000, 0.6551018000)
(0.2737912000, -0.7046992000, 0.6545378000)
(0.2752137000, -0.7046281000, 0.6540142000)
(0.2760919000, -0.7063079000, 0.6518373000)
(0.2758304000, -0.7056701000, 0.6526388000)
(0.2785142000, -0.7113615000, 0.6452811000)
(0.2712804000, -0.7155893000, 0.6436834000)
(0.2688157000, -0.7154467000, 0.6448655000)
(0.2657583000, -0.7154294000, 0.6461564000)
(0.2682171000, -0.7156986000, 0.6448393000)
(0.2636078000, -0.7148742000, 0.6476490000)
(0.2630724000, -0.7150497000, 0.6476623000)
(0.2620344000, -0.7152051000, 0.6479179000)
(0.2637512000, -0.7143747000, 0.6481447000)
(0.2638211000, -0.7144815000, 0.6480016000)
(0.2648652000, -0.7139683000, 0.6481344000)
(0.2651002000, -0.7136968000, 0.6483327000)
(0.2691424000, -0.7150676000, 0.6451474000)
(0.2717850000, -0.7152159000, 0.6438834000)
(0.2691501000, -0.7142249000, 0.6460909000)
(0.2656112000, -0.7129204000, 0.6489795000)
(0.2660516000, -0.7123256000, 0.6494463000)
(0.2657311000, -0.7120919000, 0.6498362000)
(0.2663719000, -0.7117188000, 0.6499973000)
(0.2648520000, -0.7119843000, 0.6503109000)
(0.2639927000, -0.7105151000, 0.6522725000)
(0.2641926000, -0.7107182000, 0.6519619000)
(0.2660035000, -0.7102637000, 0.6517373000)
(0.2675139000, -0.7102324000, 0.6511511000)
(0.2672243000, -0.7099669000, 0.6515508000)
(0.2671660000, -0.7101783000, 0.6513497000)
(0.2695376000, -0.7092616000, 0.6513769000)
(0.2695680000, -0.7094033000, 0.6512066000)
(0.2677250000, -0.7098842000, 0.6514332000)
(0.2662016000, -0.7090079000, 0.6530109000)
(0.2673126000, -0.7077295000, 0.6539479000)
(0.2675713000, -0.7091058000, 0.6523561000)
(0.2671898000, -0.7108327000, 0.6506287000)
(0.2674049000, -0.7121794000, 0.6490664000)
(0.2704695000, -0.7132958000, 0.6465536000)
(0.2725558000, -0.7132338000, 0.6457450000)
(0.2722041000, -0.7124627000, 0.6467581000)
(0.2712325000, -0.7121289000, 0.6475269000)
(0.2716061000, -0.7098432000, 0.6498818000)
(0.2712644000, -0.7103706000, 0.6494456000)
(0.2752745000, -0.7096400000, 0.6485500000)
(0.2765421000, -0.7115865000, 0.6458626000)
(0.2790924000, -0.7095768000, 0.6469820000)
(0.2772503000, -0.7076555000, 0.6498714000)
(0.2719548000, -0.7033679000, 0.6567302000)
(0.2765277000, -0.7085484000, 0.6492029000)
(0.2862096000, -0.7118077000, 0.6414053000)
(0.2792795000, -0.7135509000, 0.6425205000)
(0.2796188000, -0.7130652000, 0.6429129000)
(0.2821479000, -0.7138322000, 0.6409439000)
(0.2878589000, -0.7124502000, 0.6399533000)
(0.2884708000, -0.7125690000, 0.6395468000)
(0.2890372000, -0.7123150000, 0.6395589000)
(0.2895594000, -0.7122987000, 0.6393434000)
(0.2897570000, -0.7121417000, 0.6394470000)
(0.2904243000, -0.7111253000, 0.6402591000)
(0.2911017000, -0.7098628000, 0.6413518000)
(0.2899521000, -0.7094198000, 0.6423689000)
(0.2894631000, -0.7096620000, 0.6423087000)
(0.2895716000, -0.7090051000, 0.6430070000)
(0.2900259000, -0.7089762000, 0.6428315000)
(0.2903721000, -0.7073991000, 0.6444115000)
(0.2904534000, -0.7068902000, 0.6449184000)
(0.2909638000, -0.7072485000, 0.6443038000)
(0.2911519000, -0.7074245000, 0.6440295000)
(0.2859734000, -0.7099474000, 0.6435623000)
(0.2862082000, -0.7100750000, 0.6433224000)
(0.2865255000, -0.7100083000, 0.6432517000)
(0.2877752000, -0.7092551000, 0.6435165000)
(0.2903175000, -0.7093485000, 0.6422819000)
(0.2928342000, -0.7077398000, 0.6429088000)
(0.2932215000, -0.7068681000, 0.6436890000)
(0.2935057000, -0.7068916000, 0.6435345000)
(0.2901902000, -0.7100980000, 0.6415163000)
(0.2894811000, -0.7123653000, 0.6393179000)
(0.2894468000, -0.7109362000, 0.6409103000)
(0.2892516000, -0.7086092000, 0.6435812000)
(0.2933750000, -0.7049964000, 0.6456684000)
(0.2928053000, -0.7064402000, 0.6443566000)
(0.2927810000, -0.7071373000, 0.6436000000)
(0.2937216000, -0.7070025000, 0.6433174000)
(0.2945943000, -0.7064029000, 0.6435906000)
(0.2942818000, -0.7068874000, 0.6431874000)
(0.2980191000, -0.7049844000, 0.6435529000)
(0.2922580000, -0.7067971000, 0.6442052000)
(0.2988940000, -0.6989449000, 0.6497105000)
(0.0000000000, 0.0000000000, 0.0000000000)
(0.0000000000, 0.0000000000, 0.0000000000)
(0.0000000000, 0.0000000000, 0.0000000000)
(0.0000000000, 0.0000000000, 0.0000000000)
(0.0000000000, 0.0000000000, 0.0000000000)
(0.0000000000, 0.0000000000, 0.0000000000)
(0.0000000000, 0.0000000000, 0.0000000000)
(0.0000000000, 0.0000000000, 0.0000000000)
(0.0000000000, 0.0000000000, 0.0000000000)
(0.0000000000, 0.0000000000, 0.0000000000)
(0.2832726000, -0.7246895000, 0.6281512000)
(0.2679293000, -0.7352052000, 0.6226445000)
(0.2584522000, -0.7311374000, 0.6313669000)
(0.2617528000, -0.7291198000, 0.6323470000)
(0.2647874000, -0.7269550000, 0.6335645000)
(0.2724840000, -0.7194194000, 0.6388847000)
(0.2713771000, -0.7213960000, 0.6371349000)
(0.2744776000, -0.7226079000, 0.6344091000)
(0.2796677000, -0.7174570000, 0.6379896000)
(0.2824294000, -0.7160094000, 0.6384031000)
(0.2662117000, -0.7229048000, 0.6376029000)
(0.2648500000, -0.7233735000, 0.6376320000)
(0.2663522000, -0.7213173000, 0.6393391000)
(0.2770641000, -0.7169852000, 0.6396494000)
(0.2823774000, -0.7144179000, 0.6401998000)
(0.2836403000, -0.7140598000, 0.6400326000)
(0.2843301000, -0.7138063000, 0.6400114000)
(0.2976130000, -0.7079405000, 0.6404986000)
(0.2972299000, -0.7093580000, 0.6391054000)
(0.2987538000, -0.7091463000, 0.6386170000)
(0.2832573000, -0.7119384000, 0.6425632000)
(0.2794860000, -0.7120996000, 0.6440296000)
(0.2784621000, -0.7122010000, 0.6443649000)
(0.2784828000, -0.7124385000, 0.6441054000)
(0.2860831000, -0.7131433000, 0.6399697000)
(0.2866696000, -0.7128356000, 0.6400585000)
(0.2851146000, -0.7138370000, 0.6396439000)
(0.2898866000, -0.7163060000, 0.6347167000)
(0.2932864000, -0.7168254000, 0.6325510000)
(0.2924594000, -0.7180736000, 0.6315147000)
(0.2880573000, -0.7165180000, 0.6353006000)
(0.2830366000, -0.7147495000, 0.6395429000)
(0.2826852000, -0.7135603000, 0.6410205000)
(0.2831574000, -0.7119562000, 0.6425923000)
(0.2833334000, -0.7113880000, 0.6431459000)
(0.2736906000, -0.7091487000, 0.6497579000)
(0.2749622000, -0.7071671000, 0.6513678000)
(0.2732981000, -0.7108619000, 0.6480525000)
(0.2733895000, -0.7105698000, 0.6483220000)
(0.2867450000, -0.7104117000, 0.6427149000)
(0.2867153000, -0.7103487000, 0.6427922000)
(0.2880538000, -0.7099690000, 0.6426149000)
(0.2886419000, -0.7098732000, 0.6424459000)
(0.2889653000, -0.7092535000, 0.6429875000)
(0.2891188000, -0.7095656000, 0.6425864000)
(0.2891638000, -0.7097104000, 0.6424093000)
(0.2878221000, -0.7089788000, 0.6438032000)
(0.2876869000, -0.7081518000, 0.6447719000)
(0.2867703000, -0.7092683000, 0.6439715000)
(0.2804430000, -0.7123225000, 0.6433840000)
(0.2803119000, -0.7122822000, 0.6434861000)
(0.2858818000, -0.7105257000, 0.6429797000)
(0.2887642000, -0.7089149000, 0.6434675000)
(0.2884375000, -0.7084734000, 0.6440917000)
(0.2881126000, -0.7076193000, 0.6451750000)
(0.2883847000, -0.7068008000, 0.6459566000)
(0.2894426000, -0.7064382000, 0.6458628000)
(0.2890805000, -0.7063937000, 0.6460744000)
(0.2887923000, -0.7073187000, 0.6451919000)
(0.2893420000, -0.7070372000, 0.6452651000)
(0.2898175000, -0.7081355000, 0.6438515000)
(0.2909975000, -0.7083722000, 0.6430402000)
(0.2907129000, -0.7087051000, 0.6428113000)
(0.2890990000, -0.7089760000, 0.6432330000)
(0.2894905000, -0.7079023000, 0.6442494000)
(0.2897364000, -0.7078055000, 0.6442406000)
(0.2898812000, -0.7078437000, 0.6441342000)
(0.2896608000, -0.7083088000, 0.6437351000)
(0.2893920000, -0.7082853000, 0.6438763000)
(0.2892972000, -0.7081837000, 0.6440336000)
(0.2893918000, -0.7081403000, 0.6440355000)
(0.2899562000, -0.7069665000, 0.6450617000)
(0.2921271000, -0.7057711000, 0.6454033000)
(0.2792213000, -0.7155315000, 0.6403376000)
(0.2816293000, -0.7146142000, 0.6402986000)
(0.2805534000, -0.7160966000, 0.6391327000)
(0.2905703000, -0.7116110000, 0.6396676000)
(0.2907157000, -0.7109542000, 0.6403321000)
(0.2877799000, -0.7131406000, 0.6392238000)
(0.2837639000, -0.7141815000, 0.6398390000)
(0.2844169000, -0.7130475000, 0.6408298000)
(0.2923051000, -0.7102736000, 0.6403618000)
(0.2940053000, -0.7101949000, 0.6396729000)
(0.2936052000, -0.7103739000, 0.6396376000)
(0.2937717000, -0.7090035000, 0.6411012000)
(0.2935635000, -0.7088102000, 0.6414059000)
(0.2926775000, -0.7080162000, 0.6426789000)
(0.2927634000, -0.7077245000, 0.6429526000)
(0.2928455000, -0.7061968000, 0.6445973000)
(0.2920575000, -0.7060280000, 0.6451337000)
(0.2912894000, -0.7061244000, 0.6453794000)
(0.2922027000, -0.7054763000, 0.6456826000)
(0.2925955000, -0.7058458000, 0.6451100000)
(0.2920617000, -0.7057933000, 0.6454098000)
(0.2918610000, -0.7050822000, 0.6462593000)
(0.2920966000, -0.7035215000, 0.6478710000)
(0.2930221000, -0.7045810000, 0.6462923000)
(0.2938459000, -0.7044207000, 0.6460916000)
(0.2935022000, -0.7038571000, 0.6468484000)
(0.2922854000, -0.7037831000, 0.6474804000)
(0.2950310000, -0.7023098000, 0.6478376000)
(0.2965728000, -0.7053772000, 0.6437852000)
(0.2985876000, -0.6997289000, 0.6490107000)
(0.2943136000, -0.7001556000, 0.6504923000)
(0.2925725000, -0.6985907000, 0.6529576000)
(0.2939548000, -0.7002348000, 0.6505704000)
(0.2945351000, -0.6992325000, 0.6513801000)
(0.2962268000, -0.6950380000, 0.6551024000)
(0.2939790000, -0.6909800000, 0.6603957000)
(0.2932633000, -0.6937070000, 0.6578474000)
(0.2934416000, -0.6941921000, 0.6572479000)
(0.2957465000, -0.7006968000, 0.6492639000)
(0.2965668000, -0.7009503000, 0.6486206000)
(0.2962070000, -0.7013526000, 0.6483524000)
(0.2698310000, -0.7090777000, 0.6514437000)
(0.2718053000, -0.7058443000, 0.6541300000)
(0.2710778000, -0.7036311000, 0.6568062000)
(0.2714543000, -0.7045576000, 0.6556693000)
(0.2744734000, -0.7043228000, 0.6546619000)
(0.2755561000, -0.7051471000, 0.6533125000)
(0.2760972000, -0.7061133000, 0.6520321000)
(0.2759328000, -0.7071501000, 0.6509792000)
(0.2784333000, -0.7036998000, 0.6536547000)
(0.2779561000, -0.7047170000, 0.6527516000)
(0.2776895000, -0.7059669000, 0.6515190000)
(0.2790375000, -0.7060415000, 0.6508728000)
(0.2828083000, -0.7107382000, 0.6440891000)
(0.2940252000, -0.7195046000, 0.6291550000)
(0.2931143000, -0.7180277000, 0.6312621000)
(0.2938181000, -0.7178646000, 0.6311214000)
(0.2936711000, -0.7179638000, 0.6310810000)
(0.2931983000, -0.7185611000, 0.6306364000)
(0.2928585000, -0.7188134000, 0.6304939000)
(0.2935603000, -0.7179308000, 0.6311673000)
(0.2947378000, -0.7123939000, 0.6368796000)
(0.2943318000, -0.7122167000, 0.6372519000)
(0.2941975000, -0.7112557000, 0.6383953000)
(0.2943985000, -0.7128043000, 0.6365762000)
(0.2943538000, -0.7122681000, 0.6371941000)
(0.2931465000, -0.7143856000, 0.6353818000)
(0.2931166000, -0.7145633000, 0.6351824000)
(0.2933114000, -0.7141140000, 0.6355994000)
(0.2937436000, -0.7139060000, 0.6356453000)
(0.2945051000, -0.7120999000, 0.6373007000)
(0.2929245000, -0.7111968000, 0.6390334000)
(0.0000000000, 0.0000000000, 0.0000000000)
(0.0000000000, 0.0000000000, 0.0000000000)
(0.0000000000, 0.0000000000, 0.0000000000)
(0.0000000000, 0.0000000000, 0.0000000000)
(0.0000000000, 0.0000000000, 0.0000000000)
(0.0000000000, 0.0000000000, 0.0000000000)
(0.0000000000, 0.0000000000, 0.0000000000)
(0.0000000000, 0.0000000000, 0.0000000000)
(0.0000000000, 0.0000000000, 0.0000000000)
(0.0000000000, 0.0000000000, 0.0000000000)
(0.0000000000, 0.0000000000, 0.0000000000)
(0.2702553000, -0.7262993000, 0.6320021000)
(0.2633530000, -0.7305501000, 0.6300305000)
(0.2730335000, -0.7187603000, 0.6393933000)
(0.2721306000, -0.7169039000, 0.6418570000)
(0.2778818000, -0.7140024000, 0.6426153000)
(0.2826745000, -0.7124142000, 0.6422985000)
(0.2918710000, -0.7084683000, 0.6425373000)
(0.2912991000, -0.7094185000, 0.6417558000)
(0.2903825000, -0.7096983000, 0.6418745000)
(0.2898302000, -0.7098854000, 0.6419021000)
(0.3030164000, -0.7054151000, 0.6407504000)
(0.3017162000, -0.7067755000, 0.6398586000)
(0.2942500000, -0.7078618000, 0.6421311000)
(0.2726409000, -0.7128832000, 0.6461101000)
(0.2730168000, -0.7108884000, 0.6481438000)
(0.2855332000, -0.7099573000, 0.6437454000)
(0.2878652000, -0.7099306000, 0.6427405000)
(0.2822892000, -0.7100691000, 0.6450479000)
(0.2819123000, -0.7102085000, 0.6450698000)
(0.2868332000, -0.7089396000, 0.6442925000)
(0.2876754000, -0.7091117000, 0.6437214000)
(0.2883387000, -0.7091509000, 0.6433796000)
(0.2877478000, -0.7096500000, 0.6431111000)
(0.2895267000, -0.7094923000, 0.6424749000)
(0.2905892000, -0.7100980000, 0.6413268000)
(0.2901724000, -0.7102168000, 0.6413877000)
(0.2884257000, -0.7097595000, 0.6426888000)
(0.2871260000, -0.7104471000, 0.6424983000)
(0.2872292000, -0.7102132000, 0.6427240000)
(0.2872102000, -0.7113082000, 0.6415138000)
(0.2865182000, -0.7114181000, 0.6416862000)
(0.2892435000, -0.7133899000, 0.6382881000)
(0.2887374000, -0.7156767000, 0.6359503000)
(0.2858935000, -0.7139784000, 0.6391375000)
(0.2858471000, -0.7138207000, 0.6393237000)
(0.2885542000, -0.7134500000, 0.6385164000)
(0.2887239000, -0.7132506000, 0.6386577000)
(0.2898722000, -0.7136816000, 0.6376696000)
(0.2889750000, -0.7144207000, 0.6372559000)
(0.2890098000, -0.7143912000, 0.6372589000)
(0.2877604000, -0.7145100000, 0.6376966000)
(0.2876382000, -0.7138418000, 0.6384922000)
(0.2862478000, -0.7139139000, 0.6390467000)
(0.2871155000, -0.7143000000, 0.6382124000)
(0.2880728000, -0.7147794000, 0.6372407000)
(0.2861557000, -0.7151497000, 0.6376922000)
(0.2868362000, -0.7150016000, 0.6375602000)
(0.2869340000, -0.7137284000, 0.6389511000)
(0.2865168000, -0.7137824000, 0.6390559000)
(0.2858200000, -0.7140193000, 0.6391259000)
(0.2860252000, -0.7137285000, 0.6393484000)
(0.2859153000, -0.7139128000, 0.6391935000)
(0.2886887000, -0.7123303000, 0.6397027000)
(0.2913134000, -0.7108505000, 0.6401609000)
(0.2916237000, -0.7099043000, 0.6410802000)
(0.2837260000, -0.7102484000, 0.6442261000)
(0.2806161000, -0.7083208000, 0.6477027000)
(0.2837952000, -0.7083089000, 0.6463190000)
(0.2900436000, -0.7091525000, 0.6426271000)
(0.2900668000, -0.7086064000, 0.6432021000)
(0.2886312000, -0.7102237000, 0.6420726000)
(0.2885651000, -0.7099140000, 0.6424348000)
(0.2884568000, -0.7098460000, 0.6425608000)
(0.2846453000, -0.7096803000, 0.6444440000)
(0.2801152000, -0.7076187000, 0.6486815000)
(0.2801699000, -0.7070014000, 0.6493440000)
(0.2809202000, -0.7064575000, 0.6496098000)
(0.2857282000, -0.7095165000, 0.6441476000)
(0.2854553000, -0.7091809000, 0.6446301000)
(0.2862101000, -0.7091019000, 0.6443976000)
(0.2877175000, -0.7092438000, 0.6435608000)
(0.2800450000, -0.7105466000, 0.6455133000)
(0.2776456000, -0.7116361000, 0.6453352000)
(0.2799227000, -0.7126779000, 0.6432106000)
(0.2774339000, -0.7126057000, 0.6443761000)
(0.2785910000, -0.7147902000, 0.6414347000)
(0.2826661000, -0.7147477000, 0.6397011000)
(0.2788283000, -0.7137891000, 0.6424498000)
(0.2788960000, -0.7140371000, 0.6421517000)
(0.2803872000, -0.7135153000, 0.6420852000)
(0.2905380000, -0.7127231000, 0.6384420000)
(0.2904819000, -0.7126880000, 0.6384977000)
(0.2896941000, -0.7122741000, 0.6393266000)
(0.2901228000, -0.7119007000, 0.6395329000)
(0.2917390000, -0.7113875000, 0.6393700000)
(0.2938232000, -0.7102500000, 0.6396907000)
(0.2936815000, -0.7096757000, 0.6403921000)
(0.2923000000, -0.7100605000, 0.6405825000)
(0.2927249000, -0.7090173000, 0.6415529000)
(0.2956330000, -0.7082549000, 0.6410514000)
(0.2968890000, -0.7039457000, 0.6452146000)
(0.2914136000, -0.7037424000, 0.6479201000)
(0.2897565000, -0.7034384000, 0.6489974000)
(0.2949838000, -0.6988342000, 0.6516027000)
(0.2955723000, -0.6994718000, 0.6506525000)
(0.2946882000, -0.7021465000, 0.6481661000)
(0.2945171000, -0.7017760000, 0.6486630000)
(0.2868669000, -0.7107577000, 0.6422802000)
(0.2842482000, -0.7207584000, 0.6322247000)
(0.2831041000, -0.7218441000, 0.6314886000)
(0.2859600000, -0.7171415000, 0.6355577000)
(0.2873898000, -0.7171307000, 0.6349210000)
(0.2871701000, -0.7168792000, 0.6352857000)
(0.2881143000, -0.7165281000, 0.6352658000)
(0.2879678000, -0.7171123000, 0.6346827000)
(0.2883335000, -0.7167367000, 0.6349400000)
(0.2871699000, -0.7165710000, 0.6356454000)
(0.2881141000, -0.7160811000, 0.6357613000)
(0.2877798000, -0.7159467000, 0.6360640000)
(0.2882867000, -0.7147228000, 0.6372158000)
(0.2890180000, -0.7141878000, 0.6374804000)
(0.2895117000, -0.7132362000, 0.6383186000)
(0.2897806000, -0.7132758000, 0.6381558000)
(0.2895418000, -0.7132936000, 0.6382416000)
(0.2896391000, -0.7133368000, 0.6381533000)
(0.2894868000, -0.7126624000, 0.6389899000)
(0.2897650000, -0.7121478000, 0.6394373000)
(0.2905647000, -0.7116826000, 0.6395806000)
(0.2870058000, -0.7071353000, 0.6461983000)
(0.2875539000, -0.7065386000, 0.6466122000)
(0.2864581000, -0.7059129000, 0.6477807000)
(0.2937206000, -0.7080880000, 0.6421363000)
(0.2955566000, -0.7074371000, 0.6419979000)
(0.2952502000, -0.7066392000, 0.6430126000)
(0.2962954000, -0.7049094000, 0.6444345000)
(0.2962848000, -0.7039555000, 0.6454836000)
(0.2941318000, -0.7057979000, 0.6444427000)
(0.2911070000, -0.7061579000, 0.6454303000)
(0.2901852000, -0.7047673000, 0.6473621000)
(0.2890955000, -0.7046423000, 0.6479869000)
(0.2947817000, -0.7054690000, 0.6445216000)
(0.2850415000, -0.7044865000, 0.6499449000)
(0.2799469000, -0.7052225000, 0.6513559000)
(0.2798465000, -0.7050953000, 0.6515372000)
(0.2812880000, -0.7057973000, 0.6501513000)
(0.2941363000, -0.7066027000, 0.6435744000)
(0.2946053000, -0.7052189000, 0.6448653000)
(0.2906603000, -0.7055809000, 0.6462709000)
(0.2749872000, -0.7093495000, 0.6490018000)
(0.2752118000, -0.7097360000, 0.6484816000)
(0.2749876000, -0.7106038000, 0.6476285000)
(0.2784850000, -0.7113553000, 0.6452850000)
(0.2890456000, -0.7113368000, 0.6406503000)
(0.2887446000, -0.7114851000, 0.6406254000)
(0.2884965000, -0.7111502000, 0.6410993000)
(0.2883882000, -0.7116041000, 0.6406620000)
(0.2891915000, -0.7109998000, 0.6409696000)
(0.2880953000, -0.7109138000, 0.6415575000)
(0.2886872000, -0.7110241000, 0.6411503000)
(0.2889014000, -0.7115639000, 0.6404709000)
(0.2890276000, -0.7113384000, 0.6406573000)
(0.2872329000, -0.7112569000, 0.6415622000)
(0.2872566000, -0.7113210000, 0.6414783000)
(0.2876778000, -0.7116253000, 0.6409373000)
(0.2874722000, -0.7107309000, 0.6420327000)
(0.2880803000, -0.7100512000, 0.6425094000)
(0.2884178000, -0.7094457000, 0.6430290000)
(0.2888769000, -0.7085912000, 0.6437639000)
(0.2900527000, -0.7090665000, 0.6427159000)
(0.2931426000, -0.7094926000, 0.6408345000)
(0.3041417000, -0.7105059000, 0.6345680000)
(0.3108479000, -0.7074547000, 0.6347274000)
(0.0000000000, 0.0000000000, 0.0000000000)
(0.0000000000, 0.0000000000, 0.0000000000)
(0.0000000000, 0.0000000000, 0.0000000000)
(0.0000000000, 0.0000000000, 0.0000000000)
(0.0000000000, 0.0000000000, 0.0000000000)
(0.0000000000, 0.0000000000, 0.0000000000)
(0.0000000000, 0.0000000000, 0.0000000000)
(0.0000000000, 0.0000000000, 0.0000000000)
(0.0000000000, 0.0000000000, 0.0000000000)
(0.0000000000, 0.0000000000, 0.0000000000)
(0.0000000000, 0.0000000000, 0.0000000000)
(0.2860922000, -0.7190676000, 0.6333082000)
(0.2805021000, -0.7130751000, 0.6425214000)
(0.2935786000, -0.7060602000, 0.6444279000)
(0.2882394000, -0.7086312000, 0.6439994000)
(0.2814810000, -0.7137658000, 0.6413288000)
(0.2833673000, -0.7086452000, 0.6461497000)
(0.2780769000, -0.7074956000, 0.6497049000)
(0.3048159000, -0.7034736000, 0.6420337000)
(0.3054348000, -0.7023894000, 0.6429158000)
(0.3055139000, -0.7021776000, 0.6431064000)
(0.2963563000, -0.7003562000, 0.6493484000)
(0.2967998000, -0.7005180000, 0.6489739000)
(0.2970037000, -0.7015498000, 0.6477755000)
(0.2985560000, -0.7010852000, 0.6475464000)
(0.2980922000, -0.7011181000, 0.6477448000)
(0.2966349000, -0.6997808000, 0.6498390000)
(0.2950527000, -0.6992590000, 0.6511162000)
(0.2993735000, -0.6999735000, 0.6483902000)
(0.3019313000, -0.6985505000, 0.6487294000)
(0.2974906000, -0.7099755000, 0.6382893000)
(0.2987695000, -0.7066257000, 0.6414151000)
(0.2944790000, -0.7092483000, 0.6404833000)
(0.2874837000, -0.7103757000, 0.6424254000)
(0.2880494000, -0.7103443000, 0.6422019000)
(0.2885309000, -0.7105603000, 0.6417537000)
(0.2890455000, -0.7103297000, 0.6417668000)
(0.2894005000, -0.7103733000, 0.6415614000)
(0.2896695000, -0.7103691000, 0.6414410000)
(0.2896841000, -0.7107368000, 0.6410410000)
(0.2893390000, -0.7110238000, 0.6408649000)
(0.2877108000, -0.7117878000, 0.6407658000)
(0.2876495000, -0.7112895000, 0.6413233000)
(0.2872216000, -0.7118269000, 0.6409246000)
(0.2874520000, -0.7117928000, 0.6408554000)
(0.2890910000, -0.7113764000, 0.6405805000)
(0.2893865000, -0.7113807000, 0.6404417000)
(0.2892939000, -0.7101474000, 0.6418498000)
(0.2908738000, -0.7091940000, 0.6422015000)
(0.2907771000, -0.7085525000, 0.6429583000)
(0.2917388000, -0.7069709000, 0.6442628000)
(0.2909893000, -0.7067378000, 0.6448537000)
(0.2899937000, -0.7076102000, 0.6443492000)
(0.2897595000, -0.7087487000, 0.6431841000)
(0.2901222000, -0.7085108000, 0.6432979000)
(0.2906045000, -0.7076715000, 0.6440040000)
(0.2906132000, -0.7081478000, 0.6434656000)
(0.2915701000, -0.7067482000, 0.6445792000)
(0.2925545000, -0.7059264000, 0.6450353000)
(0.2931380000, -0.7059487000, 0.6447482000)
(0.2932534000, -0.7062180000, 0.6443828000)
(0.2932630000, -0.7057288000, 0.6449295000)
(0.2947281000, -0.7053781000, 0.6446379000)
(0.2947119000, -0.7057936000, 0.6441994000)
(0.2958076000, -0.7038261000, 0.6458340000)
(0.2978504000, -0.7022128000, 0.6466599000)
(0.2986292000, -0.7013835000, 0.6471953000)
(0.3040795000, -0.7042820000, 0.6414772000)
(0.2934714000, -0.7103356000, 0.6397585000)
(0.2936548000, -0.7110636000, 0.6388502000)
(0.2933351000, -0.7107750000, 0.6393281000)
(0.2859882000, -0.7206465000, 0.6315470000)
(0.2884698000, -0.7229772000, 0.6277438000)
(0.2846525000, -0.7246389000, 0.6275783000)
(0.2872773000, -0.7197068000, 0.6320502000)
(0.2851008000, -0.7163047000, 0.6368662000)
(0.2875699000, -0.7163650000, 0.6357000000)
(0.2889607000, -0.7164013000, 0.6350189000)
(0.2885978000, -0.7199804000, 0.6311415000)
(0.2903413000, -0.7208911000, 0.6292825000)
(0.2893619000, -0.7225161000, 0.6278738000)
(0.2898043000, -0.7214901000, 0.6288440000)
(0.2913072000, -0.7176233000, 0.6325566000)
(0.2907636000, -0.7174963000, 0.6329616000)
(0.2912576000, -0.7175351000, 0.6326942000)
(0.2901237000, -0.7166295000, 0.6342441000)
(0.2905547000, -0.7166284000, 0.6340420000)
(0.2901486000, -0.7161233000, 0.6347963000)
(0.2901095000, -0.7155834000, 0.6354176000)
(0.2917365000, -0.7141139000, 0.6363242000)
(0.2920577000, -0.7127693000, 0.6376855000)
(0.2921424000, -0.7169277000, 0.6329614000)
(0.2903744000, -0.7171590000, 0.6335196000)
(0.2901867000, -0.7121134000, 0.6392840000)
(0.2917667000, -0.7105015000, 0.6403405000)
(0.2930979000, -0.7026045000, 0.6484007000)
(0.2943372000, -0.7022969000, 0.6481674000)
(0.2957961000, -0.7020460000, 0.6477751000)
(0.2940371000, -0.7081681000, 0.6419030000)
(0.2924713000, -0.7104300000, 0.6401053000)
(0.2923382000, -0.7111041000, 0.6394259000)
(0.2950280000, -0.7158988000, 0.6327919000)
(0.2924149000, -0.7116104000, 0.6388251000)
(0.2924364000, -0.7112789000, 0.6391886000)
(0.2935043000, -0.7120474000, 0.6378385000)
(0.2932081000, -0.7130901000, 0.6368111000)
(0.2940548000, -0.7145527000, 0.6347678000)
(0.2939081000, -0.7159134000, 0.6333079000)
(0.2947358000, -0.7166410000, 0.6321030000)
(0.2965852000, -0.7077491000, 0.6411777000)
(0.2970555000, -0.7066085000, 0.6422294000)
(0.2967707000, -0.7040464000, 0.6451688000)
(0.2925880000, -0.7058206000, 0.6451218000)
(0.2890604000, -0.7076187000, 0.6447506000)
(0.2883109000, -0.7079408000, 0.6447221000)
(0.2894334000, -0.7090369000, 0.6430163000)
(0.2903189000, -0.7093290000, 0.6422987000)
(0.2897101000, -0.7082067000, 0.6438243000)
(0.2900186000, -0.7078011000, 0.6441175000)
(0.2899468000, -0.7078243000, 0.6441244000)
(0.2896096000, -0.7075989000, 0.6445167000)
(0.2902243000, -0.7071366000, 0.6447605000)
(0.2950209000, -0.7075899000, 0.6420760000)
(0.2975604000, -0.7103154000, 0.6378869000)
(0.3032559000, -0.7143247000, 0.6306844000)
(0.2842421000, -0.7102135000, 0.6440372000)
(0.2877902000, -0.7110136000, 0.6415744000)
(0.2916329000, -0.7106119000, 0.6402813000)
(0.2945757000, -0.7102991000, 0.6392785000)
(0.2951370000, -0.7104536000, 0.6388545000)
(0.2894351000, -0.7111833000, 0.6406448000)
(0.2906558000, -0.7110405000, 0.6402596000)
(0.2870727000, -0.7093894000, 0.6437045000)
(0.2853858000, -0.7090799000, 0.6447806000)
(0.2869517000, -0.7085546000, 0.6446563000)
(0.2908862000, -0.7072138000, 0.6443741000)
(0.2805704000, -0.7235282000, 0.6306815000)
(0.2884623000, -0.7195575000, 0.6316761000)
(0.2888808000, -0.7193056000, 0.6317743000)
(0.2879108000, -0.7185834000, 0.6330348000)
(0.2875772000, -0.7171888000, 0.6347537000)
(0.2835909000, -0.7170543000, 0.6367019000)
(0.2845466000, -0.7162890000, 0.6371360000)
(0.2844414000, -0.7132704000, 0.6405722000)
(0.2820003000, -0.7133064000, 0.6416013000)
(0.2828120000, -0.7118974000, 0.6428111000)
(0.2858560000, -0.7096716000, 0.6439272000)
(0.2870101000, -0.7104523000, 0.6425428000)
(0.2837763000, -0.7138442000, 0.6402136000)
(0.2855010000, -0.7105973000, 0.6430473000)
(0.2887873000, -0.7091725000, 0.6431538000)
(0.2885860000, -0.7085709000, 0.6439142000)
(0.2933637000, -0.7092429000, 0.6410072000)
(0.2875124000, -0.7080249000, 0.6449873000)
(0.2852432000, -0.7090378000, 0.6448838000)
(0.2901994000, -0.7064807000, 0.6454894000)
(0.2914343000, -0.7056861000, 0.6458039000)
(0.2915110000, -0.7048322000, 0.6467074000)
(0.2857188000, -0.7134120000, 0.6398370000)
(0.2942172000, -0.7125057000, 0.6370018000)
(0.2899753000, -0.7121417000, 0.6393435000)
(0.2858833000, -0.7120215000, 0.6413016000)
(0.2880299000, -0.7117934000, 0.6405970000)
(0.2879463000, -0.7109758000, 0.6415551000)
(0.2879305000, -0.7097470000, 0.6429097000)
(0.2876705000, -0.7091972000, 0.6436376000)
(0.2859967000, -0.7089988000, 0.6446096000)
(0.2809970000, -0.7106985000, 0.6449401000)
(0.2804754000, -0.7109166000, 0.6449256000)
(0.2901389000, -0.7166238000, 0.6342442000)
(0.2805682000, -0.7153451000, 0.6399591000)
(0.2819771000, -0.7142923000, 0.6405153000)
(0.2884196000, -0.7148841000, 0.6369735000)
(0.2886080000, -0.7150164000, 0.6367483000)
(0.2883392000, -0.7154056000, 0.6364297000)
(0.2874999000, -0.7153611000, 0.6368565000)
(0.2870791000, -0.7146598000, 0.6378216000)
(0.2858108000, -0.7154143000, 0.6375456000)
(0.2866586000, -0.7145416000, 0.6381645000)
(0.2867326000, -0.7141590000, 0.6385387000)
(0.2871861000, -0.7140408000, 0.6384767000)
(0.2890007000, -0.7132501000, 0.6385517000)
(0.2891055000, -0.7132155000, 0.6385405000)
(0.2846722000, -0.7131042000, 0.6406478000)
(0.2837646000, -0.7127762000, 0.6414142000)
(0.2850819000, -0.7112255000, 0.6425459000)
(0.2866279000, -0.7132915000, 0.6395591000)
(0.2898550000, -0.7104905000, 0.6412330000)
(0.2886678000, -0.7111187000, 0.6410572000)
(0.2888085000, -0.7103961000, 0.6418096000)
(0.2894608000, -0.7099910000, 0.6419674000)
(0.2932185000, -0.7084735000, 0.6419351000)
(0.2946946000, -0.7079724000, 0.6418033000)
(0.2952175000, -0.7078182000, 0.6417334000)
(0.2959711000, -0.7058877000, 0.6435083000)
(0.2969577000, -0.7034827000, 0.6456805000)
(0.2963700000, -0.7031353000, 0.6463428000)
(0.2933002000, -0.7051127000, 0.6455929000)
(0.2912555000, -0.7069020000, 0.6445601000)
(0.2912737000, -0.7071688000, 0.6442404000)
(0.2909872000, -0.7077599000, 0.6437373000)
(0.2937672000, -0.7020813000, 0.6486763000)
(0.3002299000, -0.6947017000, 0.6536254000)
(0.3024053000, -0.6925203000, 0.6549503000)
(0.3026618000, -0.6910329000, 0.6564043000)
(0.2974548000, -0.6960663000, 0.6534466000)
(0.2959955000, -0.6956130000, 0.6545933000)
(0.2969729000, -0.6936743000, 0.6562030000)
(0.2967423000, -0.6934670000, 0.6565295000)
(0.2957065000, -0.6945032000, 0.6559125000)
(0.3017704000, -0.6861533000, 0.6618915000)
(0.3064399000, -0.6812375000, 0.6648302000)
(0.3040238000, -0.6837966000, 0.6633056000)
(0.2974023000, -0.6893312000, 0.6605675000)
(0.3032014000, -0.6858429000, 0.6615797000)
(0.3051439000, -0.6857942000, 0.6607234000)
(0.3063325000, -0.6849393000, 0.6610511000)
(0.3039669000, -0.6828293000, 0.6643376000)
(0.3066584000, -0.6827663000, 0.6631605000)
(0.3063179000, -0.6822886000, 0.6638029000)
(0.3084864000, -0.6772432000, 0.6679637000)
(0.3094730000, -0.6754605000, 0.6693023000)
(0.3103999000, -0.6733615000, 0.6709811000)
(0.3121397000, -0.6718981000, 0.6716507000)
(0.2833949000, -0.7130389000, 0.6412777000)
(0.2870435000, -0.7137141000, 0.6389045000)
(0.2884041000, -0.7146813000, 0.6372023000)
(0.2896776000, -0.7151543000, 0.6360910000)
(0.2895591000, -0.7155114000, 0.6357631000)
(0.2857625000, -0.7178130000, 0.6348829000)
(0.2872367000, -0.7160924000, 0.6361482000)
(0.2883160000, -0.7144660000, 0.6374959000)
(0.2887893000, -0.7136006000, 0.6382557000)
(0.2794622000, -0.7173724000, 0.6381692000)
(0.2807443000, -0.7156607000, 0.6395385000)
(0.2845566000, -0.7135428000, 0.6402148000)
(0.2850193000, -0.7123833000, 0.6412959000)
(0.2860354000, -0.7121438000, 0.6411118000)
(0.2870199000, -0.7107818000, 0.6421679000)
(0.2871831000, -0.7106152000, 0.6422976000)
(0.2873726000, -0.7094774000, 0.6434541000)
(0.2884977000, -0.7083826000, 0.6441610000)
(0.2901877000, -0.7068989000, 0.6450313000)
(0.2914400000, -0.7057815000, 0.6457051000)
(0.2924295000, -0.7048705000, 0.6462314000)
(0.2930627000, -0.7044342000, 0.6464348000)
(0.2945093000, -0.7045389000, 0.6456649000)
(0.2939079000, -0.7056867000, 0.6446884000)
(0.2944775000, -0.7046655000, 0.6455237000)
(0.2939952000, -0.7042182000, 0.6462457000)
(0.2942825000, -0.7032797000, 0.6471424000)
(0.2944808000, -0.7023215000, 0.6480780000)
(0.2950993000, -0.7020589000, 0.6480756000)
(0.2960294000, -0.6999059000, 0.6499814000)
(0.2967601000, -0.6944591000, 0.6554801000)
(0.2983774000, -0.6971916000, 0.6518208000)
(0.2992426000, -0.6943333000, 0.6544861000)
(0.3001035000, -0.6947285000, 0.6536731000)
(0.3023351000, -0.6889583000, 0.6587180000)
(0.2912896000, -0.7051616000, 0.6464404000)
(0.0000000000, 0.0000000000, 0.0000000000)
(0.0000000000, 0.0000000000, 0.0000000000)
(0.0000000000, 0.0000000000, 0.0000000000)
