(-0.3395120000, 0.4532971000, 0.8241540000)
(-0.3400351000, 0.4549670000, 0.8230142000)
(-0.3398381000, 0.4549336000, 0.8231227000)
(-0.3393240000, 0.4552247000, 0.8231631000)
(-0.3603296000, 0.4456264000, 0.8194842000)
(-0.4677081000, 0.4179645000, 0.7788109000)
(-0.4673923000, 0.4275705000, 0.7737637000)
(-0.4800308000, 0.4184360000, 0.7710218000)
(-0.4796298000, 0.4201702000, 0.7703184000)
(-0.4809624000, 0.4261976000, 0.7661733000)
(-0.4785352000, 0.4260299000, 0.7677812000)
(-0.4798129000, 0.4203655000, 0.7700941000)
(-0.4787504000, 0.4166266000, 0.7727800000)
(0.0000000000, 0.0000000000, 0.0000000000)
(0.0000000000, 0.0000000000, 0.0000000000)
(0.0000000000, 0.0000000000, 0.0000000000)
(0.0000000000, 0.0000000000, 0.0000000000)
(0.0000000000, 0.0000000000, 0.0000000000)
(0.0000000000, 0.0000000000, 0.0000000000)
(0.0000000000, 0.0000000000, 0.0000000000)
(0.0000000000, 0.0000000000, 0.0000000000)
(-0.4164703000, 0.5275634000, 0.7404026000)
(-0.4230313000, 0.5494952000, 0.7204833000)
(-0.4200730000, 0.5574381000, 0.7160937000)
(-0.4259486000, 0.5464664000, 0.7210618000)
(-0.4225357000, 0.5492628000, 0.7209463000)
(-0.4249893000, 0.5477145000, 0.7206760000)
(-0.4217155000, 0.5480055000, 0.7223864000)
(-0.4206324000, 0.5544382000, 0.7180873000)
(-0.4209230000, 0.5570066000, 0.7159265000)
(-0.4215857000, 0.5554782000, 0.7167252000)
(-0.4247185000, 0.5535946000, 0.7163247000)
(-0.4253899000, 0.5566899000, 0.7135233000)
(-0.4544508000, 0.6019548000, 0.6565834000)
(-0.4629936000, 0.5984241000, 0.6538440000)
(-0.4624228000, 0.6029144000, 0.6501004000)
(-0.4675745000, 0.6044791000, 0.6449415000)
(-0.4669437000, 0.6053413000, 0.6446009000)
(-0.4646218000, 0.6044408000, 0.6471261000)
(-0.4639446000, 0.6037704000, 0.6482378000)
(-0.4678657000, 0.6031413000, 0.6459933000)
(-0.4680391000, 0.6044587000, 0.6446357000)
(-0.4676536000, 0.6059262000, 0.6435235000)
(-0.4681242000, 0.6069628000, 0.6422119000)
(-0.4672766000, 0.6070493000, 0.6427559000)
(-0.4663034000, 0.6095504000, 0.6410821000)
(-0.4675550000, 0.6096511000, 0.6400859000)
(-0.4740569000, 0.6022833000, 0.6422796000)
(0.0000000000, 0.0000000000, 0.0000000000)
(0.0000000000, 0.0000000000, 0.0000000000)
(0.0000000000, 0.0000000000, 0.0000000000)
(0.0000000000, 0.0000000000, 0.0000000000)
(0.0000000000, 0.0000000000, 0.0000000000)
(0.0000000000, 0.0000000000, 0.0000000000)
(0.0000000000, 0.0000000000, 0.0000000000)
(0.0000000000, 0.0000000000, 0.0000000000)
(0.0000000000, 0.0000000000, 0.0000000000)
(0.0000000000, 0.0000000000, 0.0000000000)
(0.0000000000, 0.0000000000, 0.0000000000)
(0.0000000000, 0.0000000000, 0.0000000000)
(-0.4499376000, 0.6099532000, 0.6522937000)
(-0.4574943000, 0.6224424000, 0.6350175000)
(-0.4575070000, 0.6211197000, 0.6363028000)
(-0.4603124000, 0.6149226000, 0.6402758000)
(-0.4548033000, 0.6241372000, 0.6352836000)
(-0.4552595000, 0.6241603000, 0.6349387000)
(-0.4550514000, 0.6231291000, 0.6360993000)
(-0.4505367000, 0.6268606000, 0.6356363000)
(-0.4517643000, 0.6273074000, 0.6343296000)
(-0.4543999000, 0.6277573000, 0.6320063000)
(-0.4530032000, 0.6277855000, 0.6329783000)
(-0.4532813000, 0.6261017000, 0.6344479000)
(-0.4533866000, 0.6271926000, 0.6332815000)
(-0.4537226000, 0.6277885000, 0.6324548000)
(-0.4547341000, 0.6281380000, 0.6313715000)
(-0.4523948000, 0.6273465000, 0.6338498000)
(-0.4498940000, 0.6280412000, 0.6349366000)
(-0.4496330000, 0.6283011000, 0.6348630000)
(-0.4495437000, 0.6278529000, 0.6353680000)
(-0.4542587000, 0.6291974000, 0.6306661000)
(-0.4594457000, 0.6305820000, 0.6254994000)
(-0.4589991000, 0.6316157000, 0.6247910000)
(-0.4589694000, 0.6326063000, 0.6238202000)
(-0.4565487000, 0.6296474000, 0.6285601000)
(-0.4586242000, 0.6280467000, 0.6286443000)
(-0.4587699000, 0.6277346000, 0.6288607000)
(-0.4579611000, 0.6256623000, 0.6315164000)
(-0.4550262000, 0.6253858000, 0.6338925000)
(-0.4541709000, 0.6262099000, 0.6337014000)
(-0.4548077000, 0.6254897000, 0.6339465000)
(-0.4550588000, 0.6259529000, 0.6333128000)
(-0.4552732000, 0.6262394000, 0.6328716000)
(-0.4543048000, 0.6266377000, 0.6331884000)
(-0.4548759000, 0.6258938000, 0.6335135000)
(-0.4562057000, 0.6243535000, 0.6340788000)
(-0.4556374000, 0.6251122000, 0.6337292000)
(-0.4543644000, 0.6249080000, 0.6348329000)
(-0.4540945000, 0.6239682000, 0.6359659000)
(-0.4526093000, 0.6227508000, 0.6382056000)
(-0.4509703000, 0.6223471000, 0.6397550000)
(-0.4449669000, 0.6201611000, 0.6460654000)
(-0.4436212000, 0.6202202000, 0.6469256000)
(-0.4461208000, 0.6202346000, 0.6451820000)
(-0.4527192000, 0.6186895000, 0.6420619000)
(-0.4565993000, 0.6185288000, 0.6394796000)
(-0.4549293000, 0.6179644000, 0.6411937000)
(-0.4516718000, 0.6168700000, 0.6445603000)
(-0.4515703000, 0.6157354000, 0.6457124000)
(-0.4522448000, 0.6166396000, 0.6443695000)
(-0.4518197000, 0.6166809000, 0.6446221000)
(-0.4486924000, 0.6159503000, 0.6475098000)
(-0.4477152000, 0.6176486000, 0.6465625000)
(-0.4499857000, 0.6177599000, 0.6448785000)
(-0.4517058000, 0.6173182000, 0.6440904000)
(-0.4529203000, 0.6166170000, 0.6439292000)
(-0.4543598000, 0.6162157000, 0.6432803000)
(-0.4543350000, 0.6173196000, 0.6422463000)
(-0.4538441000, 0.6168208000, 0.6430717000)
(-0.4532156000, 0.6158802000, 0.6444119000)
(-0.4516671000, 0.6163148000, 0.6450943000)
(-0.4543833000, 0.6167498000, 0.6427610000)
(-0.4563129000, 0.6166728000, 0.6414766000)
(-0.4562879000, 0.6185729000, 0.6396437000)
(-0.4517692000, 0.6159874000, 0.6453401000)
(-0.4506337000, 0.6166325000, 0.6455032000)
(-0.4511138000, 0.6171982000, 0.6446206000)
(-0.4538931000, 0.6176662000, 0.6422294000)
(-0.4541748000, 0.6177362000, 0.6419559000)
(-0.4537914000, 0.6169402000, 0.6429908000)
(-0.4528099000, 0.6180424000, 0.6426392000)
(-0.4525002000, 0.6181328000, 0.6427544000)
(-0.4527600000, 0.6183608000, 0.6423659000)
(-0.4528978000, 0.6200280000, 0.6406614000)
(-0.4531665000, 0.6218439000, 0.6387067000)
(-0.4514047000, 0.6214327000, 0.6403385000)
(-0.4502019000, 0.6227710000, 0.6398839000)
(-0.4494397000, 0.6221910000, 0.6409888000)
(-0.4492488000, 0.6215484000, 0.6417546000)
(-0.4484755000, 0.6191804000, 0.6445740000)
(-0.4492693000, 0.6194871000, 0.6437316000)
(-0.4494449000, 0.6194512000, 0.6436280000)
(-0.4498098000, 0.6195967000, 0.6432429000)
(-0.4497233000, 0.6192303000, 0.6436473000)
(-0.4495244000, 0.6195585000, 0.6434668000)
(-0.4478608000, 0.6185919000, 0.6455656000)
(-0.4424761000, 0.6174238000, 0.6503756000)
(-0.4379605000, 0.6169851000, 0.6538412000)
(-0.4457565000, 0.6223087000, 0.6434398000)
(-0.4551966000, 0.6271291000, 0.6320523000)
(-0.4526569000, 0.6231933000, 0.6377512000)
(-0.4403248000, 0.6244350000, 0.6451157000)
(-0.4437646000, 0.6259765000, 0.6412645000)
(-0.4359606000, 0.6266878000, 0.6458906000)
(-0.4351089000, 0.6286243000, 0.6445856000)
(-0.4521383000, 0.6271436000, 0.6342342000)
(-0.4626248000, 0.6280921000, 0.6256707000)
(-0.4637626000, 0.6166422000, 0.6361310000)
(-0.4405023000, 0.6227335000, 0.6466454000)
(-0.4295929000, 0.6233533000, 0.6533520000)
(-0.4303585000, 0.6244269000, 0.6518185000)
(-0.4360265000, 0.6222432000, 0.6501343000)
(-0.4481182000, 0.6230030000, 0.6411334000)
(-0.4484423000, 0.6229143000, 0.6409818000)
(-0.4479584000, 0.6253909000, 0.6389129000)
(-0.4478207000, 0.6258057000, 0.6385901000)
(-0.4460958000, 0.6259952000, 0.6396253000)
(-0.4454149000, 0.6253395000, 0.6407303000)
(-0.4468778000, 0.6266518000, 0.6384290000)
(-0.4492763000, 0.6268284000, 0.6365754000)
(-0.4601485000, 0.6246053000, 0.6309605000)
(-0.4644398000, 0.6236770000, 0.6287345000)
(-0.4656270000, 0.6226207000, 0.6288961000)
(-0.4658013000, 0.6228307000, 0.6285664000)
(-0.4652583000, 0.6272187000, 0.6245816000)
(-0.4518457000, 0.6325027000, 0.6290941000)
(-0.4514274000, 0.6330907000, 0.6288056000)
(-0.4437294000, 0.6363435000, 0.6309875000)
(-0.4442401000, 0.6115421000, 0.6547260000)
(-0.4639662000, 0.5963632000, 0.6550315000)
(-0.4700014000, 0.5992593000, 0.6480508000)
(-0.4684012000, 0.5982661000, 0.6501346000)
(-0.4620865000, 0.5989463000, 0.6540108000)
(-0.4595503000, 0.5997033000, 0.6551002000)
(-0.4574651000, 0.6002173000, 0.6560906000)
(-0.4446713000, 0.6001697000, 0.6648767000)
(-0.4415196000, 0.6009777000, 0.6662267000)
(-0.4434098000, 0.6003473000, 0.6655446000)
(-0.4511797000, 0.6004299000, 0.6602275000)
(-0.4558801000, 0.5994777000, 0.6578693000)
(-0.4548761000, 0.6004865000, 0.6576427000)
(-0.4531033000, 0.6008242000, 0.6585455000)
(-0.4520594000, 0.6015556000, 0.6586117000)
(-0.4507292000, 0.6039718000, 0.6573080000)
(-0.4524556000, 0.6026487000, 0.6573316000)
(-0.4526224000, 0.6022713000, 0.6575520000)
(-0.4521185000, 0.6023395000, 0.6578533000)
(-0.4500984000, 0.5998137000, 0.6615226000)
(-0.4502548000, 0.6027063000, 0.6587912000)
(-0.4534802000, 0.6029600000, 0.6563339000)
(-0.4558045000, 0.6029005000, 0.6547737000)
(-0.4531008000, 0.6035353000, 0.6560624000)
(-0.4525080000, 0.6033994000, 0.6566046000)
(-0.4520709000, 0.6041259000, 0.6562265000)
(-0.4530570000, 0.6029610000, 0.6566383000)
(-0.4530218000, 0.6027538000, 0.6568335000)
(-0.4527108000, 0.6033258000, 0.6565424000)
(-0.4549015000, 0.6030508000, 0.6552597000)
(-0.4553536000, 0.6015981000, 0.6562956000)
(-0.4536304000, 0.6015993000, 0.6574798000)
(-0.4592753000, 0.6007462000, 0.6543266000)
(-0.4599377000, 0.6009426000, 0.6536902000)
(-0.4571085000, 0.5997413000, 0.6567633000)
(-0.4481225000, 0.5961379000, 0.6661792000)
(-0.4465059000, 0.5945801000, 0.6686526000)
(-0.4469921000, 0.5948485000, 0.6680915000)
(-0.4476532000, 0.5937630000, 0.6686008000)
(-0.4513784000, 0.5962915000, 0.6638468000)
(-0.4531158000, 0.5965509000, 0.6624212000)
(-0.4523617000, 0.5968215000, 0.6626836000)
(-0.4519170000, 0.5977604000, 0.6621372000)
(-0.4513723000, 0.5982143000, 0.6620989000)
(-0.4511394000, 0.5988036000, 0.6617420000)
(-0.4505064000, 0.6010619000, 0.6601269000)
(-0.4496923000, 0.6009400000, 0.6607830000)
(-0.4499272000, 0.6007419000, 0.6607901000)
(-0.4507282000, 0.6007539000, 0.6602489000)
(-0.4505488000, 0.5991889000, 0.6617910000)
(-0.4505238000, 0.6022892000, 0.6589941000)
(-0.4482636000, 0.6017156000, 0.6610492000)
(-0.4468948000, 0.6002954000, 0.6632630000)
(-0.4507371000, 0.6031758000, 0.6580274000)
(-0.4504366000, 0.6032885000, 0.6581185000)
(-0.4506250000, 0.6023694000, 0.6588427000)
(-0.4510330000, 0.6032758000, 0.6577325000)
(-0.4513505000, 0.6034456000, 0.6573536000)
(-0.4507917000, 0.6033699000, 0.6578087000)
(-0.4496176000, 0.6028060000, 0.6591200000)
(-0.4502573000, 0.6018812000, 0.6595321000)
(-0.4513400000, 0.6049957000, 0.6559290000)
(-0.4515941000, 0.6075904000, 0.6533520000)
(-0.4496861000, 0.6069883000, 0.6552401000)
(-0.4483892000, 0.6019993000, 0.6607069000)
(-0.4477593000, 0.6003430000, 0.6626362000)
(-0.4454504000, 0.6038926000, 0.6609701000)
(-0.4462476000, 0.6076317000, 0.6569822000)
(-0.4482604000, 0.6089264000, 0.6544064000)
(-0.4498687000, 0.6062124000, 0.6558328000)
(-0.4468293000, 0.6046761000, 0.6593204000)
(-0.4464685000, 0.6053553000, 0.6589376000)
(-0.4439559000, 0.6044106000, 0.6614838000)
(-0.4493303000, 0.6025709000, 0.6595305000)
(-0.4430416000, 0.6004098000, 0.6657495000)
(-0.4465019000, 0.5992889000, 0.6644296000)
(0.0000000000, 0.0000000000, 0.0000000000)
(0.0000000000, 0.0000000000, 0.0000000000)
(0.0000000000, 0.0000000000, 0.0000000000)
(0.0000000000, 0.0000000000, 0.0000000000)
(0.0000000000, 0.0000000000, 0.0000000000)
(0.0000000000, 0.0000000000, 0.0000000000)
(0.0000000000, 0.0000000000, 0.0000000000)
(0.0000000000, 0.0000000000, 0.0000000000)
(0.0000000000, 0.0000000000, 0.0000000000)
(0.0000000000, 0.0000000000, 0.0000000000)
(0.0000000000, 0.0000000000, 0.0000000000)
(0.0000000000, 0.0000000000, 0.0000000000)
(-0.4364519000, 0.6059836000, 0.6650441000)
(-0.4309832000, 0.5965867000, 0.6770022000)
(-0.4330132000, 0.6056488000, 0.6675817000)
(-0.4362769000, 0.6113522000, 0.6602218000)
(-0.4445648000, 0.6004639000, 0.6646827000)
(-0.4428501000, 0.6052982000, 0.6614159000)
(-0.4384421000, 0.6098852000, 0.6601559000)
(-0.4301422000, 0.6144092000, 0.6614052000)
(-0.4450237000, 0.5986205000, 0.6660162000)
(-0.4477599000, 0.5965589000, 0.6660393000)
(-0.4435644000, 0.5997792000, 0.6659500000)
(-0.4380958000, 0.6037756000, 0.6659573000)
(-0.4371412000, 0.6037807000, 0.6665865000)
(-0.4370380000, 0.6029525000, 0.6673998000)
(-0.4373464000, 0.6020700000, 0.6679941000)
(-0.4376752000, 0.6014964000, 0.6682959000)
(-0.4367765000, 0.6023589000, 0.6681120000)
(-0.4330912000, 0.6079194000, 0.6654714000)
(-0.4282967000, 0.6106215000, 0.6661023000)
(-0.4292096000, 0.6103792000, 0.6657267000)
(-0.4428179000, 0.5997115000, 0.6665041000)
(-0.4488935000, 0.5965050000, 0.6653218000)
(-0.4529800000, 0.5941545000, 0.6646636000)
(-0.4519993000, 0.5945480000, 0.6649759000)
(-0.4408954000, 0.6010798000, 0.6665563000)
(-0.4392627000, 0.6013820000, 0.6673687000)
(-0.4455151000, 0.5968020000, 0.6673225000)
(-0.4379540000, 0.6099862000, 0.6603852000)
(-0.4358100000, 0.6064345000, 0.6650553000)
(-0.4421694000, 0.6042778000, 0.6628187000)
(-0.4486575000, 0.6023150000, 0.6602426000)
(-0.4482740000, 0.6026396000, 0.6602067000)
(-0.4490599000, 0.6018086000, 0.6604112000)
(-0.4491815000, 0.6015992000, 0.6605275000)
(-0.4504645000, 0.6009805000, 0.6602197000)
(-0.4511491000, 0.6009692000, 0.6597701000)
(-0.4511100000, 0.6016299000, 0.6591972000)
(-0.4503551000, 0.6006892000, 0.6605511000)
(-0.4489921000, 0.6015880000, 0.6606648000)
(-0.4492903000, 0.6015710000, 0.6604800000)
(-0.4485635000, 0.6018705000, 0.6607037000)
(-0.4493364000, 0.6013116000, 0.6606746000)
(-0.4493100000, 0.6004195000, 0.6615211000)
(-0.4489278000, 0.5999709000, 0.6621808000)
(-0.4491017000, 0.6001983000, 0.6618506000)
(-0.4496331000, 0.6000764000, 0.6616102000)
(-0.4505037000, 0.5992981000, 0.6617099000)
(-0.4653604000, 0.5974426000, 0.6530702000)
(-0.4655686000, 0.5981373000, 0.6522628000)
(-0.4666418000, 0.5967099000, 0.6528171000)
(-0.4387624000, 0.6053693000, 0.6640897000)
(-0.4354011000, 0.6061760000, 0.6655629000)
(-0.4372280000, 0.6056243000, 0.6648481000)
(-0.4505573000, 0.6048189000, 0.6566352000)
(-0.4511052000, 0.6050614000, 0.6560341000)
(-0.4517972000, 0.6046802000, 0.6559216000)
(-0.4522325000, 0.6038852000, 0.6563385000)
(-0.4516129000, 0.6044508000, 0.6562612000)
(-0.4518826000, 0.6027704000, 0.6576109000)
(-0.4459308000, 0.6022519000, 0.6621404000)
(-0.4394791000, 0.6042270000, 0.6646392000)
(-0.4390504000, 0.6043592000, 0.6647983000)
(-0.4466835000, 0.6028844000, 0.6610579000)
(-0.4530574000, 0.6006463000, 0.6587374000)
(-0.4592466000, 0.6026109000, 0.6526334000)
(-0.4640325000, 0.6037354000, 0.6481886000)
(-0.4639243000, 0.6036860000, 0.6483138000)
(-0.4657531000, 0.6027804000, 0.6478419000)
(-0.4504357000, 0.6019111000, 0.6594012000)
(-0.4509612000, 0.6020948000, 0.6588737000)
(-0.4676659000, 0.6025722000, 0.6466718000)
(-0.4679897000, 0.6013867000, 0.6475388000)
(-0.4647854000, 0.6024234000, 0.6488708000)
(-0.4633444000, 0.6016573000, 0.6506193000)
(-0.4631861000, 0.5968391000, 0.6551507000)
(-0.4602211000, 0.5980324000, 0.6561458000)
(-0.4600497000, 0.5976394000, 0.6566426000)
(-0.4593256000, 0.5971274000, 0.6575941000)
(-0.4505586000, 0.6009058000, 0.6602131000)
(-0.4501180000, 0.6018550000, 0.6596677000)
(-0.4498560000, 0.6021084000, 0.6595962000)
(-0.4500406000, 0.6022331000, 0.6593554000)
(-0.4494617000, 0.6025010000, 0.6595083000)
(-0.4502526000, 0.6031649000, 0.6583778000)
(-0.4510479000, 0.6025487000, 0.6583837000)
(-0.4511695000, 0.6028370000, 0.6580328000)
(-0.4519785000, 0.6022516000, 0.6580251000)
(-0.4505916000, 0.6017990000, 0.6593838000)
(-0.4491036000, 0.6014985000, 0.6606820000)
(-0.4492175000, 0.6006807000, 0.6613426000)
(-0.4605214000, 0.5972739000, 0.6566344000)
(-0.4605100000, 0.5970094000, 0.6568921000)
(-0.4608027000, 0.5963989000, 0.6572353000)
(-0.4496346000, 0.5967004000, 0.6646505000)
(-0.4477644000, 0.5979641000, 0.6647843000)
(-0.4407849000, 0.5969425000, 0.6703324000)
(-0.4392470000, 0.5960532000, 0.6721355000)
(-0.4415682000, 0.5979716000, 0.6689085000)
(-0.4468909000, 0.6013266000, 0.6623222000)
(-0.4558550000, 0.6068362000, 0.6510922000)
(-0.4563330000, 0.6082582000, 0.6494437000)
(-0.4560502000, 0.6056576000, 0.6520495000)
(-0.4458025000, 0.6019777000, 0.6624649000)
(-0.4469354000, 0.6020638000, 0.6616379000)
(-0.4401385000, 0.6010844000, 0.6670603000)
(-0.4390962000, 0.6012620000, 0.6675909000)
(-0.4393948000, 0.6006405000, 0.6679369000)
(-0.4488860000, 0.5977703000, 0.6641992000)
(-0.4488300000, 0.5963485000, 0.6655148000)
(-0.4489900000, 0.5967807000, 0.6650215000)
(-0.4486127000, 0.5981829000, 0.6640100000)
(-0.4461849000, 0.5972379000, 0.6664925000)
(-0.4460276000, 0.5973600000, 0.6664795000)
(-0.4460056000, 0.5973420000, 0.6665162000)
(-0.4470640000, 0.5968320000, 0.6662732000)
(-0.4464801000, 0.5967776000, 0.6667138000)
(-0.4453160000, 0.5983317000, 0.6660967000)
(-0.4452672000, 0.5976475000, 0.6667336000)
(-0.4451831000, 0.5972413000, 0.6671481000)
(-0.4507783000, 0.5919152000, 0.6681408000)
(-0.4504775000, 0.5932869000, 0.6671313000)
(-0.4492999000, 0.5948521000, 0.6665263000)
(-0.4474773000, 0.5963307000, 0.6664455000)
(-0.4469130000, 0.5965124000, 0.6666548000)
(-0.4463743000, 0.5976357000, 0.6660076000)
(-0.4463977000, 0.5989220000, 0.6648427000)
(-0.4465968000, 0.5992996000, 0.6643634000)
(-0.4447771000, 0.6004405000, 0.6645581000)
(-0.4453398000, 0.5992193000, 0.6652822000)
(-0.4518188000, 0.5991901000, 0.6609187000)
(-0.4518602000, 0.5963315000, 0.6634741000)
(-0.4505922000, 0.5988880000, 0.6620353000)
(-0.4453405000, 0.6031798000, 0.6616888000)
(-0.4442739000, 0.6047000000, 0.6610216000)
(-0.4435897000, 0.6039439000, 0.6621731000)
(-0.4437290000, 0.6046274000, 0.6614483000)
(-0.4444111000, 0.6033170000, 0.6621781000)
(-0.4438907000, 0.6033757000, 0.6624924000)
(-0.4433766000, 0.6032586000, 0.6629444000)
(-0.4430237000, 0.6031720000, 0.6632563000)
(-0.4429830000, 0.6038766000, 0.6626352000)
(-0.4437396000, 0.6032170000, 0.6627367000)
(-0.4432228000, 0.6038778000, 0.6624776000)
(-0.4428965000, 0.6038183000, 0.6627495000)
(-0.4434653000, 0.6039100000, 0.6622820000)
(-0.4430270000, 0.6034828000, 0.6629612000)
(-0.4435157000, 0.6033202000, 0.6627898000)
(-0.4437816000, 0.6030520000, 0.6628422000)
(-0.4434097000, 0.6027131000, 0.6634156000)
(-0.4464986000, 0.5998842000, 0.6638992000)
(-0.4473161000, 0.6007516000, 0.6625738000)
(-0.4461133000, 0.6012549000, 0.6629150000)
(-0.4453564000, 0.6030478000, 0.6618007000)
(-0.4436523000, 0.6027489000, 0.6632222000)
(-0.4432717000, 0.6029965000, 0.6632364000)
(-0.4432473000, 0.6029544000, 0.6632938000)
(-0.4452512000, 0.6023414000, 0.6625024000)
(-0.4443163000, 0.6026118000, 0.6628851000)
(-0.4448513000, 0.6026142000, 0.6625295000)
(-0.4446192000, 0.6039874000, 0.6614386000)
(-0.4446327000, 0.6045535000, 0.6609191000)
(-0.4439887000, 0.6043274000, 0.6615404000)
(-0.4449876000, 0.6042105000, 0.6609880000)
(-0.4457840000, 0.6035351000, 0.6610584000)
(-0.4454634000, 0.6035207000, 0.6612845000)
(-0.4450767000, 0.6035376000, 0.6615479000)
(-0.4454902000, 0.6043177000, 0.6605497000)
(-0.4461091000, 0.6038925000, 0.6605271000)
(-0.4460145000, 0.6028474000, 0.6615399000)
(-0.4467736000, 0.6022515000, 0.6615767000)
(-0.4480786000, 0.6003307000, 0.6624261000)
(-0.4494375000, 0.6009555000, 0.6609485000)
(-0.4489359000, 0.6021599000, 0.6601849000)
(-0.4480819000, 0.6020898000, 0.6608402000)
(-0.4480722000, 0.6010761000, 0.6617692000)
(-0.4486817000, 0.6012363000, 0.6611916000)
(-0.4491584000, 0.6017838000, 0.6603721000)
(-0.4487326000, 0.6015076000, 0.6609216000)
(-0.4487352000, 0.6010973000, 0.6612864000)
(-0.4482722000, 0.6011038000, 0.6615868000)
(-0.4483432000, 0.6000589000, 0.6624933000)
(-0.4486341000, 0.5998458000, 0.6625039000)
(-0.4489177000, 0.5994473000, 0.6626532000)
(-0.4496377000, 0.5986662000, 0.6628907000)
(-0.4490745000, 0.5990177000, 0.6629325000)
(-0.4492761000, 0.5986900000, 0.6630948000)
(-0.4498942000, 0.5985657000, 0.6627949000)
(-0.4492321000, 0.5994561000, 0.6624411000)
(-0.4493318000, 0.5992967000, 0.6625164000)
(-0.4499351000, 0.5999281000, 0.6615332000)
(-0.4495967000, 0.6007711000, 0.6610049000)
(-0.4485439000, 0.6012838000, 0.6612610000)
(-0.4474417000, 0.6021917000, 0.6611751000)
(-0.4635367000, 0.5949797000, 0.6565835000)
(-0.4643759000, 0.5948182000, 0.6561370000)
(-0.4644544000, 0.5969513000, 0.6541438000)
(-0.4469120000, 0.6017176000, 0.6619577000)
(-0.4642125000, 0.5978895000, 0.6534767000)
(-0.4635284000, 0.5989260000, 0.6530134000)
(-0.4630240000, 0.5997431000, 0.6526161000)
(-0.4618593000, 0.5995783000, 0.6535928000)
(-0.4484610000, 0.6042832000, 0.6585655000)
(-0.4592969000, 0.5988420000, 0.6560715000)
(-0.4606268000, 0.5980870000, 0.6558139000)
(-0.4608828000, 0.5980796000, 0.6556548000)
(-0.4589590000, 0.5987343000, 0.6564062000)
(-0.4467660000, 0.6019804000, 0.6618286000)
(-0.4455831000, 0.6028804000, 0.6617982000)
(-0.4459664000, 0.6034490000, 0.6610283000)
(-0.4454570000, 0.6041183000, 0.6607524000)
(-0.4450922000, 0.6049199000, 0.6602744000)
(-0.4455490000, 0.6068355000, 0.6581907000)
(-0.4315038000, 0.6129159000, 0.6619087000)
(-0.4293319000, 0.6122891000, 0.6639029000)
(-0.4325483000, 0.6112994000, 0.6627120000)
(-0.4429164000, 0.6087266000, 0.6582282000)
(-0.4423698000, 0.6092525000, 0.6581118000)
(-0.4422367000, 0.6089614000, 0.6584578000)
(-0.4432475000, 0.6089854000, 0.6577566000)
(-0.4425271000, 0.6076930000, 0.6594535000)
(-0.4362260000, 0.6094856000, 0.6619732000)
(-0.4349804000, 0.6100343000, 0.6623035000)
(-0.4426099000, 0.6085875000, 0.6585639000)
(-0.4459081000, 0.6074973000, 0.6573453000)
(-0.4465856000, 0.6075124000, 0.6568750000)
(-0.4397231000, 0.6083272000, 0.6607268000)
(-0.4358293000, 0.6087052000, 0.6629559000)
(-0.4363898000, 0.6087633000, 0.6625271000)
(-0.4423509000, 0.6088166000, 0.6585132000)
(-0.4429698000, 0.6082913000, 0.6586037000)
(-0.4437371000, 0.6083013000, 0.6580641000)
(-0.4392146000, 0.6079876000, 0.6613899000)
(-0.4345164000, 0.6148028000, 0.6581699000)
(-0.4439571000, 0.6140290000, 0.6525863000)
(-0.4469084000, 0.6090213000, 0.6552392000)
(-0.4392570000, 0.6125881000, 0.6570880000)
(-0.4297875000, 0.6155384000, 0.6605862000)
(-0.4404383000, 0.6094703000, 0.6592090000)
(-0.4412766000, 0.6042331000, 0.6634412000)
(-0.4405163000, 0.5991997000, 0.6685091000)
(0.0000000000, 0.0000000000, 0.0000000000)
(0.0000000000, 0.0000000000, 0.0000000000)
(0.0000000000, 0.0000000000, 0.0000000000)
(0.0000000000, 0.0000000000, 0.0000000000)
(0.0000000000, 0.0000000000, 0.0000000000)
(0.0000000000, 0.0000000000, 0.0000000000)
(0.0000000000, 0.0000000000, 0.0000000000)
(0.0000000000, 0.0000000000, 0.0000000000)
(0.0000000000, 0.0000000000, 0.0000000000)
(0.0000000000, 0.0000000000, 0.0000000000)
(0.0000000000, 0.0000000000, 0.0000000000)
(-0.4362512000, 0.5980893000, 0.6722844000)
(-0.4273876000, 0.6075996000, 0.6694273000)
(-0.4487329000, 0.5920088000, 0.6694440000)
(-0.4438436000, 0.6008067000, 0.6648506000)
(-0.4416579000, 0.6033264000, 0.6640190000)
(-0.4434331000, 0.6042753000, 0.6619604000)
(-0.4370776000, 0.6063719000, 0.6642775000)
(-0.4490578000, 0.5974854000, 0.6643266000)
(-0.4490117000, 0.5974639000, 0.6643772000)
(-0.4471651000, 0.5987467000, 0.6644673000)
(-0.4412468000, 0.6031448000, 0.6644449000)
(-0.4399284000, 0.6028137000, 0.6656380000)
(-0.4387172000, 0.6037378000, 0.6656029000)
(-0.4464943000, 0.6022359000, 0.6617704000)
(-0.4482391000, 0.6012923000, 0.6614408000)
(-0.4516007000, 0.6006216000, 0.6597770000)
(-0.4527336000, 0.6005180000, 0.6590821000)
(-0.4509274000, 0.6003084000, 0.6605089000)
(-0.4514310000, 0.6008421000, 0.6596801000)
(-0.4509964000, 0.6004299000, 0.6603510000)
(-0.4437149000, 0.6083177000, 0.6580550000)
(-0.4401677000, 0.6104948000, 0.6584281000)
(-0.4409653000, 0.6080944000, 0.6601152000)
(-0.4421168000, 0.6060593000, 0.6612200000)
(-0.4434536000, 0.6053333000, 0.6609967000)
(-0.4446554000, 0.6047626000, 0.6606981000)
(-0.4453591000, 0.6041123000, 0.6608315000)
(-0.4446455000, 0.6052567000, 0.6602643000)
(-0.4438891000, 0.6053565000, 0.6606706000)
(-0.4367226000, 0.6193523000, 0.6524299000)
(-0.4385839000, 0.6163976000, 0.6539639000)
(-0.4392548000, 0.6156304000, 0.6542501000)
(-0.4446260000, 0.6080446000, 0.6577070000)
(-0.4442147000, 0.6085188000, 0.6575514000)
(-0.4442534000, 0.6089520000, 0.6571126000)
(-0.4534299000, 0.5985025000, 0.6604476000)
(-0.4517683000, 0.5995073000, 0.6606611000)
(-0.4486479000, 0.5960525000, 0.6659078000)
(-0.4340028000, 0.6143399000, 0.6589483000)
(-0.4343367000, 0.6153483000, 0.6577905000)
(-0.4357938000, 0.6133640000, 0.6586691000)
(-0.4373119000, 0.6123037000, 0.6586477000)
(-0.4349524000, 0.6163567000, 0.6564413000)
(-0.4341846000, 0.6137152000, 0.6594017000)
(-0.4340330000, 0.6139014000, 0.6593258000)
(-0.4367914000, 0.6126910000, 0.6586490000)
(-0.4393339000, 0.6073684000, 0.6618702000)
(-0.4393614000, 0.6089686000, 0.6603737000)
(-0.4383632000, 0.6139395000, 0.6564350000)
(0.0000000000, 0.0000000000, 0.0000000000)
(0.0000000000, 0.0000000000, 0.0000000000)
(0.0000000000, 0.0000000000, 0.0000000000)
(0.0000000000, 0.0000000000, 0.0000000000)
(0.0000000000, 0.0000000000, 0.0000000000)
(0.0000000000, 0.0000000000, 0.0000000000)
(0.0000000000, 0.0000000000, 0.0000000000)
(0.0000000000, 0.0000000000, 0.0000000000)
(0.0000000000, 0.0000000000, 0.0000000000)
(0.0000000000, 0.0000000000, 0.0000000000)
(0.0000000000, 0.0000000000, 0.0000000000)
(0.0000000000, 0.0000000000, 0.0000000000)
(0.0000000000, 0.0000000000, 0.0000000000)
(0.0000000000, 0.0000000000, 0.0000000000)
(0.0000000000, 0.0000000000, 0.0000000000)
(0.0000000000, 0.0000000000, 0.0000000000)
(-0.4437615000, 0.6140363000, 0.6527097000)
(-0.4346754000, 0.5941362000, 0.6767870000)
(-0.4707400000, 0.5867158000, 0.6589082000)
(-0.4681748000, 0.5919530000, 0.6560394000)
(-0.4652327000, 0.5956244000, 0.6548181000)
(-0.4701717000, 0.5987273000, 0.6484274000)
(-0.4679054000, 0.5974064000, 0.6512771000)
(-0.4712365000, 0.5947150000, 0.6513220000)
(-0.4442767000, 0.6078081000, 0.6581511000)
(-0.4407360000, 0.6100488000, 0.6584616000)
(-0.4410957000, 0.6104347000, 0.6578779000)
(-0.4471537000, 0.6087040000, 0.6553838000)
(-0.4537932000, 0.6067939000, 0.6525869000)
(-0.4548494000, 0.6066260000, 0.6519951000)
(-0.4551159000, 0.6049196000, 0.6533913000)
(-0.4523652000, 0.6043019000, 0.6558628000)
(-0.4518535000, 0.6042107000, 0.6563172000)
(-0.4570515000, 0.6019983000, 0.6547428000)
(-0.4585797000, 0.6009390000, 0.6546422000)
(-0.4612268000, 0.5999030000, 0.6537406000)
(-0.4580589000, 0.6155360000, 0.6413236000)
(-0.4543183000, 0.6136633000, 0.6457462000)
(-0.4487384000, 0.6150632000, 0.6483279000)
(-0.4385941000, 0.6173006000, 0.6531243000)
(-0.4295726000, 0.6183854000, 0.6580629000)
(-0.4336280000, 0.6173454000, 0.6563838000)
(-0.4444377000, 0.6160730000, 0.6503167000)
(-0.4429887000, 0.6177040000, 0.6497697000)
(-0.4372380000, 0.6170712000, 0.6542447000)
(-0.4374995000, 0.6166002000, 0.6545203000)
(-0.4374565000, 0.6168141000, 0.6543450000)
(-0.4381082000, 0.6184220000, 0.6523756000)
(-0.4385798000, 0.6179802000, 0.6524843000)
(-0.4386023000, 0.6182902000, 0.6521723000)
(-0.4372068000, 0.6180927000, 0.6532893000)
(-0.4395819000, 0.6180211000, 0.6517782000)
(-0.4410816000, 0.6172182000, 0.6515243000)
(-0.4389023000, 0.6167994000, 0.6533729000)
(-0.4370643000, 0.6167070000, 0.6547071000)
(-0.4372818000, 0.6162041000, 0.6550170000)
(-0.4375704000, 0.6167805000, 0.6543009000)
(-0.4379997000, 0.6173710000, 0.6534511000)
(-0.4384916000, 0.6168808000, 0.6535926000)
(-0.4405630000, 0.6163468000, 0.6527023000)
(-0.4412999000, 0.6177018000, 0.6509162000)
(-0.4410273000, 0.6175193000, 0.6512724000)
(-0.4397199000, 0.6176326000, 0.6520336000)
(-0.4394087000, 0.6178762000, 0.6520292000)
(-0.4393316000, 0.6183749000, 0.6516060000)
(-0.4396604000, 0.6171911000, 0.6524933000)
(-0.4396037000, 0.6196010000, 0.6502553000)
(-0.4400408000, 0.6198417000, 0.6497355000)
(-0.4403625000, 0.6152564000, 0.6538483000)
(-0.4414926000, 0.6147906000, 0.6535412000)
(-0.4414621000, 0.6153837000, 0.6529981000)
(-0.4412645000, 0.6145692000, 0.6538824000)
(-0.4412382000, 0.6140445000, 0.6543995000)
(-0.4409721000, 0.6144816000, 0.6541836000)
(-0.4401939000, 0.6147269000, 0.6544659000)
(-0.4383871000, 0.6138778000, 0.6564766000)
(-0.4454224000, 0.6132407000, 0.6523170000)
(-0.4576687000, 0.5983296000, 0.6576777000)
(-0.4589311000, 0.5987296000, 0.6564136000)
(-0.4456265000, 0.6055768000, 0.6593037000)
(-0.4507143000, 0.6027611000, 0.6584188000)
(-0.4508172000, 0.6027617000, 0.6583453000)
(-0.4492491000, 0.6042537000, 0.6580621000)
(-0.4435293000, 0.6082506000, 0.6582609000)
(-0.4440615000, 0.6084701000, 0.6576975000)
(-0.4502325000, 0.6004149000, 0.6608840000)
(-0.4544147000, 0.5941042000, 0.6637274000)
(-0.4547188000, 0.6014614000, 0.6568574000)
(-0.4468389000, 0.6085159000, 0.6557609000)
(-0.4474234000, 0.6067098000, 0.6570464000)
(-0.4505945000, 0.6044089000, 0.6569916000)
(-0.4466046000, 0.6052983000, 0.6588874000)
(-0.4455382000, 0.6065691000, 0.6584508000)
(-0.4458157000, 0.6073343000, 0.6575441000)
(-0.4446576000, 0.6064906000, 0.6591211000)
(-0.4441934000, 0.6057165000, 0.6601461000)
(-0.4487667000, 0.6033369000, 0.6592284000)
(-0.4542554000, 0.5984576000, 0.6599092000)
(-0.4536436000, 0.5982633000, 0.6604993000)
(-0.4497139000, 0.6007943000, 0.6609075000)
(-0.4449323000, 0.6063895000, 0.6590314000)
(-0.4453007000, 0.6064796000, 0.6587003000)
(-0.4455107000, 0.6056768000, 0.6592793000)
(-0.4455457000, 0.6039391000, 0.6608643000)
(-0.4451484000, 0.6037403000, 0.6613001000)
(-0.4434969000, 0.6057777000, 0.6605501000)
(-0.4387007000, 0.6121168000, 0.6578982000)
(-0.4398271000, 0.6130395000, 0.6562937000)
(-0.4443491000, 0.6066189000, 0.6592059000)
(-0.4438817000, 0.6090185000, 0.6572961000)
(-0.4449992000, 0.6100338000, 0.6556046000)
(-0.4457536000, 0.6098045000, 0.6552992000)
(-0.4483286000, 0.6076970000, 0.6555036000)
(-0.4483761000, 0.6087107000, 0.6545298000)
(-0.4463440000, 0.6103375000, 0.6544014000)
(-0.4456741000, 0.6096992000, 0.6554521000)
(-0.4475661000, 0.6079373000, 0.6558035000)
(-0.4496275000, 0.6068762000, 0.6553795000)
(-0.4482880000, 0.6055284000, 0.6575277000)
(-0.4446761000, 0.6087648000, 0.6570086000)
(-0.4469749000, 0.6073084000, 0.6568022000)
(-0.4491264000, 0.6004103000, 0.6616513000)
(-0.4504854000, 0.5995759000, 0.6614714000)
(-0.4360652000, 0.6078776000, 0.6635568000)
(-0.4214465000, 0.6127277000, 0.6685261000)
(-0.4209704000, 0.6145507000, 0.6671450000)
(-0.4200846000, 0.6150007000, 0.6672903000)
(-0.4205993000, 0.6142735000, 0.6676389000)
(-0.4342669000, 0.6109451000, 0.6619173000)
(-0.4341139000, 0.6098531000, 0.6630393000)
(-0.4359826000, 0.6125260000, 0.6593407000)
(-0.4367604000, 0.6104321000, 0.6607504000)
(-0.4514874000, 0.5967707000, 0.6633298000)
(-0.4531752000, 0.5950420000, 0.6637378000)
(-0.4489216000, 0.5971872000, 0.6646995000)
(-0.4292645000, 0.6041734000, 0.6713356000)
(-0.4488320000, 0.5957896000, 0.6660013000)
(-0.4463165000, 0.5965429000, 0.6670337000)
(-0.4437303000, 0.5982026000, 0.6672582000)
(-0.4435748000, 0.5981593000, 0.6674010000)
(-0.4415484000, 0.6013233000, 0.6659137000)
(-0.4389786000, 0.6032012000, 0.6659041000)
(-0.4421703000, 0.6019993000, 0.6648787000)
(-0.4454078000, 0.6006561000, 0.6639240000)
(-0.4473226000, 0.6001036000, 0.6631542000)
(-0.4405196000, 0.6052548000, 0.6630148000)
(-0.4300940000, 0.6086689000, 0.6667321000)
(-0.4303021000, 0.6089209000, 0.6663541000)
(-0.4496434000, 0.6019531000, 0.6598912000)
(-0.4547086000, 0.6013328000, 0.6569794000)
(-0.4540880000, 0.6027935000, 0.6560642000)
(-0.4534970000, 0.6031660000, 0.6561304000)
(-0.4527754000, 0.6023259000, 0.6574050000)
(-0.4508807000, 0.6022021000, 0.6588166000)
(-0.4495585000, 0.6021607000, 0.6597561000)
(-0.4666571000, 0.6001118000, 0.6496788000)
(-0.4651896000, 0.5953913000, 0.6550498000)
(-0.4652812000, 0.5941666000, 0.6560947000)
(-0.4609930000, 0.5945312000, 0.6587859000)
(-0.4638972000, 0.5933922000, 0.6577796000)
(-0.4694812000, 0.5919457000, 0.6551070000)
(-0.4689630000, 0.5912236000, 0.6561441000)
(-0.4647996000, 0.5927161000, 0.6577483000)
(-0.4469180000, 0.5971150000, 0.6661152000)
(-0.4463735000, 0.5977710000, 0.6658824000)
(-0.4462929000, 0.5978273000, 0.6658980000)
(-0.4460216000, 0.5979584000, 0.6659477000)
(-0.4463420000, 0.5980591000, 0.6656424000)
(-0.4463511000, 0.5981041000, 0.6656004000)
(-0.4471028000, 0.5969496000, 0.6661271000)
(-0.4661510000, 0.5919627000, 0.6574646000)
(-0.4701333000, 0.5942341000, 0.6525665000)
(-0.4649058000, 0.5946625000, 0.6559069000)
(-0.4397541000, 0.5973886000, 0.6706178000)
(-0.4460330000, 0.5974655000, 0.6663837000)
(-0.4457306000, 0.5977052000, 0.6663857000)
(-0.4235966000, 0.5998875000, 0.6787391000)
(-0.4248770000, 0.6018293000, 0.6762069000)
(-0.4299075000, 0.5985359000, 0.6759481000)
(-0.4454002000, 0.5968720000, 0.6673530000)
(-0.4442609000, 0.5963200000, 0.6685928000)
(-0.4448126000, 0.5967006000, 0.6678810000)
(-0.4456947000, 0.5957389000, 0.6681515000)
(-0.4464261000, 0.5950148000, 0.6683220000)
(-0.4481170000, 0.5949728000, 0.6672138000)
(-0.4486603000, 0.5950174000, 0.6668047000)
(-0.4478333000, 0.5961263000, 0.6663869000)
(-0.4478795000, 0.5965353000, 0.6659918000)
(-0.4473958000, 0.5968104000, 0.6660700000)
(-0.4456449000, 0.5936338000, 0.6700588000)
(0.0000000000, 0.0000000000, 0.0000000000)
(0.0000000000, 0.0000000000, 0.0000000000)
(0.0000000000, 0.0000000000, 0.0000000000)
(0.0000000000, 0.0000000000, 0.0000000000)
(0.0000000000, 0.0000000000, 0.0000000000)
(0.0000000000, 0.0000000000, 0.0000000000)
(0.0000000000, 0.0000000000, 0.0000000000)
(0.0000000000, 0.0000000000, 0.0000000000)
(0.0000000000, 0.0000000000, 0.0000000000)
(0.0000000000, 0.0000000000, 0.0000000000)
(0.0000000000, 0.0000000000, 0.0000000000)
(0.0000000000, 0.0000000000, 0.0000000000)
(0.0000000000, 0.0000000000, 0.0000000000)
(-0.4343176000, 0.5828419000, 0.6867622000)
(-0.4332885000, 0.5734773000, 0.6952426000)
(-0.4430321000, 0.5731634000, 0.6893467000)
(-0.4502190000, 0.5805206000, 0.6784325000)
(-0.4450125000, 0.5858759000, 0.6772702000)
(-0.4398879000, 0.5924886000, 0.6748623000)
(-0.4331265000, 0.5940645000, 0.6778447000)
(-0.4335147000, 0.5946250000, 0.6770992000)
(-0.4353023000, 0.5933314000, 0.6770818000)
(-0.4373998000, 0.5911522000, 0.6776454000)
(-0.4389929000, 0.5893921000, 0.6781512000)
(-0.4388859000, 0.5895408000, 0.6780993000)
(-0.4393643000, 0.5894645000, 0.6778538000)
(-0.4389190000, 0.5903983000, 0.6773281000)
(-0.4378803000, 0.5905889000, 0.6778389000)
(-0.4358982000, 0.5912775000, 0.6785153000)
(-0.4355589000, 0.5922815000, 0.6778488000)
(-0.4369246000, 0.5917279000, 0.6774597000)
(-0.4292769000, 0.5966843000, 0.6779917000)
(-0.4303864000, 0.5974083000, 0.6766589000)
(-0.4378833000, 0.5893765000, 0.6788779000)
(-0.4411696000, 0.5853511000, 0.6802387000)
(-0.4359590000, 0.5935259000, 0.6765070000)
(-0.4257455000, 0.6049914000, 0.6728403000)
(-0.4280706000, 0.6053156000, 0.6710726000)
(-0.4286823000, 0.6062875000, 0.6698069000)
(-0.4332151000, 0.5992461000, 0.6732110000)
(-0.4441900000, 0.6092595000, 0.6568711000)
(-0.4410695000, 0.6088415000, 0.6593693000)
(-0.4400381000, 0.6083193000, 0.6605273000)
(-0.4456515000, 0.6054332000, 0.6594101000)
(-0.4499635000, 0.6037870000, 0.6579955000)
(-0.4495058000, 0.6033294000, 0.6587215000)
(-0.4501013000, 0.6027924000, 0.6588061000)
(-0.4494539000, 0.6023925000, 0.6596206000)
(-0.4491894000, 0.6015703000, 0.6605566000)
(-0.4486130000, 0.5996019000, 0.6627215000)
(-0.4482451000, 0.6006405000, 0.6620341000)
(-0.4480202000, 0.6017280000, 0.6612086000)
(-0.4470294000, 0.6030370000, 0.6606835000)
(-0.4419616000, 0.6041378000, 0.6630760000)
(-0.4393927000, 0.6049597000, 0.6640399000)
(-0.4382060000, 0.6067801000, 0.6631587000)
(-0.4390466000, 0.6061637000, 0.6631671000)
(-0.4410016000, 0.6061392000, 0.6618952000)
(-0.4432385000, 0.6032570000, 0.6630185000)
(-0.4434655000, 0.6016519000, 0.6643284000)
(-0.4428250000, 0.6029724000, 0.6635612000)
(-0.4413405000, 0.6028674000, 0.6646478000)
(-0.4416751000, 0.6030571000, 0.6642435000)
(-0.4423649000, 0.6029823000, 0.6638573000)
(-0.4422158000, 0.6022918000, 0.6645879000)
(-0.4420944000, 0.6018435000, 0.6650754000)
(-0.4418839000, 0.6023545000, 0.6647483000)
(-0.4408508000, 0.6022428000, 0.6655377000)
(-0.4404179000, 0.6024273000, 0.6656513000)
(-0.4400675000, 0.6032467000, 0.6651482000)
(-0.4400166000, 0.6036467000, 0.6648189000)
(-0.4403658000, 0.6029012000, 0.6652520000)
(-0.4399458000, 0.6030073000, 0.6654347000)
(-0.4397810000, 0.6021345000, 0.6663486000)
(-0.4407061000, 0.6023299000, 0.6655492000)
(-0.4406062000, 0.6024181000, 0.6655322000)
(-0.4387849000, 0.6039640000, 0.6653374000)
(-0.4373994000, 0.6038592000, 0.6663585000)
(-0.4371953000, 0.6040000000, 0.6663585000)
(-0.4369205000, 0.6030471000, 0.6674014000)
(-0.4356944000, 0.6026066000, 0.6685912000)
(-0.4355326000, 0.6013886000, 0.6697904000)
(-0.4353681000, 0.6015298000, 0.6697665000)
(-0.4361178000, 0.6011728000, 0.6696041000)
(-0.4362611000, 0.6015395000, 0.6691894000)
(-0.4364161000, 0.6014758000, 0.6691412000)
(-0.4370000000, 0.6010469000, 0.6691426000)
(-0.4371705000, 0.6010957000, 0.6690016000)
(-0.4366030000, 0.6015431000, 0.6689503000)
(-0.4364649000, 0.6032569000, 0.6675014000)
(-0.4369779000, 0.6040634000, 0.6664440000)
(-0.4371079000, 0.6042887000, 0.6661416000)
(-0.4371426000, 0.6037969000, 0.6665663000)
(-0.4375233000, 0.6042105000, 0.6659403000)
(-0.4375991000, 0.6039184000, 0.6661662000)
(-0.4370900000, 0.6041412000, 0.6662858000)
(-0.4361095000, 0.6048691000, 0.6662728000)
(-0.4361597000, 0.6054393000, 0.6657184000)
(-0.4364614000, 0.6072565000, 0.6638793000)
(-0.4358659000, 0.6033807000, 0.6677794000)
(-0.4364413000, 0.6039321000, 0.6669199000)
(-0.4363729000, 0.6028309000, 0.6679431000)
(-0.4374967000, 0.6041604000, 0.6660219000)
(-0.4385051000, 0.6041350000, 0.6653809000)
(-0.4391200000, 0.6040756000, 0.6650290000)
(-0.4392337000, 0.6046006000, 0.6644749000)
(-0.4389811000, 0.6042952000, 0.6649150000)
(-0.4398636000, 0.6050245000, 0.6636564000)
(-0.4403521000, 0.6048111000, 0.6635330000)
(-0.4403060000, 0.6052113000, 0.6632115000)
(-0.4399751000, 0.6069413000, 0.6618466000)
(-0.4395268000, 0.6072915000, 0.6618118000)
(-0.4397478000, 0.6076816000, 0.6612977000)
(-0.4397720000, 0.6079922000, 0.6610126000)
(-0.4386097000, 0.6105326000, 0.6594297000)
(-0.4379699000, 0.6123658000, 0.6581539000)
(-0.4391176000, 0.6126135000, 0.6571540000)
(-0.4399529000, 0.6108478000, 0.6582581000)
(-0.4416411000, 0.6093026000, 0.6585417000)
(-0.4423589000, 0.6094871000, 0.6578910000)
(-0.4408547000, 0.6099163000, 0.6585019000)
(-0.4397307000, 0.6107777000, 0.6584719000)
(-0.4390481000, 0.6116085000, 0.6581365000)
(-0.4393188000, 0.6109039000, 0.6586298000)
(-0.4385625000, 0.6104279000, 0.6595668000)
(-0.4377630000, 0.6112528000, 0.6593311000)
(-0.4315099000, 0.6148105000, 0.6601357000)
(-0.4285573000, 0.6148777000, 0.6620128000)
(-0.4281423000, 0.6182687000, 0.6590989000)
(-0.4279355000, 0.6181243000, 0.6593733000)
(-0.4343868000, 0.6116182000, 0.6612234000)
(-0.4355573000, 0.6118592000, 0.6602408000)
(-0.4377024000, 0.6093084000, 0.6611801000)
(-0.4439832000, 0.6056370000, 0.6603484000)
(-0.4433979000, 0.6058919000, 0.6605167000)
(-0.4443770000, 0.6057819000, 0.6599477000)
(-0.4452608000, 0.6079198000, 0.6573915000)
(-0.4447713000, 0.6071445000, 0.6584340000)
(-0.4445201000, 0.6077749000, 0.6580251000)
(-0.4395611000, 0.6091228000, 0.6600999000)
(-0.4341996000, 0.6139157000, 0.6592042000)
(-0.4407474000, 0.6124865000, 0.6561964000)
(-0.4464731000, 0.6111141000, 0.6535839000)
(-0.4473685000, 0.6071516000, 0.6566615000)
(-0.4456306000, 0.6083304000, 0.6567600000)
(-0.4447038000, 0.6092798000, 0.6565133000)
(-0.4443191000, 0.6079551000, 0.6579869000)
(-0.4438146000, 0.6079354000, 0.6583439000)
(-0.4439196000, 0.6080429000, 0.6581746000)
(-0.4441313000, 0.6078928000, 0.6581738000)
(-0.4336770000, 0.6103389000, 0.6628782000)
(-0.4363252000, 0.6094074000, 0.6619861000)
(-0.4337071000, 0.6109463000, 0.6622806000)
(-0.4340251000, 0.6113691000, 0.6616876000)
(-0.4141642000, 0.6201894000, 0.6661971000)
(-0.4144309000, 0.6203913000, 0.6658337000)
(-0.4147609000, 0.6205913000, 0.6654481000)
(-0.4157802000, 0.6176106000, 0.6675938000)
(0.0000000000, 0.0000000000, 0.0000000000)
(0.0000000000, 0.0000000000, 0.0000000000)
(0.0000000000, 0.0000000000, 0.0000000000)
(0.0000000000, 0.0000000000, 0.0000000000)
(0.0000000000, 0.0000000000, 0.0000000000)
(0.0000000000, 0.0000000000, 0.0000000000)
(0.0000000000, 0.0000000000, 0.0000000000)
(0.0000000000, 0.0000000000, 0.0000000000)
(0.0000000000, 0.0000000000, 0.0000000000)
(0.0000000000, 0.0000000000, 0.0000000000)
(0.0000000000, 0.0000000000, 0.0000000000)
(0.0000000000, 0.0000000000, 0.0000000000)
(0.0000000000, 0.0000000000, 0.0000000000)
(0.0000000000, 0.0000000000, 0.0000000000)
(-0.4263592000, 0.6066321000, 0.6709582000)
(-0.4478087000, 0.5987102000, 0.6640736000)
(-0.4416573000, 0.6064909000, 0.6611328000)
(-0.4404212000, 0.6036071000, 0.6645824000)
(-0.4436958000, 0.6081872000, 0.6581976000)
(-0.4450833000, 0.6054357000, 0.6597860000)
(-0.4483252000, 0.6082343000, 0.6550075000)
(-0.4289853000, 0.6187511000, 0.6581014000)
(-0.4294580000, 0.6201124000, 0.6565121000)
(-0.4398685000, 0.6140653000, 0.6552935000)
(-0.4385488000, 0.6153564000, 0.6549859000)
(-0.4387778000, 0.6147905000, 0.6553521000)
(-0.4409418000, 0.6126147000, 0.6559453000)
(-0.4407446000, 0.6132439000, 0.6554962000)
(-0.4399546000, 0.6154041000, 0.6539827000)
(-0.4398360000, 0.6155508000, 0.6539235000)
(-0.4390895000, 0.6169720000, 0.6530840000)
(-0.4365084000, 0.6166316000, 0.6551501000)
(-0.4350980000, 0.6173584000, 0.6553940000)
(-0.4361590000, 0.6168068000, 0.6552120000)
(-0.4435194000, 0.6166087000, 0.6504397000)
(-0.4467945000, 0.6165352000, 0.6482609000)
(-0.4434905000, 0.6241760000, 0.6432087000)
(-0.4418074000, 0.6202794000, 0.6480984000)
(-0.4346808000, 0.6184115000, 0.6546883000)
(-0.4387917000, 0.6238932000, 0.6466968000)
(-0.4582619000, 0.6028171000, 0.6531327000)
(-0.4520010000, 0.6052813000, 0.6552263000)
(-0.4456414000, 0.6074983000, 0.6575202000)
(-0.4480700000, 0.6067885000, 0.6565356000)
(-0.4460523000, 0.6083519000, 0.6564500000)
(-0.4455499000, 0.6078102000, 0.6573042000)
(-0.4483595000, 0.6100105000, 0.6533395000)
(-0.4472599000, 0.6080797000, 0.6558850000)
(-0.4484995000, 0.6092569000, 0.6539376000)
(-0.4514456000, 0.6101837000, 0.6510482000)
(-0.4547603000, 0.6094499000, 0.6494305000)
(-0.4551597000, 0.6075681000, 0.6509131000)
(-0.4562581000, 0.6094947000, 0.6483198000)
(-0.4464994000, 0.6077555000, 0.6566927000)
(-0.4479307000, 0.6066750000, 0.6567276000)
(-0.4493942000, 0.6072493000, 0.6551841000)
(-0.4504221000, 0.6055079000, 0.6560889000)
(-0.4495869000, 0.6069686000, 0.6553243000)
(-0.4493661000, 0.6065563000, 0.6558468000)
(-0.4503796000, 0.6081107000, 0.6537074000)
(-0.4490482000, 0.6099570000, 0.6529205000)
(-0.4483503000, 0.6102294000, 0.6531280000)
(-0.4489717000, 0.6102852000, 0.6526584000)
(-0.4491128000, 0.6095778000, 0.6532147000)
(-0.4485524000, 0.6100470000, 0.6531650000)
(-0.4476317000, 0.6109626000, 0.6529481000)
(-0.4481023000, 0.6106339000, 0.6529295000)
(-0.4491416000, 0.6105271000, 0.6523175000)
(-0.4295295000, 0.6187412000, 0.6577685000)
(-0.4412770000, 0.6084281000, 0.6595920000)
(-0.4387483000, 0.6143451000, 0.6557885000)
(-0.4289258000, 0.6269251000, 0.6503642000)
(-0.4277663000, 0.6289128000, 0.6492130000)
(-0.4391679000, 0.6135107000, 0.6562843000)
(-0.4365298000, 0.6169409000, 0.6548332000)
(-0.4363024000, 0.6167359000, 0.6551809000)
(-0.4361278000, 0.6160652000, 0.6559350000)
(-0.4371368000, 0.6160507000, 0.6552789000)
(-0.4370547000, 0.6163964000, 0.6550040000)
(-0.4373027000, 0.6159464000, 0.6552465000)
(-0.4406497000, 0.6133844000, 0.6554152000)
(-0.4412595000, 0.6134173000, 0.6549822000)
(-0.4393247000, 0.6159682000, 0.6538793000)
(-0.4373516000, 0.6201617000, 0.6512392000)
(-0.4308616000, 0.6267362000, 0.6492569000)
(-0.4320017000, 0.6246954000, 0.6504706000)
(-0.4376082000, 0.6183904000, 0.6527357000)
(-0.4350134000, 0.6202502000, 0.6527095000)
(-0.4385912000, 0.6183145000, 0.6521544000)
(-0.4440082000, 0.6168503000, 0.6498805000)
(-0.4444742000, 0.6161342000, 0.6502324000)
(-0.4442353000, 0.6189984000, 0.6476820000)
(-0.4222690000, 0.6207377000, 0.6605742000)
(-0.4210727000, 0.6209540000, 0.6611384000)
(-0.4204595000, 0.6212037000, 0.6612847000)
(-0.4303527000, 0.6211370000, 0.6549606000)
(-0.4217894000, 0.6213745000, 0.6602854000)
(-0.4180802000, 0.6230248000, 0.6610828000)
(-0.4193960000, 0.6223758000, 0.6608725000)
(-0.4257722000, 0.6203945000, 0.6586428000)
(-0.4286212000, 0.6191936000, 0.6579195000)
(-0.4283683000, 0.6224522000, 0.6550013000)
(-0.4237809000, 0.6229998000, 0.6574600000)
(-0.4213526000, 0.6210100000, 0.6609010000)
(-0.4272581000, 0.6211561000, 0.6569521000)
(-0.4446309000, 0.6258897000, 0.6407476000)
(-0.4446127000, 0.6206823000, 0.6457992000)
(-0.4444853000, 0.6182033000, 0.6482726000)
(-0.4311170000, 0.6193166000, 0.6561676000)
(-0.4307851000, 0.6203812000, 0.6553959000)
(-0.4303333000, 0.6207368000, 0.6553562000)
(-0.4308090000, 0.6204758000, 0.6552891000)
(-0.4321957000, 0.6204477000, 0.6543942000)
(-0.4327422000, 0.6199741000, 0.6544831000)
(-0.4324741000, 0.6200795000, 0.6545614000)
(-0.4322647000, 0.6201085000, 0.6546732000)
(-0.4370014000, 0.6196108000, 0.6519999000)
(-0.4370663000, 0.6199886000, 0.6515957000)
(-0.4367181000, 0.6197399000, 0.6520650000)
(-0.4331247000, 0.6199555000, 0.6542476000)
(-0.4338070000, 0.6187363000, 0.6549571000)
(-0.4346448000, 0.6190345000, 0.6541166000)
(-0.4339733000, 0.6191393000, 0.6544630000)
(-0.4324729000, 0.6192827000, 0.6553227000)
(-0.4324424000, 0.6195348000, 0.6551027000)
(-0.4329226000, 0.6204751000, 0.6538863000)
(-0.4331039000, 0.6204097000, 0.6538276000)
(-0.4324039000, 0.6200935000, 0.6545940000)
(-0.4322861000, 0.6201760000, 0.6545941000)
(-0.4322461000, 0.6215426000, 0.6533166000)
(-0.4322628000, 0.6223029000, 0.6525789000)
(-0.4232801000, 0.6216276000, 0.6590810000)
(-0.4418333000, 0.6018971000, 0.6651867000)
(-0.4415386000, 0.6055023000, 0.6621230000)
(-0.4525671000, 0.6001411000, 0.6595382000)
(-0.4480633000, 0.6015754000, 0.6613040000)
(-0.4433960000, 0.6044085000, 0.6618694000)
(-0.4455198000, 0.6046222000, 0.6602542000)
(-0.4481322000, 0.6029631000, 0.6600050000)
(-0.4480005000, 0.6026075000, 0.6604141000)
(-0.4476773000, 0.6025408000, 0.6606881000)
(-0.4551797000, 0.5980833000, 0.6596103000)
(-0.4553188000, 0.5972341000, 0.6602842000)
(-0.4548821000, 0.5976504000, 0.6602163000)
(-0.4459303000, 0.5998193000, 0.6643316000)
(-0.4441967000, 0.6011489000, 0.6643084000)
(-0.4441811000, 0.6013733000, 0.6641039000)
(-0.4420291000, 0.6026916000, 0.6643447000)
(-0.4416348000, 0.6024145000, 0.6648502000)
(-0.4418916000, 0.6032010000, 0.6639757000)
(-0.4507044000, 0.6038911000, 0.6573838000)
(-0.4503958000, 0.6054298000, 0.6561909000)
(-0.4499571000, 0.6055241000, 0.6563958000)
(-0.4411715000, 0.6066079000, 0.6613418000)
(-0.4412331000, 0.6063973000, 0.6614991000)
(-0.4409833000, 0.6065831000, 0.6614897000)
(-0.4408749000, 0.6073065000, 0.6608918000)
(-0.4396067000, 0.6083320000, 0.6608012000)
(-0.4397143000, 0.6084759000, 0.6605958000)
(-0.4394785000, 0.6089870000, 0.6602838000)
(-0.4394307000, 0.6094467000, 0.6599010000)
(-0.4381256000, 0.6123434000, 0.6580744000)
(-0.4371040000, 0.6124426000, 0.6586552000)
(-0.4355910000, 0.6130514000, 0.6591070000)
(-0.4372529000, 0.6146860000, 0.6564658000)
(-0.4389435000, 0.6139434000, 0.6560494000)
(-0.4388683000, 0.6134455000, 0.6565502000)
(-0.4368458000, 0.6158627000, 0.6556355000)
(-0.4343006000, 0.6149471000, 0.6581758000)
(-0.4340320000, 0.6145291000, 0.6587531000)
(-0.4368029000, 0.6135744000, 0.6578217000)
(-0.4365045000, 0.6138285000, 0.6577806000)
(-0.4367877000, 0.6136507000, 0.6577582000)
(-0.4338025000, 0.6145682000, 0.6588638000)
(-0.4341935000, 0.6141291000, 0.6590232000)
(-0.4368351000, 0.6126667000, 0.6586445000)
(-0.4388843000, 0.6119503000, 0.6579432000)
(-0.4391052000, 0.6127282000, 0.6570744000)
(-0.4380186000, 0.6143150000, 0.6563039000)
(-0.4386415000, 0.6143944000, 0.6558141000)
(-0.4392357000, 0.6141457000, 0.6556586000)
(-0.4383248000, 0.6153819000, 0.6551083000)
(-0.4381585000, 0.6159460000, 0.6546795000)
(-0.4383211000, 0.6153610000, 0.6551284000)
(-0.4382043000, 0.6169949000, 0.6536719000)
(-0.4379275000, 0.6182684000, 0.6526410000)
(-0.4378007000, 0.6182540000, 0.6527396000)
(-0.4379677000, 0.6176255000, 0.6532269000)
(-0.4382497000, 0.6181217000, 0.6525666000)
(-0.4382804000, 0.6186997000, 0.6519955000)
(-0.4390699000, 0.6186074000, 0.6515590000)
(-0.4399947000, 0.6177602000, 0.6517301000)
(-0.4481620000, 0.6132180000, 0.6504507000)
(0.0000000000, 0.0000000000, 0.0000000000)
(0.0000000000, 0.0000000000, 0.0000000000)
(0.0000000000, 0.0000000000, 0.0000000000)
(0.0000000000, 0.0000000000, 0.0000000000)
(0.0000000000, 0.0000000000, 0.0000000000)
(0.0000000000, 0.0000000000, 0.0000000000)
(0.0000000000, 0.0000000000, 0.0000000000)
(0.0000000000, 0.0000000000, 0.0000000000)
(0.0000000000, 0.0000000000, 0.0000000000)
(0.0000000000, 0.0000000000, 0.0000000000)
(0.0000000000, 0.0000000000, 0.0000000000)
(0.0000000000, 0.0000000000, 0.0000000000)
(-0.4472576000, 0.6140711000, 0.6502823000)
(-0.4462364000, 0.6089072000, 0.6558237000)
(-0.4462674000, 0.6133889000, 0.6515954000)
(-0.4500751000, 0.6166645000, 0.6458687000)
(-0.4429051000, 0.6232699000, 0.6444693000)
(-0.4434877000, 0.6251982000, 0.6421973000)
(-0.4431089000, 0.6215907000, 0.6459590000)
(-0.4366593000, 0.6231796000, 0.6488203000)
(-0.4258942000, 0.6286327000, 0.6507004000)
(-0.4249284000, 0.6293668000, 0.6506180000)
(-0.4250617000, 0.6260514000, 0.6537409000)
(-0.4332281000, 0.6216612000, 0.6525496000)
(-0.4327095000, 0.6234370000, 0.6511998000)
(-0.4324306000, 0.6269063000, 0.6480498000)
(-0.4329619000, 0.6301327000, 0.6445714000)
(-0.4350874000, 0.6274172000, 0.6457719000)
(-0.4245094000, 0.6269905000, 0.6531862000)
(-0.4237231000, 0.6294953000, 0.6512958000)
(-0.4234887000, 0.6265955000, 0.6542395000)
(-0.4250121000, 0.6275395000, 0.6523265000)
(-0.4339273000, 0.6264539000, 0.6474867000)
(-0.4361212000, 0.6264793000, 0.6460041000)
(-0.4363103000, 0.6260449000, 0.6462920000)
(-0.4358205000, 0.6253418000, 0.6472882000)
(-0.4346775000, 0.6253924000, 0.6480234000)
(-0.4359168000, 0.6252784000, 0.6472840000)
(-0.4524907000, 0.6013559000, 0.6584877000)
(-0.4391929000, 0.6026570000, 0.6662664000)
(-0.4393261000, 0.6060134000, 0.6631157000)
(-0.4628605000, 0.5992549000, 0.6531756000)
(-0.4641773000, 0.5991686000, 0.6523192000)
(-0.4515236000, 0.6047674000, 0.6560155000)
(-0.4380435000, 0.6048532000, 0.6650271000)
(-0.4369908000, 0.6068919000, 0.6638477000)
(-0.4439276000, 0.6055841000, 0.6604402000)
(-0.4493484000, 0.6050853000, 0.6572216000)
(-0.4496182000, 0.6051572000, 0.6569693000)
(-0.4493433000, 0.6053063000, 0.6570116000)
(-0.4494558000, 0.6057590000, 0.6565253000)
(-0.4492782000, 0.6059449000, 0.6564894000)
(-0.4491172000, 0.6065156000, 0.6560727000)
(-0.4483007000, 0.6072518000, 0.6559424000)
(-0.4480194000, 0.6084808000, 0.6549985000)
(-0.4478712000, 0.6088959000, 0.6547012000)
(-0.4495281000, 0.6091144000, 0.6533696000)
(-0.4509493000, 0.6093055000, 0.6522151000)
(-0.4516368000, 0.6091880000, 0.6518509000)
(-0.4516955000, 0.6085336000, 0.6524113000)
(-0.4501713000, 0.6091827000, 0.6528555000)
(-0.4484673000, 0.6082251000, 0.6549267000)
(-0.4489221000, 0.6086282000, 0.6542406000)
(-0.4438439000, 0.6048265000, 0.6611965000)
(-0.4488230000, 0.5983423000, 0.6637273000)
(-0.4511470000, 0.5973582000, 0.6630287000)
(-0.4542585000, 0.5961825000, 0.6619673000)
(-0.4516652000, 0.5970483000, 0.6629589000)
(-0.4564459000, 0.5958644000, 0.6607468000)
(-0.4568374000, 0.5955014000, 0.6607931000)
(-0.4578137000, 0.5949790000, 0.6605942000)
(-0.4563392000, 0.5963048000, 0.6604262000)
(-0.4563890000, 0.5961624000, 0.6605232000)
(-0.4558021000, 0.5968010000, 0.6603451000)
(-0.4554963000, 0.5972705000, 0.6601273000)
(-0.4510611000, 0.5979033000, 0.6625935000)
(-0.4486170000, 0.5987933000, 0.6634578000)
(-0.4514807000, 0.5986493000, 0.6616469000)
(-0.4555348000, 0.5981921000, 0.6592676000)
(-0.4554700000, 0.5988165000, 0.6587395000)
(-0.4556617000, 0.5989931000, 0.6584488000)
(-0.4554351000, 0.5994478000, 0.6582064000)
(-0.4568053000, 0.5984694000, 0.6581305000)
(-0.4583344000, 0.5994370000, 0.6561922000)
(-0.4579136000, 0.5993621000, 0.6565462000)
(-0.4563076000, 0.6007173000, 0.6564419000)
(-0.4547999000, 0.6014326000, 0.6568314000)
(-0.4551919000, 0.6011618000, 0.6567993000)
(-0.4551520000, 0.6010058000, 0.6569750000)
(-0.4535075000, 0.6026953000, 0.6565698000)
(-0.4532081000, 0.6026514000, 0.6568133000)
(-0.4547842000, 0.6015240000, 0.6567479000)
(-0.4565969000, 0.6018180000, 0.6552199000)
(-0.4563755000, 0.6036011000, 0.6537370000)
(-0.4553409000, 0.6025097000, 0.6554701000)
(-0.4547508000, 0.6008813000, 0.6573696000)
(-0.4538495000, 0.5997621000, 0.6590132000)
(-0.4502715000, 0.6000072000, 0.6612287000)
(-0.4486260000, 0.6008784000, 0.6615556000)
(-0.4494247000, 0.6012884000, 0.6606541000)
(-0.4503531000, 0.6013238000, 0.6599830000)
(-0.4514350000, 0.6032993000, 0.6574419000)
(-0.4512172000, 0.6027409000, 0.6581010000)
(-0.4476382000, 0.6048446000, 0.6586087000)
(-0.4452382000, 0.6037945000, 0.6611844000)
(-0.4440996000, 0.6062992000, 0.6596624000)
(-0.4468550000, 0.6073685000, 0.6568116000)
(-0.4541690000, 0.6089784000, 0.6502741000)
(-0.4473451000, 0.6061575000, 0.6575929000)
(-0.4362018000, 0.6073099000, 0.6639954000)
(-0.4420614000, 0.6031447000, 0.6639149000)
(-0.4418651000, 0.6035447000, 0.6636829000)
(-0.4391205000, 0.6037987000, 0.6652618000)
(-0.4343280000, 0.6070188000, 0.6654892000)
(-0.4336181000, 0.6072409000, 0.6657506000)
(-0.4332279000, 0.6077721000, 0.6655055000)
(-0.4326498000, 0.6078305000, 0.6658307000)
(-0.4324132000, 0.6079888000, 0.6658573000)
(-0.4321809000, 0.6089741000, 0.6650922000)
(-0.4323005000, 0.6101221000, 0.6639613000)
(-0.4336062000, 0.6102672000, 0.6629828000)
(-0.4342320000, 0.6097510000, 0.6630353000)
(-0.4342958000, 0.6105521000, 0.6622773000)
(-0.4338789000, 0.6107258000, 0.6623880000)
(-0.4343637000, 0.6120990000, 0.6608016000)
(-0.4346926000, 0.6125816000, 0.6601236000)
(-0.4339569000, 0.6124133000, 0.6607718000)
(-0.4337805000, 0.6123772000, 0.6609249000)
(-0.4373941000, 0.6083198000, 0.6622780000)
(-0.4370863000, 0.6081397000, 0.6626517000)
(-0.4366951000, 0.6082151000, 0.6628373000)
(-0.4360284000, 0.6091774000, 0.6623843000)
(-0.4336203000, 0.6102310000, 0.6630062000)
(-0.4317039000, 0.6125724000, 0.6620921000)
(-0.4316857000, 0.6134525000, 0.6612868000)
(-0.4315186000, 0.6135472000, 0.6613091000)
(-0.4330647000, 0.6094963000, 0.6640499000)
(-0.4327392000, 0.6072600000, 0.6663056000)
(-0.4334315000, 0.6084054000, 0.6647975000)
(-0.4347178000, 0.6104279000, 0.6621092000)
(-0.4326108000, 0.6151218000, 0.6591280000)
(-0.4324514000, 0.6138063000, 0.6604665000)
(-0.4321189000, 0.6130858000, 0.6613502000)
(-0.4310371000, 0.6135976000, 0.6615794000)
(-0.4305990000, 0.6140869000, 0.6614239000)
(-0.4307464000, 0.6137742000, 0.6616045000)
(-0.4277303000, 0.6167194000, 0.6608199000)
(-0.4325136000, 0.6130108000, 0.6611559000)
(-0.4298610000, 0.6221228000, 0.6543458000)
(0.0000000000, 0.0000000000, 0.0000000000)
(0.0000000000, 0.0000000000, 0.0000000000)
(0.0000000000, 0.0000000000, 0.0000000000)
(0.0000000000, 0.0000000000, 0.0000000000)
(0.0000000000, 0.0000000000, 0.0000000000)
(0.0000000000, 0.0000000000, 0.0000000000)
(0.0000000000, 0.0000000000, 0.0000000000)
(0.0000000000, 0.0000000000, 0.0000000000)
(0.0000000000, 0.0000000000, 0.0000000000)
(0.0000000000, 0.0000000000, 0.0000000000)
(-0.4323935000, 0.5941725000, 0.6782236000)
(-0.4420307000, 0.5787500000, 0.6853148000)
(-0.4531590000, 0.5787429000, 0.6780024000)
(-0.4509794000, 0.5820152000, 0.6766602000)
(-0.4491342000, 0.5852777000, 0.6750619000)
(-0.4454992000, 0.5950074000, 0.6689413000)
(-0.4455851000, 0.5927447000, 0.6708999000)
(-0.4420310000, 0.5928366000, 0.6731483000)
(-0.4395235000, 0.5992786000, 0.6690843000)
(-0.4375785000, 0.6017211000, 0.6681700000)
(-0.4494714000, 0.5893984000, 0.6712544000)
(-0.4506760000, 0.5882960000, 0.6714078000)
(-0.4505707000, 0.5907298000, 0.6693437000)
(-0.4422655000, 0.5988628000, 0.6676440000)
(-0.4382529000, 0.6030611000, 0.6665115000)
(-0.4373466000, 0.6038292000, 0.6664032000)
(-0.4367100000, 0.6044152000, 0.6662916000)
(-0.4265514000, 0.6145097000, 0.6636441000)
(-0.4264419000, 0.6131882000, 0.6649345000)
(-0.4250652000, 0.6138978000, 0.6651488000)
(-0.4389427000, 0.6059555000, 0.6634198000)
(-0.4424731000, 0.6044319000, 0.6624591000)
(-0.4434904000, 0.6038285000, 0.6623328000)
(-0.4433078000, 0.6034450000, 0.6628164000)
(-0.4356074000, 0.6058722000, 0.6656902000)
(-0.4352688000, 0.6062503000, 0.6655754000)
(-0.4362634000, 0.6048207000, 0.6662313000)
(-0.4302268000, 0.6045023000, 0.6704295000)
(-0.4265930000, 0.6051601000, 0.6721428000)
(-0.4271195000, 0.6037845000, 0.6730427000)
(-0.4318902000, 0.6034986000, 0.6702552000)
(-0.4378505000, 0.6031423000, 0.6667070000)
(-0.4386187000, 0.6040360000, 0.6653876000)
(-0.4394360000, 0.6056964000, 0.6633345000)
(-0.4390812000, 0.6061648000, 0.6631436000)
(-0.4496914000, 0.6042187000, 0.6577852000)
(-0.4493802000, 0.6066860000, 0.6557127000)
(-0.4493963000, 0.6028239000, 0.6592686000)
(-0.4492604000, 0.6031279000, 0.6590711000)
(-0.4365893000, 0.6081640000, 0.6629604000)
(-0.4364679000, 0.6083607000, 0.6628544000)
(-0.4353081000, 0.6092013000, 0.6628466000)
(-0.4347841000, 0.6097414000, 0.6626832000)
(-0.4347345000, 0.6103947000, 0.6621169000)
(-0.4345349000, 0.6099937000, 0.6626292000)
(-0.4346299000, 0.6099573000, 0.6626035000)
(-0.4360025000, 0.6100464000, 0.6616045000)
(-0.4364325000, 0.6107849000, 0.6606377000)
(-0.4368339000, 0.6093378000, 0.6617262000)
(-0.4415295000, 0.6043540000, 0.6631762000)
(-0.4417725000, 0.6044136000, 0.6629604000)
(-0.4370021000, 0.6081055000, 0.6627480000)
(-0.4352133000, 0.6105084000, 0.6617134000)
(-0.4355911000, 0.6105521000, 0.6614163000)
(-0.4362073000, 0.6113478000, 0.6602741000)
(-0.4364412000, 0.6117082000, 0.6597918000)
(-0.4358495000, 0.6124733000, 0.6594559000)
(-0.4358304000, 0.6125051000, 0.6594401000)
(-0.4358767000, 0.6115771000, 0.6602714000)
(-0.4354561000, 0.6121057000, 0.6600699000)
(-0.4344923000, 0.6112782000, 0.6614758000)
(-0.4332596000, 0.6114040000, 0.6621502000)
(-0.4331835000, 0.6111588000, 0.6624354000)
(-0.4347980000, 0.6101145000, 0.6623331000)
(-0.4348552000, 0.6113899000, 0.6611284000)
(-0.4347998000, 0.6115394000, 0.6610222000)
(-0.4344412000, 0.6115844000, 0.6612170000)
(-0.4344990000, 0.6112191000, 0.6615295000)
(-0.4351281000, 0.6114177000, 0.6609271000)
(-0.4347848000, 0.6112539000, 0.6613070000)
(-0.4348798000, 0.6113172000, 0.6611828000)
(-0.4349285000, 0.6124097000, 0.6601306000)
(-0.4333844000, 0.6142778000, 0.6594222000)
(-0.4411778000, 0.6011641000, 0.6662928000)
(-0.4393416000, 0.6027800000, 0.6660376000)
(-0.4397885000, 0.6010652000, 0.6673093000)
(-0.4319870000, 0.6088324000, 0.6653616000)
(-0.4321034000, 0.6092942000, 0.6648641000)
(-0.4336957000, 0.6066253000, 0.6662641000)
(-0.4371811000, 0.6040828000, 0.6662790000)
(-0.4372364000, 0.6052203000, 0.6652257000)
(-0.4308313000, 0.6104867000, 0.6645936000)
(-0.4291345000, 0.6113172000, 0.6649303000)
(-0.4294056000, 0.6111135000, 0.6649231000)
(-0.4300117000, 0.6122620000, 0.6634937000)
(-0.4303626000, 0.6121002000, 0.6634113000)
(-0.4316292000, 0.6126047000, 0.6621140000)
(-0.4316949000, 0.6128820000, 0.6618063000)
(-0.4323464000, 0.6142297000, 0.6601339000)
(-0.4329416000, 0.6143135000, 0.6596599000)
(-0.4337165000, 0.6138483000, 0.6595879000)
(-0.4332334000, 0.6147697000, 0.6590541000)
(-0.4325669000, 0.6145183000, 0.6597353000)
(-0.4329711000, 0.6142406000, 0.6597291000)
(-0.4337782000, 0.6149539000, 0.6585159000)
(-0.4342687000, 0.6162681000, 0.6569812000)
(-0.4329428000, 0.6158466000, 0.6582428000)
(-0.4321515000, 0.6161546000, 0.6584731000)
(-0.4327744000, 0.6167587000, 0.6574847000)
(-0.4336409000, 0.6163929000, 0.6572579000)
(-0.4319185000, 0.6183316000, 0.6565733000)
(-0.4288083000, 0.6162732000, 0.6605321000)
(-0.4294858000, 0.6218449000, 0.6548595000)
(-0.4333460000, 0.6199675000, 0.6540872000)
(-0.4360380000, 0.6206579000, 0.6516411000)
(-0.4338789000, 0.6197425000, 0.6539484000)
(-0.4338397000, 0.6208687000, 0.6528999000)
(-0.4342783000, 0.6247311000, 0.6489228000)
(-0.4381241000, 0.6273754000, 0.6437756000)
(-0.4375188000, 0.6247861000, 0.6466962000)
(-0.4372506000, 0.6244436000, 0.6472000000)
(-0.4322352000, 0.6196195000, 0.6551567000)
(-0.4310255000, 0.6198273000, 0.6557617000)
(-0.4312772000, 0.6194959000, 0.6559113000)
(-0.4532957000, 0.6029310000, 0.6564877000)
(-0.4529613000, 0.6062412000, 0.6536650000)
(-0.4547150000, 0.6077093000, 0.6510745000)
(-0.4540679000, 0.6070384000, 0.6521642000)
(-0.4510625000, 0.6085808000, 0.6528096000)
(-0.4496944000, 0.6083712000, 0.6539422000)
(-0.4487795000, 0.6078797000, 0.6550196000)
(-0.4484362000, 0.6066234000, 0.6564200000)
(-0.4477311000, 0.6106055000, 0.6532081000)
(-0.4473100000, 0.6096430000, 0.6543849000)
(-0.4470769000, 0.6080593000, 0.6560215000)
(-0.4457764000, 0.6086984000, 0.6563246000)
(-0.4398644000, 0.6061819000, 0.6626033000)
(-0.4242670000, 0.6026147000, 0.6758897000)
(-0.4258352000, 0.6037550000, 0.6738815000)
(-0.4254336000, 0.6039065000, 0.6740001000)
(-0.4255477000, 0.6038198000, 0.6740097000)
(-0.4257485000, 0.6030200000, 0.6746131000)
(-0.4259255000, 0.6027719000, 0.6747110000)
(-0.4257604000, 0.6037424000, 0.6739418000)
(-0.4273930000, 0.6091893000, 0.6679932000)
(-0.4280785000, 0.6091600000, 0.6675680000)
(-0.4281083000, 0.6098807000, 0.6668991000)
(-0.4275094000, 0.6085188000, 0.6685286000)
(-0.4276903000, 0.6089645000, 0.6680044000)
(-0.4279687000, 0.6066911000, 0.6698957000)
(-0.4276398000, 0.6066020000, 0.6701737000)
(-0.4276841000, 0.6070173000, 0.6697713000)
(-0.4274461000, 0.6074966000, 0.6694996000)
(-0.4277377000, 0.6093411000, 0.6676195000)
(-0.4296872000, 0.6094304000, 0.6662832000)
(0.0000000000, 0.0000000000, 0.0000000000)
(0.0000000000, 0.0000000000, 0.0000000000)
(0.0000000000, 0.0000000000, 0.0000000000)
(0.0000000000, 0.0000000000, 0.0000000000)
(0.0000000000, 0.0000000000, 0.0000000000)
(0.0000000000, 0.0000000000, 0.0000000000)
(0.0000000000, 0.0000000000, 0.0000000000)
(0.0000000000, 0.0000000000, 0.0000000000)
(0.0000000000, 0.0000000000, 0.0000000000)
(0.0000000000, 0.0000000000, 0.0000000000)
(0.0000000000, 0.0000000000, 0.0000000000)
(-0.4443072000, 0.5879983000, 0.6758878000)
(-0.4489020000, 0.5813585000, 0.6786059000)
(-0.4454947000, 0.5957611000, 0.6682744000)
(-0.4469800000, 0.5970703000, 0.6661101000)
(-0.4429548000, 0.6017126000, 0.6646093000)
(-0.4391721000, 0.6051313000, 0.6640258000)
(-0.4321356000, 0.6119577000, 0.6623719000)
(-0.4319547000, 0.6110289000, 0.6633546000)
(-0.4326994000, 0.6103561000, 0.6635007000)
(-0.4332940000, 0.6099008000, 0.6635169000)
(-0.4223476000, 0.6187005000, 0.6624371000)
(-0.4231945000, 0.6169853000, 0.6634902000)
(-0.4300338000, 0.6133685000, 0.6624456000)
(-0.4487251000, 0.6009952000, 0.6613957000)
(-0.4493112000, 0.6029293000, 0.6592318000)
(-0.4376535000, 0.6085032000, 0.6619368000)
(-0.4355269000, 0.6093117000, 0.6626002000)
(-0.4404708000, 0.6072751000, 0.6611917000)
(-0.4409773000, 0.6070512000, 0.6610702000)
(-0.4367310000, 0.6098350000, 0.6613236000)
(-0.4357634000, 0.6102927000, 0.6615336000)
(-0.4351160000, 0.6104484000, 0.6618145000)
(-0.4355210000, 0.6099773000, 0.6619992000)
(-0.4339184000, 0.6106358000, 0.6624334000)
(-0.4328831000, 0.6100535000, 0.6636477000)
(-0.4329735000, 0.6099455000, 0.6636916000)
(-0.4349020000, 0.6099517000, 0.6624320000)
(-0.4359724000, 0.6087148000, 0.6628537000)
(-0.4357284000, 0.6090849000, 0.6626870000)
(-0.4353495000, 0.6080536000, 0.6638755000)
(-0.4360265000, 0.6076813000, 0.6637577000)
(-0.4325736000, 0.6071067000, 0.6665585000)
(-0.4315283000, 0.6050401000, 0.6691076000)
(-0.4351383000, 0.6051744000, 0.6666451000)
(-0.4352180000, 0.6054249000, 0.6663553000)
(-0.4329369000, 0.6067130000, 0.6666654000)
(-0.4326992000, 0.6067912000, 0.6667441000)
(-0.4313718000, 0.6070585000, 0.6673741000)
(-0.4317790000, 0.6063814000, 0.6677331000)
(-0.4320361000, 0.6059252000, 0.6679673000)
(-0.4332977000, 0.6054601000, 0.6675767000)
(-0.4338417000, 0.6058317000, 0.6668789000)
(-0.4348095000, 0.6053243000, 0.6667194000)
(-0.4336680000, 0.6055008000, 0.6672900000)
(-0.4330275000, 0.6053082000, 0.6678775000)
(-0.4345519000, 0.6042585000, 0.6678411000)
(-0.4340318000, 0.6048338000, 0.6676660000)
(-0.4344095000, 0.6060202000, 0.6663529000)
(-0.4348920000, 0.6058998000, 0.6661263000)
(-0.4351523000, 0.6051575000, 0.6666525000)
(-0.4355572000, 0.6052051000, 0.6663347000)
(-0.4352774000, 0.6053022000, 0.6664311000)
(-0.4336596000, 0.6075568000, 0.6654244000)
(-0.4316680000, 0.6100821000, 0.6644100000)
(-0.4318551000, 0.6110781000, 0.6633831000)
(-0.4395747000, 0.6077947000, 0.6613171000)
(-0.4433631000, 0.6082817000, 0.6583350000)
(-0.4404321000, 0.6094964000, 0.6591687000)
(-0.4337112000, 0.6111041000, 0.6621469000)
(-0.4338591000, 0.6115751000, 0.6615986000)
(-0.4345210000, 0.6096834000, 0.6629184000)
(-0.4348351000, 0.6099457000, 0.6624613000)
(-0.4347271000, 0.6097256000, 0.6627370000)
(-0.4386151000, 0.6084683000, 0.6613323000)
(-0.4441320000, 0.6087032000, 0.6574219000)
(-0.4446152000, 0.6092263000, 0.6566235000)
(-0.4441162000, 0.6098779000, 0.6563545000)
(-0.4376426000, 0.6092771000, 0.6612344000)
(-0.4381571000, 0.6094828000, 0.6606961000)
(-0.4375983000, 0.6097311000, 0.6608523000)
(-0.4358394000, 0.6101415000, 0.6616269000)
(-0.4430214000, 0.6058577000, 0.6608006000)
(-0.4445270000, 0.6041638000, 0.6613263000)
(-0.4420080000, 0.6041752000, 0.6630144000)
(-0.4444955000, 0.6030844000, 0.6623518000)
(-0.4421951000, 0.6017597000, 0.6650755000)
(-0.4381741000, 0.6034643000, 0.6661955000)
(-0.4423019000, 0.6026167000, 0.6642320000)
(-0.4421612000, 0.6025191000, 0.6644206000)
(-0.4409994000, 0.6032810000, 0.6645044000)
(-0.4313948000, 0.6079302000, 0.6665690000)
(-0.4315987000, 0.6082508000, 0.6661356000)
(-0.4327270000, 0.6081132000, 0.6655384000)
(-0.4324516000, 0.6085404000, 0.6653123000)
(-0.4314319000, 0.6096058000, 0.6650001000)
(-0.4296089000, 0.6114135000, 0.6645308000)
(-0.4301496000, 0.6118447000, 0.6637830000)
(-0.4314136000, 0.6110070000, 0.6637202000)
(-0.4316008000, 0.6121484000, 0.6625547000)
(-0.4290217000, 0.6137223000, 0.6627640000)
(-0.4297372000, 0.6179621000, 0.6583568000)
(-0.4353864000, 0.6158730000, 0.6565935000)
(-0.4369835000, 0.6156261000, 0.6557683000)
(-0.4340520000, 0.6215017000, 0.6521544000)
(-0.4330104000, 0.6211980000, 0.6531368000)
(-0.4326554000, 0.6184899000, 0.6559342000)
(-0.4332139000, 0.6188647000, 0.6552296000)
(-0.4365130000, 0.6083886000, 0.6628070000)
(-0.4337657000, 0.5985317000, 0.6735021000)
(-0.4343278000, 0.5970411000, 0.6744525000)
(-0.4339619000, 0.6021788000, 0.6701168000)
(-0.4328364000, 0.6026584000, 0.6704102000)
(-0.4330200000, 0.6029569000, 0.6700053000)
(-0.4322828000, 0.6033204000, 0.6701651000)
(-0.4320706000, 0.6027715000, 0.6708048000)
(-0.4320987000, 0.6032857000, 0.6703237000)
(-0.4331448000, 0.6030709000, 0.6698335000)
(-0.4323960000, 0.6039723000, 0.6694965000)
(-0.4326184000, 0.6037078000, 0.6695912000)
(-0.4324417000, 0.6049781000, 0.6685637000)
(-0.4321746000, 0.6057131000, 0.6680674000)
(-0.4322054000, 0.6068090000, 0.6670494000)
(-0.4320647000, 0.6067653000, 0.6671836000)
(-0.4320708000, 0.6068570000, 0.6670937000)
(-0.4320454000, 0.6067523000, 0.6672094000)
(-0.4325590000, 0.6073709000, 0.6663272000)
(-0.4324937000, 0.6079577000, 0.6658341000)
(-0.4318430000, 0.6082839000, 0.6659472000)
(-0.4380302000, 0.6109905000, 0.6593975000)
(-0.4375815000, 0.6117448000, 0.6590010000)
(-0.4389098000, 0.6117278000, 0.6581326000)
(-0.4304724000, 0.6124849000, 0.6629896000)
(-0.4290116000, 0.6138004000, 0.6627069000)
(-0.4298545000, 0.6143973000, 0.6616025000)
(-0.4297363000, 0.6164134000, 0.6598071000)
(-0.4301026000, 0.6172978000, 0.6587430000)
(-0.4313643000, 0.6148323000, 0.6602097000)
(-0.4340656000, 0.6134387000, 0.6597444000)
(-0.4356755000, 0.6140584000, 0.6581042000)
(-0.4367780000, 0.6140988000, 0.6573369000)
(-0.4310801000, 0.6154037000, 0.6598781000)
(-0.4408211000, 0.6128446000, 0.6558022000)
(-0.4457803000, 0.6101224000, 0.6549841000)
(-0.4457820000, 0.6100944000, 0.6550096000)
(-0.4440659000, 0.6103039000, 0.6559758000)
(-0.4310218000, 0.6144834000, 0.6607736000)
(-0.4313218000, 0.6159158000, 0.6592318000)
(-0.4349190000, 0.6139903000, 0.6586772000)
(-0.4485737000, 0.6045303000, 0.6582726000)
(-0.4478263000, 0.6043219000, 0.6589701000)
(-0.4477817000, 0.6037965000, 0.6594847000)
(-0.4441290000, 0.6044974000, 0.6612907000)
(-0.4337222000, 0.6085495000, 0.6644792000)
(-0.4339979000, 0.6083896000, 0.6644498000)
(-0.4343907000, 0.6084877000, 0.6640939000)
(-0.4342698000, 0.6080595000, 0.6645823000)
(-0.4337518000, 0.6088075000, 0.6642345000)
(-0.4349375000, 0.6085354000, 0.6637075000)
(-0.4343050000, 0.6085161000, 0.6641212000)
(-0.4338688000, 0.6083706000, 0.6645550000)
(-0.4334550000, 0.6085562000, 0.6646481000)
(-0.4352184000, 0.6078014000, 0.6641937000)
(-0.4355837000, 0.6079367000, 0.6638283000)
(-0.4350574000, 0.6077974000, 0.6642870000)
(-0.4353293000, 0.6086936000, 0.6632987000)
(-0.4352470000, 0.6093991000, 0.6627022000)
(-0.4353229000, 0.6100450000, 0.6620601000)
(-0.4349450000, 0.6106899000, 0.6617127000)
(-0.4336535000, 0.6110270000, 0.6622539000)
(-0.4306108000, 0.6117417000, 0.6635718000)
(-0.4191555000, 0.6149495000, 0.6679397000)
(-0.4136935000, 0.6200387000, 0.6666387000)
(0.0000000000, 0.0000000000, 0.0000000000)
(0.0000000000, 0.0000000000, 0.0000000000)
(0.0000000000, 0.0000000000, 0.0000000000)
(0.0000000000, 0.0000000000, 0.0000000000)
(0.0000000000, 0.0000000000, 0.0000000000)
(0.0000000000, 0.0000000000, 0.0000000000)
(0.0000000000, 0.0000000000, 0.0000000000)
(0.0000000000, 0.0000000000, 0.0000000000)
(0.0000000000, 0.0000000000, 0.0000000000)
(0.0000000000, 0.0000000000, 0.0000000000)
(0.0000000000, 0.0000000000, 0.0000000000)
(-0.4323722000, 0.6009488000, 0.6722358000)
(-0.4410668000, 0.6038878000, 0.6639060000)
(-0.4313746000, 0.6152009000, 0.6598793000)
(-0.4355059000, 0.6110578000, 0.6609981000)
(-0.4397492000, 0.6040294000, 0.6646541000)
(-0.4404303000, 0.6090310000, 0.6596114000)
(-0.4457836000, 0.6080843000, 0.6568896000)
(-0.4214749000, 0.6215697000, 0.6603070000)
(-0.4212981000, 0.6227075000, 0.6593370000)
(-0.4213431000, 0.6228696000, 0.6591522000)
(-0.4315979000, 0.6211930000, 0.6540810000)
(-0.4311470000, 0.6212434000, 0.6543329000)
(-0.4303978000, 0.6205170000, 0.6555248000)
(-0.4291132000, 0.6212630000, 0.6556423000)
(-0.4297632000, 0.6209318000, 0.6555505000)
(-0.4317347000, 0.6215663000, 0.6536334000)
(-0.4335897000, 0.6213220000, 0.6526335000)
(-0.4288454000, 0.6225150000, 0.6546480000)
(-0.4272057000, 0.6246247000, 0.6537006000)
(-0.4260691000, 0.6133636000, 0.6650034000)
(-0.4262528000, 0.6169681000, 0.6615552000)
(-0.4292706000, 0.6128876000, 0.6633744000)
(-0.4357526000, 0.6093376000, 0.6624339000)
(-0.4350378000, 0.6096166000, 0.6626420000)
(-0.4344141000, 0.6095219000, 0.6631451000)
(-0.4340806000, 0.6099445000, 0.6629646000)
(-0.4334008000, 0.6099660000, 0.6633924000)
(-0.4334879000, 0.6101530000, 0.6631597000)
(-0.4331278000, 0.6098264000, 0.6637087000)
(-0.4333565000, 0.6095188000, 0.6638288000)
(-0.4345417000, 0.6080602000, 0.6644069000)
(-0.4346934000, 0.6086038000, 0.6637873000)
(-0.4348438000, 0.6077640000, 0.6644636000)
(-0.4348557000, 0.6078721000, 0.6643534000)
(-0.4335003000, 0.6089137000, 0.6642854000)
(-0.4330473000, 0.6090471000, 0.6644580000)
(-0.4335683000, 0.6101667000, 0.6630886000)
(-0.4329468000, 0.6115589000, 0.6622232000)
(-0.4332815000, 0.6119792000, 0.6616208000)
(-0.4327911000, 0.6138091000, 0.6602456000)
(-0.4337523000, 0.6135600000, 0.6598428000)
(-0.4342009000, 0.6123388000, 0.6606855000)
(-0.4341120000, 0.6115567000, 0.6614501000)
(-0.4337882000, 0.6119044000, 0.6613557000)
(-0.4337688000, 0.6126881000, 0.6606428000)
(-0.4336533000, 0.6122587000, 0.6611064000)
(-0.4332495000, 0.6137201000, 0.6600237000)
(-0.4326836000, 0.6149139000, 0.6592851000)
(-0.4319693000, 0.6150375000, 0.6596403000)
(-0.4315166000, 0.6150202000, 0.6599351000)
(-0.4317747000, 0.6151800000, 0.6596321000)
(-0.4309706000, 0.6160196000, 0.6593674000)
(-0.4302574000, 0.6159958000, 0.6598640000)
(-0.4304491000, 0.6178529000, 0.6579865000)
(-0.4291977000, 0.6198491000, 0.6569348000)
(-0.4287023000, 0.6208408000, 0.6563163000)
(-0.4218992000, 0.6204250000, 0.6610934000)
(-0.4295242000, 0.6113620000, 0.6646342000)
(-0.4289275000, 0.6107007000, 0.6656125000)
(-0.4293967000, 0.6108454000, 0.6651869000)
(-0.4316936000, 0.5995548000, 0.6739045000)
(-0.4280930000, 0.5982131000, 0.6773852000)
(-0.4311213000, 0.5953037000, 0.6780350000)
(-0.4307446000, 0.6006075000, 0.6735901000)
(-0.4346757000, 0.6028021000, 0.6690740000)
(-0.4325640000, 0.6037287000, 0.6696195000)
(-0.4309766000, 0.6038901000, 0.6704881000)
(-0.4294965000, 0.6005993000, 0.6743987000)
(-0.4272826000, 0.6003956000, 0.6759683000)
(-0.4273670000, 0.5985531000, 0.6775520000)
(-0.4275121000, 0.5995310000, 0.6765909000)
(-0.4280305000, 0.6035610000, 0.6726626000)
(-0.4285784000, 0.6035058000, 0.6723735000)
(-0.4281167000, 0.6036761000, 0.6725184000)
(-0.4297249000, 0.6041673000, 0.6710542000)
(-0.4294153000, 0.6046051000, 0.6708524000)
(-0.4301055000, 0.6046522000, 0.6703659000)
(-0.4304899000, 0.6049857000, 0.6698130000)
(-0.4295414000, 0.6068594000, 0.6687252000)
(-0.4298598000, 0.6082977000, 0.6672145000)
(-0.4277447000, 0.6046125000, 0.6719009000)
(-0.4291743000, 0.6037362000, 0.6717837000)
(-0.4320003000, 0.6081448000, 0.6659835000)
(-0.4314789000, 0.6099572000, 0.6646463000)
(-0.4338090000, 0.6172255000, 0.6563730000)
(-0.4327093000, 0.6179571000, 0.6564054000)
(-0.4312644000, 0.6184965000, 0.6568483000)
(-0.4298518000, 0.6129496000, 0.6629627000)
(-0.4300588000, 0.6101571000, 0.6653893000)
(-0.4300246000, 0.6092600000, 0.6662415000)
(-0.4253616000, 0.6060271000, 0.6721436000)
(-0.4298691000, 0.6088253000, 0.6667365000)
(-0.4299772000, 0.6093505000, 0.6661911000)
(-0.4285111000, 0.6089431000, 0.6675035000)
(-0.4281484000, 0.6079621000, 0.6686313000)
(-0.4266207000, 0.6070255000, 0.6704468000)
(-0.4260534000, 0.6058409000, 0.6718839000)
(-0.4247778000, 0.6056920000, 0.6728291000)
(-0.4274061000, 0.6139303000, 0.6636220000)
(-0.4277015000, 0.6150974000, 0.6623615000)
(-0.4295151000, 0.6171214000, 0.6592988000)
(-0.4325756000, 0.6141633000, 0.6600413000)
(-0.4353055000, 0.6113765000, 0.6608413000)
(-0.4357662000, 0.6108617000, 0.6610039000)
(-0.4340983000, 0.6103521000, 0.6625739000)
(-0.4330294000, 0.6106359000, 0.6630158000)
(-0.4344130000, 0.6111923000, 0.6616099000)
(-0.4343675000, 0.6117600000, 0.6611015000)
(-0.4343939000, 0.6117576000, 0.6610866000)
(-0.4346335000, 0.6119981000, 0.6606995000)
(-0.4344088000, 0.6122989000, 0.6605812000)
(-0.4297526000, 0.6134816000, 0.6625221000)
(-0.4253987000, 0.6124551000, 0.6662767000)
(-0.4176837000, 0.6109489000, 0.6725090000)
(-0.4386282000, 0.6076361000, 0.6620911000)
(-0.4346928000, 0.6081372000, 0.6642234000)
(-0.4311252000, 0.6100529000, 0.6647902000)
(-0.4283564000, 0.6115513000, 0.6652009000)
(-0.4279631000, 0.6117245000, 0.6653016000)
(-0.4331271000, 0.6086456000, 0.6647796000)
(-0.4322760000, 0.6095226000, 0.6645386000)
(-0.4365034000, 0.6094022000, 0.6618864000)
(-0.4383208000, 0.6089398000, 0.6610968000)
(-0.4370096000, 0.6098985000, 0.6610743000)
(-0.4339322000, 0.6127086000, 0.6605116000)
(-0.4358631000, 0.5944004000, 0.6757836000)
(-0.4297306000, 0.6010643000, 0.6738262000)
(-0.4295898000, 0.6015532000, 0.6734820000)
(-0.4309409000, 0.6017612000, 0.6724293000)
(-0.4319224000, 0.6027892000, 0.6708658000)
(-0.4358565000, 0.6015889000, 0.6694027000)
(-0.4353299000, 0.6025354000, 0.6688932000)
(-0.4367138000, 0.6054834000, 0.6653311000)
(-0.4392958000, 0.6041606000, 0.6648245000)
(-0.4390398000, 0.6056873000, 0.6636066000)
(-0.4375485000, 0.6089485000, 0.6616064000)
(-0.4357364000, 0.6087549000, 0.6629704000)
(-0.4375275000, 0.6045382000, 0.6656420000)
(-0.4371029000, 0.6081346000, 0.6626332000)
(-0.4348733000, 0.6104980000, 0.6619276000)
(-0.4352102000, 0.6109408000, 0.6613045000)
(-0.4301700000, 0.6119188000, 0.6636922000)
(-0.4366394000, 0.6108814000, 0.6604101000)
(-0.4381565000, 0.6092131000, 0.6609479000)
(-0.4343353000, 0.6134969000, 0.6595166000)
(-0.4337903000, 0.6145801000, 0.6588680000)
(-0.4341050000, 0.6152290000, 0.6580606000)
(-0.4354719000, 0.6060256000, 0.6656431000)
(-0.4277225000, 0.6097838000, 0.6672454000)
(-0.4320218000, 0.6083707000, 0.6657582000)
(-0.4357691000, 0.6072130000, 0.6643564000)
(-0.4340207000, 0.6080898000, 0.6647017000)
(-0.4346503000, 0.6088026000, 0.6636499000)
(-0.4353527000, 0.6094192000, 0.6626116000)
(-0.4356585000, 0.6099453000, 0.6619312000)
(-0.4376424000, 0.6094912000, 0.6610481000)
(-0.4415288000, 0.6061445000, 0.6615440000)
(-0.4421216000, 0.6054681000, 0.6617666000)
(-0.4294095000, 0.6042919000, 0.6711444000)
(-0.4395746000, 0.6015434000, 0.6670115000)
(-0.4389322000, 0.6031021000, 0.6660264000)
(-0.4320905000, 0.6053798000, 0.6684263000)
(-0.4319846000, 0.6052101000, 0.6686565000)
(-0.4321783000, 0.6047420000, 0.6689518000)
(-0.4330010000, 0.6045145000, 0.6686225000)
(-0.4335732000, 0.6050631000, 0.6677442000)
(-0.4345838000, 0.6037251000, 0.6682987000)
(-0.4341300000, 0.6049558000, 0.6675001000)
(-0.4342237000, 0.6053348000, 0.6670756000)
(-0.4338574000, 0.6058598000, 0.6668468000)
(-0.4325423000, 0.6070256000, 0.6666504000)
(-0.4326914000, 0.6070160000, 0.6665597000)
(-0.4368797000, 0.6055294000, 0.6651735000)
(-0.4380228000, 0.6053168000, 0.6646143000)
(-0.4373613000, 0.6072528000, 0.6632782000)
(-0.4348806000, 0.6061281000, 0.6659309000)
(-0.4329593000, 0.6099684000, 0.6636845000)
(-0.4341934000, 0.6085911000, 0.6641282000)
(-0.4342327000, 0.6095634000, 0.6632247000)
(-0.4337556000, 0.6103835000, 0.6627859000)
(-0.4308050000, 0.6130474000, 0.6622482000)
(-0.4296575000, 0.6138991000, 0.6621962000)
(-0.4290490000, 0.6141380000, 0.6623695000)
(-0.4293565000, 0.6158113000, 0.6606122000)
(-0.4292813000, 0.6186470000, 0.6580035000)
(-0.4301358000, 0.6186688000, 0.6574386000)
(-0.4323287000, 0.6159311000, 0.6585743000)
(-0.4336487000, 0.6133299000, 0.6601313000)
(-0.4335926000, 0.6132742000, 0.6602014000)
(-0.4334350000, 0.6126913000, 0.6608621000)
(-0.4333270000, 0.6185328000, 0.6554719000)
(-0.4304516000, 0.6270615000, 0.6492149000)
(-0.4291518000, 0.6295993000, 0.6476315000)
(-0.4297037000, 0.6310511000, 0.6458533000)
(-0.4325280000, 0.6249630000, 0.6498621000)
(-0.4340280000, 0.6246724000, 0.6491436000)
(-0.4338533000, 0.6267196000, 0.6472817000)
(-0.4343756000, 0.6266916000, 0.6469615000)
(-0.4349755000, 0.6253258000, 0.6478907000)
(-0.4327047000, 0.6344665000, 0.6404615000)
(-0.4304172000, 0.6402633000, 0.6362336000)
(-0.4314536000, 0.6374967000, 0.6383012000)
(-0.4358573000, 0.6303633000, 0.6423753000)
(-0.4313591000, 0.6355288000, 0.6403373000)
(-0.4293737000, 0.6360980000, 0.6410925000)
(-0.4286404000, 0.6371229000, 0.6405559000)
(-0.4320175000, 0.6379477000, 0.6374794000)
(-0.4295731000, 0.6390756000, 0.6379973000)
(-0.4300154000, 0.6392338000, 0.6375341000)
(-0.4303434000, 0.6440312000, 0.6324762000)
(-0.4299672000, 0.6456335000, 0.6310879000)
(-0.4297720000, 0.6474518000, 0.6293502000)
(-0.4285885000, 0.6495578000, 0.6279964000)
(-0.4385177000, 0.6049454000, 0.6646185000)
(-0.4344828000, 0.6055492000, 0.6667203000)
(-0.4325764000, 0.6052837000, 0.6681935000)
(-0.4309994000, 0.6054759000, 0.6690360000)
(-0.4309850000, 0.6051360000, 0.6693716000)
(-0.4336579000, 0.6016188000, 0.6708110000)
(-0.4329916000, 0.6037786000, 0.6692888000)
(-0.4330382000, 0.6053803000, 0.6678187000)
(-0.4327736000, 0.6063440000, 0.6671203000)
(-0.4399072000, 0.5995928000, 0.6685449000)
(-0.4396621000, 0.6014890000, 0.6670122000)
(-0.4369614000, 0.6048442000, 0.6657472000)
(-0.4371317000, 0.6058648000, 0.6647032000)
(-0.4363639000, 0.6065602000, 0.6645755000)
(-0.4360055000, 0.6081550000, 0.6633380000)
(-0.4358627000, 0.6082581000, 0.6633552000)
(-0.4360846000, 0.6092247000, 0.6623067000)
(-0.4354783000, 0.6107579000, 0.6612971000)
(-0.4347744000, 0.6124098000, 0.6602317000)
(-0.4341384000, 0.6139162000, 0.6592653000)
(-0.4333991000, 0.6150479000, 0.6586760000)
(-0.4329460000, 0.6155893000, 0.6584823000)
(-0.4318510000, 0.6160915000, 0.6587336000)
(-0.4318340000, 0.6147000000, 0.6600471000)
(-0.4316626000, 0.6156706000, 0.6592333000)
(-0.4323732000, 0.6158457000, 0.6586181000)
(-0.4325686000, 0.6167666000, 0.6576331000)
(-0.4329346000, 0.6175261000, 0.6566649000)
(-0.4324664000, 0.6183448000, 0.6561975000)
(-0.4324652000, 0.6204984000, 0.6541660000)
(-0.4342877000, 0.6253912000, 0.6482858000)
(-0.4312827000, 0.6237069000, 0.6518900000)
(-0.4316202000, 0.6261406000, 0.6493451000)
(-0.4308244000, 0.6262470000, 0.6497720000)
(-0.4313496000, 0.6317475000, 0.6440590000)
(-0.4345614000, 0.6140991000, 0.6588068000)
(0.0000000000, 0.0000000000, 0.0000000000)
(0.0000000000, 0.0000000000, 0.0000000000)
(0.0000000000, 0.0000000000, 0.0000000000)
