3434.3410000000
3434.3520000000
3434.3630000000
3434.3740000000
3434.3850000000
3434.3960000000
3434.4080000000
3434.4180000000
3434.4310000000
3434.4410000000
3434.4510000000
3434.4620000000
3434.4740000000
3434.4850000000
3434.4960000000
3434.5070000000
3434.5180000000
3434.5290000000
3434.5400000000
3434.5510000000
3434.5630000000
3434.5740000000
3434.5850000000
3434.5960000000
3434.6070000000
3434.6180000000
3434.6290000000
3434.6400000000
3434.6510000000
3434.6620000000
3434.6740000000
3434.6850000000
3434.6960000000
3434.7070000000
3434.7180000000
3434.7290000000
3434.7400000000
3434.7510000000
3434.7620000000
3434.7730000000
3434.7850000000
3434.7960000000
3434.8070000000
3434.8180000000
3434.8290000000
3434.8400000000
3434.8510000000
3434.8620000000
3434.8740000000
3434.8850000000
3434.8960000000
3434.9070000000
3434.9180000000
3434.9290000000
3434.9400000000
3434.9510000000
3434.9620000000
3434.9730000000
3434.9850000000
3434.9960000000
3435.0070000000
3435.0180000000
3435.0290000000
3435.0400000000
3435.0510000000
3435.0620000000
3435.0730000000
3435.0840000000
3435.0960000000
3435.1070000000
3435.1180000000
3435.1290000000
3435.1400000000
3435.1510000000
3435.1620000000
3435.1730000000
3435.1850000000
3435.1960000000
3435.2070000000
3435.2180000000
3435.2290000000
3435.2400000000
3435.2510000000
3435.2630000000
3435.2730000000
3435.2840000000
3435.2960000000
3435.3060000000
3435.3180000000
3435.3290000000
3435.3400000000
3435.3510000000
3435.3620000000
3435.3730000000
3435.3850000000
3435.3960000000
3435.4060000000
3435.4180000000
3435.4290000000
3435.4400000000
3435.4510000000
3435.4620000000
3435.4730000000
3435.4840000000
3435.4960000000
3435.5070000000
3435.5180000000
3435.5290000000
3435.5400000000
3435.5510000000
3435.5620000000
3435.5730000000
3435.5840000000
3435.5950000000
3435.6060000000
3435.6170000000
3435.6290000000
3435.6400000000
3435.6510000000
3435.6620000000
3435.6730000000
3435.6840000000
3435.6950000000
3435.7060000000
3435.7180000000
3435.7290000000
3435.7400000000
3435.7510000000
3435.7620000000
3435.7730000000
3435.7840000000
3435.7950000000
3435.8060000000
3435.8170000000
3435.8290000000
3435.8400000000
3435.8510000000
3435.8620000000
3435.8730000000
3435.8840000000
3435.8950000000
3435.9060000000
3435.9170000000
3435.9280000000
3435.9390000000
3435.9510000000
3435.9620000000
3435.9730000000
3435.9840000000
3435.9950000000
3436.0060000000
3436.0170000000
3436.0280000000
3436.0400000000
3436.0510000000
3436.0620000000
3436.0730000000
3436.0840000000
3436.0950000000
3436.1060000000
3436.1170000000
3436.1280000000
3436.1390000000
3436.1500000000
3436.1620000000
3436.1730000000
3436.1840000000
3436.1950000000
3436.2060000000
3436.2170000000
3436.2280000000
3436.2400000000
3436.2500000000
3436.2610000000
3436.2730000000
3436.2840000000
3436.2950000000
3436.3060000000
3436.3170000000
3436.3280000000
3436.3390000000
3436.3500000000
3436.3620000000
3436.3730000000
3436.3840000000
3436.3950000000
3436.4060000000
3436.4170000000
3436.4280000000
3436.4390000000
3436.4500000000
3436.4610000000
3436.4730000000
3436.4840000000
3436.4950000000
3436.5060000000
3436.5170000000
3436.5280000000
3436.5390000000
3436.5500000000
3436.5620000000
3436.5730000000
3436.5840000000
3436.5950000000
3436.6060000000
3436.6170000000
3436.6280000000
3436.6390000000
3436.6510000000
3436.6610000000
3436.6730000000
3436.6840000000
3436.6950000000
3436.7060000000
3436.7170000000
3436.7280000000
3436.7390000000
3436.7500000000
3436.7610000000
3436.7720000000
3436.7830000000
3436.7950000000
3436.8060000000
3436.8170000000
3436.8280000000
3436.8390000000
3436.8500000000
3436.8610000000
3436.8730000000
3436.8840000000
3436.8950000000
3436.9060000000
3436.9170000000
3436.9280000000
3436.9390000000
3436.9500000000
3436.9610000000
3436.9720000000
3436.9840000000
3436.9940000000
3437.0060000000
3437.0170000000
3437.0280000000
3437.0390000000
3437.0500000000
3437.0610000000
3437.0720000000
3437.0830000000
3437.0950000000
3437.1060000000
3437.1170000000
3437.1280000000
3437.1390000000
3437.1500000000
3437.1610000000
3437.1720000000
3437.1830000000
3437.1950000000
3437.2060000000
3437.2170000000
3437.2280000000
3437.2390000000
3437.2500000000
3437.2610000000
3437.2720000000
3437.2830000000
3437.2940000000
3437.3060000000
3437.3170000000
3437.3280000000
3437.3390000000
3437.3500000000
3437.3610000000
3437.3720000000
3437.3830000000
3437.3950000000
3437.4060000000
3437.4170000000
3437.4280000000
3437.4390000000
3437.4500000000
3437.4610000000
3437.4720000000
3437.4830000000
3437.4940000000
3437.5050000000
3437.5170000000
3437.5280000000
3437.5390000000
3437.5500000000
3437.5610000000
3437.5720000000
3437.5830000000
3437.5940000000
3437.6050000000
3437.6160000000
3437.6280000000
3437.6390000000
3437.6500000000
3437.6610000000
3437.6720000000
3437.6830000000
3437.6940000000
3437.7050000000
3437.7170000000
3437.7280000000
3437.7390000000
3437.7500000000
3437.7610000000
3437.7720000000
3437.7830000000
3437.7940000000
3437.8050000000
3437.8160000000
3437.8270000000
3437.8390000000
3437.8500000000
3437.8610000000
3437.8720000000
3437.8830000000
3437.8940000000
3437.9050000000
3437.9160000000
3437.9270000000
3437.9390000000
3437.9500000000
3437.9610000000
3437.9720000000
3437.9830000000
3437.9940000000
3438.0050000000
3438.0160000000
3438.0270000000
3438.0380000000
3438.0500000000
3438.0610000000
3438.0720000000
3438.0830000000
3438.0940000000
3438.1050000000
3438.1160000000
3438.1270000000
3438.1380000000
3438.1500000000
3438.1610000000
3438.1720000000
3438.1830000000
3438.1940000000
3438.2050000000
3438.2160000000
3438.2280000000
3438.2380000000
3438.2500000000
3438.2600000000
3438.2720000000
3438.2830000000
3438.2940000000
3438.3050000000
3438.3160000000
3438.3280000000
3438.3380000000
3438.3490000000
3438.3610000000
3438.3720000000
3438.3830000000
3438.3940000000
3438.4050000000
3438.4160000000
3438.4270000000
3438.4380000000
3438.4490000000
3438.4610000000
3438.4720000000
3438.4830000000
3438.4940000000
3438.5050000000
3438.5160000000
3438.5270000000
3438.5380000000
3438.5490000000
3438.5610000000
3438.5720000000
3438.5830000000
3438.5940000000
3438.6050000000
3438.6160000000
3438.6270000000
3438.6380000000
3438.6490000000
3438.6600000000
3438.6720000000
3438.6830000000
3438.6940000000
3438.7050000000
3438.7160000000
3438.7270000000
3438.7380000000
3438.7500000000
3438.7600000000
3438.7720000000
3438.7820000000
3438.7940000000
3438.8050000000
3438.8160000000
3438.8270000000
3438.8380000000
3438.8490000000
3438.8600000000
3438.8710000000
3438.8830000000
3438.8940000000
3438.9050000000
3438.9160000000
3438.9270000000
3438.9380000000
3438.9490000000
3438.9600000000
3438.9720000000
3438.9820000000
3438.9940000000
3439.0050000000
3439.0160000000
3439.0270000000
3439.0380000000
3439.0490000000
3439.0600000000
3439.0720000000
3439.0830000000
3439.0940000000
3439.1050000000
3439.1160000000
3439.1270000000
3439.1380000000
3439.1490000000
3439.1600000000
3439.1710000000
3439.1820000000
3439.1940000000
3439.2050000000
3439.2160000000
3439.2270000000
3439.2380000000
3439.2490000000
3439.2600000000
3439.2710000000
3439.2820000000
3439.2930000000
3439.3050000000
3439.3160000000
3439.3270000000
3439.3380000000
3439.3490000000
3439.3600000000
3439.3710000000
3439.3820000000
3439.3940000000
3439.4050000000
3439.4160000000
3439.4270000000
3439.4380000000
3439.4490000000
3439.4600000000
3439.4710000000
3439.4820000000
3439.4930000000
3439.5050000000
3439.5150000000
3439.5270000000
3439.5380000000
3439.5490000000
3439.5600000000
3439.5710000000
3439.5820000000
3439.5930000000
3439.6040000000
3439.6150000000
3439.6260000000
3439.6380000000
3439.6490000000
3439.6600000000
3439.6710000000
3439.6820000000
3439.6930000000
3439.7040000000
3439.7150000000
3439.7270000000
3439.7380000000
3439.7490000000
3439.7600000000
3439.7710000000
3439.7820000000
3439.7930000000
3439.8040000000
3439.8150000000
3439.8260000000
3439.8380000000
3439.8490000000
3439.8600000000
3439.8710000000
3439.8820000000
3439.8930000000
3439.9040000000
3439.9150000000
3439.9270000000
3439.9380000000
3439.9490000000
3439.9600000000
3439.9710000000
3439.9820000000
3439.9930000000
3440.0040000000
3440.0150000000
3440.0260000000
3440.0380000000
3440.0490000000
3440.0600000000
3440.0710000000
3440.0820000000
3440.0930000000
3440.1040000000
3440.1150000000
3440.1260000000
3440.1370000000
3440.1480000000
3440.1600000000
3440.1710000000
3440.1820000000
3440.1930000000
3440.2050000000
3440.2150000000
3440.2260000000
3440.2370000000
3440.2490000000
3440.2600000000
3440.2710000000
3440.2820000000
3440.2930000000
3440.3040000000
3440.3150000000
3440.3260000000
3440.3370000000
3440.3480000000
3440.3600000000
3440.3710000000
3440.3820000000
3440.3930000000
3440.4040000000
3440.4150000000
3440.4270000000
3440.4370000000
3440.4480000000
3440.4590000000
3440.4710000000
3440.4820000000
3440.4930000000
3440.5040000000
3440.5150000000
3440.5260000000
3440.5370000000
3440.5480000000
3440.5600000000
3440.5710000000
3440.5820000000
3440.5930000000
3440.6040000000
3440.6150000000
3440.6260000000
3440.6380000000
3440.6480000000
3440.6590000000
3440.6710000000
3440.6820000000
3440.6930000000
3440.7040000000
3440.7150000000
3440.7260000000
3440.7370000000
3440.7490000000
3440.7600000000
3440.7710000000
3440.7820000000
3440.7930000000
3440.8040000000
3440.8150000000
3440.8260000000
3440.8370000000
3440.8480000000
3440.8600000000
3440.8710000000
3440.8820000000
3440.8930000000
3440.9040000000
3440.9150000000
3440.9260000000
3440.9370000000
3440.9480000000
3440.9590000000
3440.9710000000
3440.9810000000
3440.9920000000
3441.0040000000
3441.0150000000
3441.0260000000
3441.0370000000
3441.0480000000
3441.0590000000
3441.0700000000
3441.0820000000
3441.0930000000
3441.1040000000
3441.1150000000
3441.1260000000
3441.1370000000
3441.1480000000
3441.1590000000
3441.1700000000
3441.1810000000
3441.1930000000
3441.2040000000
3441.2150000000
3441.2260000000
3441.2370000000
3441.2480000000
3441.2590000000
3441.2710000000
3441.2810000000
3441.2930000000
3441.3040000000
3441.3140000000
3441.3260000000
3441.3370000000
3441.3480000000
3441.3590000000
3441.3700000000
3441.3810000000
3441.3920000000
3441.4030000000
3441.4150000000
3441.4260000000
3441.4370000000
3441.4480000000
3441.4590000000
3441.4700000000
3441.4810000000
3441.4920000000
3441.5030000000
3441.5150000000
3441.5260000000
3441.5370000000
3441.5480000000
3441.5590000000
3441.5700000000
3441.5810000000
3441.5920000000
3441.6030000000
3441.6150000000
3441.6250000000
3441.6370000000
3441.6480000000
3441.6590000000
3441.6700000000
3441.6810000000
3441.6920000000
3441.7030000000
3441.7140000000
3441.7260000000
3441.7370000000
3441.7480000000
3441.7590000000
3441.7700000000
3441.7810000000
3441.7920000000
3441.8030000000
3441.8140000000
3441.8250000000
3441.8360000000
3441.8480000000
3441.8590000000
3441.8700000000
3441.8810000000
3441.8920000000
3441.9030000000
3441.9140000000
3441.9260000000
3441.9370000000
3441.9480000000
3441.9590000000
3441.9700000000
3441.9810000000
3441.9920000000
3442.0030000000
3442.0140000000
3442.0250000000
3442.0370000000
3442.0480000000
3442.0590000000
3442.0700000000
3442.0810000000
3442.0920000000
3442.1030000000
3442.1150000000
3442.1260000000
3442.1360000000
3442.1480000000
3442.1590000000
3442.1700000000
3442.1810000000
3442.1920000000
3442.2030000000
3442.2140000000
3442.2250000000
3442.2360000000
3442.2480000000
3442.2590000000
3442.2700000000
3442.2810000000
3442.2920000000
3442.3030000000
3442.3140000000
3442.3250000000
3442.3360000000
3442.3480000000
3442.3590000000
3442.3700000000
3442.3810000000
3442.3920000000
3442.4030000000
3442.4150000000
3442.4250000000
3442.4360000000
3442.4480000000
3442.4580000000
3442.4690000000
3442.4810000000
3442.4920000000
3442.5030000000
3442.5140000000
3442.5250000000
3442.5360000000
3442.5470000000
3442.5580000000
3442.5700000000
3442.5810000000
3442.5920000000
3442.6030000000
3442.6140000000
3442.6250000000
3442.6360000000
3442.6470000000
3442.6580000000
3442.6700000000
3442.6810000000
3442.6920000000
3442.7030000000
3442.7140000000
3442.7250000000
3442.7360000000
3442.7470000000
3442.7580000000
3442.7690000000
3442.7810000000
3442.7920000000
3442.8030000000
3442.8140000000
3442.8250000000
3442.8360000000
3442.8470000000
3442.8580000000
3442.8690000000
3442.8800000000
3442.8920000000
3442.9030000000
3442.9140000000
3442.9250000000
3442.9360000000
3442.9470000000
3442.9580000000
3442.9690000000
3442.9800000000
3442.9920000000
3443.0030000000
3443.0140000000
3443.0250000000
3443.0360000000
3443.0470000000
3443.0590000000
3443.0690000000
3443.0810000000
3443.0920000000
3443.1030000000
3443.1140000000
3443.1250000000
3443.1360000000
3443.1470000000
3443.1580000000
3443.1690000000
3443.1800000000
3443.1910000000
3443.2030000000
3443.2140000000
3443.2250000000
3443.2360000000
3443.2470000000
3443.2580000000
3443.2700000000
3443.2810000000
3443.2910000000
3443.3030000000
3443.3130000000
3443.3250000000
3443.3360000000
3443.3470000000
3443.3580000000
3443.3690000000
3443.3800000000
3443.3910000000
3443.4020000000
3443.4140000000
3443.4250000000
3443.4360000000
3443.4470000000
3443.4580000000
3443.4690000000
3443.4800000000
3443.4910000000
3443.5020000000
3443.5130000000
3443.5250000000
3443.5360000000
3443.5470000000
3443.5580000000
3443.5690000000
3443.5800000000
3443.5910000000
3443.6020000000
3443.6140000000
3443.6250000000
3443.6360000000
3443.6470000000
3443.6580000000
3443.6690000000
3443.6800000000
3443.6910000000
3443.7020000000
3443.7130000000
3443.7250000000
3443.7360000000
3443.7470000000
3443.7580000000
3443.7690000000
3443.7800000000
3443.7910000000
3443.8020000000
3443.8130000000
3443.8240000000
3443.8350000000
3443.8470000000
3443.8580000000
3443.8690000000
3443.8800000000
3443.8910000000
3443.9020000000
3443.9130000000
3443.9250000000
3443.9360000000
3443.9470000000
3443.9580000000
3443.9690000000
3443.9800000000
3443.9910000000
3444.0020000000
3444.0130000000
3444.0240000000
3444.0360000000
3444.0460000000
3444.0580000000
3444.0690000000
3444.0800000000
3444.0910000000
3444.1020000000
3444.1130000000
3444.1240000000
3444.1350000000
3444.1460000000
3444.1570000000
3444.1690000000
3444.1800000000
3444.1910000000
3444.2020000000
3444.2130000000
3444.2240000000
3444.2350000000
3444.2470000000
3444.2580000000
3444.2690000000
3444.2800000000
3444.2910000000
3444.3020000000
3444.3130000000
3444.3240000000
3444.3360000000
3444.3460000000
3444.3580000000
3444.3690000000
3444.3800000000
3444.3910000000
3444.4020000000
3444.4140000000
3444.4240000000
3444.4350000000
3444.4470000000
3444.4580000000
3444.4690000000
3444.4800000000
3444.4910000000
3444.5020000000
3444.5130000000
3444.5240000000
3444.5360000000
3444.5460000000
3444.5570000000
3444.5690000000
3444.5800000000
3444.5910000000
3444.6020000000
3444.6130000000
3444.6240000000
3444.6350000000
3444.6460000000
3444.6570000000
3444.6690000000
3444.6800000000
3444.6910000000
3444.7020000000
3444.7130000000
3444.7240000000
3444.7350000000
3444.7460000000
3444.7570000000
3444.7690000000
3444.7800000000
3444.7910000000
3444.8020000000
3444.8130000000
3444.8240000000
3444.8350000000
3444.8460000000
3444.8570000000
3444.8680000000
3444.8790000000
3444.8910000000
3444.9020000000
3444.9130000000
3444.9240000000
3444.9350000000
3444.9460000000
3444.9570000000
3444.9690000000
3444.9800000000
3444.9900000000
3445.0020000000
3445.0130000000
3445.0240000000
3445.0350000000
3445.0460000000
3445.0570000000
3445.0680000000
3445.0800000000
3445.0910000000
3445.1020000000
3445.1130000000
3445.1240000000
3445.1350000000
3445.1460000000
3445.1570000000
3445.1690000000
3445.1790000000
3445.1900000000
3445.2020000000
3445.2130000000
3445.2240000000
3445.2350000000
3445.2460000000
3445.2570000000
3445.2680000000
3445.2790000000
3445.2910000000
3445.3020000000
3445.3130000000
3445.3240000000
3445.3350000000
3445.3460000000
3445.3570000000
3445.3680000000
3445.3790000000
3445.3900000000
3445.4020000000
3445.4130000000
3445.4240000000
3445.4350000000
3445.4460000000
3445.4570000000
3445.4680000000
3445.4790000000
3445.4900000000
3445.5010000000
3445.5130000000
3445.5240000000
3445.5350000000
3445.5460000000
3445.5570000000
3445.5680000000
3445.5790000000
3445.5900000000
3445.6020000000
3445.6130000000
3445.6240000000
3445.6350000000
3445.6460000000
3445.6570000000
3445.6680000000
3445.6790000000
3445.6900000000
3445.7010000000
3445.7120000000
3445.7230000000
3445.7350000000
3445.7460000000
3445.7570000000
3445.7680000000
3445.7790000000
3445.7900000000
3445.8020000000
3445.8120000000
3445.8230000000
3445.8350000000
3445.8460000000
3445.8570000000
3445.8680000000
3445.8790000000
3445.8900000000
3445.9010000000
3445.9120000000
3445.9230000000
3445.9350000000
3445.9460000000
3445.9570000000
3445.9680000000
3445.9790000000
3445.9900000000
3446.0010000000
3446.0120000000
3446.0230000000
3446.0350000000
3446.0460000000
3446.0570000000
3446.0680000000
3446.0790000000
3446.0900000000
3446.1010000000
3446.1120000000
3446.1230000000
3446.1350000000
3446.1460000000
3446.1570000000
3446.1680000000
3446.1790000000
3446.1900000000
3446.2010000000
3446.2120000000
3446.2230000000
3446.2350000000
3446.2450000000
3446.2570000000
3446.2680000000
3446.2790000000
3446.2900000000
3446.3010000000
3446.3120000000
3446.3230000000
3446.3340000000
3446.3450000000
3446.3570000000
3446.3680000000
3446.3790000000
3446.3900000000
3446.4010000000
3446.4120000000
3446.4230000000
3446.4340000000
3446.4460000000
3446.4560000000
3446.4680000000
3446.4790000000
3446.4900000000
3446.5010000000
3446.5120000000
3446.5230000000
3446.5340000000
3446.5450000000
3446.5560000000
3446.5680000000
3446.5790000000
3446.5900000000
3446.6010000000
3446.6120000000
3446.6230000000
3446.6340000000
3446.6450000000
3446.6560000000
3446.6670000000
3446.6780000000
3446.6900000000
3446.7010000000
3446.7120000000
3446.7230000000
3446.7340000000
3446.7450000000
3446.7560000000
3446.7680000000
3446.7790000000
3446.7900000000
3446.8010000000
3446.8120000000
3446.8230000000
3446.8340000000
3446.8450000000
3446.8560000000
3446.8670000000
3446.8790000000
3446.8900000000
3446.9010000000
3446.9120000000
3446.9230000000
3446.9340000000
3446.9450000000
3446.9570000000
3446.9670000000
3446.9790000000
3446.9900000000
3447.0010000000
3447.0120000000
3447.0230000000
3447.0340000000
3447.0450000000
3447.0560000000
3447.0670000000
3447.0780000000
3447.0900000000
3447.1010000000
3447.1120000000
3447.1230000000
3447.1340000000
3447.1450000000
3447.1560000000
3447.1670000000
3447.1790000000
3447.1890000000
3447.2010000000
3447.2120000000
3447.2230000000
3447.2340000000
3447.2450000000
3447.2560000000
3447.2670000000
3447.2780000000
3447.2900000000
3447.3010000000
3447.3120000000
3447.3230000000
3447.3340000000
3447.3450000000
3447.3560000000
3447.3670000000
3447.3780000000
3447.3900000000
3447.4010000000
3447.4120000000
3447.4230000000
3447.4340000000
3447.4450000000
3447.4560000000
3447.4670000000
3447.4780000000
3447.4890000000
3447.5010000000
3447.5110000000
3447.5230000000
3447.5340000000
3447.5450000000
3447.5560000000
3447.5670000000
3447.5780000000
3447.5890000000
3447.6000000000
3447.6120000000
3447.6230000000
3447.6340000000
3447.6450000000
3447.6560000000
3447.6670000000
3447.6780000000
3447.6890000000
3447.7000000000
3447.7120000000
3447.7230000000
3447.7340000000
3447.7450000000
3447.7560000000
3447.7670000000
3447.7780000000
3447.7890000000
3447.8000000000
3447.8110000000
3447.8220000000
3447.8340000000
3447.8450000000
3447.8560000000
3447.8670000000
3447.8780000000
3447.8890000000
3447.9000000000
3447.9110000000
3447.9220000000
3447.9340000000
3447.9450000000
3447.9560000000
3447.9670000000
3447.9780000000
3447.9890000000
3448.0000000000
3448.0110000000
3448.0220000000
3448.0340000000
3448.0450000000
3448.0560000000
3448.0670000000
3448.0780000000
3448.0890000000
3448.1000000000
3448.1110000000
3448.1220000000
3448.1340000000
3448.1450000000
3448.1560000000
3448.1670000000
3448.1780000000
3448.1890000000
3448.2000000000
3448.2110000000
3448.2220000000
3448.2340000000
3448.2440000000
3448.2560000000
3448.2670000000
3448.2780000000
3448.2890000000
3448.3000000000
3448.3110000000
3448.3220000000
3448.3340000000
3448.3440000000
3448.3560000000
3448.3660000000
3448.3780000000
3448.3890000000
3448.4000000000
3448.4110000000
3448.4220000000
3448.4340000000
3448.4450000000
3448.4550000000
3448.4670000000
3448.4780000000
3448.4890000000
3448.5000000000
3448.5110000000
3448.5220000000
3448.5330000000
3448.5440000000
3448.5550000000
3448.5670000000
3448.5780000000
3448.5890000000
3448.6000000000
3448.6110000000
3448.6220000000
3448.6330000000
3448.6440000000
3448.6550000000
3448.6670000000
3448.6780000000
3448.6890000000
3448.7000000000
3448.7110000000
3448.7220000000
3448.7330000000
3448.7440000000
3448.7560000000
3448.7660000000
3448.7780000000
3448.7890000000
3448.8000000000
3448.8110000000
3448.8220000000
3448.8330000000
3448.8440000000
3448.8550000000
3448.8660000000
3448.8770000000
3448.8890000000
3448.9000000000
3448.9110000000
3448.9220000000
3448.9330000000
3448.9440000000
3448.9560000000
3448.9660000000
3448.9780000000
3448.9890000000
3449.0000000000
3449.0110000000
3449.0220000000
3449.0330000000
3449.0440000000
3449.0550000000
3449.0660000000
3449.0780000000
3449.0890000000
3449.1000000000
3449.1110000000
3449.1220000000
3449.1330000000
3449.1440000000
3449.1550000000
3449.1670000000
3449.1770000000
3449.1890000000
3449.1990000000
3449.2100000000
3449.2220000000
3449.2330000000
3449.2440000000
3449.2550000000
3449.2660000000
3449.2780000000
3449.2880000000
3449.3000000000
3449.3110000000
3449.3220000000
3449.3330000000
3449.3440000000
3449.3550000000
3449.3660000000
3449.3770000000
3449.3880000000
3449.4000000000
3449.4110000000
3449.4220000000
3449.4330000000
3449.4440000000
3449.4550000000
3449.4660000000
3449.4770000000
3449.4880000000
3449.5000000000
3449.5100000000
3449.5210000000
3449.5330000000
3449.5440000000
3449.5550000000
3449.5660000000
3449.5770000000
3449.5880000000
3449.5990000000
3449.6110000000
3449.6220000000
3449.6330000000
3449.6440000000
3449.6550000000
3449.6660000000
3449.6770000000
3449.6880000000
3449.6990000000
3449.7100000000
3449.7220000000
3449.7330000000
3449.7440000000
3449.7550000000
3449.7660000000
3449.7770000000
3449.7880000000
3449.7990000000
3449.8110000000
3449.8210000000
3449.8330000000
3449.8440000000
3449.8550000000
3449.8660000000
3449.8770000000
3449.8880000000
3449.8990000000
3449.9100000000
3449.9220000000
3449.9320000000
3449.9440000000
3449.9550000000
3449.9660000000
3449.9770000000
3449.9880000000
3449.9990000000
3450.0100000000
3450.0210000000
3450.0320000000
3450.0440000000
3450.0550000000
3450.0660000000
3450.0770000000
3450.0880000000
3450.0990000000
3450.1100000000
3450.1210000000
3450.1320000000
3450.1440000000
3450.1550000000
3450.1660000000
3450.1770000000
3450.1880000000
3450.1990000000
3450.2100000000
3450.2210000000
3450.2320000000
3450.2430000000
3450.2540000000
3450.2660000000
3450.2770000000
3450.2880000000
3450.2990000000
3450.3100000000
3450.3210000000
3450.3320000000
3450.3440000000
3450.3540000000
3450.3660000000
3450.3770000000
3450.3880000000
3450.3990000000
3450.4100000000
3450.4210000000
3450.4320000000
3450.4430000000
3450.4550000000
3450.4660000000
3450.4770000000
3450.4880000000
3450.4990000000
3450.5100000000
3450.5210000000
3450.5320000000
3450.5430000000
3450.5540000000
3450.5650000000
3450.5770000000
3450.5880000000
3450.5990000000
3450.6100000000
3450.6210000000
3450.6320000000
3450.6430000000
3450.6540000000
3450.6660000000
3450.6770000000
3450.6880000000
3450.6990000000
3450.7100000000
3450.7210000000
3450.7320000000
3450.7430000000
3450.7540000000
3450.7660000000
3450.7770000000
3450.7880000000
3450.7990000000
3450.8100000000
3450.8210000000
3450.8320000000
3450.8430000000
3450.8540000000
3450.8650000000
3450.8760000000
3450.8880000000
3450.8990000000
3450.9100000000
3450.9210000000
3450.9320000000
3450.9430000000
3450.9540000000
3450.9650000000
3450.9770000000
3450.9880000000
3450.9990000000
3451.0100000000
3451.0210000000
3451.0320000000
3451.0430000000
3451.0540000000
3451.0650000000
3451.0760000000
3451.0870000000
3451.0980000000
3451.1100000000
3451.1210000000
3451.1320000000
3451.1430000000
3451.1540000000
3451.1650000000
3451.1760000000
3451.1870000000
3451.1980000000
3451.2100000000
3451.2210000000
3451.2320000000
3451.2430000000
3451.2540000000
3451.2650000000
3451.2760000000
3451.2870000000
3451.2990000000
3451.3100000000
3451.3210000000
3451.3320000000
3451.3430000000
3451.3540000000
3451.3650000000
3451.3760000000
3451.3870000000
3451.3980000000
3451.4100000000
3451.4210000000
3451.4320000000
3451.4430000000
3451.4540000000
3451.4650000000
3451.4760000000
3451.4870000000
3451.4980000000
3451.5100000000
3451.5210000000
3451.5320000000
3451.5430000000
3451.5540000000
3451.5650000000
3451.5760000000
3451.5870000000
3451.5980000000
3451.6090000000
3451.6200000000
3451.6320000000
3451.6430000000
3451.6540000000
3451.6650000000
3451.6760000000
3451.6870000000
3451.6980000000
3451.7090000000
3451.7200000000
3451.7310000000
3451.7430000000
3451.7540000000
3451.7650000000
3451.7760000000
3451.7870000000
3451.7980000000
3451.8100000000
3451.8200000000
3451.8320000000
3451.8430000000
3451.8540000000
3451.8650000000
3451.8760000000
3451.8870000000
3451.8980000000
3451.9090000000
3451.9200000000
3451.9310000000
3451.9430000000
3451.9540000000
3451.9650000000
3451.9760000000
3451.9870000000
3451.9980000000
3452.0090000000
3452.0200000000
3452.0310000000
3452.0420000000
3452.0540000000
3452.0650000000
3452.0760000000
3452.0870000000
3452.0980000000
3452.1090000000
3452.1210000000
3452.1310000000
3452.1430000000
3452.1540000000
3452.1650000000
3452.1760000000
3452.1870000000
3452.1980000000
3452.2090000000
3452.2200000000
3452.2310000000
3452.2420000000
3452.2540000000
3452.2650000000
3452.2760000000
3452.2870000000
3452.2980000000
3452.3090000000
3452.3200000000
3452.3310000000
3452.3420000000
3452.3540000000
3452.3650000000
3452.3760000000
3452.3870000000
3452.3980000000
3452.4090000000
3452.4200000000
3452.4310000000
3452.4420000000
3452.4540000000
3452.4650000000
3452.4760000000
3452.4870000000
3452.4980000000
3452.5090000000
3452.5200000000
3452.5310000000
3452.5420000000
3452.5530000000
3452.5640000000
3452.5760000000
3452.5870000000
3452.5980000000
3452.6090000000
3452.6200000000
3452.6310000000
3452.6430000000
3452.6530000000
3452.6640000000
3452.6760000000
3452.6870000000
3452.6980000000
3452.7090000000
3452.7200000000
3452.7310000000
3452.7430000000
3452.7530000000
3452.7640000000
3452.7760000000
3452.7870000000
3452.7980000000
3452.8090000000
3452.8200000000
3452.8310000000
3452.8420000000
3452.8530000000
3452.8640000000
3452.8750000000
3452.8860000000
3452.8970000000
3452.9090000000
3452.9200000000
3452.9310000000
3452.9420000000
3452.9530000000
3452.9640000000
3452.9750000000
3452.9870000000
3452.9980000000
3453.0090000000
3453.0200000000
3453.0310000000
3453.0420000000
3453.0530000000
3453.0640000000
3453.0750000000
3453.0870000000
3453.0980000000
3453.1090000000
3453.1200000000
3453.1310000000
3453.1420000000
3453.1530000000
3453.1640000000
3453.1750000000
3453.1870000000
3453.1980000000
3453.2080000000
3453.2200000000
3453.2310000000
3453.2420000000
3453.2530000000
3453.2640000000
3453.2750000000
3453.2860000000
3453.2970000000
3453.3090000000
3453.3200000000
3453.3310000000
3453.3420000000
3453.3530000000
3453.3640000000
3453.3750000000
3453.3860000000
3453.3970000000
3453.4080000000
3453.4200000000
3453.4310000000
3453.4420000000
3453.4530000000
3453.4640000000
3453.4750000000
3453.4860000000
3453.4970000000
3453.5090000000
3453.5200000000
3453.5310000000
3453.5420000000
3453.5530000000
3453.5640000000
3453.5750000000
3453.5860000000
3453.5970000000
3453.6080000000
3453.6190000000
3453.6310000000
3453.6420000000
3453.6530000000
3453.6640000000
3453.6750000000
3453.6860000000
3453.6980000000
3453.7080000000
3453.7190000000
3453.7300000000
3453.7420000000
3453.7530000000
3453.7640000000
3453.7750000000
3453.7860000000
3453.7970000000
3453.8090000000
3453.8190000000
3453.8310000000
3453.8420000000
3453.8530000000
3453.8640000000
3453.8750000000
3453.8860000000
3453.8970000000
3453.9080000000
3453.9200000000
3453.9300000000
3453.9420000000
3453.9530000000
3453.9640000000
3453.9750000000
3453.9860000000
3453.9970000000
3454.0090000000
3454.0190000000
3454.0310000000
3454.0420000000
3454.0520000000
3454.0640000000
3454.0750000000
3454.0860000000
3454.0970000000
3454.1080000000
3454.1190000000
3454.1300000000
3454.1420000000
3454.1530000000
3454.1640000000
3454.1750000000
3454.1860000000
3454.1970000000
3454.2080000000
3454.2190000000
3454.2300000000
3454.2410000000
3454.2530000000
3454.2640000000
3454.2750000000
3454.2860000000
3454.2970000000
3454.3080000000
3454.3190000000
3454.3300000000
3454.3410000000
3454.3530000000
3454.3640000000
3454.3750000000
3454.3860000000
3454.3970000000
3454.4080000000
3454.4190000000
3454.4300000000
3454.4410000000
3454.4530000000
3454.4640000000
3454.4750000000
3454.4860000000
3454.4970000000
3454.5080000000
3454.5190000000
3454.5300000000
3454.5410000000
3454.5520000000
3454.5630000000
3454.5750000000
3454.5860000000
3454.5970000000
3454.6080000000
3454.6190000000
3454.6300000000
3454.6410000000
3454.6520000000
3454.6640000000
3454.6750000000
3454.6860000000
3454.6970000000
3454.7080000000
3454.7190000000
3454.7300000000
3454.7410000000
3454.7520000000
3454.7630000000
3454.7740000000
3454.7860000000
3454.7970000000
3454.8080000000
3454.8190000000
3454.8300000000
3454.8410000000
3454.8520000000
3454.8630000000
3454.8750000000
3454.8860000000
3454.8970000000
3454.9080000000
3454.9190000000
3454.9300000000
3454.9410000000
3454.9520000000
3454.9630000000
3454.9750000000
3454.9860000000
3454.9970000000
3455.0080000000
3455.0190000000
3455.0300000000
3455.0410000000
3455.0520000000
3455.0630000000
3455.0750000000
3455.0850000000
3455.0970000000
3455.1080000000
3455.1190000000
3455.1300000000
3455.1410000000
3455.1520000000
3455.1630000000
3455.1740000000
3455.1850000000
3455.1970000000
3455.2080000000
3455.2190000000
3455.2300000000
3455.2410000000
3455.2520000000
3455.2630000000
3455.2740000000
3455.2850000000
3455.2960000000
3455.3080000000
3455.3190000000
3455.3300000000
3455.3410000000
3455.3520000000
3455.3630000000
3455.3750000000
3455.3850000000
3455.3960000000
3455.4080000000
3455.4190000000
3455.4300000000
3455.4410000000
3455.4520000000
3455.4630000000
3455.4740000000
3455.4850000000
3455.4970000000
3455.5080000000
3455.5190000000
3455.5300000000
3455.5410000000
3455.5520000000
3455.5630000000
3455.5740000000
3455.5850000000
3455.5960000000
3455.6080000000
3455.6190000000
3455.6300000000
3455.6410000000
3455.6520000000
3455.6630000000
3455.6740000000
3455.6850000000
3455.6960000000
3455.7070000000
3455.7190000000
3455.7290000000
3455.7410000000
3455.7520000000
3455.7630000000
3455.7740000000
3455.7850000000
3455.7960000000
3455.8080000000
3455.8190000000
3455.8300000000
3455.8410000000
3455.8520000000
3455.8630000000
3455.8740000000
3455.8860000000
3455.8960000000
3455.9070000000
3455.9190000000
3455.9290000000
3455.9410000000
3455.9520000000
3455.9630000000
3455.9740000000
3455.9850000000
3455.9960000000
3456.0070000000
3456.0180000000
3456.0300000000
3456.0410000000
3456.0520000000
3456.0630000000
3456.0740000000
3456.0850000000
3456.0960000000
3456.1070000000
3456.1180000000
3456.1290000000
3456.1410000000
3456.1520000000
3456.1630000000
3456.1740000000
3456.1850000000
3456.1960000000
3456.2070000000
3456.2180000000
3456.2290000000
3456.2400000000
3456.2520000000
3456.2630000000
3456.2740000000
3456.2850000000
3456.2960000000
3456.3070000000
3456.3180000000
3456.3290000000
3456.3400000000
3456.3510000000
3456.3630000000
3456.3740000000
3456.3850000000
3456.3960000000
3456.4070000000
3456.4180000000
3456.4290000000
3456.4400000000
3456.4520000000
3456.4630000000
3456.4740000000
3456.4850000000
3456.4960000000
3456.5070000000
3456.5180000000
3456.5290000000
3456.5400000000
3456.5510000000
3456.5630000000
3456.5730000000
3456.5850000000
3456.5960000000
3456.6070000000
3456.6180000000
3456.6290000000
3456.6400000000
3456.6520000000
3456.6620000000
3456.6740000000
3456.6850000000
3456.6960000000
3456.7070000000
3456.7180000000
3456.7290000000
3456.7400000000
3456.7510000000
3456.7620000000
3456.7730000000
3456.7850000000
3456.7960000000
3456.8070000000
3456.8180000000
3456.8290000000
3456.8400000000
3456.8520000000
3456.8620000000
3456.8740000000
3456.8850000000
3456.8960000000
3456.9070000000
3456.9180000000
3456.9290000000
3456.9400000000
3456.9520000000
3456.9620000000
3456.9730000000
3456.9840000000
3456.9960000000
3457.0070000000
3457.0180000000
3457.0290000000
3457.0400000000
3457.0510000000
3457.0620000000
3457.0730000000
3457.0840000000
3457.0950000000
3457.1070000000
3457.1180000000
3457.1290000000
3457.1400000000
3457.1510000000
3457.1620000000
3457.1730000000
3457.1850000000
3457.1960000000
3457.2070000000
3457.2180000000
3457.2290000000
3457.2400000000
3457.2520000000
3457.2620000000
3457.2730000000
3457.2840000000
3457.2960000000
3457.3070000000
3457.3180000000
3457.3290000000
3457.3400000000
3457.3510000000
3457.3620000000
3457.3730000000
3457.3840000000
3457.3950000000
3457.4060000000
3457.4180000000
3457.4290000000
3457.4400000000
3457.4510000000
3457.4620000000
3457.4730000000
3457.4840000000
3457.4950000000
3457.5060000000
3457.5180000000
3457.5290000000
3457.5400000000
3457.5510000000
3457.5620000000
3457.5730000000
3457.5850000000
3457.5950000000
3457.6060000000
3457.6180000000
3457.6290000000
3457.6400000000
3457.6510000000
3457.6620000000
3457.6730000000
3457.6840000000
3457.6950000000
3457.7060000000
3457.7180000000
3457.7290000000
3457.7400000000
3457.7510000000
3457.7620000000
3457.7730000000
3457.7840000000
3457.7950000000
3457.8070000000
3457.8170000000
3457.8290000000
3457.8400000000
3457.8510000000
3457.8620000000
3457.8730000000
3457.8840000000
3457.8960000000
3457.9060000000
3457.9170000000
3457.9280000000
3457.9390000000
3457.9510000000
3457.9620000000
3457.9730000000
3457.9840000000
3457.9950000000
3458.0060000000
3458.0170000000
3458.0290000000
3458.0400000000
3458.0510000000
3458.0620000000
3458.0730000000
3458.0840000000
3458.0950000000
3458.1060000000
3458.1180000000
3458.1280000000
3458.1400000000
3458.1510000000
3458.1620000000
3458.1730000000
3458.1840000000
3458.1950000000
3458.2060000000
3458.2170000000
3458.2280000000
3458.2400000000
3458.2510000000
3458.2620000000
3458.2730000000
3458.2840000000
3458.2950000000
3458.3060000000
3458.3170000000
3458.3280000000
3458.3390000000
3458.3510000000
3458.3620000000
3458.3730000000
3458.3840000000
3458.3950000000
3458.4060000000
3458.4170000000
3458.4280000000
3458.4390000000
3458.4510000000
3458.4610000000
3458.4730000000
3458.4840000000
3458.4950000000
3458.5060000000
3458.5170000000
3458.5280000000
3458.5400000000
3458.5500000000
3458.5620000000
3458.5730000000
3458.5840000000
3458.5950000000
3458.6060000000
3458.6170000000
3458.6280000000
3458.6390000000
3458.6500000000
3458.6610000000
3458.6730000000
3458.6840000000
3458.6950000000
3458.7060000000
3458.7170000000
3458.7280000000
3458.7390000000
3458.7500000000
3458.7610000000
3458.7730000000
3458.7840000000
3458.7950000000
3458.8060000000
3458.8170000000
3458.8280000000
3458.8410000000
3458.8510000000
3458.8620000000
3458.8730000000
3458.8840000000
3458.8950000000
3458.9060000000
3458.9170000000
3458.9280000000
3458.9390000000
3458.9500000000
3458.9610000000
3458.9720000000
3458.9840000000
3458.9950000000
3459.0060000000
3459.0170000000
3459.0280000000
3459.0390000000
3459.0500000000
3459.0610000000
3459.0730000000
3459.0830000000
3459.0950000000
3459.1050000000
3459.1170000000
3459.1280000000
3459.1390000000
3459.1500000000
3459.1610000000
3459.1720000000
3459.1830000000
3459.1950000000
3459.2060000000
3459.2170000000
3459.2280000000
3459.2390000000
3459.2500000000
3459.2610000000
3459.2720000000
3459.2830000000
3459.2940000000
3459.3050000000
3459.3170000000
3459.3280000000
3459.3390000000
3459.3500000000
3459.3610000000
3459.3720000000
3459.3840000000
3459.3940000000
3459.4060000000
3459.4170000000
3459.4280000000
3459.4390000000
3459.4500000000
3459.4610000000
3459.4720000000
3459.4830000000
3459.4940000000
3459.5060000000
3459.5170000000
3459.5280000000
3459.5390000000
3459.5500000000
3459.5610000000
3459.5720000000
3459.5830000000
3459.5940000000
3459.6050000000
3459.6160000000
3459.6280000000
3459.6390000000
3459.6500000000
3459.6610000000
3459.6720000000
3459.6830000000
3459.6940000000
3459.7050000000
3459.7170000000
3459.7280000000
3459.7390000000
3459.7500000000
3459.7610000000
3459.7720000000
3459.7830000000
3459.7940000000
3459.8050000000
3459.8160000000
3459.8280000000
3459.8390000000
3459.8500000000
3459.8610000000
3459.8720000000
3459.8830000000
3459.8940000000
3459.9050000000
3459.9170000000
3459.9270000000
3459.9390000000
3459.9500000000
3459.9610000000
3459.9720000000
3459.9830000000
3459.9940000000
3460.0050000000
3460.0160000000
3460.0280000000
3460.0380000000
3460.0500000000
3460.0610000000
3460.0720000000
3460.0830000000
3460.0940000000
3460.1050000000
3460.1160000000
3460.1270000000
3460.1390000000
3460.1490000000
3460.1610000000
3460.1720000000
3460.1830000000
3460.1940000000
3460.2050000000
3460.2160000000
3460.2270000000
3460.2380000000
3460.2500000000
3460.2600000000
3460.2720000000
3460.2830000000
3460.2940000000
3460.3050000000
3460.3160000000
3460.3270000000
3460.3390000000
3460.3490000000
3460.3610000000
3460.3720000000
3460.3830000000
3460.3940000000
3460.4050000000
3460.4160000000
3460.4270000000
3460.4380000000
3460.4490000000
3460.4600000000
3460.4720000000
3460.4830000000
3460.4940000000
3460.5050000000
3460.5160000000
3460.5270000000
3460.5390000000
3460.5500000000
3460.5610000000
3460.5720000000
3460.5830000000
3460.5940000000
3460.6050000000
3460.6160000000
3460.6270000000
3460.6380000000
3460.6490000000
3460.6600000000
3460.6720000000
3460.6830000000
3460.6940000000
3460.7050000000
3460.7160000000
3460.7270000000
3460.7380000000
3460.7490000000
3460.7600000000
3460.7720000000
3460.7830000000
3460.7940000000
3460.8050000000
3460.8160000000
3460.8270000000
3460.8380000000
3460.8490000000
3460.8600000000
3460.8710000000
3460.8830000000
3460.8940000000
3460.9050000000
3460.9160000000
3460.9270000000
3460.9380000000
3460.9490000000
3460.9600000000
3460.9720000000
3460.9820000000
3460.9940000000
3461.0050000000
3461.0160000000
3461.0270000000
3461.0380000000
3461.0490000000
3461.0610000000
3461.0710000000
3461.0820000000
3461.0940000000
3461.1040000000
3461.1160000000
3461.1270000000
3461.1380000000
3461.1490000000
3461.1610000000
3461.1710000000
3461.1820000000
3461.1930000000
3461.2050000000
3461.2160000000
3461.2270000000
3461.2380000000
3461.2490000000
3461.2600000000
3461.2710000000
3461.2820000000
3461.2930000000
3461.3040000000
3461.3160000000
3461.3270000000
3461.3380000000
3461.3490000000
3461.3600000000
3461.3710000000
3461.3820000000
3461.3930000000
3461.4050000000
3461.4160000000
3461.4270000000
3461.4380000000
3461.4490000000
3461.4600000000
3461.4710000000
3461.4820000000
3461.4930000000
3461.5040000000
3461.5160000000
3461.5270000000
3461.5380000000
3461.5490000000
3461.5600000000
3461.5710000000
3461.5820000000
3461.5930000000
3461.6040000000
3461.6150000000
3461.6270000000
3461.6380000000
3461.6490000000
3461.6600000000
3461.6710000000
3461.6820000000
3461.6930000000
3461.7040000000
3461.7160000000
3461.7270000000
3461.7380000000
3461.7490000000
3461.7600000000
3461.7710000000
3461.7820000000
3461.7930000000
3461.8040000000
3461.8150000000
3461.8260000000
3461.8380000000
3461.8490000000
3461.8600000000
3461.8710000000
3461.8820000000
3461.8940000000
3461.9040000000
3461.9160000000
3461.9270000000
3461.9380000000
3461.9490000000
3461.9600000000
3461.9710000000
3461.9820000000
3461.9930000000
3462.0040000000
3462.0150000000
3462.0260000000
3462.0370000000
3462.0490000000
3462.0600000000
3462.0710000000
3462.0820000000
3462.0930000000
3462.1040000000
3462.1150000000
3462.1260000000
3462.1380000000
3462.1490000000
3462.1600000000
3462.1710000000
3462.1820000000
3462.1930000000
3462.2040000000
3462.2150000000
3462.2260000000
3462.2380000000
3462.2490000000
3462.2600000000
3462.2710000000
3462.2820000000
3462.2930000000
3462.3040000000
3462.3150000000
3462.3260000000
3462.3370000000
3462.3480000000
3462.3600000000
3462.3710000000
3462.3820000000
3462.3930000000
3462.4040000000
3462.4150000000
3462.4260000000
3462.4380000000
3462.4480000000
3462.4590000000
3462.4710000000
3462.4820000000
3462.4930000000
3462.5040000000
3462.5150000000
3462.5260000000
3462.5370000000
3462.5480000000
3462.5600000000
3462.5710000000
3462.5820000000
3462.5930000000
3462.6040000000
3462.6150000000
3462.6260000000
3462.6370000000
3462.6480000000
3462.6590000000
3462.6710000000
3462.6820000000
3462.6930000000
3462.7040000000
3462.7150000000
3462.7270000000
3462.7370000000
3462.7480000000
3462.7590000000
3462.7710000000
3462.7820000000
3462.7930000000
3462.8040000000
3462.8150000000
3462.8260000000
3462.8370000000
3462.8480000000
3462.8590000000
3462.8710000000
3462.8820000000
3462.8930000000
3462.9040000000
3462.9150000000
3462.9260000000
3462.9370000000
3462.9480000000
3462.9590000000
3462.9700000000
3462.9810000000
3462.9920000000
3463.0040000000
3463.0150000000
3463.0260000000
3463.0370000000
3463.0480000000
3463.0590000000
3463.0710000000
3463.0810000000
3463.0930000000
3463.1040000000
3463.1150000000
3463.1260000000
3463.1370000000
3463.1480000000
3463.1590000000
3463.1700000000
3463.1820000000
3463.1920000000
3463.2040000000
3463.2150000000
3463.2260000000
3463.2370000000
3463.2480000000
3463.2590000000
3463.2700000000
3463.2810000000
3463.2920000000
3463.3030000000
3463.3150000000
3463.3260000000
3463.3370000000
3463.3480000000
3463.3590000000
3463.3700000000
3463.3810000000
3463.3920000000
3463.4030000000
3463.4150000000
3463.4260000000
3463.4370000000
3463.4480000000
3463.4590000000
3463.4700000000
3463.4810000000
3463.4920000000
3463.5040000000
3463.5140000000
3463.5260000000
3463.5370000000
3463.5480000000
3463.5590000000
3463.5700000000
3463.5810000000
3463.5920000000
3463.6030000000
3463.6150000000
3463.6250000000
3463.6370000000
3463.6480000000
3463.6590000000
3463.6700000000
3463.6810000000
3463.6920000000
3463.7030000000
3463.7150000000
3463.7250000000
3463.7370000000
3463.7480000000
3463.7590000000
3463.7700000000
3463.7810000000
3463.7920000000
3463.8040000000
3463.8140000000
3463.8250000000
3463.8370000000
3463.8480000000
3463.8590000000
3463.8700000000
3463.8810000000
3463.8920000000
3463.9030000000
3463.9140000000
3463.9260000000
3463.9370000000
3463.9480000000
3463.9590000000
3463.9700000000
3463.9810000000
3463.9920000000
3464.0030000000
3464.0140000000
3464.0250000000
3464.0370000000
3464.0480000000
3464.0590000000
3464.0700000000
3464.0810000000
3464.0920000000
3464.1030000000
3464.1150000000
3464.1250000000
3464.1360000000
3464.1470000000
3464.1590000000
3464.1700000000
3464.1810000000
3464.1920000000
3464.2030000000
3464.2140000000
3464.2260000000
3464.2370000000
3464.2480000000
3464.2590000000
3464.2700000000
3464.2810000000
3464.2920000000
3464.3030000000
3464.3140000000
3464.3250000000
3464.3360000000
3464.3480000000
3464.3580000000
3464.3700000000
3464.3810000000
3464.3920000000
3464.4030000000
3464.4140000000
3464.4250000000
3464.4360000000
3464.4480000000
3464.4580000000
3464.4700000000
3464.4810000000
3464.4920000000
3464.5030000000
3464.5140000000
3464.5250000000
3464.5360000000
3464.5470000000
3464.5590000000
3464.5700000000
3464.5810000000
3464.5920000000
3464.6030000000
3464.6140000000
3464.6250000000
3464.6360000000
3464.6470000000
3464.6580000000
3464.6700000000
3464.6810000000
3464.6920000000
3464.7030000000
3464.7140000000
3464.7250000000
3464.7360000000
3464.7470000000
3464.7580000000
3464.7700000000
3464.7810000000
3464.7920000000
3464.8030000000
3464.8140000000
3464.8250000000
3464.8360000000
3464.8470000000
3464.8580000000
3464.8690000000
3464.8810000000
3464.8920000000
3464.9030000000
3464.9140000000
3464.9250000000
3464.9360000000
3464.9470000000
3464.9580000000
3464.9690000000
3464.9800000000
3464.9910000000
3465.0030000000
3465.0140000000
3465.0250000000
3465.0360000000
3465.0470000000
3465.0580000000
3465.0690000000
3465.0810000000
3465.0920000000
3465.1030000000
3465.1140000000
3465.1250000000
3465.1360000000
3465.1470000000
3465.1580000000
3465.1690000000
3465.1800000000
3465.1920000000
3465.2030000000
3465.2140000000
3465.2250000000
3465.2360000000
3465.2470000000
3465.2580000000
3465.2690000000
3465.2800000000
3465.2910000000
3465.3030000000
3465.3130000000
3465.3250000000
3465.3360000000
3465.3470000000
3465.3580000000
3465.3690000000
3465.3800000000
3465.3910000000
3465.4030000000
3465.4140000000
3465.4250000000
3465.4360000000
3465.4470000000
3465.4580000000
3465.4700000000
3465.4800000000
3465.4910000000
3465.5020000000
3465.5140000000
3465.5250000000
3465.5360000000
3465.5470000000
3465.5580000000
3465.5700000000
3465.5800000000
3465.5910000000
3465.6030000000
3465.6140000000
3465.6250000000
3465.6360000000
3465.6470000000
3465.6580000000
3465.6690000000
3465.6800000000
3465.6910000000
3465.7020000000
3465.7130000000
3465.7250000000
3465.7360000000
3465.7470000000
3465.7580000000
3465.7700000000
3465.7800000000
3465.7910000000
3465.8020000000
3465.8130000000
3465.8250000000
3465.8350000000
3465.8470000000
3465.8580000000
3465.8690000000
3465.8800000000
3465.8910000000
3465.9020000000
3465.9130000000
3465.9250000000
3465.9360000000
3465.9470000000
3465.9580000000
3465.9690000000
3465.9800000000
3465.9910000000
3466.0020000000
3466.0130000000
3466.0240000000
3466.0360000000
3466.0470000000
3466.0580000000
3466.0690000000
3466.0800000000
3466.0910000000
3466.1020000000
3466.1130000000
3466.1250000000
3466.1350000000
3466.1470000000
3466.1580000000
3466.1690000000
3466.1800000000
3466.1910000000
3466.2020000000
3466.2130000000
3466.2240000000
3466.2350000000
3466.2460000000
3466.2580000000
3466.2690000000
3466.2800000000
3466.2910000000
3466.3020000000
3466.3130000000
3466.3250000000
3466.3360000000
3466.3460000000
3466.3570000000
3466.3690000000
3466.3800000000
3466.3910000000
3466.4020000000
3466.4130000000
3466.4240000000
3466.4350000000
3466.4470000000
3466.4580000000
3466.4690000000
3466.4800000000
3466.4910000000
3466.5020000000
3466.5130000000
3466.5240000000
3466.5350000000
3466.5460000000
3466.5580000000
3466.5690000000
3466.5800000000
3466.5910000000
3466.6020000000
3466.6130000000
3466.6240000000
3466.6350000000
3466.6460000000
3466.6570000000
3466.6680000000
3466.6800000000
3466.6910000000
3466.7020000000
3466.7130000000
3466.7250000000
3466.7350000000
3466.7460000000
3466.7580000000
3466.7690000000
3466.7800000000
3466.7910000000
3466.8020000000
3466.8130000000
3466.8240000000
3466.8350000000
3466.8460000000
3466.8570000000
3466.8690000000
3466.8800000000
3466.8910000000
3466.9020000000
3466.9130000000
3466.9240000000
3466.9350000000
3466.9470000000
3466.9570000000
3466.9680000000
3466.9800000000
3466.9910000000
3467.0020000000
3467.0130000000
3467.0240000000
3467.0350000000
3467.0460000000
3467.0570000000
3467.0680000000
3467.0790000000
3467.0910000000
3467.1020000000
3467.1130000000
3467.1240000000
3467.1350000000
3467.1460000000
3467.1570000000
3467.1680000000
3467.1790000000
3467.1900000000
3467.2020000000
3467.2130000000
3467.2240000000
3467.2350000000
3467.2460000000
3467.2570000000
3467.2680000000
3467.2790000000
3467.2910000000
3467.3020000000
3467.3130000000
3467.3240000000
3467.3350000000
3467.3460000000
3467.3570000000
3467.3680000000
3467.3790000000
3467.3900000000
3467.4020000000
3467.4130000000
3467.4240000000
3467.4350000000
3467.4460000000
3467.4570000000
3467.4680000000
3467.4790000000
3467.4900000000
3467.5010000000
3467.5120000000
3467.5240000000
3467.5350000000
3467.5460000000
3467.5570000000
3467.5680000000
3467.5790000000
3467.5900000000
3467.6010000000
3467.6130000000
3467.6240000000
3467.6350000000
3467.6460000000
3467.6570000000
3467.6680000000
3467.6790000000
3467.6900000000
3467.7010000000
3467.7120000000
3467.7230000000
3467.7350000000
3467.7460000000
3467.7570000000
3467.7680000000
3467.7790000000
3467.7900000000
3467.8010000000
3467.8130000000
3467.8230000000
3467.8340000000
3467.8460000000
3467.8570000000
3467.8680000000
3467.8790000000
3467.8900000000
3467.9010000000
3467.9120000000
3467.9240000000
3467.9350000000
3467.9460000000
3467.9570000000
3467.9680000000
3467.9790000000
3467.9900000000
3468.0010000000
3468.0120000000
3468.0230000000
3468.0350000000
3468.0460000000
3468.0570000000
3468.0680000000
3468.0790000000
3468.0900000000
3468.1010000000
3468.1130000000
3468.1230000000
3468.1350000000
3468.1460000000
3468.1570000000
3468.1680000000
3468.1790000000
3468.1900000000
3468.2010000000
3468.2120000000
3468.2240000000
3468.2340000000
3468.2460000000
3468.2570000000
3468.2680000000
3468.2790000000
3468.2900000000
3468.3010000000
3468.3130000000
3468.3230000000
3468.3340000000
3468.3450000000
3468.3570000000
3468.3680000000
3468.3790000000
3468.3900000000
3468.4010000000
3468.4120000000
3468.4230000000
3468.4340000000
3468.4460000000
3468.4570000000
3468.4680000000
3468.4790000000
3468.4900000000
3468.5010000000
3468.5120000000
3468.5230000000
3468.5340000000
3468.5460000000
3468.5570000000
3468.5670000000
3468.5790000000
3468.5900000000
3468.6010000000
3468.6120000000
3468.6230000000
3468.6340000000
3468.6460000000
3468.6560000000
3468.6680000000
3468.6790000000
3468.6900000000
3468.7010000000
3468.7120000000
3468.7230000000
3468.7340000000
3468.7450000000
3468.7570000000
3468.7680000000
3468.7790000000
3468.7900000000
3468.8010000000
3468.8120000000
3468.8230000000
3468.8340000000
3468.8450000000
3468.8560000000
3468.8670000000
3468.8790000000
3468.8900000000
3468.9010000000
3468.9120000000
3468.9230000000
3468.9340000000
3468.9450000000
3468.9560000000
3468.9670000000
3468.9790000000
3468.9900000000
3469.0000000000
3469.0120000000
3469.0230000000
3469.0340000000
3469.0450000000
3469.0560000000
3469.0670000000
3469.0790000000
3469.0900000000
3469.1010000000
3469.1120000000
3469.1230000000
3469.1340000000
3469.1450000000
3469.1560000000
3469.1670000000
3469.1780000000
3469.1900000000
3469.2010000000
3469.2120000000
3469.2230000000
3469.2340000000
3469.2450000000
3469.2560000000
3469.2670000000
3469.2790000000
3469.2900000000
3469.3010000000
3469.3120000000
3469.3230000000
3469.3340000000
3469.3450000000
3469.3560000000
3469.3670000000
3469.3790000000
3469.3900000000
3469.4000000000
3469.4120000000
3469.4230000000
3469.4340000000
3469.4450000000
3469.4560000000
3469.4670000000
3469.4780000000
3469.4890000000
3469.5010000000
3469.5110000000
3469.5230000000
3469.5340000000
3469.5450000000
3469.5560000000
3469.5670000000
3469.5780000000
3469.5890000000
3469.6000000000
3469.6120000000
3469.6230000000
3469.6340000000
3469.6450000000
3469.6560000000
3469.6670000000
3469.6780000000
3469.6890000000
3469.7000000000
3469.7110000000
3469.7220000000
3469.7340000000
3469.7450000000
3469.7560000000
3469.7670000000
3469.7780000000
3469.7890000000
3469.8000000000
3469.8110000000
3469.8230000000
3469.8330000000
3469.8450000000
3469.8560000000
3469.8670000000
3469.8780000000
3469.8890000000
3469.9000000000
3469.9110000000
3469.9230000000
3469.9330000000
3469.9450000000
3469.9560000000
3469.9670000000
3469.9780000000
3469.9890000000
3470.0000000000
3470.0110000000
3470.0220000000
3470.0330000000
3470.0450000000
3470.0560000000
3470.0670000000
3470.0780000000
3470.0890000000
3470.1000000000
3470.1110000000
3470.1220000000
3470.1340000000
3470.1450000000
3470.1560000000
3470.1670000000
3470.1780000000
3470.1890000000
3470.2000000000
3470.2110000000
3470.2220000000
3470.2330000000
3470.2450000000
3470.2560000000
3470.2670000000
3470.2780000000
3470.2890000000
3470.3000000000
3470.3110000000
3470.3220000000
3470.3330000000
3470.3440000000
3470.3560000000
3470.3670000000
3470.3780000000
3470.3890000000
3470.4000000000
3470.4110000000
3470.4220000000
3470.4330000000
3470.4440000000
3470.4560000000
3470.4670000000
3470.4780000000
3470.4890000000
3470.5000000000
3470.5110000000
3470.5220000000
3470.5330000000
3470.5440000000
3470.5560000000
3470.5670000000
3470.5780000000
3470.5890000000
3470.6000000000
3470.6110000000
3470.6220000000
3470.6330000000
3470.6450000000
3470.6550000000
3470.6670000000
3470.6770000000
3470.6890000000
3470.7000000000
3470.7110000000
3470.7220000000
3470.7330000000
3470.7450000000
3470.7550000000
3470.7660000000
3470.7780000000
3470.7890000000
3470.8000000000
3470.8110000000
3470.8220000000
3470.8330000000
3470.8440000000
3470.8550000000
3470.8660000000
3470.8770000000
3470.8890000000
3470.9000000000
3470.9110000000
3470.9220000000
3470.9330000000
3470.9440000000
3470.9560000000
3470.9660000000
3470.9780000000
3470.9890000000
3471.0000000000
3471.0110000000
3471.0220000000
3471.0330000000
3471.0440000000
3471.0550000000
3471.0660000000
3471.0770000000
3471.0890000000
3471.1000000000
3471.1110000000
3471.1220000000
3471.1330000000
3471.1440000000
3471.1550000000
3471.1660000000
3471.1770000000
3471.1880000000
3471.2000000000
3471.2110000000
3471.2220000000
3471.2330000000
3471.2440000000
3471.2550000000
3471.2660000000
3471.2770000000
3471.2880000000
3471.2990000000
3471.3110000000
3471.3220000000
3471.3330000000
3471.3440000000
3471.3550000000
3471.3660000000
3471.3770000000
3471.3890000000
3471.3990000000
3471.4110000000
3471.4220000000
3471.4330000000
3471.4440000000
3471.4550000000
3471.4660000000
3471.4770000000
3471.4880000000
3471.4990000000
3471.5110000000
3471.5210000000
3471.5330000000
3471.5440000000
3471.5550000000
3471.5660000000
3471.5770000000
3471.5880000000
3471.5990000000
3471.6110000000
3471.6220000000
3471.6330000000
3471.6440000000
3471.6550000000
3471.6660000000
3471.6770000000
3471.6880000000
3471.6990000000
3471.7100000000
3471.7220000000
3471.7330000000
3471.7440000000
3471.7550000000
3471.7660000000
3471.7770000000
3471.7880000000
3471.7990000000
3471.8100000000
3471.8220000000
3471.8330000000
3471.8440000000
3471.8550000000
3471.8660000000
3471.8770000000
3471.8880000000
3471.8990000000
3471.9100000000
3471.9210000000
3471.9320000000
3471.9440000000
3471.9550000000
3471.9660000000
3471.9770000000
3471.9880000000
3471.9990000000
3472.0100000000
3472.0210000000
3472.0320000000
3472.0440000000
3472.0550000000
3472.0660000000
3472.0770000000
3472.0880000000
3472.0990000000
3472.1100000000
3472.1210000000
3472.1330000000
3472.1440000000
3472.1550000000
3472.1660000000
3472.1770000000
3472.1880000000
3472.1990000000
3472.2100000000
3472.2210000000
3472.2320000000
3472.2440000000
3472.2550000000
3472.2660000000
3472.2770000000
3472.2880000000
3472.2990000000
3472.3100000000
3472.3220000000
3472.3320000000
3472.3430000000
3472.3550000000
3472.3650000000
3472.3770000000
3472.3880000000
3472.3990000000
3472.4100000000
3472.4210000000
3472.4320000000
3472.4430000000
3472.4550000000
3472.4660000000
3472.4770000000
3472.4880000000
3472.4990000000
3472.5100000000
3472.5210000000
3472.5320000000
3472.5430000000
3472.5540000000
3472.5660000000
3472.5770000000
3472.5880000000
3472.5990000000
3472.6100000000
3472.6210000000
3472.6320000000
3472.6430000000
3472.6550000000
3472.6660000000
3472.6770000000
3472.6880000000
3472.6990000000
3472.7100000000
3472.7210000000
3472.7320000000
3472.7430000000
3472.7540000000
3472.7650000000
3472.7760000000
3472.7880000000
3472.7990000000
3472.8100000000
3472.8210000000
3472.8320000000
3472.8440000000
3472.8540000000
3472.8650000000
3472.8770000000
3472.8880000000
3472.8990000000
3472.9100000000
3472.9210000000
3472.9320000000
3472.9430000000
3472.9540000000
3472.9650000000
3472.9770000000
3472.9880000000
3472.9990000000
3473.0100000000
3473.0210000000
3473.0320000000
3473.0430000000
3473.0540000000
3473.0650000000
3473.0760000000
3473.0880000000
3473.0990000000
3473.1100000000
3473.1210000000
3473.1320000000
3473.1430000000
3473.1540000000
3473.1650000000
3473.1770000000
3473.1880000000
3473.1980000000
3473.2100000000
3473.2210000000
3473.2320000000
3473.2430000000
3473.2540000000
3473.2650000000
3473.2760000000
3473.2880000000
3473.2990000000
3473.3100000000
3473.3210000000
3473.3320000000
3473.3430000000
3473.3540000000
3473.3650000000
3473.3760000000
3473.3870000000
3473.3980000000
3473.4100000000
3473.4210000000
3473.4320000000
3473.4430000000
3473.4540000000
3473.4650000000
3473.4770000000
3473.4880000000
3473.4990000000
3473.5100000000
3473.5210000000
3473.5320000000
3473.5430000000
3473.5540000000
3473.5650000000
3473.5760000000
3473.5870000000
3473.5990000000
3473.6100000000
3473.6210000000
3473.6320000000
3473.6430000000
3473.6540000000
3473.6650000000
3473.6770000000
3473.6870000000
3473.6980000000
3473.7090000000
3473.7200000000
3473.7320000000
3473.7430000000
3473.7540000000
3473.7650000000
3473.7760000000
3473.7870000000
3473.7980000000
3473.8090000000
3473.8200000000
3473.8320000000
3473.8430000000
3473.8540000000
3473.8650000000
3473.8760000000
3473.8870000000
3473.8980000000
3473.9090000000
3473.9200000000
3473.9310000000
3473.9430000000
3473.9540000000
3473.9650000000
3473.9760000000
3473.9870000000
3473.9980000000
3474.0090000000
3474.0200000000
3474.0320000000
3474.0420000000
3474.0540000000
3474.0650000000
3474.0760000000
3474.0870000000
3474.0980000000
3474.1090000000
3474.1200000000
3474.1310000000
3474.1430000000
3474.1540000000
3474.1650000000
3474.1760000000
3474.1870000000
3474.1980000000
3474.2090000000
3474.2200000000
3474.2310000000
3474.2430000000
3474.2540000000
3474.2650000000
3474.2760000000
3474.2870000000
3474.2980000000
3474.3090000000
3474.3200000000
3474.3310000000
