-1.0000000000
-1.0000000000
-1.0000000000
-1.0000000000
-1.0000000000
-1.0000000000
-1.0000000000
-1.0000000000
-1.0000000000
-1.0000000000
-1.0000000000
-1.0000000000
-1.0000000000
-1.0000000000
-1.0000000000
-1.0000000000
-1.0000000000
-1.0000000000
-1.0000000000
-1.0000000000
-1.0000000000
-1.0000000000
-1.0000000000
-1.0000000000
-1.0000000000
-1.0000000000
-1.0000000000
-1.0000000000
-1.0000000000
-1.0000000000
-1.0000000000
-1.0000000000
-1.0000000000
-1.0000000000
-1.0000000000
-1.0000000000
-1.0000000000
-1.0000000000
-1.0000000000
-1.0000000000
-1.0000000000
-1.0000000000
-1.0000000000
-1.0000000000
-1.0000000000
-1.0000000000
-1.0000000000
-1.0000000000
-1.0000000000
-1.0000000000
-1.0000000000
-1.0000000000
-1.0000000000
-1.0000000000
-1.0000000000
-1.0000000000
-1.0000000000
-1.0000000000
-1.0000000000
-1.0000000000
-1.0000000000
-1.0000000000
-1.0000000000
-1.0000000000
-1.0000000000
-1.0000000000
-1.0000000000
-1.0000000000
-1.0000000000
-1.0000000000
-1.0000000000
-1.0000000000
-1.0000000000
-1.0000000000
-1.0000000000
-1.0000000000
-1.0000000000
-1.0000000000
-1.0000000000
-1.0000000000
-1.0000000000
-1.0000000000
-1.0000000000
-1.0000000000
-1.0000000000
-1.0000000000
-1.0000000000
-1.0000000000
-1.0000000000
-1.0000000000
-1.0000000000
-1.0000000000
-1.0000000000
-1.0000000000
-1.0000000000
-1.0000000000
-1.0000000000
-1.0000000000
-1.0000000000
-1.0000000000
-1.0000000000
-1.0000000000
-1.0000000000
-1.0000000000
-1.0000000000
-1.0000000000
-1.0000000000
-1.0000000000
-1.0000000000
-1.0000000000
-1.0000000000
-1.0000000000
-1.0000000000
-1.0000000000
-1.0000000000
-1.0000000000
-1.0000000000
-1.0000000000
-1.0000000000
-1.0000000000
-1.0000000000
-1.0000000000
-1.0000000000
-1.0000000000
-1.0000000000
-1.0000000000
-1.0000000000
-1.0000000000
-1.0000000000
-1.0000000000
-1.0000000000
-1.0000000000
-1.0000000000
-1.0000000000
-1.0000000000
-1.0000000000
-1.0000000000
-1.0000000000
-1.0000000000
-1.0000000000
-1.0000000000
-1.0000000000
-1.0000000000
-1.0000000000
-1.0000000000
-1.0000000000
-1.0000000000
-1.0000000000
-1.0000000000
-1.0000000000
-1.0000000000
-1.0000000000
-1.0000000000
-1.0000000000
-1.0000000000
-1.0000000000
-1.0000000000
-1.0000000000
-1.0000000000
-1.0000000000
-1.0000000000
-1.0000000000
-1.0000000000
-1.0000000000
-1.0000000000
-1.0000000000
-1.0000000000
-1.0000000000
-1.0000000000
-1.0000000000
-1.0000000000
-1.0000000000
-1.0000000000
-1.0000000000
-1.0000000000
-1.0000000000
-1.0000000000
-1.0000000000
-1.0000000000
-1.0000000000
-1.0000000000
-1.0000000000
-1.0000000000
-1.0000000000
-1.0000000000
-1.0000000000
-1.0000000000
-1.0000000000
-1.0000000000
-1.0000000000
-1.0000000000
-1.0000000000
-1.0000000000
-1.0000000000
-1.0000000000
-1.0000000000
-1.0000000000
-1.0000000000
-1.0000000000
-1.0000000000
-1.0000000000
-1.0000000000
-1.0000000000
-1.0000000000
-1.0000000000
-1.0000000000
-1.0000000000
-1.0000000000
-1.0000000000
-1.0000000000
-1.0000000000
-1.0000000000
-1.0000000000
-1.0000000000
-1.0000000000
-1.0000000000
-1.0000000000
-1.0000000000
-1.0000000000
-1.0000000000
-1.0000000000
-1.0000000000
-1.0000000000
-1.0000000000
-1.0000000000
-1.0000000000
-1.0000000000
-1.0000000000
-1.0000000000
-1.0000000000
-1.0000000000
-1.0000000000
-1.0000000000
-1.0000000000
-1.0000000000
-1.0000000000
-1.0000000000
-1.0000000000
-1.0000000000
-1.0000000000
-1.0000000000
-1.0000000000
-1.0000000000
-1.0000000000
-1.0000000000
-1.0000000000
-1.0000000000
-1.0000000000
-1.0000000000
-1.0000000000
-1.0000000000
-1.0000000000
-1.0000000000
-1.0000000000
-1.0000000000
-1.0000000000
-1.0000000000
-1.0000000000
-1.0000000000
-1.0000000000
-1.0000000000
-1.0000000000
-1.0000000000
-1.0000000000
-1.0000000000
-1.0000000000
-1.0000000000
-1.0000000000
-1.0000000000
-1.0000000000
-1.0000000000
-1.0000000000
-1.0000000000
-1.0000000000
-1.0000000000
-1.0000000000
-1.0000000000
-1.0000000000
-1.0000000000
-1.0000000000
-1.0000000000
-1.0000000000
-1.0000000000
-1.0000000000
-1.0000000000
-1.0000000000
-1.0000000000
-1.0000000000
-1.0000000000
-1.0000000000
-1.0000000000
-1.0000000000
-1.0000000000
-1.0000000000
-1.0000000000
-1.0000000000
-1.0000000000
-1.0000000000
-1.0000000000
-1.0000000000
-1.0000000000
-1.0000000000
-1.0000000000
-1.0000000000
-1.0000000000
-1.0000000000
-1.0000000000
-1.0000000000
-1.0000000000
-1.0000000000
-1.0000000000
-1.0000000000
-1.0000000000
-1.0000000000
-1.0000000000
-1.0000000000
-1.0000000000
-1.0000000000
-1.0000000000
-1.0000000000
-1.0000000000
3437.9050000000
3437.9160000000
3437.9270000000
3437.9390000000
3437.9500000000
3437.9610000000
3437.9720000000
3437.9830000000
3437.9940000000
3438.0050000000
3438.0160000000
3438.0270000000
3438.0380000000
3438.0500000000
3438.0610000000
3438.0720000000
3438.0830000000
3438.0940000000
3438.1050000000
3438.1160000000
-1.0000000000
-1.0000000000
-1.0000000000
-1.0000000000
-1.0000000000
-1.0000000000
-1.0000000000
-1.0000000000
-1.0000000000
-1.0000000000
-1.0000000000
-1.0000000000
-1.0000000000
-1.0000000000
-1.0000000000
-1.0000000000
-1.0000000000
-1.0000000000
-1.0000000000
-1.0000000000
-1.0000000000
-1.0000000000
-1.0000000000
-1.0000000000
-1.0000000000
-1.0000000000
-1.0000000000
-1.0000000000
-1.0000000000
-1.0000000000
-1.0000000000
-1.0000000000
-1.0000000000
-1.0000000000
-1.0000000000
-1.0000000000
-1.0000000000
-1.0000000000
-1.0000000000
-1.0000000000
-1.0000000000
-1.0000000000
-1.0000000000
-1.0000000000
-1.0000000000
-1.0000000000
-1.0000000000
-1.0000000000
-1.0000000000
-1.0000000000
-1.0000000000
-1.0000000000
-1.0000000000
-1.0000000000
-1.0000000000
-1.0000000000
-1.0000000000
-1.0000000000
-1.0000000000
-1.0000000000
-1.0000000000
-1.0000000000
-1.0000000000
-1.0000000000
-1.0000000000
-1.0000000000
-1.0000000000
-1.0000000000
-1.0000000000
-1.0000000000
-1.0000000000
-1.0000000000
-1.0000000000
-1.0000000000
-1.0000000000
-1.0000000000
-1.0000000000
-1.0000000000
-1.0000000000
-1.0000000000
-1.0000000000
-1.0000000000
-1.0000000000
-1.0000000000
-1.0000000000
-1.0000000000
-1.0000000000
-1.0000000000
-1.0000000000
-1.0000000000
-1.0000000000
-1.0000000000
-1.0000000000
-1.0000000000
-1.0000000000
-1.0000000000
-1.0000000000
-1.0000000000
-1.0000000000
-1.0000000000
-1.0000000000
-1.0000000000
-1.0000000000
-1.0000000000
-1.0000000000
-1.0000000000
-1.0000000000
-1.0000000000
-1.0000000000
-1.0000000000
-1.0000000000
-1.0000000000
-1.0000000000
-1.0000000000
-1.0000000000
-1.0000000000
-1.0000000000
-1.0000000000
-1.0000000000
-1.0000000000
-1.0000000000
-1.0000000000
-1.0000000000
-1.0000000000
-1.0000000000
-1.0000000000
-1.0000000000
-1.0000000000
-1.0000000000
-1.0000000000
-1.0000000000
-1.0000000000
-1.0000000000
-1.0000000000
-1.0000000000
-1.0000000000
-1.0000000000
-1.0000000000
-1.0000000000
-1.0000000000
-1.0000000000
-1.0000000000
-1.0000000000
-1.0000000000
-1.0000000000
-1.0000000000
-1.0000000000
-1.0000000000
-1.0000000000
-1.0000000000
-1.0000000000
-1.0000000000
-1.0000000000
-1.0000000000
-1.0000000000
-1.0000000000
-1.0000000000
-1.0000000000
-1.0000000000
-1.0000000000
-1.0000000000
-1.0000000000
-1.0000000000
-1.0000000000
-1.0000000000
-1.0000000000
-1.0000000000
-1.0000000000
-1.0000000000
-1.0000000000
-1.0000000000
-1.0000000000
-1.0000000000
-1.0000000000
-1.0000000000
-1.0000000000
-1.0000000000
-1.0000000000
-1.0000000000
-1.0000000000
-1.0000000000
-1.0000000000
-1.0000000000
-1.0000000000
-1.0000000000
-1.0000000000
-1.0000000000
-1.0000000000
-1.0000000000
-1.0000000000
-1.0000000000
-1.0000000000
-1.0000000000
-1.0000000000
-1.0000000000
-1.0000000000
-1.0000000000
-1.0000000000
-1.0000000000
-1.0000000000
-1.0000000000
-1.0000000000
-1.0000000000
-1.0000000000
-1.0000000000
-1.0000000000
-1.0000000000
-1.0000000000
-1.0000000000
-1.0000000000
-1.0000000000
-1.0000000000
-1.0000000000
-1.0000000000
-1.0000000000
-1.0000000000
-1.0000000000
-1.0000000000
-1.0000000000
-1.0000000000
-1.0000000000
-1.0000000000
-1.0000000000
-1.0000000000
-1.0000000000
-1.0000000000
-1.0000000000
-1.0000000000
-1.0000000000
-1.0000000000
-1.0000000000
-1.0000000000
-1.0000000000
-1.0000000000
-1.0000000000
-1.0000000000
-1.0000000000
-1.0000000000
-1.0000000000
-1.0000000000
-1.0000000000
-1.0000000000
-1.0000000000
-1.0000000000
-1.0000000000
-1.0000000000
-1.0000000000
-1.0000000000
-1.0000000000
-1.0000000000
-1.0000000000
-1.0000000000
-1.0000000000
-1.0000000000
-1.0000000000
-1.0000000000
-1.0000000000
-1.0000000000
-1.0000000000
-1.0000000000
-1.0000000000
-1.0000000000
-1.0000000000
-1.0000000000
-1.0000000000
-1.0000000000
-1.0000000000
-1.0000000000
-1.0000000000
-1.0000000000
-1.0000000000
-1.0000000000
-1.0000000000
-1.0000000000
-1.0000000000
-1.0000000000
-1.0000000000
-1.0000000000
-1.0000000000
-1.0000000000
-1.0000000000
-1.0000000000
-1.0000000000
-1.0000000000
-1.0000000000
-1.0000000000
-1.0000000000
-1.0000000000
-1.0000000000
-1.0000000000
-1.0000000000
-1.0000000000
-1.0000000000
-1.0000000000
-1.0000000000
-1.0000000000
-1.0000000000
-1.0000000000
-1.0000000000
-1.0000000000
-1.0000000000
-1.0000000000
-1.0000000000
-1.0000000000
-1.0000000000
-1.0000000000
-1.0000000000
-1.0000000000
-1.0000000000
-1.0000000000
-1.0000000000
-1.0000000000
-1.0000000000
-1.0000000000
-1.0000000000
-1.0000000000
-1.0000000000
-1.0000000000
-1.0000000000
-1.0000000000
-1.0000000000
-1.0000000000
-1.0000000000
-1.0000000000
-1.0000000000
-1.0000000000
-1.0000000000
-1.0000000000
-1.0000000000
-1.0000000000
-1.0000000000
-1.0000000000
-1.0000000000
-1.0000000000
-1.0000000000
-1.0000000000
-1.0000000000
-1.0000000000
-1.0000000000
-1.0000000000
-1.0000000000
-1.0000000000
-1.0000000000
-1.0000000000
-1.0000000000
-1.0000000000
-1.0000000000
-1.0000000000
-1.0000000000
-1.0000000000
-1.0000000000
-1.0000000000
-1.0000000000
-1.0000000000
-1.0000000000
-1.0000000000
-1.0000000000
-1.0000000000
-1.0000000000
-1.0000000000
-1.0000000000
-1.0000000000
-1.0000000000
-1.0000000000
-1.0000000000
-1.0000000000
-1.0000000000
-1.0000000000
-1.0000000000
-1.0000000000
-1.0000000000
-1.0000000000
-1.0000000000
-1.0000000000
-1.0000000000
-1.0000000000
-1.0000000000
-1.0000000000
-1.0000000000
-1.0000000000
-1.0000000000
-1.0000000000
-1.0000000000
-1.0000000000
-1.0000000000
-1.0000000000
-1.0000000000
-1.0000000000
-1.0000000000
-1.0000000000
-1.0000000000
-1.0000000000
-1.0000000000
-1.0000000000
-1.0000000000
-1.0000000000
-1.0000000000
-1.0000000000
-1.0000000000
-1.0000000000
-1.0000000000
-1.0000000000
-1.0000000000
-1.0000000000
-1.0000000000
-1.0000000000
-1.0000000000
-1.0000000000
-1.0000000000
-1.0000000000
-1.0000000000
-1.0000000000
-1.0000000000
-1.0000000000
-1.0000000000
-1.0000000000
-1.0000000000
-1.0000000000
-1.0000000000
-1.0000000000
-1.0000000000
-1.0000000000
-1.0000000000
-1.0000000000
-1.0000000000
-1.0000000000
-1.0000000000
-1.0000000000
-1.0000000000
-1.0000000000
-1.0000000000
-1.0000000000
-1.0000000000
-1.0000000000
-1.0000000000
-1.0000000000
-1.0000000000
-1.0000000000
-1.0000000000
-1.0000000000
-1.0000000000
-1.0000000000
-1.0000000000
-1.0000000000
-1.0000000000
-1.0000000000
-1.0000000000
-1.0000000000
-1.0000000000
-1.0000000000
-1.0000000000
-1.0000000000
-1.0000000000
-1.0000000000
-1.0000000000
-1.0000000000
-1.0000000000
-1.0000000000
-1.0000000000
-1.0000000000
-1.0000000000
-1.0000000000
-1.0000000000
-1.0000000000
-1.0000000000
-1.0000000000
-1.0000000000
-1.0000000000
-1.0000000000
-1.0000000000
-1.0000000000
-1.0000000000
-1.0000000000
-1.0000000000
-1.0000000000
-1.0000000000
3443.4140000000
3443.4250000000
3443.4360000000
3443.4470000000
3443.4580000000
3443.4690000000
3443.4800000000
3443.4910000000
3443.5020000000
3443.5130000000
3443.5250000000
3443.5360000000
3443.5470000000
3443.5580000000
3443.5690000000
3443.5800000000
3443.5910000000
3443.6020000000
3443.6140000000
3443.6250000000
3443.6360000000
3443.6470000000
3443.6580000000
3443.6690000000
3443.6800000000
3443.6910000000
3443.7020000000
3443.7130000000
3443.7250000000
3443.7360000000
3443.7470000000
3443.7580000000
3443.7690000000
3443.7800000000
3443.7910000000
3443.8020000000
3443.8130000000
3443.8240000000
-1.0000000000
-1.0000000000
-1.0000000000
-1.0000000000
-1.0000000000
-1.0000000000
-1.0000000000
-1.0000000000
-1.0000000000
-1.0000000000
-1.0000000000
-1.0000000000
-1.0000000000
-1.0000000000
-1.0000000000
-1.0000000000
-1.0000000000
-1.0000000000
-1.0000000000
-1.0000000000
-1.0000000000
-1.0000000000
-1.0000000000
-1.0000000000
-1.0000000000
-1.0000000000
-1.0000000000
-1.0000000000
-1.0000000000
-1.0000000000
-1.0000000000
-1.0000000000
-1.0000000000
-1.0000000000
-1.0000000000
-1.0000000000
-1.0000000000
-1.0000000000
-1.0000000000
-1.0000000000
-1.0000000000
-1.0000000000
-1.0000000000
-1.0000000000
-1.0000000000
-1.0000000000
-1.0000000000
-1.0000000000
-1.0000000000
-1.0000000000
-1.0000000000
-1.0000000000
-1.0000000000
-1.0000000000
-1.0000000000
-1.0000000000
-1.0000000000
-1.0000000000
-1.0000000000
-1.0000000000
-1.0000000000
-1.0000000000
-1.0000000000
-1.0000000000
-1.0000000000
-1.0000000000
-1.0000000000
-1.0000000000
-1.0000000000
-1.0000000000
-1.0000000000
-1.0000000000
-1.0000000000
-1.0000000000
-1.0000000000
-1.0000000000
-1.0000000000
-1.0000000000
-1.0000000000
-1.0000000000
-1.0000000000
-1.0000000000
-1.0000000000
-1.0000000000
-1.0000000000
-1.0000000000
-1.0000000000
-1.0000000000
-1.0000000000
-1.0000000000
-1.0000000000
-1.0000000000
-1.0000000000
-1.0000000000
-1.0000000000
-1.0000000000
-1.0000000000
-1.0000000000
-1.0000000000
-1.0000000000
-1.0000000000
-1.0000000000
-1.0000000000
-1.0000000000
-1.0000000000
-1.0000000000
-1.0000000000
-1.0000000000
-1.0000000000
-1.0000000000
-1.0000000000
-1.0000000000
-1.0000000000
-1.0000000000
-1.0000000000
-1.0000000000
-1.0000000000
-1.0000000000
-1.0000000000
-1.0000000000
-1.0000000000
-1.0000000000
-1.0000000000
-1.0000000000
-1.0000000000
-1.0000000000
-1.0000000000
-1.0000000000
-1.0000000000
-1.0000000000
-1.0000000000
-1.0000000000
-1.0000000000
-1.0000000000
-1.0000000000
-1.0000000000
-1.0000000000
-1.0000000000
-1.0000000000
-1.0000000000
-1.0000000000
-1.0000000000
-1.0000000000
-1.0000000000
-1.0000000000
-1.0000000000
-1.0000000000
-1.0000000000
-1.0000000000
-1.0000000000
-1.0000000000
-1.0000000000
-1.0000000000
-1.0000000000
-1.0000000000
-1.0000000000
-1.0000000000
-1.0000000000
-1.0000000000
-1.0000000000
-1.0000000000
-1.0000000000
-1.0000000000
-1.0000000000
-1.0000000000
-1.0000000000
-1.0000000000
-1.0000000000
-1.0000000000
-1.0000000000
-1.0000000000
-1.0000000000
-1.0000000000
-1.0000000000
-1.0000000000
-1.0000000000
-1.0000000000
-1.0000000000
-1.0000000000
-1.0000000000
-1.0000000000
-1.0000000000
-1.0000000000
-1.0000000000
-1.0000000000
-1.0000000000
-1.0000000000
-1.0000000000
-1.0000000000
-1.0000000000
-1.0000000000
-1.0000000000
-1.0000000000
-1.0000000000
-1.0000000000
-1.0000000000
-1.0000000000
-1.0000000000
-1.0000000000
-1.0000000000
-1.0000000000
-1.0000000000
-1.0000000000
-1.0000000000
-1.0000000000
-1.0000000000
-1.0000000000
-1.0000000000
-1.0000000000
-1.0000000000
-1.0000000000
-1.0000000000
-1.0000000000
-1.0000000000
-1.0000000000
-1.0000000000
-1.0000000000
-1.0000000000
-1.0000000000
-1.0000000000
-1.0000000000
-1.0000000000
-1.0000000000
-1.0000000000
-1.0000000000
-1.0000000000
-1.0000000000
-1.0000000000
-1.0000000000
-1.0000000000
-1.0000000000
-1.0000000000
-1.0000000000
-1.0000000000
-1.0000000000
-1.0000000000
-1.0000000000
-1.0000000000
-1.0000000000
-1.0000000000
-1.0000000000
-1.0000000000
-1.0000000000
-1.0000000000
-1.0000000000
-1.0000000000
-1.0000000000
-1.0000000000
-1.0000000000
-1.0000000000
-1.0000000000
-1.0000000000
-1.0000000000
-1.0000000000
-1.0000000000
-1.0000000000
-1.0000000000
-1.0000000000
-1.0000000000
-1.0000000000
-1.0000000000
-1.0000000000
-1.0000000000
-1.0000000000
-1.0000000000
-1.0000000000
-1.0000000000
-1.0000000000
-1.0000000000
-1.0000000000
-1.0000000000
-1.0000000000
-1.0000000000
-1.0000000000
-1.0000000000
-1.0000000000
-1.0000000000
-1.0000000000
-1.0000000000
-1.0000000000
-1.0000000000
-1.0000000000
-1.0000000000
-1.0000000000
-1.0000000000
-1.0000000000
-1.0000000000
-1.0000000000
-1.0000000000
-1.0000000000
-1.0000000000
-1.0000000000
-1.0000000000
-1.0000000000
-1.0000000000
-1.0000000000
-1.0000000000
-1.0000000000
-1.0000000000
-1.0000000000
-1.0000000000
-1.0000000000
-1.0000000000
-1.0000000000
-1.0000000000
-1.0000000000
-1.0000000000
-1.0000000000
-1.0000000000
-1.0000000000
-1.0000000000
-1.0000000000
3447.3010000000
3447.3120000000
3447.3230000000
3447.3340000000
3447.3450000000
3447.3560000000
3447.3670000000
3447.3780000000
3447.3900000000
3447.4010000000
3447.4120000000
3447.4230000000
3447.4340000000
3447.4450000000
3447.4560000000
3447.4670000000
3447.4780000000
3447.4890000000
3447.5010000000
3447.5110000000
3447.5230000000
3447.5340000000
3447.5450000000
3447.5560000000
3447.5670000000
3447.5780000000
3447.5890000000
3447.6000000000
3447.6120000000
3447.6230000000
3447.6340000000
3447.6450000000
3447.6560000000
3447.6670000000
-1.0000000000
-1.0000000000
-1.0000000000
-1.0000000000
-1.0000000000
-1.0000000000
-1.0000000000
-1.0000000000
-1.0000000000
-1.0000000000
-1.0000000000
-1.0000000000
-1.0000000000
-1.0000000000
-1.0000000000
-1.0000000000
-1.0000000000
-1.0000000000
-1.0000000000
-1.0000000000
-1.0000000000
-1.0000000000
-1.0000000000
-1.0000000000
-1.0000000000
-1.0000000000
-1.0000000000
-1.0000000000
-1.0000000000
-1.0000000000
-1.0000000000
-1.0000000000
-1.0000000000
-1.0000000000
-1.0000000000
-1.0000000000
-1.0000000000
-1.0000000000
-1.0000000000
-1.0000000000
-1.0000000000
-1.0000000000
-1.0000000000
-1.0000000000
-1.0000000000
-1.0000000000
-1.0000000000
-1.0000000000
-1.0000000000
-1.0000000000
-1.0000000000
-1.0000000000
-1.0000000000
-1.0000000000
-1.0000000000
-1.0000000000
-1.0000000000
-1.0000000000
-1.0000000000
-1.0000000000
-1.0000000000
-1.0000000000
-1.0000000000
-1.0000000000
-1.0000000000
-1.0000000000
-1.0000000000
-1.0000000000
-1.0000000000
-1.0000000000
-1.0000000000
-1.0000000000
-1.0000000000
-1.0000000000
-1.0000000000
-1.0000000000
-1.0000000000
-1.0000000000
-1.0000000000
-1.0000000000
-1.0000000000
-1.0000000000
-1.0000000000
-1.0000000000
-1.0000000000
-1.0000000000
-1.0000000000
-1.0000000000
-1.0000000000
-1.0000000000
-1.0000000000
-1.0000000000
-1.0000000000
-1.0000000000
-1.0000000000
-1.0000000000
-1.0000000000
-1.0000000000
-1.0000000000
-1.0000000000
-1.0000000000
-1.0000000000
-1.0000000000
-1.0000000000
-1.0000000000
-1.0000000000
-1.0000000000
-1.0000000000
-1.0000000000
-1.0000000000
-1.0000000000
-1.0000000000
-1.0000000000
-1.0000000000
-1.0000000000
-1.0000000000
-1.0000000000
-1.0000000000
-1.0000000000
-1.0000000000
-1.0000000000
-1.0000000000
-1.0000000000
-1.0000000000
-1.0000000000
-1.0000000000
-1.0000000000
-1.0000000000
-1.0000000000
-1.0000000000
-1.0000000000
-1.0000000000
-1.0000000000
-1.0000000000
-1.0000000000
-1.0000000000
-1.0000000000
-1.0000000000
-1.0000000000
-1.0000000000
-1.0000000000
-1.0000000000
-1.0000000000
-1.0000000000
-1.0000000000
-1.0000000000
-1.0000000000
-1.0000000000
-1.0000000000
-1.0000000000
-1.0000000000
-1.0000000000
-1.0000000000
-1.0000000000
-1.0000000000
-1.0000000000
-1.0000000000
-1.0000000000
-1.0000000000
-1.0000000000
-1.0000000000
-1.0000000000
-1.0000000000
-1.0000000000
-1.0000000000
-1.0000000000
-1.0000000000
-1.0000000000
-1.0000000000
-1.0000000000
-1.0000000000
-1.0000000000
-1.0000000000
-1.0000000000
-1.0000000000
-1.0000000000
-1.0000000000
-1.0000000000
-1.0000000000
-1.0000000000
-1.0000000000
-1.0000000000
-1.0000000000
-1.0000000000
-1.0000000000
-1.0000000000
-1.0000000000
-1.0000000000
-1.0000000000
-1.0000000000
-1.0000000000
-1.0000000000
-1.0000000000
-1.0000000000
-1.0000000000
-1.0000000000
-1.0000000000
-1.0000000000
-1.0000000000
-1.0000000000
-1.0000000000
-1.0000000000
-1.0000000000
-1.0000000000
-1.0000000000
-1.0000000000
-1.0000000000
-1.0000000000
-1.0000000000
-1.0000000000
-1.0000000000
-1.0000000000
-1.0000000000
-1.0000000000
-1.0000000000
-1.0000000000
-1.0000000000
-1.0000000000
-1.0000000000
-1.0000000000
-1.0000000000
-1.0000000000
-1.0000000000
-1.0000000000
-1.0000000000
-1.0000000000
-1.0000000000
-1.0000000000
-1.0000000000
-1.0000000000
-1.0000000000
-1.0000000000
-1.0000000000
-1.0000000000
-1.0000000000
-1.0000000000
-1.0000000000
-1.0000000000
-1.0000000000
-1.0000000000
-1.0000000000
-1.0000000000
-1.0000000000
-1.0000000000
-1.0000000000
-1.0000000000
-1.0000000000
-1.0000000000
-1.0000000000
-1.0000000000
-1.0000000000
-1.0000000000
-1.0000000000
-1.0000000000
-1.0000000000
-1.0000000000
-1.0000000000
-1.0000000000
-1.0000000000
-1.0000000000
-1.0000000000
-1.0000000000
-1.0000000000
-1.0000000000
-1.0000000000
-1.0000000000
-1.0000000000
-1.0000000000
-1.0000000000
-1.0000000000
-1.0000000000
-1.0000000000
-1.0000000000
-1.0000000000
-1.0000000000
-1.0000000000
-1.0000000000
-1.0000000000
-1.0000000000
-1.0000000000
-1.0000000000
-1.0000000000
-1.0000000000
-1.0000000000
-1.0000000000
-1.0000000000
-1.0000000000
-1.0000000000
-1.0000000000
-1.0000000000
-1.0000000000
-1.0000000000
-1.0000000000
-1.0000000000
-1.0000000000
-1.0000000000
-1.0000000000
-1.0000000000
-1.0000000000
-1.0000000000
-1.0000000000
-1.0000000000
-1.0000000000
-1.0000000000
-1.0000000000
-1.0000000000
-1.0000000000
-1.0000000000
-1.0000000000
-1.0000000000
-1.0000000000
-1.0000000000
-1.0000000000
-1.0000000000
-1.0000000000
-1.0000000000
-1.0000000000
-1.0000000000
-1.0000000000
-1.0000000000
-1.0000000000
-1.0000000000
-1.0000000000
-1.0000000000
-1.0000000000
-1.0000000000
-1.0000000000
-1.0000000000
-1.0000000000
-1.0000000000
-1.0000000000
-1.0000000000
-1.0000000000
-1.0000000000
-1.0000000000
-1.0000000000
-1.0000000000
-1.0000000000
-1.0000000000
-1.0000000000
-1.0000000000
-1.0000000000
-1.0000000000
-1.0000000000
-1.0000000000
-1.0000000000
-1.0000000000
-1.0000000000
-1.0000000000
-1.0000000000
-1.0000000000
-1.0000000000
-1.0000000000
-1.0000000000
-1.0000000000
-1.0000000000
-1.0000000000
-1.0000000000
-1.0000000000
-1.0000000000
-1.0000000000
-1.0000000000
-1.0000000000
-1.0000000000
-1.0000000000
-1.0000000000
-1.0000000000
-1.0000000000
-1.0000000000
-1.0000000000
-1.0000000000
-1.0000000000
-1.0000000000
-1.0000000000
-1.0000000000
-1.0000000000
-1.0000000000
-1.0000000000
-1.0000000000
-1.0000000000
-1.0000000000
-1.0000000000
-1.0000000000
-1.0000000000
-1.0000000000
-1.0000000000
-1.0000000000
-1.0000000000
-1.0000000000
-1.0000000000
-1.0000000000
-1.0000000000
-1.0000000000
-1.0000000000
-1.0000000000
-1.0000000000
-1.0000000000
-1.0000000000
-1.0000000000
-1.0000000000
-1.0000000000
-1.0000000000
-1.0000000000
-1.0000000000
-1.0000000000
-1.0000000000
-1.0000000000
-1.0000000000
-1.0000000000
-1.0000000000
-1.0000000000
-1.0000000000
-1.0000000000
-1.0000000000
-1.0000000000
-1.0000000000
-1.0000000000
-1.0000000000
-1.0000000000
-1.0000000000
-1.0000000000
-1.0000000000
-1.0000000000
-1.0000000000
-1.0000000000
-1.0000000000
-1.0000000000
-1.0000000000
-1.0000000000
-1.0000000000
-1.0000000000
-1.0000000000
-1.0000000000
-1.0000000000
-1.0000000000
-1.0000000000
-1.0000000000
-1.0000000000
-1.0000000000
-1.0000000000
-1.0000000000
-1.0000000000
-1.0000000000
-1.0000000000
-1.0000000000
-1.0000000000
-1.0000000000
-1.0000000000
-1.0000000000
-1.0000000000
-1.0000000000
-1.0000000000
-1.0000000000
-1.0000000000
-1.0000000000
-1.0000000000
-1.0000000000
-1.0000000000
-1.0000000000
-1.0000000000
-1.0000000000
-1.0000000000
-1.0000000000
-1.0000000000
-1.0000000000
-1.0000000000
-1.0000000000
-1.0000000000
-1.0000000000
-1.0000000000
-1.0000000000
-1.0000000000
-1.0000000000
-1.0000000000
-1.0000000000
-1.0000000000
-1.0000000000
-1.0000000000
-1.0000000000
-1.0000000000
-1.0000000000
-1.0000000000
-1.0000000000
-1.0000000000
-1.0000000000
-1.0000000000
-1.0000000000
-1.0000000000
-1.0000000000
-1.0000000000
-1.0000000000
-1.0000000000
-1.0000000000
-1.0000000000
-1.0000000000
-1.0000000000
-1.0000000000
-1.0000000000
-1.0000000000
-1.0000000000
-1.0000000000
-1.0000000000
-1.0000000000
-1.0000000000
-1.0000000000
-1.0000000000
-1.0000000000
-1.0000000000
-1.0000000000
-1.0000000000
-1.0000000000
-1.0000000000
-1.0000000000
-1.0000000000
-1.0000000000
-1.0000000000
-1.0000000000
3453.4200000000
3453.4310000000
3453.4420000000
3453.4530000000
3453.4640000000
3453.4750000000
3453.4860000000
3453.4970000000
3453.5090000000
3453.5200000000
3453.5310000000
3453.5420000000
3453.5530000000
3453.5640000000
3453.5750000000
3453.5860000000
3453.5970000000
3453.6080000000
3453.6190000000
3453.6310000000
3453.6420000000
3453.6530000000
3453.6640000000
3453.6750000000
3453.6860000000
3453.6980000000
3453.7080000000
3453.7190000000
3453.7300000000
-1.0000000000
-1.0000000000
-1.0000000000
-1.0000000000
-1.0000000000
-1.0000000000
-1.0000000000
-1.0000000000
-1.0000000000
-1.0000000000
-1.0000000000
-1.0000000000
-1.0000000000
-1.0000000000
-1.0000000000
-1.0000000000
-1.0000000000
-1.0000000000
-1.0000000000
-1.0000000000
-1.0000000000
-1.0000000000
-1.0000000000
-1.0000000000
-1.0000000000
-1.0000000000
-1.0000000000
-1.0000000000
-1.0000000000
-1.0000000000
-1.0000000000
-1.0000000000
-1.0000000000
-1.0000000000
-1.0000000000
-1.0000000000
-1.0000000000
-1.0000000000
-1.0000000000
-1.0000000000
-1.0000000000
-1.0000000000
-1.0000000000
-1.0000000000
-1.0000000000
-1.0000000000
-1.0000000000
-1.0000000000
-1.0000000000
-1.0000000000
-1.0000000000
-1.0000000000
-1.0000000000
-1.0000000000
-1.0000000000
-1.0000000000
-1.0000000000
-1.0000000000
-1.0000000000
-1.0000000000
-1.0000000000
-1.0000000000
-1.0000000000
-1.0000000000
-1.0000000000
-1.0000000000
-1.0000000000
-1.0000000000
-1.0000000000
-1.0000000000
-1.0000000000
-1.0000000000
-1.0000000000
-1.0000000000
-1.0000000000
-1.0000000000
-1.0000000000
-1.0000000000
-1.0000000000
-1.0000000000
-1.0000000000
-1.0000000000
-1.0000000000
-1.0000000000
-1.0000000000
-1.0000000000
-1.0000000000
-1.0000000000
-1.0000000000
-1.0000000000
-1.0000000000
-1.0000000000
-1.0000000000
-1.0000000000
-1.0000000000
-1.0000000000
-1.0000000000
-1.0000000000
-1.0000000000
-1.0000000000
-1.0000000000
-1.0000000000
-1.0000000000
-1.0000000000
-1.0000000000
-1.0000000000
-1.0000000000
-1.0000000000
-1.0000000000
-1.0000000000
-1.0000000000
-1.0000000000
-1.0000000000
-1.0000000000
-1.0000000000
-1.0000000000
-1.0000000000
-1.0000000000
-1.0000000000
-1.0000000000
-1.0000000000
-1.0000000000
-1.0000000000
-1.0000000000
-1.0000000000
-1.0000000000
-1.0000000000
-1.0000000000
-1.0000000000
-1.0000000000
-1.0000000000
-1.0000000000
-1.0000000000
-1.0000000000
-1.0000000000
-1.0000000000
-1.0000000000
-1.0000000000
-1.0000000000
-1.0000000000
-1.0000000000
-1.0000000000
-1.0000000000
-1.0000000000
-1.0000000000
-1.0000000000
-1.0000000000
-1.0000000000
-1.0000000000
-1.0000000000
-1.0000000000
-1.0000000000
-1.0000000000
-1.0000000000
-1.0000000000
-1.0000000000
-1.0000000000
-1.0000000000
-1.0000000000
-1.0000000000
-1.0000000000
-1.0000000000
-1.0000000000
-1.0000000000
-1.0000000000
-1.0000000000
-1.0000000000
-1.0000000000
-1.0000000000
-1.0000000000
-1.0000000000
-1.0000000000
-1.0000000000
-1.0000000000
-1.0000000000
-1.0000000000
-1.0000000000
-1.0000000000
-1.0000000000
-1.0000000000
-1.0000000000
-1.0000000000
-1.0000000000
-1.0000000000
-1.0000000000
-1.0000000000
-1.0000000000
-1.0000000000
-1.0000000000
-1.0000000000
-1.0000000000
-1.0000000000
-1.0000000000
-1.0000000000
-1.0000000000
-1.0000000000
-1.0000000000
-1.0000000000
-1.0000000000
-1.0000000000
-1.0000000000
-1.0000000000
-1.0000000000
-1.0000000000
-1.0000000000
-1.0000000000
-1.0000000000
-1.0000000000
-1.0000000000
-1.0000000000
-1.0000000000
-1.0000000000
-1.0000000000
-1.0000000000
-1.0000000000
-1.0000000000
-1.0000000000
-1.0000000000
-1.0000000000
-1.0000000000
-1.0000000000
-1.0000000000
-1.0000000000
-1.0000000000
-1.0000000000
-1.0000000000
-1.0000000000
-1.0000000000
-1.0000000000
-1.0000000000
-1.0000000000
-1.0000000000
-1.0000000000
-1.0000000000
-1.0000000000
-1.0000000000
-1.0000000000
-1.0000000000
-1.0000000000
-1.0000000000
-1.0000000000
-1.0000000000
-1.0000000000
-1.0000000000
-1.0000000000
-1.0000000000
-1.0000000000
-1.0000000000
-1.0000000000
-1.0000000000
-1.0000000000
-1.0000000000
-1.0000000000
-1.0000000000
-1.0000000000
-1.0000000000
-1.0000000000
-1.0000000000
-1.0000000000
-1.0000000000
-1.0000000000
-1.0000000000
-1.0000000000
-1.0000000000
-1.0000000000
-1.0000000000
-1.0000000000
-1.0000000000
-1.0000000000
-1.0000000000
-1.0000000000
-1.0000000000
-1.0000000000
-1.0000000000
-1.0000000000
-1.0000000000
-1.0000000000
-1.0000000000
-1.0000000000
-1.0000000000
-1.0000000000
-1.0000000000
-1.0000000000
-1.0000000000
-1.0000000000
-1.0000000000
-1.0000000000
-1.0000000000
-1.0000000000
-1.0000000000
-1.0000000000
-1.0000000000
-1.0000000000
-1.0000000000
-1.0000000000
-1.0000000000
-1.0000000000
-1.0000000000
-1.0000000000
-1.0000000000
-1.0000000000
-1.0000000000
-1.0000000000
-1.0000000000
-1.0000000000
-1.0000000000
-1.0000000000
-1.0000000000
-1.0000000000
-1.0000000000
-1.0000000000
-1.0000000000
-1.0000000000
-1.0000000000
-1.0000000000
-1.0000000000
3457.2520000000
3457.2620000000
3457.2730000000
3457.2840000000
3457.2960000000
3457.3070000000
3457.3180000000
3457.3290000000
3457.3400000000
3457.3510000000
3457.3620000000
3457.3730000000
3457.3840000000
3457.3950000000
3457.4060000000
3457.4180000000
3457.4290000000
3457.4400000000
3457.4510000000
3457.4620000000
3457.4730000000
3457.4840000000
3457.4950000000
3457.5060000000
3457.5180000000
3457.5290000000
3457.5400000000
3457.5510000000
3457.5620000000
3457.5730000000
3457.5850000000
3457.5950000000
3457.6060000000
-1.0000000000
-1.0000000000
-1.0000000000
-1.0000000000
-1.0000000000
-1.0000000000
-1.0000000000
-1.0000000000
-1.0000000000
-1.0000000000
-1.0000000000
-1.0000000000
-1.0000000000
-1.0000000000
-1.0000000000
-1.0000000000
-1.0000000000
-1.0000000000
-1.0000000000
-1.0000000000
-1.0000000000
-1.0000000000
-1.0000000000
-1.0000000000
-1.0000000000
-1.0000000000
-1.0000000000
-1.0000000000
-1.0000000000
-1.0000000000
-1.0000000000
-1.0000000000
-1.0000000000
-1.0000000000
-1.0000000000
-1.0000000000
-1.0000000000
-1.0000000000
-1.0000000000
-1.0000000000
-1.0000000000
-1.0000000000
-1.0000000000
-1.0000000000
-1.0000000000
-1.0000000000
-1.0000000000
-1.0000000000
-1.0000000000
-1.0000000000
-1.0000000000
-1.0000000000
-1.0000000000
-1.0000000000
-1.0000000000
-1.0000000000
-1.0000000000
-1.0000000000
-1.0000000000
-1.0000000000
-1.0000000000
-1.0000000000
-1.0000000000
-1.0000000000
-1.0000000000
-1.0000000000
-1.0000000000
-1.0000000000
-1.0000000000
-1.0000000000
-1.0000000000
-1.0000000000
-1.0000000000
-1.0000000000
-1.0000000000
-1.0000000000
-1.0000000000
-1.0000000000
-1.0000000000
-1.0000000000
-1.0000000000
-1.0000000000
-1.0000000000
-1.0000000000
-1.0000000000
-1.0000000000
-1.0000000000
-1.0000000000
-1.0000000000
-1.0000000000
-1.0000000000
-1.0000000000
-1.0000000000
-1.0000000000
-1.0000000000
-1.0000000000
-1.0000000000
-1.0000000000
-1.0000000000
-1.0000000000
-1.0000000000
-1.0000000000
-1.0000000000
-1.0000000000
-1.0000000000
-1.0000000000
-1.0000000000
-1.0000000000
-1.0000000000
-1.0000000000
-1.0000000000
-1.0000000000
-1.0000000000
-1.0000000000
-1.0000000000
-1.0000000000
-1.0000000000
-1.0000000000
-1.0000000000
-1.0000000000
-1.0000000000
-1.0000000000
-1.0000000000
-1.0000000000
-1.0000000000
-1.0000000000
-1.0000000000
-1.0000000000
-1.0000000000
-1.0000000000
-1.0000000000
-1.0000000000
-1.0000000000
-1.0000000000
-1.0000000000
-1.0000000000
-1.0000000000
-1.0000000000
-1.0000000000
-1.0000000000
-1.0000000000
-1.0000000000
-1.0000000000
-1.0000000000
-1.0000000000
-1.0000000000
-1.0000000000
-1.0000000000
-1.0000000000
-1.0000000000
-1.0000000000
-1.0000000000
-1.0000000000
-1.0000000000
-1.0000000000
-1.0000000000
-1.0000000000
-1.0000000000
-1.0000000000
-1.0000000000
-1.0000000000
-1.0000000000
-1.0000000000
-1.0000000000
-1.0000000000
-1.0000000000
-1.0000000000
-1.0000000000
-1.0000000000
-1.0000000000
-1.0000000000
-1.0000000000
-1.0000000000
-1.0000000000
-1.0000000000
-1.0000000000
-1.0000000000
-1.0000000000
-1.0000000000
-1.0000000000
-1.0000000000
-1.0000000000
-1.0000000000
-1.0000000000
-1.0000000000
-1.0000000000
-1.0000000000
-1.0000000000
-1.0000000000
-1.0000000000
-1.0000000000
-1.0000000000
-1.0000000000
-1.0000000000
-1.0000000000
-1.0000000000
-1.0000000000
-1.0000000000
-1.0000000000
-1.0000000000
-1.0000000000
-1.0000000000
-1.0000000000
-1.0000000000
-1.0000000000
-1.0000000000
-1.0000000000
-1.0000000000
-1.0000000000
-1.0000000000
-1.0000000000
-1.0000000000
-1.0000000000
-1.0000000000
-1.0000000000
-1.0000000000
-1.0000000000
-1.0000000000
-1.0000000000
-1.0000000000
-1.0000000000
-1.0000000000
-1.0000000000
-1.0000000000
-1.0000000000
-1.0000000000
-1.0000000000
-1.0000000000
-1.0000000000
-1.0000000000
-1.0000000000
-1.0000000000
-1.0000000000
-1.0000000000
-1.0000000000
-1.0000000000
-1.0000000000
-1.0000000000
-1.0000000000
-1.0000000000
-1.0000000000
-1.0000000000
-1.0000000000
-1.0000000000
-1.0000000000
-1.0000000000
-1.0000000000
-1.0000000000
-1.0000000000
-1.0000000000
-1.0000000000
-1.0000000000
-1.0000000000
-1.0000000000
-1.0000000000
-1.0000000000
-1.0000000000
-1.0000000000
-1.0000000000
-1.0000000000
-1.0000000000
-1.0000000000
-1.0000000000
-1.0000000000
-1.0000000000
-1.0000000000
-1.0000000000
-1.0000000000
-1.0000000000
-1.0000000000
-1.0000000000
-1.0000000000
-1.0000000000
-1.0000000000
-1.0000000000
-1.0000000000
-1.0000000000
-1.0000000000
-1.0000000000
-1.0000000000
-1.0000000000
-1.0000000000
-1.0000000000
-1.0000000000
-1.0000000000
-1.0000000000
-1.0000000000
-1.0000000000
-1.0000000000
-1.0000000000
-1.0000000000
-1.0000000000
-1.0000000000
-1.0000000000
-1.0000000000
-1.0000000000
-1.0000000000
-1.0000000000
-1.0000000000
-1.0000000000
-1.0000000000
-1.0000000000
-1.0000000000
-1.0000000000
-1.0000000000
-1.0000000000
-1.0000000000
-1.0000000000
-1.0000000000
-1.0000000000
-1.0000000000
-1.0000000000
-1.0000000000
-1.0000000000
-1.0000000000
-1.0000000000
-1.0000000000
-1.0000000000
-1.0000000000
-1.0000000000
-1.0000000000
-1.0000000000
-1.0000000000
-1.0000000000
-1.0000000000
-1.0000000000
-1.0000000000
-1.0000000000
-1.0000000000
-1.0000000000
-1.0000000000
-1.0000000000
-1.0000000000
-1.0000000000
-1.0000000000
-1.0000000000
-1.0000000000
-1.0000000000
-1.0000000000
-1.0000000000
-1.0000000000
-1.0000000000
-1.0000000000
-1.0000000000
-1.0000000000
-1.0000000000
-1.0000000000
-1.0000000000
-1.0000000000
-1.0000000000
-1.0000000000
-1.0000000000
-1.0000000000
-1.0000000000
-1.0000000000
-1.0000000000
-1.0000000000
-1.0000000000
-1.0000000000
-1.0000000000
-1.0000000000
-1.0000000000
-1.0000000000
-1.0000000000
-1.0000000000
-1.0000000000
-1.0000000000
-1.0000000000
-1.0000000000
-1.0000000000
-1.0000000000
-1.0000000000
-1.0000000000
-1.0000000000
-1.0000000000
-1.0000000000
-1.0000000000
-1.0000000000
-1.0000000000
-1.0000000000
-1.0000000000
-1.0000000000
-1.0000000000
-1.0000000000
-1.0000000000
-1.0000000000
-1.0000000000
-1.0000000000
-1.0000000000
-1.0000000000
-1.0000000000
-1.0000000000
-1.0000000000
-1.0000000000
-1.0000000000
-1.0000000000
-1.0000000000
-1.0000000000
-1.0000000000
-1.0000000000
-1.0000000000
-1.0000000000
-1.0000000000
-1.0000000000
-1.0000000000
-1.0000000000
-1.0000000000
-1.0000000000
-1.0000000000
-1.0000000000
-1.0000000000
-1.0000000000
-1.0000000000
-1.0000000000
-1.0000000000
-1.0000000000
-1.0000000000
-1.0000000000
-1.0000000000
-1.0000000000
-1.0000000000
-1.0000000000
-1.0000000000
-1.0000000000
-1.0000000000
-1.0000000000
-1.0000000000
-1.0000000000
-1.0000000000
-1.0000000000
-1.0000000000
-1.0000000000
-1.0000000000
-1.0000000000
-1.0000000000
-1.0000000000
-1.0000000000
-1.0000000000
-1.0000000000
-1.0000000000
-1.0000000000
-1.0000000000
-1.0000000000
-1.0000000000
-1.0000000000
-1.0000000000
-1.0000000000
-1.0000000000
-1.0000000000
-1.0000000000
-1.0000000000
-1.0000000000
-1.0000000000
-1.0000000000
-1.0000000000
-1.0000000000
-1.0000000000
-1.0000000000
-1.0000000000
-1.0000000000
-1.0000000000
-1.0000000000
-1.0000000000
-1.0000000000
-1.0000000000
-1.0000000000
-1.0000000000
-1.0000000000
-1.0000000000
-1.0000000000
-1.0000000000
-1.0000000000
-1.0000000000
-1.0000000000
-1.0000000000
-1.0000000000
-1.0000000000
-1.0000000000
-1.0000000000
-1.0000000000
-1.0000000000
-1.0000000000
-1.0000000000
-1.0000000000
-1.0000000000
-1.0000000000
-1.0000000000
-1.0000000000
-1.0000000000
-1.0000000000
-1.0000000000
-1.0000000000
-1.0000000000
-1.0000000000
-1.0000000000
-1.0000000000
-1.0000000000
-1.0000000000
-1.0000000000
-1.0000000000
-1.0000000000
-1.0000000000
-1.0000000000
-1.0000000000
-1.0000000000
-1.0000000000
-1.0000000000
-1.0000000000
-1.0000000000
3463.2700000000
3463.2810000000
3463.2920000000
3463.3030000000
3463.3150000000
3463.3260000000
3463.3370000000
3463.3480000000
3463.3590000000
3463.3700000000
3463.3810000000
3463.3920000000
3463.4030000000
3463.4150000000
3463.4260000000
3463.4370000000
3463.4480000000
3463.4590000000
3463.4700000000
3463.4810000000
3463.4920000000
3463.5040000000
3463.5140000000
3463.5260000000
3463.5370000000
3463.5480000000
3463.5590000000
3463.5700000000
3463.5810000000
-1.0000000000
-1.0000000000
-1.0000000000
-1.0000000000
-1.0000000000
-1.0000000000
-1.0000000000
-1.0000000000
-1.0000000000
-1.0000000000
-1.0000000000
-1.0000000000
-1.0000000000
-1.0000000000
-1.0000000000
-1.0000000000
-1.0000000000
-1.0000000000
-1.0000000000
-1.0000000000
-1.0000000000
-1.0000000000
-1.0000000000
-1.0000000000
-1.0000000000
-1.0000000000
-1.0000000000
-1.0000000000
-1.0000000000
-1.0000000000
-1.0000000000
-1.0000000000
-1.0000000000
-1.0000000000
-1.0000000000
-1.0000000000
-1.0000000000
-1.0000000000
-1.0000000000
-1.0000000000
-1.0000000000
-1.0000000000
-1.0000000000
-1.0000000000
-1.0000000000
-1.0000000000
-1.0000000000
-1.0000000000
-1.0000000000
-1.0000000000
-1.0000000000
-1.0000000000
-1.0000000000
-1.0000000000
-1.0000000000
-1.0000000000
-1.0000000000
-1.0000000000
-1.0000000000
-1.0000000000
-1.0000000000
-1.0000000000
-1.0000000000
-1.0000000000
-1.0000000000
-1.0000000000
-1.0000000000
-1.0000000000
-1.0000000000
-1.0000000000
-1.0000000000
-1.0000000000
-1.0000000000
-1.0000000000
-1.0000000000
-1.0000000000
-1.0000000000
-1.0000000000
-1.0000000000
-1.0000000000
-1.0000000000
-1.0000000000
-1.0000000000
-1.0000000000
-1.0000000000
-1.0000000000
-1.0000000000
-1.0000000000
-1.0000000000
-1.0000000000
-1.0000000000
-1.0000000000
-1.0000000000
-1.0000000000
-1.0000000000
-1.0000000000
-1.0000000000
-1.0000000000
-1.0000000000
-1.0000000000
-1.0000000000
-1.0000000000
-1.0000000000
-1.0000000000
-1.0000000000
-1.0000000000
-1.0000000000
-1.0000000000
-1.0000000000
-1.0000000000
-1.0000000000
-1.0000000000
-1.0000000000
-1.0000000000
-1.0000000000
-1.0000000000
-1.0000000000
-1.0000000000
-1.0000000000
-1.0000000000
-1.0000000000
-1.0000000000
-1.0000000000
-1.0000000000
-1.0000000000
-1.0000000000
-1.0000000000
-1.0000000000
-1.0000000000
-1.0000000000
-1.0000000000
-1.0000000000
-1.0000000000
-1.0000000000
-1.0000000000
-1.0000000000
-1.0000000000
-1.0000000000
-1.0000000000
-1.0000000000
-1.0000000000
-1.0000000000
-1.0000000000
-1.0000000000
-1.0000000000
-1.0000000000
-1.0000000000
-1.0000000000
-1.0000000000
-1.0000000000
-1.0000000000
-1.0000000000
-1.0000000000
-1.0000000000
-1.0000000000
-1.0000000000
-1.0000000000
-1.0000000000
-1.0000000000
-1.0000000000
-1.0000000000
-1.0000000000
-1.0000000000
-1.0000000000
-1.0000000000
-1.0000000000
-1.0000000000
-1.0000000000
-1.0000000000
-1.0000000000
-1.0000000000
-1.0000000000
-1.0000000000
-1.0000000000
-1.0000000000
-1.0000000000
-1.0000000000
-1.0000000000
-1.0000000000
-1.0000000000
-1.0000000000
-1.0000000000
-1.0000000000
-1.0000000000
-1.0000000000
-1.0000000000
-1.0000000000
-1.0000000000
-1.0000000000
-1.0000000000
-1.0000000000
-1.0000000000
-1.0000000000
-1.0000000000
-1.0000000000
-1.0000000000
-1.0000000000
-1.0000000000
-1.0000000000
-1.0000000000
-1.0000000000
-1.0000000000
-1.0000000000
-1.0000000000
-1.0000000000
-1.0000000000
-1.0000000000
-1.0000000000
-1.0000000000
-1.0000000000
-1.0000000000
-1.0000000000
-1.0000000000
-1.0000000000
-1.0000000000
-1.0000000000
-1.0000000000
-1.0000000000
-1.0000000000
-1.0000000000
-1.0000000000
-1.0000000000
-1.0000000000
-1.0000000000
-1.0000000000
-1.0000000000
-1.0000000000
-1.0000000000
-1.0000000000
-1.0000000000
-1.0000000000
-1.0000000000
-1.0000000000
-1.0000000000
-1.0000000000
-1.0000000000
-1.0000000000
-1.0000000000
-1.0000000000
-1.0000000000
-1.0000000000
-1.0000000000
-1.0000000000
-1.0000000000
-1.0000000000
-1.0000000000
-1.0000000000
-1.0000000000
-1.0000000000
-1.0000000000
-1.0000000000
-1.0000000000
-1.0000000000
-1.0000000000
-1.0000000000
-1.0000000000
-1.0000000000
-1.0000000000
-1.0000000000
-1.0000000000
-1.0000000000
-1.0000000000
-1.0000000000
-1.0000000000
-1.0000000000
3466.5350000000
3466.5460000000
3466.5580000000
3466.5690000000
3466.5800000000
3466.5910000000
3466.6020000000
3466.6130000000
3466.6240000000
3466.6350000000
3466.6460000000
3466.6570000000
3466.6680000000
3466.6800000000
3466.6910000000
3466.7020000000
3466.7130000000
3466.7250000000
3466.7350000000
3466.7460000000
3466.7580000000
3466.7690000000
3466.7800000000
3466.7910000000
3466.8020000000
3466.8130000000
3466.8240000000
3466.8350000000
3466.8460000000
-1.0000000000
-1.0000000000
-1.0000000000
-1.0000000000
-1.0000000000
-1.0000000000
-1.0000000000
-1.0000000000
-1.0000000000
-1.0000000000
-1.0000000000
-1.0000000000
-1.0000000000
-1.0000000000
-1.0000000000
-1.0000000000
-1.0000000000
-1.0000000000
-1.0000000000
-1.0000000000
-1.0000000000
-1.0000000000
-1.0000000000
-1.0000000000
-1.0000000000
-1.0000000000
-1.0000000000
-1.0000000000
-1.0000000000
-1.0000000000
-1.0000000000
-1.0000000000
-1.0000000000
-1.0000000000
-1.0000000000
-1.0000000000
-1.0000000000
-1.0000000000
-1.0000000000
-1.0000000000
-1.0000000000
-1.0000000000
-1.0000000000
-1.0000000000
-1.0000000000
-1.0000000000
-1.0000000000
-1.0000000000
-1.0000000000
-1.0000000000
-1.0000000000
-1.0000000000
-1.0000000000
-1.0000000000
-1.0000000000
-1.0000000000
-1.0000000000
-1.0000000000
-1.0000000000
-1.0000000000
-1.0000000000
-1.0000000000
-1.0000000000
-1.0000000000
-1.0000000000
-1.0000000000
-1.0000000000
-1.0000000000
-1.0000000000
-1.0000000000
-1.0000000000
-1.0000000000
-1.0000000000
-1.0000000000
-1.0000000000
-1.0000000000
-1.0000000000
-1.0000000000
-1.0000000000
-1.0000000000
-1.0000000000
-1.0000000000
-1.0000000000
-1.0000000000
-1.0000000000
-1.0000000000
-1.0000000000
-1.0000000000
-1.0000000000
-1.0000000000
-1.0000000000
-1.0000000000
-1.0000000000
-1.0000000000
-1.0000000000
-1.0000000000
-1.0000000000
-1.0000000000
-1.0000000000
-1.0000000000
-1.0000000000
-1.0000000000
-1.0000000000
-1.0000000000
-1.0000000000
-1.0000000000
-1.0000000000
-1.0000000000
-1.0000000000
-1.0000000000
-1.0000000000
-1.0000000000
-1.0000000000
-1.0000000000
-1.0000000000
-1.0000000000
-1.0000000000
-1.0000000000
-1.0000000000
-1.0000000000
-1.0000000000
-1.0000000000
-1.0000000000
-1.0000000000
-1.0000000000
-1.0000000000
-1.0000000000
-1.0000000000
-1.0000000000
-1.0000000000
-1.0000000000
-1.0000000000
-1.0000000000
-1.0000000000
-1.0000000000
-1.0000000000
-1.0000000000
-1.0000000000
-1.0000000000
-1.0000000000
-1.0000000000
-1.0000000000
-1.0000000000
-1.0000000000
-1.0000000000
-1.0000000000
-1.0000000000
-1.0000000000
-1.0000000000
-1.0000000000
-1.0000000000
-1.0000000000
-1.0000000000
-1.0000000000
-1.0000000000
-1.0000000000
-1.0000000000
-1.0000000000
-1.0000000000
-1.0000000000
-1.0000000000
-1.0000000000
-1.0000000000
-1.0000000000
-1.0000000000
-1.0000000000
-1.0000000000
-1.0000000000
-1.0000000000
-1.0000000000
-1.0000000000
-1.0000000000
-1.0000000000
-1.0000000000
-1.0000000000
-1.0000000000
-1.0000000000
-1.0000000000
-1.0000000000
-1.0000000000
-1.0000000000
-1.0000000000
-1.0000000000
-1.0000000000
-1.0000000000
-1.0000000000
-1.0000000000
-1.0000000000
-1.0000000000
-1.0000000000
-1.0000000000
-1.0000000000
-1.0000000000
-1.0000000000
-1.0000000000
-1.0000000000
-1.0000000000
-1.0000000000
-1.0000000000
-1.0000000000
-1.0000000000
-1.0000000000
-1.0000000000
-1.0000000000
-1.0000000000
-1.0000000000
-1.0000000000
-1.0000000000
-1.0000000000
-1.0000000000
-1.0000000000
-1.0000000000
-1.0000000000
-1.0000000000
-1.0000000000
-1.0000000000
-1.0000000000
-1.0000000000
-1.0000000000
-1.0000000000
-1.0000000000
-1.0000000000
-1.0000000000
-1.0000000000
-1.0000000000
-1.0000000000
-1.0000000000
-1.0000000000
-1.0000000000
-1.0000000000
-1.0000000000
-1.0000000000
-1.0000000000
-1.0000000000
-1.0000000000
-1.0000000000
-1.0000000000
-1.0000000000
-1.0000000000
-1.0000000000
-1.0000000000
-1.0000000000
-1.0000000000
-1.0000000000
-1.0000000000
-1.0000000000
-1.0000000000
-1.0000000000
-1.0000000000
-1.0000000000
-1.0000000000
-1.0000000000
-1.0000000000
-1.0000000000
-1.0000000000
-1.0000000000
-1.0000000000
-1.0000000000
-1.0000000000
-1.0000000000
-1.0000000000
-1.0000000000
-1.0000000000
-1.0000000000
-1.0000000000
-1.0000000000
-1.0000000000
-1.0000000000
-1.0000000000
-1.0000000000
-1.0000000000
-1.0000000000
-1.0000000000
-1.0000000000
-1.0000000000
-1.0000000000
-1.0000000000
-1.0000000000
-1.0000000000
-1.0000000000
-1.0000000000
-1.0000000000
-1.0000000000
-1.0000000000
-1.0000000000
-1.0000000000
-1.0000000000
-1.0000000000
-1.0000000000
-1.0000000000
-1.0000000000
-1.0000000000
-1.0000000000
-1.0000000000
-1.0000000000
-1.0000000000
-1.0000000000
-1.0000000000
-1.0000000000
-1.0000000000
-1.0000000000
-1.0000000000
-1.0000000000
-1.0000000000
-1.0000000000
-1.0000000000
-1.0000000000
-1.0000000000
-1.0000000000
-1.0000000000
-1.0000000000
-1.0000000000
-1.0000000000
-1.0000000000
-1.0000000000
-1.0000000000
-1.0000000000
-1.0000000000
-1.0000000000
-1.0000000000
-1.0000000000
-1.0000000000
-1.0000000000
-1.0000000000
-1.0000000000
-1.0000000000
-1.0000000000
-1.0000000000
-1.0000000000
-1.0000000000
-1.0000000000
-1.0000000000
-1.0000000000
-1.0000000000
-1.0000000000
-1.0000000000
-1.0000000000
-1.0000000000
-1.0000000000
-1.0000000000
-1.0000000000
-1.0000000000
-1.0000000000
-1.0000000000
-1.0000000000
-1.0000000000
-1.0000000000
-1.0000000000
-1.0000000000
-1.0000000000
-1.0000000000
-1.0000000000
-1.0000000000
-1.0000000000
-1.0000000000
-1.0000000000
-1.0000000000
-1.0000000000
-1.0000000000
-1.0000000000
-1.0000000000
-1.0000000000
-1.0000000000
-1.0000000000
-1.0000000000
-1.0000000000
-1.0000000000
-1.0000000000
-1.0000000000
-1.0000000000
-1.0000000000
-1.0000000000
-1.0000000000
-1.0000000000
-1.0000000000
-1.0000000000
-1.0000000000
-1.0000000000
-1.0000000000
-1.0000000000
-1.0000000000
-1.0000000000
-1.0000000000
-1.0000000000
-1.0000000000
-1.0000000000
-1.0000000000
-1.0000000000
-1.0000000000
-1.0000000000
-1.0000000000
-1.0000000000
-1.0000000000
-1.0000000000
-1.0000000000
-1.0000000000
-1.0000000000
-1.0000000000
-1.0000000000
-1.0000000000
-1.0000000000
-1.0000000000
-1.0000000000
-1.0000000000
-1.0000000000
-1.0000000000
-1.0000000000
-1.0000000000
-1.0000000000
-1.0000000000
-1.0000000000
-1.0000000000
-1.0000000000
-1.0000000000
-1.0000000000
-1.0000000000
-1.0000000000
-1.0000000000
-1.0000000000
-1.0000000000
-1.0000000000
-1.0000000000
-1.0000000000
-1.0000000000
-1.0000000000
-1.0000000000
-1.0000000000
-1.0000000000
-1.0000000000
-1.0000000000
-1.0000000000
-1.0000000000
-1.0000000000
-1.0000000000
-1.0000000000
-1.0000000000
-1.0000000000
-1.0000000000
-1.0000000000
-1.0000000000
-1.0000000000
-1.0000000000
-1.0000000000
-1.0000000000
-1.0000000000
-1.0000000000
-1.0000000000
-1.0000000000
-1.0000000000
-1.0000000000
-1.0000000000
-1.0000000000
-1.0000000000
-1.0000000000
-1.0000000000
-1.0000000000
-1.0000000000
-1.0000000000
-1.0000000000
-1.0000000000
-1.0000000000
3471.9770000000
3471.9880000000
3471.9990000000
3472.0100000000
3472.0210000000
3472.0320000000
3472.0440000000
3472.0550000000
3472.0660000000
3472.0770000000
3472.0880000000
3472.0990000000
3472.1100000000
3472.1210000000
3472.1330000000
3472.1440000000
3472.1550000000
3472.1660000000
3472.1770000000
3472.1880000000
3472.1990000000
3472.2100000000
3472.2210000000
3472.2320000000
3472.2440000000
3472.2550000000
3472.2660000000
3472.2770000000
3472.2880000000
3472.2990000000
-1.0000000000
-1.0000000000
-1.0000000000
-1.0000000000
-1.0000000000
-1.0000000000
-1.0000000000
-1.0000000000
-1.0000000000
-1.0000000000
-1.0000000000
-1.0000000000
-1.0000000000
-1.0000000000
-1.0000000000
-1.0000000000
-1.0000000000
-1.0000000000
-1.0000000000
-1.0000000000
-1.0000000000
-1.0000000000
-1.0000000000
-1.0000000000
-1.0000000000
-1.0000000000
-1.0000000000
-1.0000000000
-1.0000000000
-1.0000000000
-1.0000000000
-1.0000000000
-1.0000000000
-1.0000000000
-1.0000000000
-1.0000000000
-1.0000000000
-1.0000000000
-1.0000000000
-1.0000000000
-1.0000000000
-1.0000000000
-1.0000000000
-1.0000000000
-1.0000000000
-1.0000000000
-1.0000000000
-1.0000000000
-1.0000000000
-1.0000000000
-1.0000000000
-1.0000000000
-1.0000000000
-1.0000000000
-1.0000000000
-1.0000000000
-1.0000000000
-1.0000000000
-1.0000000000
-1.0000000000
-1.0000000000
-1.0000000000
-1.0000000000
-1.0000000000
-1.0000000000
-1.0000000000
-1.0000000000
-1.0000000000
-1.0000000000
-1.0000000000
-1.0000000000
-1.0000000000
-1.0000000000
-1.0000000000
-1.0000000000
-1.0000000000
-1.0000000000
-1.0000000000
-1.0000000000
-1.0000000000
-1.0000000000
-1.0000000000
-1.0000000000
-1.0000000000
-1.0000000000
-1.0000000000
-1.0000000000
-1.0000000000
-1.0000000000
-1.0000000000
-1.0000000000
-1.0000000000
-1.0000000000
-1.0000000000
-1.0000000000
-1.0000000000
-1.0000000000
-1.0000000000
-1.0000000000
-1.0000000000
-1.0000000000
-1.0000000000
-1.0000000000
-1.0000000000
-1.0000000000
-1.0000000000
-1.0000000000
-1.0000000000
-1.0000000000
-1.0000000000
-1.0000000000
-1.0000000000
-1.0000000000
-1.0000000000
-1.0000000000
-1.0000000000
-1.0000000000
-1.0000000000
-1.0000000000
-1.0000000000
-1.0000000000
-1.0000000000
-1.0000000000
-1.0000000000
-1.0000000000
-1.0000000000
-1.0000000000
-1.0000000000
-1.0000000000
-1.0000000000
-1.0000000000
-1.0000000000
-1.0000000000
3473.7870000000
3473.7980000000
3473.8090000000
3473.8200000000
3473.8320000000
3473.8430000000
3473.8540000000
3473.8650000000
3473.8760000000
3473.8870000000
3473.8980000000
3473.9090000000
3473.9200000000
3473.9310000000
3473.9430000000
3473.9540000000
3473.9650000000
3473.9760000000
3473.9870000000
3473.9980000000
3474.0090000000
3474.0200000000
3474.0320000000
3474.0420000000
3474.0540000000
3474.0650000000
3474.0760000000
3474.0870000000
3474.0980000000
3474.1090000000
3474.1200000000
3474.1310000000
3474.1430000000
3474.1540000000
3474.1650000000
3474.1760000000
3474.1870000000
3474.1980000000
3474.2090000000
-1.0000000000
-1.0000000000
-1.0000000000
-1.0000000000
-1.0000000000
-1.0000000000
-1.0000000000
-1.0000000000
-1.0000000000
-1.0000000000
-1.0000000000
