217.5491000000
217.5606000000
217.5714000000
217.5825000000
217.5938000000
217.6048000000
217.6160000000
217.6271000000
217.6380000000
217.6492000000
217.6610000000
217.6719000000
217.6827000000
217.6935000000
217.7048000000
217.7158000000
217.7270000000
217.7379000000
217.7492000000
217.7604000000
217.7712000000
217.7824000000
217.7938000000
217.8046000000
217.8159000000
217.8271000000
217.8380000000
217.8491000000
217.8604000000
217.8713000000
217.8824000000
217.8936000000
217.9045000000
217.9157000000
217.9270000000
217.9381000000
217.9490000000
217.9604000000
217.9714000000
217.9825000000
217.9935000000
218.0046000000
218.0156000000
218.0270000000
218.0379000000
218.0490000000
218.0602000000
218.0712000000
218.0824000000
218.0934000000
218.1045000000
218.1157000000
218.1269000000
218.1379000000
218.1490000000
218.1611000000
218.1713000000
218.1822000000
218.1933000000
218.2046000000
218.2157000000
218.2267000000
218.2378000000
218.2488000000
218.2599000000
218.2711000000
218.2823000000
218.2935000000
218.3043000000
218.3155000000
218.3266000000
218.3377000000
218.3489000000
218.3600000000
218.3710000000
218.3820000000
218.3932000000
218.4042000000
218.4156000000
218.4267000000
218.4377000000
218.4489000000
218.4599000000
218.4711000000
218.4821000000
218.4933000000
218.5043000000
218.5155000000
218.5266000000
218.5375000000
218.5487000000
218.5599000000
218.5708000000
218.5822000000
218.5931000000
218.6043000000
218.6153000000
218.6266000000
218.6375000000
218.6486000000
218.6598000000
218.6708000000
218.6819000000
218.6933000000
218.7041000000
218.7152000000
218.7265000000
218.7375000000
218.7486000000
218.7599000000
218.7708000000
218.7819000000
218.7931000000
218.8040000000
218.8152000000
218.8263000000
218.8375000000
218.8485000000
218.8597000000
218.8708000000
218.8818000000
218.8932000000
218.9040000000
218.9155000000
218.9265000000
218.9373000000
218.9485000000
218.9595000000
218.9706000000
218.9818000000
218.9928000000
219.0040000000
219.0153000000
219.0263000000
219.0373000000
219.0484000000
219.0597000000
219.0708000000
219.0819000000
219.0930000000
219.1040000000
219.1151000000
219.1262000000
219.1372000000
219.1486000000
219.1594000000
219.1706000000
219.1817000000
219.1929000000
219.2039000000
219.2151000000
219.2262000000
219.2372000000
219.2483000000
219.2594000000
219.2705000000
219.2817000000
219.2927000000
219.3039000000
219.3150000000
219.3261000000
219.3372000000
219.3483000000
219.3593000000
219.3706000000
219.3817000000
219.3927000000
219.4037000000
219.4148000000
219.4261000000
219.4371000000
219.4482000000
219.4595000000
219.4706000000
219.4815000000
219.4927000000
219.5038000000
219.5149000000
219.5262000000
219.5371000000
219.5481000000
219.5593000000
219.5703000000
219.5814000000
219.5928000000
219.6037000000
219.6148000000
219.6260000000
219.6371000000
219.6483000000
219.6594000000
219.6705000000
219.6814000000
219.6927000000
219.7036000000
219.7147000000
219.7260000000
219.7369000000
219.7481000000
219.7596000000
219.7702000000
219.7814000000
219.7925000000
219.8036000000
219.8149000000
219.8261000000
219.8370000000
219.8481000000
219.8591000000
219.8702000000
219.8814000000
219.8926000000
219.9035000000
219.9147000000
219.9258000000
219.9368000000
219.9483000000
219.9591000000
219.9702000000
219.9813000000
219.9924000000
220.0036000000
220.0146000000
220.0257000000
220.0368000000
220.0479000000
220.0590000000
220.0701000000
220.0813000000
220.0925000000
220.1034000000
220.1145000000
220.1257000000
220.1368000000
220.1479000000
220.1592000000
220.1701000000
220.1812000000
220.1924000000
220.2034000000
220.2145000000
220.2257000000
220.2367000000
220.2478000000
220.2591000000
220.2700000000
220.2812000000
220.2925000000
220.3033000000
220.3146000000
220.3256000000
220.3366000000
220.3478000000
220.3592000000
220.3700000000
220.3811000000
220.3924000000
220.4033000000
220.4144000000
220.4265000000
220.4368000000
220.4477000000
220.4590000000
220.4702000000
220.4810000000
220.4921000000
220.5032000000
220.5144000000
220.5255000000
220.5368000000
220.5477000000
220.5591000000
220.5699000000
220.5811000000
220.5920000000
220.6032000000
220.6143000000
220.6255000000
220.6365000000
220.6477000000
220.6587000000
220.6699000000
220.6809000000
220.6921000000
220.7031000000
220.7142000000
220.7254000000
220.7364000000
220.7476000000
220.7588000000
220.7700000000
220.7809000000
220.7920000000
220.8031000000
220.8141000000
220.8253000000
220.8364000000
220.8475000000
220.8586000000
220.8698000000
220.8808000000
220.8920000000
220.9032000000
220.9141000000
220.9254000000
220.9364000000
220.9475000000
220.9586000000
220.9697000000
220.9807000000
220.9919000000
221.0030000000
221.0141000000
221.0255000000
221.0363000000
221.0474000000
221.0586000000
221.0696000000
221.0807000000
221.0919000000
221.1029000000
221.1141000000
221.1254000000
221.1362000000
221.1473000000
221.1584000000
221.1696000000
221.1807000000
221.1918000000
221.2029000000
221.2140000000
221.2253000000
221.2361000000
221.2474000000
221.2585000000
221.2695000000
221.2806000000
221.2919000000
221.3029000000
221.3139000000
221.3254000000
221.3363000000
221.3473000000
221.3584000000
221.3694000000
221.3806000000
221.3918000000
221.4028000000
221.4139000000
221.4253000000
221.4364000000
221.4472000000
221.4583000000
221.4694000000
221.4805000000
221.4916000000
221.5027000000
221.5138000000
221.5254000000
221.5361000000
221.5472000000
221.5585000000
221.5694000000
221.5805000000
221.5916000000
221.6027000000
221.6138000000
221.6254000000
221.6362000000
221.6471000000
221.6582000000
221.6694000000
221.6804000000
221.6916000000
221.7026000000
221.7138000000
221.7251000000
221.7359000000
221.7471000000
221.7582000000
221.7692000000
221.7804000000
221.7915000000
221.8026000000
221.8137000000
221.8251000000
221.8359000000
221.8470000000
221.8582000000
221.8693000000
221.8804000000
221.8915000000
221.9025000000
221.9136000000
221.9249000000
221.9360000000
221.9469000000
221.9580000000
221.9695000000
221.9803000000
221.9914000000
222.0025000000
222.0136000000
222.0249000000
222.0358000000
222.0469000000
222.0581000000
222.0691000000
222.0805000000
222.0914000000
222.1024000000
222.1135000000
222.1246000000
222.1357000000
222.1469000000
222.1581000000
222.1698000000
222.1802000000
222.1912000000
222.2024000000
222.2135000000
222.2246000000
222.2358000000
222.2468000000
222.2580000000
222.2690000000
222.2802000000
222.2912000000
222.3023000000
222.3134000000
222.3246000000
222.3357000000
222.3468000000
222.3579000000
222.3689000000
222.3801000000
222.3912000000
222.4023000000
222.4136000000
222.4245000000
222.4356000000
222.4467000000
222.4579000000
222.4689000000
222.4800000000
222.4911000000
222.5023000000
222.5135000000
222.5245000000
222.5356000000
222.5466000000
222.5580000000
222.5693000000
222.5801000000
222.5912000000
222.6021000000
222.6133000000
222.6243000000
222.6355000000
222.6467000000
222.6577000000
222.6688000000
222.6799000000
222.6910000000
222.7022000000
222.7133000000
222.7243000000
222.7355000000
222.7466000000
222.7577000000
222.7688000000
222.7799000000
222.7911000000
222.8021000000
222.8132000000
222.8244000000
222.8354000000
222.8465000000
222.8577000000
222.8687000000
222.8798000000
222.8910000000
222.9020000000
222.9131000000
222.9242000000
222.9353000000
222.9465000000
222.9577000000
222.9687000000
222.9798000000
222.9909000000
223.0020000000
223.0131000000
223.0242000000
223.0353000000
223.0466000000
223.0575000000
223.0686000000
223.0797000000
223.0909000000
223.1019000000
223.1131000000
223.1241000000
223.1353000000
223.1464000000
223.1577000000
223.1686000000
223.1796000000
223.1908000000
223.2019000000
223.2133000000
223.2243000000
223.2352000000
223.2464000000
223.2577000000
223.2691000000
223.2796000000
223.2908000000
223.3019000000
223.3129000000
223.3242000000
223.3352000000
223.3464000000
223.3573000000
223.3685000000
223.3796000000
223.3907000000
223.4017000000
223.4129000000
223.4241000000
223.4352000000
223.4462000000
223.4573000000
223.4684000000
223.4795000000
223.4906000000
223.5017000000
223.5128000000
223.5240000000
223.5350000000
223.5462000000
223.5573000000
223.5683000000
223.5796000000
223.5905000000
223.6016000000
223.6128000000
223.6242000000
223.6350000000
223.6461000000
223.6573000000
223.6684000000
223.6794000000
223.6905000000
223.7016000000
223.7129000000
223.7239000000
223.7351000000
223.7460000000
223.7572000000
223.7682000000
223.7794000000
223.7905000000
223.8016000000
223.8127000000
223.8245000000
223.8352000000
223.8460000000
223.8571000000
223.8682000000
223.8793000000
223.8905000000
223.9015000000
223.9126000000
223.9238000000
223.9351000000
223.9460000000
223.9570000000
223.9682000000
223.9793000000
223.9905000000
224.0015000000
224.0126000000
224.0237000000
224.0349000000
224.0460000000
224.0571000000
224.0684000000
224.0792000000
224.0903000000
224.1014000000
224.1125000000
224.1236000000
224.1347000000
224.1459000000
224.1570000000
224.1680000000
224.1791000000
224.1904000000
224.2014000000
224.2124000000
224.2236000000
224.2348000000
224.2460000000
224.2569000000
224.2680000000
224.2791000000
224.2903000000
224.3014000000
224.3126000000
224.3236000000
224.3347000000
224.3457000000
224.3570000000
224.3680000000
224.3791000000
224.3904000000
224.4013000000
224.4124000000
224.4235000000
224.4346000000
224.4457000000
224.4568000000
224.4681000000
224.4790000000
224.4901000000
224.5013000000
224.5124000000
224.5234000000
224.5349000000
224.5456000000
224.5569000000
224.5679000000
224.5791000000
224.5901000000
224.6011000000
224.6123000000
224.6234000000
224.6346000000
224.6456000000
224.6567000000
224.6679000000
224.6789000000
224.6900000000
224.7012000000
224.7122000000
224.7234000000
224.7346000000
224.7457000000
224.7574000000
224.7678000000
224.7789000000
224.7899000000
224.8012000000
224.8121000000
224.8234000000
224.8345000000
224.8455000000
224.8568000000
224.8678000000
224.8792000000
224.8901000000
224.9011000000
224.9121000000
224.9232000000
224.9345000000
224.9454000000
224.9566000000
224.9677000000
224.9789000000
224.9898000000
225.0011000000
225.0127000000
225.0233000000
225.0345000000
225.0454000000
225.0565000000
225.0677000000
225.0787000000
225.0898000000
225.1009000000
225.1124000000
225.1232000000
225.1345000000
225.1453000000
225.1565000000
225.1676000000
225.1787000000
225.1898000000
225.2009000000
225.2120000000
225.2231000000
225.2349000000
225.2456000000
225.2564000000
225.2679000000
225.2791000000
225.2902000000
225.3012000000
225.3121000000
225.3232000000
225.3346000000
225.3452000000
225.3563000000
225.3674000000
225.3787000000
225.3898000000
225.4009000000
225.4119000000
225.4230000000
225.4344000000
225.4453000000
225.4564000000
225.4675000000
225.4790000000
225.4899000000
225.5007000000
225.5121000000
225.5230000000
225.5343000000
225.5451000000
225.5564000000
225.5674000000
225.5785000000
225.5896000000
225.6008000000
225.6119000000
225.6230000000
225.6341000000
225.6451000000
225.6562000000
225.6674000000
225.6787000000
225.6897000000
225.7008000000
225.7117000000
225.7229000000
225.7340000000
225.7452000000
225.7565000000
225.7677000000
225.7784000000
225.7894000000
225.8006000000
225.8117000000
225.8228000000
225.8340000000
225.8452000000
225.8562000000
225.8675000000
225.8783000000
225.8895000000
225.9005000000
225.9117000000
225.9227000000
225.9345000000
225.9456000000
225.9565000000
225.9678000000
225.9786000000
225.9895000000
226.0005000000
226.0116000000
226.0227000000
226.0338000000
226.0449000000
226.0568000000
226.0676000000
226.0784000000
226.0895000000
226.1005000000
226.1115000000
226.1227000000
226.1342000000
226.1448000000
226.1559000000
226.1671000000
226.1781000000
226.1893000000
226.2003000000
226.2114000000
226.2228000000
226.2339000000
226.2450000000
226.2559000000
226.2671000000
226.2781000000
226.2893000000
226.3009000000
226.3120000000
226.3231000000
226.3346000000
226.3466000000
226.3577000000
226.3686000000
226.3797000000
226.3906000000
226.4017000000
226.4126000000
226.4235000000
226.4348000000
226.4462000000
226.4572000000
226.4679000000
226.4782000000
226.4893000000
226.5009000000
226.5121000000
226.5232000000
226.5338000000
226.5446000000
226.5556000000
226.5667000000
226.5776000000
226.5887000000
226.5996000000
226.6105000000
226.6215000000
226.6326000000
226.6436000000
226.6547000000
226.6660000000
226.6775000000
226.6886000000
226.6995000000
226.7105000000
226.7215000000
226.7325000000
226.7436000000
226.7547000000
226.7659000000
226.7776000000
226.7886000000
226.7994000000
226.8103000000
226.8216000000
226.8329000000
226.8446000000
226.8554000000
226.8664000000
226.8775000000
226.8888000000
226.9005000000
226.9112000000
226.9223000000
226.9334000000
226.9444000000
226.9556000000
226.9667000000
226.9780000000
226.9891000000
227.0007000000
227.0115000000
227.0225000000
227.0334000000
227.0447000000
227.0567000000
227.0680000000
227.0787000000
227.0903000000
227.1013000000
227.1121000000
227.1231000000
227.1344000000
227.1452000000
227.1564000000
227.1678000000
227.1783000000
227.1896000000
227.2008000000
227.2116000000
227.2228000000
227.2333000000
227.2446000000
227.2554000000
227.2666000000
227.2776000000
227.2888000000
227.2999000000
227.3109000000
227.3219000000
227.3331000000
227.3442000000
227.3555000000
227.3669000000
227.3777000000
227.3890000000
227.4001000000
227.4110000000
227.4225000000
227.4339000000
227.4451000000
227.4563000000
227.4679000000
227.4796000000
227.4904000000
227.5016000000
227.5124000000
227.5235000000
227.5347000000
227.5457000000
227.5570000000
227.5683000000
227.5801000000
227.5918000000
227.6029000000
227.6138000000
227.6247000000
227.6356000000
227.6468000000
227.6577000000
227.6692000000
227.6804000000
227.6911000000
227.7022000000
227.7133000000
227.7243000000
227.7351000000
227.7463000000
227.7581000000
227.7690000000
227.7801000000
227.7912000000
227.8030000000
227.8146000000
227.8266000000
227.8385000000
227.8495000000
227.8614000000
227.8724000000
227.8838000000
227.8945000000
227.9060000000
227.9173000000
227.9287000000
227.9397000000
227.9508000000
227.9624000000
227.9738000000
227.9849000000
227.9967000000
228.0077000000
228.0197000000
228.0307000000
228.0429000000
228.0547000000
228.0654000000
228.0769000000
228.0883000000
228.1004000000
228.1115000000
228.1226000000
228.1337000000
228.1446000000
228.1557000000
228.1667000000
228.1775000000
228.1886000000
228.2001000000
228.2111000000
228.2221000000
228.2330000000
228.2442000000
228.2561000000
228.2675000000
228.2785000000
228.2894000000
228.3009000000
228.3117000000
228.3227000000
228.3339000000
228.3455000000
228.3567000000
228.3675000000
228.3784000000
228.3898000000
228.4010000000
228.4120000000
228.4228000000
228.4341000000
228.4452000000
228.4568000000
228.4677000000
228.4798000000
228.4916000000
228.5015000000
228.5125000000
228.5236000000
228.5350000000
228.5464000000
228.5580000000
228.5696000000
228.5813000000
228.5924000000
228.6039000000
228.6147000000
228.6262000000
228.6378000000
228.6488000000
228.6596000000
228.6707000000
228.6817000000
228.6927000000
228.7038000000
228.7147000000
228.7259000000
228.7374000000
228.7487000000
228.7605000000
228.7722000000
228.7830000000
228.7939000000
228.8053000000
228.8172000000
228.8289000000
228.8408000000
228.8519000000
228.8626000000
228.8741000000
228.8851000000
228.8965000000
228.9077000000
228.9193000000
228.9306000000
228.9415000000
228.9527000000
228.9639000000
228.9756000000
228.9871000000
228.9991000000
229.0100000000
229.0219000000
229.0335000000
229.0448000000
229.0565000000
229.0675000000
229.0796000000
229.0913000000
229.1022000000
229.1134000000
229.1240000000
229.1352000000
229.1463000000
229.1581000000
229.1691000000
229.1802000000
229.1913000000
229.2028000000
229.2146000000
229.2258000000
229.2374000000
229.2488000000
229.2605000000
229.2725000000
229.2836000000
229.2953000000
229.3063000000
229.3174000000
229.3284000000
229.3401000000
229.3515000000
229.3627000000
229.3744000000
229.3858000000
229.3969000000
229.4084000000
229.4200000000
229.4310000000
229.4414000000
229.4527000000
229.4644000000
229.4754000000
229.4864000000
229.4981000000
229.5093000000
229.5213000000
229.5333000000
229.5450000000
229.5570000000
229.5679000000
229.5799000000
229.5911000000
229.6029000000
229.6147000000
229.6251000000
229.6356000000
229.6470000000
229.6587000000
229.6697000000
229.6818000000
229.6942000000
229.7054000000
229.7171000000
229.7290000000
229.7412000000
229.7535000000
229.7650000000
229.7769000000
229.7880000000
229.7999000000
229.8118000000
229.8238000000
229.8359000000
229.8481000000
229.8597000000
229.8719000000
229.8839000000
229.8957000000
229.9074000000
229.9188000000
229.9306000000
229.9424000000
229.9544000000
229.9664000000
229.9776000000
229.9898000000
230.0016000000
230.0134000000
230.0254000000
230.0374000000
230.0496000000
230.0614000000
230.0734000000
230.0853000000
230.0971000000
230.1075000000
230.1194000000
230.1318000000
230.1434000000
230.1555000000
230.1680000000
230.1799000000
230.1916000000
230.2028000000
230.2141000000
230.2257000000
230.2370000000
230.2492000000
230.2608000000
230.2728000000
230.2844000000
230.2965000000
230.3079000000
230.3198000000
230.3305000000
230.3419000000
230.3539000000
230.3656000000
230.3774000000
230.3893000000
230.4014000000
230.4128000000
230.4244000000
230.4363000000
230.4480000000
230.4598000000
230.4709000000
230.4829000000
230.4948000000
230.5070000000
230.5190000000
230.5309000000
230.5429000000
230.5547000000
230.5668000000
230.5785000000
230.5903000000
230.6017000000
230.6136000000
230.6256000000
230.6370000000
230.6494000000
230.6609000000
230.6727000000
230.6841000000
230.6959000000
230.7070000000
230.7192000000
230.7309000000
230.7424000000
230.7548000000
230.7665000000
230.7783000000
230.7903000000
230.8023000000
230.8143000000
230.8259000000
230.8381000000
230.8503000000
230.8625000000
230.8745000000
230.8862000000
230.8983000000
230.9104000000
230.9221000000
230.9342000000
230.9463000000
230.9582000000
230.9700000000
230.9815000000
230.9931000000
231.0051000000
231.0162000000
231.0278000000
231.0398000000
231.0520000000
231.0636000000
231.0753000000
231.0865000000
231.0984000000
231.1104000000
231.1220000000
231.1339000000
231.1459000000
231.1576000000
231.1693000000
231.1813000000
231.1928000000
231.2047000000
231.2164000000
231.2280000000
231.2403000000
231.2523000000
231.2645000000
231.2762000000
231.2877000000
231.2997000000
231.3110000000
231.3230000000
231.3351000000
231.3462000000
231.3585000000
231.3699000000
231.3815000000
231.3936000000
231.4054000000
231.4174000000
231.4295000000
231.4413000000
231.4536000000
231.4652000000
231.4771000000
231.4890000000
231.5012000000
231.5133000000
231.5243000000
231.5361000000
231.5482000000
231.5604000000
231.5722000000
231.5842000000
231.5961000000
231.6080000000
231.6194000000
231.6309000000
231.6430000000
231.6554000000
231.6673000000
231.6794000000
231.6913000000
231.7034000000
231.7153000000
231.7271000000
231.7391000000
231.7512000000
231.7632000000
231.7751000000
231.7868000000
231.7988000000
231.8108000000
231.8226000000
231.8343000000
231.8460000000
231.8584000000
231.8700000000
231.8821000000
231.8945000000
231.9062000000
231.9183000000
231.9296000000
231.9415000000
231.9540000000
231.9658000000
231.9785000000
231.9909000000
232.0032000000
232.0153000000
232.0274000000
232.0392000000
232.0514000000
232.0644000000
232.0767000000
232.0884000000
232.1006000000
232.1121000000
232.1235000000
232.1354000000
232.1474000000
232.1594000000
232.1717000000
232.1837000000
232.1956000000
232.2076000000
232.2194000000
232.2317000000
232.2436000000
232.2559000000
232.2677000000
232.2794000000
232.2908000000
232.3028000000
232.3148000000
232.3270000000
232.3387000000
232.3507000000
232.3628000000
232.3747000000
232.3867000000
232.3983000000
232.4103000000
232.4224000000
232.4345000000
232.4459000000
232.4582000000
232.4705000000
232.4831000000
232.4947000000
232.5065000000
232.5186000000
232.5304000000
232.5424000000
232.5546000000
232.5660000000
232.5782000000
232.5904000000
232.6020000000
232.6151000000
232.6269000000
232.6388000000
232.6509000000
232.6626000000
232.6746000000
232.6868000000
232.6987000000
232.7105000000
232.7226000000
232.7347000000
232.7464000000
232.7594000000
232.7717000000
232.7837000000
232.7950000000
232.8068000000
232.8190000000
232.8311000000
232.8441000000
232.8561000000
232.8684000000
232.8802000000
232.8924000000
232.9048000000
232.9163000000
232.9281000000
232.9399000000
232.9520000000
232.9641000000
232.9765000000
232.9882000000
233.0005000000
233.0126000000
233.0241000000
233.0364000000
233.0481000000
233.0610000000
233.0737000000
233.0858000000
233.0972000000
233.1095000000
233.1219000000
233.1342000000
233.1461000000
233.1591000000
233.1706000000
233.1827000000
233.1945000000
233.2067000000
233.2186000000
233.2299000000
233.2426000000
233.2545000000
233.2667000000
233.2782000000
233.2904000000
233.3027000000
233.3145000000
233.3265000000
233.3385000000
233.3504000000
233.3639000000
233.3764000000
233.3881000000
233.4013000000
233.4138000000
233.4258000000
233.4381000000
233.4507000000
233.4629000000
233.4755000000
233.4878000000
233.4998000000
233.5116000000
233.5237000000
233.5362000000
233.5487000000
233.5611000000
233.5742000000
233.5866000000
233.5994000000
233.6112000000
233.6233000000
233.6357000000
233.6478000000
233.6600000000
233.6719000000
233.6848000000
233.6966000000
233.7088000000
233.7211000000
233.7327000000
233.7444000000
233.7563000000
233.7685000000
233.7806000000
233.7928000000
233.8049000000
233.8169000000
233.8296000000
233.8423000000
233.8545000000
233.8665000000
233.8782000000
233.8902000000
233.9014000000
233.9133000000
233.9255000000
233.9376000000
233.9496000000
233.9617000000
233.9740000000
233.9859000000
233.9975000000
234.0091000000
234.0212000000
234.0335000000
234.0457000000
234.0582000000
234.0703000000
234.0824000000
234.0942000000
234.1064000000
234.1187000000
234.1306000000
234.1425000000
234.1548000000
234.1673000000
234.1793000000
234.1921000000
234.2046000000
234.2167000000
234.2286000000
234.2409000000
234.2530000000
234.2656000000
234.2772000000
234.2895000000
234.3015000000
234.3134000000
234.3254000000
234.3375000000
234.3500000000
234.3629000000
234.3758000000
234.3881000000
234.4003000000
234.4121000000
234.4245000000
234.4366000000
234.4487000000
234.4610000000
234.4736000000
234.4854000000
234.4974000000
234.5095000000
234.5221000000
234.5347000000
234.5466000000
234.5588000000
234.5717000000
234.5836000000
234.5955000000
234.6071000000
234.6195000000
234.6317000000
234.6447000000
234.6583000000
234.6707000000
234.6835000000
234.6954000000
234.7075000000
234.7195000000
234.7316000000
234.7435000000
234.7553000000
234.7673000000
234.7800000000
234.7919000000
234.8044000000
234.8158000000
234.8280000000
234.8399000000
234.8519000000
234.8646000000
234.8773000000
234.8895000000
234.9019000000
234.9149000000
234.9274000000
234.9396000000
234.9520000000
234.9652000000
234.9778000000
234.9892000000
235.0013000000
235.0140000000
235.0261000000
235.0389000000
235.0513000000
235.0614000000
235.0711000000
235.0805000000
235.0908000000
235.1021000000
235.1130000000
235.1243000000
235.1353000000
235.1465000000
235.1574000000
235.1686000000
235.1798000000
235.1907000000
235.2020000000
235.2131000000
235.2242000000
235.2352000000
235.2463000000
235.2576000000
235.2686000000
235.2797000000
235.2910000000
235.3019000000
235.3129000000
235.3241000000
235.3352000000
235.3464000000
235.3573000000
235.3684000000
235.3796000000
235.3909000000
235.4018000000
235.4129000000
235.4241000000
235.4352000000
235.4463000000
235.4574000000
235.4684000000
235.4795000000
235.4910000000
235.5025000000
235.5139000000
235.5254000000
235.5370000000
235.5484000000
235.5598000000
235.5714000000
235.5829000000
235.5943000000
235.6058000000
235.6174000000
235.6288000000
235.6401000000
235.6511000000
235.6625000000
235.6735000000
235.6845000000
235.6956000000
235.7068000000
235.7179000000
235.7289000000
235.7402000000
235.7511000000
235.7625000000
235.7735000000
235.7844000000
235.7956000000
235.8067000000
235.8177000000
235.8289000000
235.8399000000
235.8511000000
235.8624000000
235.8733000000
235.8844000000
235.8955000000
235.9069000000
235.9177000000
235.9290000000
235.9399000000
235.9511000000
235.9623000000
235.9733000000
235.9844000000
235.9956000000
236.0067000000
236.0178000000
236.0288000000
236.0400000000
236.0514000000
236.0621000000
236.0734000000
236.0845000000
236.0958000000
236.1068000000
236.1176000000
236.1287000000
236.1400000000
236.1510000000
236.1620000000
236.1734000000
236.1843000000
236.1953000000
236.2065000000
236.2175000000
236.2287000000
236.2400000000
236.2510000000
236.2621000000
236.2733000000
236.2850000000
236.2956000000
236.3068000000
236.3178000000
236.3289000000
236.3400000000
236.3512000000
236.3619000000
236.3732000000
236.3841000000
236.3953000000
236.4064000000
236.4174000000
236.4286000000
236.4399000000
236.4507000000
236.4619000000
236.4732000000
236.4843000000
236.4955000000
236.5065000000
236.5177000000
236.5289000000
236.5399000000
236.5510000000
236.5622000000
236.5736000000
236.5843000000
236.5954000000
236.6065000000
236.6177000000
236.6292000000
236.6404000000
236.6509000000
236.6620000000
236.6732000000
236.6850000000
236.6955000000
236.7064000000
236.7173000000
236.7285000000
236.7401000000
236.7506000000
236.7617000000
236.7729000000
236.7840000000
236.7952000000
236.8064000000
236.8174000000
236.8285000000
236.8397000000
236.8506000000
236.8618000000
236.8733000000
236.8840000000
236.8952000000
236.9063000000
236.9174000000
236.9290000000
236.9397000000
236.9507000000
236.9617000000
236.9733000000
236.9840000000
236.9951000000
237.0065000000
237.0174000000
237.0284000000
237.0397000000
237.0506000000
237.0617000000
237.0728000000
237.0839000000
237.0950000000
237.1061000000
237.1172000000
237.1288000000
237.1393000000
237.1505000000
237.1618000000
237.1728000000
237.1837000000
237.1950000000
237.2060000000
237.2171000000
237.2282000000
237.2394000000
237.2505000000
237.2615000000
237.2731000000
237.2837000000
237.2951000000
237.3061000000
237.3170000000
237.3284000000
237.3392000000
237.3504000000
237.3614000000
237.3726000000
237.3836000000
237.3948000000
237.4059000000
237.4170000000
237.4281000000
237.4392000000
237.4503000000
237.4614000000
237.4725000000
237.4837000000
237.4947000000
237.5059000000
237.5170000000
237.5280000000
237.5391000000
237.5502000000
237.5614000000
237.5724000000
237.5835000000
237.5947000000
237.6057000000
237.6169000000
237.6280000000
237.6391000000
237.6502000000
237.6613000000
237.6726000000
237.6837000000
237.6947000000
237.7056000000
237.7168000000
237.7280000000
237.7391000000
237.7502000000
237.7612000000
237.7724000000
237.7834000000
237.7947000000
237.8057000000
237.8169000000
237.8283000000
237.8390000000
237.8501000000
237.8670000000
237.8789000000
237.8900000000
237.9003000000
237.9104000000
237.9213000000
237.9385000000
237.9489000000
237.9599000000
237.9698000000
237.9796000000
237.9894000000
238.0007000000
238.0118000000
238.0229000000
238.0340000000
238.0451000000
238.0561000000
238.0676000000
238.0783000000
238.0896000000
238.1006000000
238.1117000000
238.1228000000
238.1339000000
238.1449000000
238.1560000000
238.1674000000
238.1783000000
238.1896000000
238.2006000000
238.2116000000
238.2227000000
238.2341000000
238.2449000000
238.2562000000
238.2672000000
238.2783000000
238.2893000000
238.3006000000
238.3114000000
238.3225000000
238.3336000000
238.3450000000
238.3561000000
238.3674000000
238.3781000000
238.3894000000
238.4066000000
238.4227000000
238.4346000000
238.4461000000
238.4574000000
238.4683000000
238.4793000000
238.4903000000
238.5014000000
238.5125000000
238.5236000000
238.5348000000
238.5461000000
238.5571000000
238.5684000000
238.5792000000
238.5903000000
238.6014000000
238.6126000000
238.6236000000
238.6348000000
238.6460000000
238.6569000000
238.6682000000
238.6792000000
238.6903000000
238.7014000000
238.7126000000
238.7236000000
238.7346000000
238.7457000000
238.7569000000
238.7684000000
238.7793000000
238.7906000000
238.8019000000
238.8132000000
238.8246000000
238.8359000000
238.8472000000
238.8585000000
238.8699000000
238.8813000000
238.8925000000
238.9038000000
238.9151000000
238.9265000000
238.9378000000
238.9490000000
238.9603000000
238.9718000000
238.9834000000
238.9940000000
239.0051000000
239.0163000000
239.0274000000
239.0386000000
239.0496000000
239.0607000000
239.0717000000
239.0828000000
239.0940000000
239.1052000000
239.1162000000
239.1273000000
239.1384000000
239.1494000000
239.1605000000
239.1717000000
239.1829000000
239.1939000000
239.2053000000
239.2162000000
239.2273000000
239.2383000000
239.2494000000
239.2606000000
239.2717000000
239.2830000000
239.2938000000
239.3053000000
239.3160000000
239.3271000000
239.3384000000
239.3493000000
239.3604000000
239.3718000000
239.3827000000
239.3938000000
239.4051000000
239.4160000000
239.4270000000
239.4382000000
239.4493000000
239.4604000000
239.4715000000
239.4828000000
239.4939000000
239.5048000000
239.5161000000
239.5270000000
239.5382000000
239.5492000000
239.5603000000
239.5718000000
239.5825000000
239.5937000000
239.6048000000
239.6158000000
239.6269000000
239.6381000000
239.6493000000
239.6603000000
239.6714000000
239.6826000000
239.6936000000
239.7047000000
239.7158000000
239.7271000000
239.7380000000
239.7491000000
239.7603000000
239.7715000000
239.7824000000
239.7936000000
239.8047000000
239.8158000000
239.8269000000
239.8381000000
239.8491000000
239.8602000000
239.8716000000
239.8825000000
239.8936000000
239.9048000000
239.9158000000
239.9268000000
239.9380000000
239.9494000000
239.9602000000
239.9712000000
239.9824000000
239.9935000000
240.0046000000
240.0157000000
240.0269000000
240.0379000000
240.0490000000
240.0625000000
240.0756000000
240.0884000000
240.1015000000
240.1143000000
240.1268000000
240.1392000000
240.1518000000
240.1648000000
240.1777000000
240.1903000000
240.2027000000
240.2156000000
240.2283000000
240.2410000000
240.2530000000
240.2654000000
240.2784000000
240.2907000000
240.3039000000
240.3161000000
240.3289000000
240.3418000000
240.3543000000
240.3664000000
240.3797000000
240.3927000000
240.4054000000
240.4185000000
240.4314000000
240.4445000000
240.4568000000
240.4701000000
240.4828000000
240.4959000000
240.5081000000
240.5209000000
240.5332000000
240.5460000000
240.5593000000
240.5721000000
240.5851000000
240.5977000000
240.6101000000
240.6229000000
240.6354000000
240.6482000000
240.6606000000
240.6739000000
240.6866000000
240.6996000000
240.7123000000
240.7251000000
240.7378000000
240.7502000000
240.7629000000
240.7764000000
240.7893000000
240.8021000000
240.8149000000
240.8271000000
240.8404000000
240.8531000000
240.8661000000
240.8796000000
240.8923000000
240.9050000000
240.9185000000
240.9315000000
240.9455000000
240.9588000000
240.9725000000
240.9861000000
241.0003000000
241.0141000000
241.0268000000
241.0399000000
241.0532000000
241.0661000000
241.0798000000
241.0933000000
241.1063000000
241.1192000000
241.1322000000
241.1452000000
241.1581000000
241.1712000000
241.1843000000
241.1975000000
241.2105000000
241.2236000000
241.2371000000
241.2502000000
241.2629000000
241.2762000000
241.2889000000
241.3019000000
241.3149000000
241.3280000000
241.3411000000
241.3546000000
241.3679000000
241.3809000000
241.3941000000
241.4077000000
241.4218000000
241.4355000000
241.4488000000
241.4616000000
241.4753000000
241.4897000000
241.5036000000
241.5178000000
241.5320000000
241.5460000000
241.5594000000
241.5725000000
241.5863000000
241.5986000000
241.6115000000
241.6247000000
241.6386000000
241.6518000000
241.6652000000
241.6794000000
241.6931000000
241.7076000000
241.7208000000
241.7355000000
241.7493000000
241.7631000000
241.7772000000
241.7906000000
241.8049000000
241.8193000000
241.8332000000
241.8466000000
241.8607000000
241.8741000000
241.8886000000
241.9019000000
241.9158000000
241.9297000000
241.9435000000
241.9577000000
241.9711000000
241.9856000000
241.9992000000
242.0127000000
242.0270000000
242.0413000000
242.0553000000
242.0691000000
242.0835000000
242.0975000000
242.1119000000
242.1260000000
242.1403000000
242.1544000000
242.1689000000
242.1831000000
242.1970000000
242.2108000000
242.2249000000
242.2382000000
242.2513000000
242.2651000000
242.2806000000
242.2939000000
242.3064000000
242.3197000000
242.3327000000
242.3461000000
242.3591000000
242.3721000000
242.3851000000
242.3978000000
242.4112000000
242.4251000000
242.4387000000
242.4516000000
242.4645000000
242.4777000000
242.4904000000
242.5035000000
242.5166000000
242.5296000000
242.5432000000
242.5566000000
242.5698000000
242.5828000000
242.5967000000
242.6337000000
242.6495000000
242.6677000000
242.6819000000
242.6997000000
242.7129000000
242.7387000000
242.7585000000
242.7765000000
242.7943000000
242.8074000000
242.8296000000
242.8464000000
242.8672000000
242.8857000000
242.9001000000
242.9138000000
242.9277000000
242.9418000000
242.9557000000
242.9697000000
242.9844000000
242.9984000000
243.0121000000
243.0264000000
243.0428000000
243.0575000000
243.0719000000
243.0858000000
243.0993000000
243.1136000000
243.1286000000
243.1429000000
243.1566000000
243.1706000000
243.1846000000
243.1983000000
243.2123000000
243.2263000000
243.2406000000
243.2552000000
243.2690000000
243.2831000000
243.2974000000
243.3115000000
243.3248000000
243.3389000000
243.3528000000
243.3669000000
243.3812000000
243.3958000000
243.4093000000
243.4232000000
243.4384000000
243.4526000000
243.4664000000
243.4806000000
243.4950000000
243.5087000000
243.5227000000
243.5373000000
243.5515000000
243.5656000000
243.5803000000
243.5941000000
243.6076000000
243.6213000000
243.6358000000
243.6499000000
243.6641000000
243.6782000000
243.6926000000
243.7074000000
243.7217000000
243.7356000000
243.7495000000
243.7636000000
243.7774000000
243.7941000000
243.8078000000
243.8212000000
243.8347000000
243.8487000000
243.8625000000
243.8763000000
243.8907000000
243.9050000000
243.9189000000
243.9335000000
243.9471000000
243.9614000000
243.9772000000
243.9912000000
244.0059000000
244.0205000000
244.0346000000
244.0485000000
244.0632000000
244.0774000000
244.0910000000
244.1059000000
244.1207000000
244.1354000000
244.1493000000
244.1636000000
244.1775000000
244.1913000000
244.2053000000
244.2194000000
244.2360000000
244.2500000000
244.2638000000
244.2779000000
244.2924000000
244.3067000000
244.3208000000
244.3356000000
244.3497000000
244.3649000000
244.3790000000
244.3929000000
244.4068000000
244.4220000000
244.4358000000
244.4492000000
244.4636000000
244.4773000000
244.4911000000
244.5058000000
244.5201000000
244.5348000000
244.5488000000
244.5628000000
244.5770000000
244.5909000000
244.6059000000
244.6197000000
244.6342000000
244.6479000000
244.6613000000
244.6754000000
244.6893000000
244.7034000000
244.7173000000
244.7308000000
244.7448000000
244.7593000000
244.7733000000
244.7871000000
244.8011000000
244.8150000000
244.8291000000
244.8429000000
244.8569000000
244.8705000000
244.8856000000
244.9003000000
244.9151000000
244.9291000000
244.9430000000
244.9569000000
244.9709000000
244.9864000000
245.0009000000
245.0152000000
245.0294000000
245.0444000000
245.0594000000
245.0737000000
245.0887000000
245.1069000000
245.1239000000
245.1389000000
245.1528000000
245.1676000000
245.1827000000
245.1976000000
245.2139000000
245.2287000000
245.2439000000
245.2588000000
245.2730000000
245.2884000000
245.3051000000
245.3199000000
245.3336000000
245.3491000000
245.3635000000
245.3792000000
245.3936000000
245.4084000000
245.4224000000
245.4370000000
245.4510000000
245.4661000000
245.4813000000
245.4966000000
245.5106000000
245.5254000000
245.5398000000
245.5539000000
245.5674000000
245.5818000000
245.5965000000
245.6104000000
245.6246000000
245.6386000000
245.6525000000
245.6668000000
245.6810000000
245.6951000000
245.7089000000
245.7228000000
245.7374000000
245.7513000000
245.7654000000
245.7799000000
245.7934000000
245.8074000000
245.8215000000
245.8355000000
245.8494000000
245.8649000000
245.8795000000
245.8940000000
245.9080000000
245.9222000000
245.9361000000
245.9500000000
245.9641000000
245.9782000000
245.9918000000
246.0060000000
246.0201000000
246.0353000000
246.0499000000
246.0648000000
246.0795000000
246.0940000000
246.1087000000
246.1226000000
246.1374000000
246.1516000000
246.1661000000
246.1810000000
246.1958000000
246.2103000000
246.2252000000
246.2394000000
246.2540000000
246.2687000000
246.2834000000
246.2976000000
246.3116000000
246.3258000000
246.3398000000
246.3543000000
246.3685000000
246.3828000000
246.3972000000
246.4113000000
246.4258000000
246.4395000000
246.4544000000
246.4695000000
246.4850000000
246.4991000000
246.5130000000
246.5272000000
246.5421000000
246.5558000000
246.5705000000
246.5863000000
246.6012000000
246.6163000000
246.6309000000
246.6453000000
246.6607000000
246.6891000000
246.7049000000
246.7202000000
246.7349000000
246.7493000000
246.7639000000
246.7778000000
246.7918000000
246.8056000000
246.8198000000
246.8342000000
246.8489000000
246.8632000000
246.8775000000
246.8915000000
246.9096000000
246.9255000000
246.9401000000
246.9550000000
246.9691000000
246.9840000000
246.9990000000
247.0134000000
247.0285000000
247.0439000000
247.0591000000
247.0740000000
247.0890000000
247.1039000000
247.1185000000
247.1332000000
247.1476000000
247.1618000000
247.1768000000
247.1926000000
247.2092000000
247.2248000000
247.2391000000
247.2541000000
247.2682000000
247.2830000000
247.2971000000
247.3109000000
247.3252000000
247.3390000000
247.3530000000
247.3671000000
247.3810000000
247.3953000000
247.4093000000
247.4238000000
247.4379000000
247.4525000000
247.4664000000
247.4804000000
247.4939000000
247.5085000000
247.5236000000
247.5381000000
247.5535000000
247.5686000000
247.5832000000
247.5977000000
247.6118000000
247.6260000000
247.6407000000
247.6564000000
247.6708000000
247.6854000000
247.7002000000
247.7155000000
247.7298000000
247.7447000000
247.7596000000
247.7745000000
247.7903000000
247.8054000000
247.8204000000
247.8356000000
247.8502000000
247.8663000000
247.8812000000
247.8965000000
247.9110000000
247.9262000000
247.9412000000
247.9561000000
247.9710000000
247.9864000000
248.0013000000
248.0160000000
248.0303000000
248.0450000000
248.0601000000
248.0744000000
248.0886000000
248.1040000000
248.1192000000
248.1333000000
248.1475000000
248.1622000000
248.1764000000
248.1913000000
248.2060000000
248.2209000000
248.2362000000
248.2514000000
248.2661000000
248.2803000000
248.2955000000
248.3100000000
248.3244000000
248.3389000000
248.3555000000
248.3709000000
248.3884000000
248.4049000000
248.4200000000
248.4354000000
248.4501000000
248.4648000000
248.4788000000
248.4939000000
248.5092000000
248.5236000000
248.5382000000
248.5523000000
248.5673000000
248.5823000000
248.5972000000
248.6122000000
248.6264000000
248.6413000000
248.6608000000
248.6756000000
248.6899000000
248.7047000000
248.7199000000
248.7348000000
248.7510000000
248.7671000000
248.7830000000
248.7983000000
248.8146000000
248.8304000000
248.8450000000
248.8597000000
248.8739000000
248.8888000000
248.9039000000
248.9189000000
248.9334000000
248.9482000000
248.9631000000
248.9781000000
248.9926000000
249.0078000000
249.0229000000
249.0383000000
249.0536000000
249.0684000000
249.0829000000
249.0984000000
249.1129000000
249.1276000000
249.1425000000
249.1572000000
249.1726000000
249.1871000000
249.2021000000
249.2169000000
249.2322000000
249.2469000000
249.2623000000
249.2772000000
249.2919000000
249.3072000000
249.3214000000
249.3354000000
249.3502000000
249.3647000000
249.3792000000
249.3941000000
249.4089000000
249.4236000000
249.4378000000
249.4524000000
249.4664000000
249.4807000000
249.4953000000
249.5095000000
249.5238000000
249.5382000000
249.5531000000
249.5685000000
249.5829000000
249.5989000000
249.6143000000
249.6290000000
249.6440000000
249.6595000000
249.6741000000
249.6891000000
249.7045000000
249.7217000000
249.7396000000
249.7566000000
249.7717000000
249.7868000000
249.8019000000
249.8171000000
249.8325000000
249.8474000000
249.8624000000
249.8766000000
249.8910000000
249.9064000000
249.9214000000
249.9365000000
249.9514000000
249.9662000000
249.9813000000
249.9968000000
250.0112000000
250.0262000000
250.0413000000
250.0563000000
250.0707000000
250.0848000000
250.1001000000
250.1149000000
250.1295000000
250.1437000000
250.1588000000
250.1724000000
250.1867000000
250.2023000000
250.2167000000
250.2305000000
250.2449000000
250.2589000000
250.2728000000
250.2876000000
250.3028000000
250.3175000000
250.3316000000
250.3465000000
250.3606000000
250.3753000000
250.3900000000
250.4047000000
250.4193000000
250.4343000000
250.4499000000
250.4649000000
250.4799000000
250.4952000000
250.5099000000
250.5245000000
250.5390000000
250.5540000000
250.5691000000
250.5842000000
250.5991000000
250.6139000000
250.6287000000
250.6439000000
250.6579000000
250.6721000000
250.6866000000
250.7020000000
250.7169000000
250.7320000000
250.7467000000
250.7611000000
250.7759000000
250.7898000000
250.8050000000
250.8204000000
250.8347000000
250.8488000000
250.8646000000
250.8802000000
250.8959000000
250.9108000000
250.9259000000
250.9413000000
250.9560000000
250.9709000000
250.9862000000
251.0012000000
251.0170000000
251.0316000000
251.0475000000
251.0632000000
251.0778000000
251.0930000000
251.1081000000
251.1227000000
251.1380000000
251.1531000000
251.1695000000
251.1848000000
251.2003000000
251.2152000000
251.2301000000
251.2454000000
251.2607000000
251.2754000000
251.2931000000
251.3090000000
251.3267000000
251.3426000000
251.3580000000
251.3728000000
251.3878000000
251.4033000000
251.4187000000
251.4337000000
251.4491000000
251.4649000000
251.4814000000
251.4964000000
251.5115000000
251.5265000000
251.5424000000
251.5569000000
251.5721000000
251.5871000000
251.6051000000
251.6204000000
251.6355000000
251.6502000000
251.6646000000
251.6795000000
251.6945000000
251.7097000000
251.7243000000
251.7395000000
251.7548000000
251.7696000000
251.7841000000
251.7990000000
251.8145000000
251.8288000000
251.8443000000
251.8590000000
251.8740000000
251.8887000000
251.9041000000
251.9189000000
251.9339000000
251.9488000000
251.9639000000
251.9789000000
251.9939000000
252.0087000000
252.0238000000
252.0381000000
252.0534000000
252.0678000000
252.0831000000
252.0979000000
252.1131000000
252.1275000000
252.1424000000
252.1573000000
252.1713000000
252.1864000000
252.2017000000
252.2162000000
252.2303000000
252.2451000000
252.2610000000
252.2762000000
252.2903000000
252.3055000000
252.3205000000
252.3358000000
252.3506000000
252.3650000000
252.3791000000
252.3941000000
252.4084000000
252.4232000000
252.4379000000
252.4537000000
252.4691000000
252.4841000000
252.4986000000
252.5128000000
252.5276000000
252.5424000000
252.5579000000
252.5723000000
252.5875000000
252.6023000000
252.6172000000
252.6321000000
252.6462000000
252.6612000000
252.6770000000
252.6914000000
252.7067000000
252.7215000000
252.7360000000
252.7509000000
252.7664000000
252.7812000000
252.7962000000
252.8112000000
252.8264000000
252.8414000000
252.8565000000
252.8716000000
252.8867000000
252.9027000000
252.9186000000
252.9339000000
252.9491000000
252.9639000000
252.9793000000
252.9949000000
253.0107000000
253.0255000000
253.0422000000
253.0576000000
253.0728000000
253.0876000000
253.1029000000
253.1184000000
253.1338000000
253.1492000000
253.1641000000
253.1789000000
253.1939000000
253.2092000000
253.2243000000
253.2396000000
253.2543000000
253.2693000000
253.2843000000
253.2991000000
253.3141000000
253.3292000000
253.3447000000
253.3724000000
253.4128000000
253.4299000000
253.4458000000
253.4617000000
253.4763000000
253.4917000000
253.5068000000
253.5266000000
253.8599000000
253.8870000000
253.9039000000
253.9212000000
253.9364000000
253.9514000000
253.9665000000
253.9822000000
253.9976000000
254.0128000000
254.0273000000
254.0427000000
254.0582000000
254.0732000000
254.0877000000
254.1027000000
254.1183000000
254.1337000000
254.1492000000
254.1650000000
254.1802000000
254.1949000000
254.2101000000
254.2255000000
254.2407000000
254.2557000000
254.2711000000
254.2863000000
254.3014000000
254.3167000000
254.3314000000
254.3465000000
254.3616000000
254.3766000000
254.3914000000
254.4073000000
254.4230000000
254.4384000000
254.4534000000
254.4682000000
254.4836000000
254.4987000000
254.5135000000
254.5281000000
254.5432000000
254.5582000000
254.5738000000
254.5891000000
254.6039000000
254.6192000000
254.6340000000
254.6499000000
254.6650000000
254.6811000000
254.6958000000
254.7108000000
254.7264000000
254.7416000000
254.7576000000
254.7729000000
254.7884000000
254.8033000000
254.8185000000
254.8334000000
254.8485000000
254.8637000000
254.8798000000
254.8947000000
254.9101000000
254.9260000000
254.9418000000
254.9577000000
254.9733000000
254.9885000000
255.0041000000
255.0191000000
255.0342000000
255.0497000000
255.0646000000
255.0797000000
255.0952000000
255.1108000000
255.1257000000
255.1414000000
255.1570000000
255.1720000000
255.1865000000
255.2017000000
255.2177000000
255.2325000000
255.2480000000
255.2629000000
255.2782000000
255.2930000000
255.3089000000
255.3242000000
255.3401000000
255.3558000000
255.3712000000
255.3867000000
255.4021000000
255.4178000000
255.4330000000
255.4486000000
255.4644000000
255.4798000000
255.4949000000
255.5100000000
255.5249000000
255.5403000000
255.5550000000
255.5703000000
255.5853000000
255.6003000000
255.6158000000
255.6307000000
255.6457000000
255.6611000000
255.6768000000
255.6918000000
255.7077000000
255.7228000000
255.7386000000
255.7551000000
255.7708000000
255.7858000000
255.8009000000
255.8167000000
255.8318000000
255.8464000000
255.8621000000
255.8795000000
255.8952000000
255.9104000000
255.9261000000
255.9417000000
255.9576000000
255.9727000000
255.9881000000
256.0037000000
256.0194000000
256.0344000000
256.0495000000
256.0641000000
256.0802000000
256.0954000000
256.1102000000
256.1261000000
256.1411000000
256.1566000000
256.1716000000
256.1858000000
256.2009000000
256.2164000000
256.2321000000
256.2477000000
256.2632000000
256.2788000000
256.2943000000
256.3105000000
256.3259000000
256.3409000000
256.3557000000
256.3715000000
256.3870000000
256.4026000000
256.4185000000
256.4342000000
256.4492000000
256.4645000000
256.4799000000
256.4952000000
256.5108000000
256.5266000000
256.5415000000
256.5563000000
256.5721000000
256.5875000000
256.6020000000
256.6172000000
256.6319000000
256.6467000000
256.6618000000
256.6782000000
256.6935000000
256.7088000000
256.7248000000
256.7396000000
256.7546000000
256.7693000000
256.7859000000
256.8022000000
256.8178000000
256.8339000000
256.8496000000
256.8647000000
256.8809000000
256.8968000000
256.9124000000
256.9278000000
256.9434000000
256.9584000000
256.9738000000
256.9896000000
257.0046000000
257.0194000000
257.0343000000
257.0500000000
257.0650000000
257.0815000000
257.0968000000
257.1120000000
257.1281000000
257.1437000000
257.1599000000
257.1765000000
257.1922000000
257.2077000000
257.2235000000
257.2397000000
257.2552000000
257.2708000000
257.2869000000
257.3030000000
257.3188000000
257.3343000000
257.3507000000
257.3664000000
257.3823000000
257.3987000000
257.4150000000
257.4315000000
257.4477000000
257.4637000000
257.4799000000
257.4956000000
257.5111000000
257.5272000000
257.5430000000
