73.9157900000
73.9277600000
73.9402200000
73.9512900000
73.9607800000
73.9706200000
73.9811400000
73.9923300000
74.0034400000
74.0144800000
74.0256500000
74.0376600000
74.0478400000
74.0588400000
74.0699800000
74.0811800000
74.0922400000
74.1032800000
74.1144300000
74.1257400000
74.1367900000
74.1479300000
74.1588500000
74.1701000000
74.1810200000
74.1922900000
74.2032500000
74.2143500000
74.2254800000
74.2369800000
74.2477300000
74.2591500000
74.2698600000
74.2809800000
74.2922400000
74.3032300000
74.3145500000
74.3257600000
74.3370100000
74.3481700000
74.3593800000
74.3707000000
74.3817800000
74.3932300000
74.4042600000
74.4152800000
74.4265700000
74.4378900000
74.4486600000
74.4597900000
74.4707900000
74.4821000000
74.4931600000
74.5042900000
74.5153400000
74.5264600000
74.5380300000
74.5486800000
74.5596500000
74.5708700000
74.5819300000
74.5931500000
74.6041000000
74.6152000000
74.6264200000
74.6378800000
74.6485100000
74.6596500000
74.6707900000
74.6818500000
74.6930700000
74.7043100000
74.7151300000
74.7263400000
74.7375600000
74.7488800000
74.7596900000
74.7710000000
74.7817500000
74.7928900000
74.8039600000
74.8152500000
74.8262900000
74.8373400000
74.8484500000
74.8596600000
74.8707000000
74.8817500000
74.8928600000
74.9039800000
74.9150200000
74.9262500000
74.9374800000
74.9483900000
74.9595600000
74.9706200000
74.9817700000
74.9928200000
75.0039800000
75.0151300000
75.0265200000
75.0374500000
75.0483800000
75.0594600000
75.0706400000
75.0816600000
75.0928300000
75.1038100000
75.1149400000
75.1260500000
75.1371300000
75.1484800000
75.1597600000
75.1708500000
75.1815800000
75.1926700000
75.2038400000
75.2149000000
75.2262000000
75.2371600000
75.2482600000
75.2595900000
75.2704100000
75.2815600000
75.2926500000
75.3038600000
75.3148500000
75.3261400000
75.3371000000
75.3481800000
75.3592900000
75.3705700000
75.3814900000
75.3926900000
75.4037900000
75.4148400000
75.4259800000
75.4370500000
75.4481400000
75.4597500000
75.4703300000
75.4816700000
75.4925800000
75.5036900000
75.5147300000
75.5259200000
75.5370500000
75.5481300000
75.5596500000
75.5703200000
75.5813800000
75.5927700000
75.6036400000
75.6146900000
75.6259800000
75.6370100000
75.6480000000
75.6592700000
75.6702300000
75.6814000000
75.6927000000
75.7037000000
75.7146900000
75.7257900000
75.7368500000
75.7479900000
75.7590900000
75.7701900000
75.7812500000
75.7924600000
75.8035600000
75.8147200000
75.8258300000
75.8368800000
75.8479400000
75.8590200000
75.8701600000
75.8815300000
75.8923300000
75.9036000000
75.9146500000
75.9258100000
75.9367700000
75.9480500000
75.9591200000
75.9707000000
75.9811600000
75.9922700000
76.0033800000
76.0145100000
76.0257300000
76.0368500000
76.0479200000
76.0590600000
76.0700400000
76.0811800000
76.0922200000
76.1034200000
76.1144500000
76.1256400000
76.1367600000
76.1480700000
76.1589800000
76.1700100000
76.1811000000
76.1921900000
76.2033700000
76.2144900000
76.2256100000
76.2366900000
76.2478700000
76.2590300000
76.2699300000
76.2810400000
76.2921300000
76.3032200000
76.3143400000
76.3255500000
76.3366300000
76.3477000000
76.3588800000
76.3700200000
76.3809600000
76.3921700000
76.4034800000
76.4144900000
76.4254700000
76.4364900000
76.4476900000
76.4588800000
76.4698300000
76.4810600000
76.4920400000
76.5031300000
76.5144200000
76.5253300000
76.5364400000
76.5476700000
76.5587900000
76.5699400000
76.5809700000
76.5921900000
76.6030700000
76.6142100000
76.6254100000
76.6364100000
76.6476000000
76.6586700000
76.6697200000
76.6808300000
76.6920500000
76.7031900000
76.7141500000
76.7253800000
76.7364500000
76.7475200000
76.7586100000
76.7698600000
76.7807600000
76.7919900000
76.8030200000
76.8143300000
76.8253000000
76.8363300000
76.8475000000
76.8586000000
76.8697100000
76.8808700000
76.8922400000
76.9030400000
76.9140700000
76.9254300000
76.9362600000
76.9473800000
76.9585200000
76.9697000000
76.9807000000
76.9917900000
77.0029100000
77.0140100000
77.0250400000
77.0365400000
77.0474000000
77.0585000000
77.0695800000
77.0806700000
77.0917000000
77.1027800000
77.1139300000
77.1251300000
77.1361000000
77.1473700000
77.1585500000
77.1695000000
77.1806700000
77.1919100000
77.2027700000
77.2138800000
77.2250400000
77.2363100000
77.2473300000
77.2585100000
77.2695500000
77.2807900000
77.2917000000
77.3027500000
77.3139000000
77.3251400000
77.3360400000
77.3473400000
77.3587100000
77.3697500000
77.3805300000
77.3916400000
77.4026900000
77.4138600000
77.4249800000
77.4361100000
77.4471500000
77.4582900000
77.4693900000
77.4805800000
77.4916200000
77.5027500000
77.5137600000
77.5255700000
77.5362900000
77.5473500000
77.5582000000
77.5693900000
77.5804400000
77.5918000000
77.6026200000
77.6137000000
77.6250500000
77.6359700000
77.6474100000
77.6584900000
77.6692100000
77.6803400000
77.6914800000
77.7027100000
77.7136400000
77.7247800000
77.7360000000
77.7472400000
77.7581500000
77.7692100000
77.7803000000
77.7914700000
77.8024700000
77.8138400000
77.8247100000
77.8357600000
77.8471800000
77.8580700000
77.8694400000
77.8803900000
77.8914100000
77.9026300000
77.9136000000
77.9248300000
77.9357500000
77.9470600000
77.9579800000
77.9692700000
77.9802400000
77.9913500000
78.0023600000
78.0138200000
78.0246700000
78.0358600000
78.0470500000
78.0580800000
78.0690900000
78.0801300000
78.0912200000
78.1023300000
78.1134500000
78.1246400000
78.1356700000
78.1472600000
78.1580700000
78.1689800000
78.1801100000
78.1913200000
78.2023800000
78.2135100000
78.2245000000
78.2356800000
78.2470600000
78.2581200000
78.2689500000
78.2801300000
78.2911800000
78.3022500000
78.3133600000
78.3245200000
78.3356300000
78.3469500000
78.3577900000
78.3690400000
78.3800000000
78.3912200000
78.4022600000
78.4133100000
78.4244400000
78.4356200000
78.4469500000
78.4578000000
78.4688000000
78.4800600000
78.4911000000
78.5021200000
78.5132500000
78.5246000000
78.5354200000
78.5466300000
78.5577800000
78.5688300000
78.5799200000
78.5913300000
78.6021600000
78.6132300000
78.6244200000
78.6353500000
78.6467700000
78.6577900000
78.6688000000
78.6800500000
78.6909700000
78.7024500000
78.7133500000
78.7242600000
78.7354300000
78.7470000000
78.7576200000
78.7687100000
78.7797700000
78.7909100000
78.8019900000
78.8133000000
78.8242900000
78.8353700000
78.8464500000
78.8576900000
78.8686200000
78.8797500000
78.8908700000
78.9021600000
78.9133300000
78.9245600000
78.9352600000
78.9464400000
78.9574800000
78.9687800000
78.9797100000
78.9908200000
79.0019100000
79.0129900000
79.0241000000
79.0353100000
79.0463100000
79.0578600000
79.0687900000
79.0797000000
79.0907800000
79.1018100000
79.1129200000
79.1241800000
79.1352500000
79.1463800000
79.1573600000
79.1685700000
79.1796400000
79.1907100000
79.2017500000
79.2130000000
79.2240800000
79.2357600000
79.2466400000
79.2575800000
79.2685000000
79.2795900000
79.2907200000
79.3017100000
79.3129500000
79.3242300000
79.3351400000
79.3461800000
79.3573300000
79.3686200000
79.3795500000
79.3905800000
79.4016600000
79.4127600000
79.4239300000
79.4351200000
79.4461900000
79.4572800000
79.4683900000
79.4796300000
79.4905400000
79.5016400000
79.5127500000
79.5241200000
79.5354200000
79.5463800000
79.5571700000
79.5683500000
79.5795800000
79.5906100000
79.6015900000
79.6126800000
79.6238900000
79.6349300000
79.6463900000
79.6571300000
79.6682700000
79.6794600000
79.6905500000
79.7024000000
79.7128600000
79.7238600000
79.7348600000
79.7459800000
79.7571400000
79.7687900000
79.7797700000
79.7907300000
79.8015100000
79.8128200000
79.8237400000
79.8349800000
79.8461600000
79.8570500000
79.8681900000
79.8792500000
79.8903100000
79.9014200000
79.9125600000
79.9238300000
79.9347200000
79.9459100000
79.9571500000
79.9680600000
79.9792300000
79.9904200000
80.0014000000
80.0125000000
80.0236100000
80.0350000000
80.0458600000
80.0576200000
80.0684500000
80.0791900000
80.0904200000
80.1013300000
80.1124200000
80.1236200000
80.1346700000
80.1460400000
80.1573400000
80.1680000000
80.1791000000
80.1901800000
80.2012800000
80.2124100000
80.2235300000
80.2346800000
80.2458100000
80.2570000000
80.2679500000
80.2791100000
80.2901500000
80.3013500000
80.3126100000
80.3234500000
80.3346500000
80.3456800000
80.3575200000
80.3681500000
80.3790200000
80.3901900000
80.4012100000
80.4122500000
80.4234500000
80.4345100000
80.4456100000
80.4571100000
80.4679900000
80.4797100000
80.4910400000
80.5022400000
80.5132200000
80.5238300000
80.5346500000
80.5456200000
80.5567500000
80.5678100000
80.5791000000
80.5902400000
80.6012000000
80.6125800000
80.6233800000
80.6346400000
80.6455900000
80.6570100000
80.6678600000
80.6791500000
80.6901200000
80.7010300000
80.7121600000
80.7232600000
80.7343400000
80.7455100000
80.7568400000
80.7678000000
80.7788100000
80.7899800000
80.8015100000
80.8120800000
80.8231700000
80.8345600000
80.8457300000
80.8570300000
80.8677700000
80.8788100000
80.8899200000
80.9009600000
80.9121800000
80.9241900000
80.9349100000
80.9459400000
80.9567700000
80.9675400000
80.9786900000
80.9907500000
81.0018500000
81.0127900000
81.0240400000
81.0353500000
81.0461200000
81.0574600000
81.0680500000
81.0791900000
81.0900600000
81.1008900000
81.1120200000
81.1231400000
81.1342700000
81.1452300000
81.1566000000
81.1674700000
81.1787500000
81.1899600000
81.2009700000
81.2121000000
81.2233800000
81.2343400000
81.2453800000
81.2567100000
81.2679600000
81.2788800000
81.2906400000
81.3019300000
81.3127900000
81.3237400000
81.3344000000
81.3453800000
81.3568000000
81.3678200000
81.3788800000
81.3898600000
81.4007200000
81.4120300000
81.4228800000
81.4339900000
81.4451100000
81.4565000000
81.4674200000
81.4785500000
81.4895700000
81.5006300000
81.5118000000
81.5228300000
81.5340200000
81.5452300000
81.5564300000
81.5673300000
81.5785700000
81.5895800000
81.6005800000
81.6116900000
81.6229200000
81.6340900000
81.6450400000
81.6566100000
81.6674800000
81.6786700000
81.6899300000
81.7017300000
81.7131800000
81.7240600000
81.7352200000
81.7460300000
81.7573100000
81.7691700000
81.7806300000
81.7917300000
81.8026500000
81.8137200000
81.8245200000
81.8355500000
81.8467500000
81.8574400000
81.8689000000
81.8797800000
81.8905700000
81.9012500000
81.9122500000
81.9233600000
81.9343200000
81.9447600000
81.9556500000
81.9664200000
81.9785200000
81.9900600000
82.0009600000
82.0128900000
82.0237200000
82.0342900000
82.0453000000
82.0565200000
82.0679000000
82.0787500000
82.0899100000
82.1007000000
82.1117000000
82.1226200000
82.1332900000
82.1441800000
82.1553700000
82.1664700000
82.1776700000
82.1884200000
82.1994900000
82.2094300000
82.2208600000
82.2321000000
82.2432200000
82.2541400000
82.2654400000
82.2764500000
82.2875900000
82.2984500000
82.3089900000
82.3202000000
82.3310400000
82.3422600000
82.3530300000
82.3641700000
82.3752000000
82.3864900000
82.3980600000
82.4091300000
82.4205200000
82.4320400000
82.4428200000
82.4541100000
82.4662700000
82.4770100000
82.4885600000
82.5000300000
82.5109700000
82.5221800000
82.5330900000
82.5440900000
82.5557600000
82.5683500000
82.5793200000
82.5902700000
82.6010700000
82.6121500000
82.6231000000
82.6342200000
82.6453100000
82.6564100000
82.6676300000
82.6783000000
82.6893100000
82.6999700000
82.7116900000
82.7227700000
82.7345200000
82.7458100000
82.7566100000
82.7680500000
82.7797200000
82.7909200000
82.8017100000
82.8126600000
82.8236200000
82.8346100000
82.8460000000
82.8569200000
82.8683300000
82.8792100000
82.8910200000
82.9028600000
82.9141400000
82.9252900000
82.9365200000
82.9472300000
82.9579500000
82.9692200000
82.9810300000
82.9926400000
83.0038500000
83.0153700000
83.0264400000
83.0374000000
83.0483200000
83.0596200000
83.0709300000
83.0826800000
83.0939500000
83.1049400000
83.1160200000
83.1269300000
83.1385800000
83.1500900000
83.1622500000
83.1738800000
83.1852200000
83.1965900000
83.2076100000
83.2185200000
83.2298200000
83.2409100000
83.2517300000
83.2629900000
83.2749100000
83.2863200000
83.2981900000
83.3089700000
83.3206900000
83.3314700000
83.3425100000
83.3536800000
83.3654600000
83.3773200000
83.3882400000
83.3991500000
83.4101600000
83.4210800000
83.4321900000
83.4429200000
83.4542300000
83.4650700000
83.4762600000
83.4874200000
83.4992200000
83.5104200000
83.5217400000
83.5327300000
83.5439700000
83.5556000000
83.5673400000
83.5792500000
83.5912400000
83.6028500000
83.6143300000
83.6251200000
83.6361200000
83.6464400000
83.6574800000
83.6682800000
83.6793300000
83.6901300000
83.7014100000
83.7131800000
83.7240600000
83.7354000000
83.7473800000
83.7590900000
83.7705100000
83.7814700000
83.7926000000
83.8035400000
83.8152800000
83.8262700000
83.8371800000
83.8480900000
83.8592000000
83.8700600000
83.8816800000
83.8936000000
83.9044900000
83.9149800000
83.9258800000
83.9369400000
83.9479400000
83.9593000000
83.9707000000
83.9823000000
83.9940900000
84.0052100000
84.0167200000
84.0277900000
84.0396200000
84.0507700000
84.0627700000
84.0746200000
84.0860700000
84.0978800000
84.1086000000
84.1204100000
84.1315800000
84.1424300000
84.1534200000
84.1646400000
84.1765400000
84.1873600000
84.1983300000
84.2094500000
84.2211500000
84.2331500000
84.2449700000
84.2569400000
84.2680700000
84.2798100000
84.2907900000
84.3023700000
84.3142500000
84.3255500000
84.3367900000
84.3486500000
84.3593200000
84.3706400000
84.3823500000
84.3933500000
84.4043100000
84.4159800000
84.4268400000
84.4378700000
84.4496700000
84.4607400000
84.4727600000
84.4837900000
84.4956500000
84.5066000000
84.5180400000
84.5296900000
84.5413800000
84.5523900000
84.5642200000
84.5758300000
84.5875500000
84.5995300000
84.6117900000
84.6236600000
84.6349900000
84.6460500000
84.6574000000
84.6687200000
84.6804200000
84.6924600000
84.7033600000
84.7151100000
84.7263600000
84.7383800000
84.7493100000
84.7611800000
84.7730000000
84.7844100000
84.7958200000
84.8080700000
84.8196300000
84.8308400000
84.8425700000
84.8545800000
84.8665600000
84.8785900000
84.8904600000
84.9026800000
84.9145400000
84.9264100000
84.9384800000
84.9495200000
84.9614800000
84.9737500000
84.9853700000
84.9970500000
85.0080600000
85.0200200000
85.0320100000
85.0431400000
85.0550000000
85.0667600000
85.0785800000
85.0901300000
85.1021500000
85.1141400000
85.1252600000
85.1375000000
85.1492500000
85.1611900000
85.1734500000
85.1847300000
85.1962100000
85.2070900000
85.2197400000
85.2312200000
85.2427600000
85.2548300000
85.2668800000
85.2787700000
85.2910000000
85.3024000000
85.3143200000
85.3251500000
85.3371400000
85.3483800000
85.3604400000
85.3725800000
85.3847600000
85.3961800000
85.4077500000
85.4198200000
85.4312600000
85.4432000000
85.4551800000
85.4665300000
85.4784000000
85.4901800000
85.5023700000
85.5142400000
85.5260600000
85.5380500000
85.5491700000
85.5611500000
85.5732600000
85.5850700000
85.5971900000
85.6086200000
85.6208500000
85.6326100000
85.6435400000
85.6555900000
85.6673700000
85.6788500000
85.6904800000
85.7016200000
85.7129600000
85.7252700000
85.7365000000
85.7487000000
85.7592800000
85.7715800000
85.7837800000
85.7954400000
85.8072700000
85.8193700000
85.8308900000
85.8428900000
85.8550300000
85.8665200000
85.8784900000
85.8904500000
85.9026000000
85.9142800000
85.9252300000
85.9373900000
85.9493300000
85.9613100000
85.9745500000
85.9864600000
85.9984500000
86.0103100000
86.0222600000
86.0343800000
86.0460400000
86.0580900000
86.0705900000
86.0821500000
86.0942700000
86.1060300000
86.1172800000
86.1294900000
86.1410300000
86.1527000000
86.1648000000
86.1765100000
86.1886700000
86.2004000000
86.2119900000
86.2241100000
86.2362700000
86.2479500000
86.2597200000
86.2716800000
86.2835200000
86.2956800000
86.3070200000
86.3192100000
86.3308200000
86.3428500000
86.3544700000
86.3667100000
86.3777600000
86.3898900000
86.4018200000
86.4133400000
86.4260400000
86.4377700000
86.4495400000
86.4615600000
86.4739200000
86.4854500000
86.4975100000
86.5095700000
86.5212300000
86.5329400000
86.5448500000
86.5568000000
86.5691000000
86.5804800000
86.5916400000
86.6041300000
86.6155100000
86.6276000000
86.6396700000
86.6516400000
86.6636000000
86.6759700000
86.6878800000
86.7000000000
86.7119300000
86.7237300000
86.7357900000
86.7478400000
86.7598400000
86.7721900000
86.7840400000
86.7960100000
86.8081900000
86.8198200000
86.8318900000
86.8433000000
86.8556100000
86.8673800000
86.8795900000
86.8915900000
86.9035000000
86.9153200000
86.9274800000
86.9389300000
86.9507100000
86.9629200000
86.9750400000
86.9869200000
86.9987700000
87.0107700000
87.0225500000
87.0348400000
87.0467100000
87.0587500000
87.0711600000
87.0831000000
87.0951400000
87.1070300000
87.1180600000
87.1299200000
87.1421200000
87.1540000000
87.1657300000
87.1776000000
87.1893400000
87.2012700000
87.2130000000
87.2252100000
87.2373000000
87.2492600000
87.2614400000
87.2739300000
87.2857000000
87.2975100000
87.3095900000
87.3214000000
87.3333700000
87.3455000000
87.3575400000
87.3698700000
87.3815700000
87.3932300000
87.4050800000
87.4172400000
87.4290100000
87.4409300000
87.4531600000
87.4649600000
87.4769100000
87.4889500000
87.5011100000
87.5128900000
87.5249000000
87.5369600000
87.5490900000
87.5609900000
87.5731400000
87.5849300000
87.5969700000
87.6092500000
87.6210500000
87.6331000000
87.6450200000
87.6565500000
87.6689700000
87.6811400000
87.6929900000
87.7050500000
87.7171200000
87.7289500000
87.7409800000
87.7529100000
87.7646200000
87.7766400000
87.7880900000
87.8001500000
87.8120700000
87.8245700000
87.8366100000
87.8484500000
87.8610100000
87.8730900000
87.8840600000
87.8964700000
87.9085800000
87.9207200000
87.9330000000
87.9451400000
87.9570000000
87.9694000000
87.9817400000
87.9935800000
88.0055200000
88.0174400000
88.0293400000
88.0416000000
88.0533100000
88.0653100000
88.0775500000
88.0894500000
88.1015000000
88.1130100000
88.1246700000
88.1367700000
88.1492500000
88.1613500000
88.1736200000
88.1860500000
88.1985200000
88.2104900000
88.2222900000
88.2346800000
88.2462900000
88.2579700000
88.2699200000
88.2819300000
88.2937300000
88.3056800000
88.3177400000
88.3292300000
88.3411500000
88.3531000000
88.3650700000
88.3777500000
88.3896100000
88.4020500000
88.4138300000
88.4257700000
88.4383200000
88.4503300000
88.4628600000
88.4753100000
88.4877300000
88.5002700000
88.5123700000
88.5243700000
88.5362500000
88.5482800000
88.5597300000
88.5721700000
88.5850900000
88.5977800000
88.6095500000
88.6212100000
88.6399800000
88.6549800000
88.6704300000
88.6866800000
88.7025000000
88.7184100000
88.7339600000
88.7494000000
88.7659500000
88.7814800000
88.7966600000
88.8122300000
88.8275400000
88.8424900000
88.8585300000
88.8751500000
88.8907800000
88.9287500000
88.9456500000
88.9605500000
88.9760400000
88.9888800000
89.0011400000
89.0129500000
89.0247700000
89.0370000000
89.0497000000
89.0620400000
89.0741400000
89.0860400000
89.0981000000
89.1103500000
89.1232400000
89.1356200000
89.1476100000
89.1597300000
89.1725900000
89.1858400000
89.1976000000
89.2100400000
89.2233300000
89.2361100000
89.2483400000
89.2603500000
89.2726400000
89.2846100000
89.2975400000
89.3094500000
89.3214000000
89.3335200000
89.3461300000
89.3583600000
89.3711600000
89.3836400000
89.3957400000
89.4082000000
89.4201200000
89.4320900000
89.4450400000
89.4577000000
89.4690900000
89.4813700000
89.4943200000
89.5064800000
89.5183900000
89.5298400000
89.5418300000
89.5537800000
89.5657000000
89.5782300000
89.5907300000
89.6035800000
89.6154300000
89.6277400000
89.6397800000
89.6518600000
89.6636400000
89.6759600000
89.6876400000
89.6997100000
89.7116200000
89.7239200000
89.7363800000
89.7480600000
89.7601000000
89.7719500000
89.7842300000
89.7972200000
89.8100500000
89.8230000000
89.8359900000
89.8477600000
89.8596600000
89.8723400000
89.8846900000
89.8975500000
89.9104000000
89.9229000000
89.9356500000
89.9479300000
89.9605700000
89.9730800000
89.9856900000
89.9981400000
90.0105600000
90.0234600000
90.0363800000
90.0481800000
90.0606600000
90.0728100000
90.0851400000
90.0970900000
90.1091900000
90.1211300000
90.1332900000
90.1452500000
90.1571800000
90.1691400000
90.1814500000
90.1941000000
90.2060300000
90.2179900000
90.2299700000
90.2422600000
90.2550700000
90.2680700000
90.2809700000
90.2934700000
90.3053800000
90.3184400000
90.3308600000
90.3436900000
90.3552200000
90.3671000000
90.3794600000
90.3924300000
90.4052000000
90.4181400000
90.4307100000
90.4433400000
90.4553900000
90.4675000000
90.4807900000
90.4929700000
90.5048200000
90.5174900000
90.5295000000
90.5423000000
90.5542200000
90.5663500000
90.5788300000
90.5910100000
90.6034900000
90.6159800000
90.6277700000
90.6398800000
90.6518100000
90.6636700000
90.6756500000
90.6883200000
90.7002900000
90.7129900000
90.7250100000
90.7370700000
90.7490600000
90.7611100000
90.7740600000
90.7866700000
90.7994800000
90.8120700000
90.8243400000
90.8363600000
90.8492400000
90.8615400000
90.8734400000
90.8856400000
90.8986700000
90.9120900000
90.9246900000
90.9371900000
90.9499800000
90.9630800000
90.9758900000
90.9884200000
91.0007200000
91.0135300000
91.0259600000
91.0389500000
91.0519700000
91.0645700000
91.0775400000
91.0907100000
91.1030400000
91.1153500000
91.1272700000
91.1393300000
91.1513700000
91.1641800000
91.1764800000
91.1893200000
91.2023100000
91.2154500000
91.2283300000
91.2412300000
91.2536700000
91.2657400000
91.2788900000
91.2922000000
91.3046400000
91.3167600000
91.3292800000
91.3420100000
91.3544500000
91.3665500000
91.3795800000
91.3924600000
91.4044200000
91.4168300000
91.4298600000
91.4398300000
91.4495800000
91.4596100000
91.4695500000
91.4797700000
91.4905200000
91.5016300000
91.5128100000
91.5241200000
91.5353200000
91.5460700000
91.5572600000
91.5683100000
91.5795300000
91.5904900000
91.6016200000
91.6127300000
91.6238800000
91.6350100000
91.6462900000
91.6572300000
91.6682600000
91.6798600000
91.6904300000
91.7015100000
91.7126400000
91.7239000000
91.7348300000
91.7459600000
91.7572300000
91.7682100000
91.7797400000
91.7904400000
91.8015900000
91.8125900000
91.8239300000
91.8354500000
91.8468800000
91.8584400000
91.8696700000
91.8811800000
91.8926500000
91.9040100000
91.9154000000
91.9268300000
91.9383600000
91.9497000000
91.9613300000
91.9728400000
91.9839100000
91.9954000000
92.0064500000
92.0176200000
92.0288300000
92.0397500000
92.0509500000
92.0624200000
92.0730700000
92.0842000000
92.0953700000
92.1065200000
92.1175500000
92.1287600000
92.1397200000
92.1509300000
92.1621000000
92.1732800000
92.1848800000
92.1952700000
92.2063900000
92.2175700000
92.2288700000
92.2397500000
92.2507900000
92.2618600000
92.2730300000
92.2843200000
92.2952700000
92.3064000000
92.3173900000
92.3285500000
92.3395900000
92.3508200000
92.3618900000
92.3729600000
92.3841200000
92.3954800000
92.4062900000
92.4174700000
92.4284900000
92.4395800000
92.4506900000
92.4620400000
92.4729000000
92.4840500000
92.4958600000
92.5063200000
92.5172900000
92.5285000000
92.5395300000
92.5506500000
92.5618300000
92.5728700000
92.5840500000
92.5950700000
92.6062500000
92.6175200000
92.6284600000
92.6394400000
92.6505700000
92.6618700000
92.6728100000
92.6838800000
92.6951500000
92.7064700000
92.7172300000
92.7285200000
92.7394700000
92.7505600000
92.7619300000
92.7728600000
92.7838700000
92.7950100000
92.8060900000
92.8171900000
92.8285100000
92.8394900000
92.8505000000
92.8616600000
92.8726700000
92.8837800000
92.8948900000
92.9060900000
92.9171100000
92.9285400000
92.9393400000
92.9505600000
92.9616000000
92.9728700000
92.9838900000
92.9950800000
93.0059400000
93.0171100000
93.0281800000
93.0392900000
93.0504800000
93.0617300000
93.0725600000
93.0837900000
93.0948600000
93.1059300000
93.1170300000
93.1282200000
93.1392200000
93.1503800000
93.1616900000
93.1727200000
93.1837100000
93.1948200000
93.2058600000
93.2171200000
93.2286100000
93.2393100000
93.2502700000
93.2614000000
93.2725100000
93.2837700000
93.2948800000
93.3067200000
93.3169000000
93.3281300000
93.3391500000
93.3504100000
93.3614000000
93.3725700000
93.3837500000
93.3950000000
93.4059400000
93.4170600000
93.4279800000
93.4391200000
93.4501500000
93.4614900000
93.4723700000
93.4835100000
93.4945800000
93.5060100000
93.5169900000
93.5281500000
93.5390300000
93.5502700000
93.5612800000
93.5723700000
93.5836000000
93.5945600000
93.6057200000
93.6169100000
93.6280400000
93.6389700000
93.6500800000
93.6611300000
93.6723400000
93.6836100000
93.6946200000
93.7057600000
93.7167400000
93.7280000000
93.7389400000
93.7502100000
93.7612500000
93.7722900000
93.7835200000
93.7946400000
93.8055300000
93.8166700000
93.8279100000
93.8398500000
93.8499800000
93.8611700000
93.8721700000
93.8836100000
93.8943900000
93.9054800000
93.9166200000
93.9278000000
93.9388400000
93.9501000000
93.9611100000
93.9725600000
93.9836900000
93.9944500000
94.0054800000
94.0166900000
94.0277600000
94.0388200000
94.0499200000
94.0615400000
94.0722400000
94.0835200000
94.0942800000
94.1055800000
94.1165500000
94.1276200000
94.1387000000
94.1498500000
94.1609800000
94.1722800000
94.1834000000
94.1942500000
94.2055100000
94.2164900000
94.2278700000
94.2387200000
94.2499200000
94.2609900000
94.2720300000
94.2834500000
94.2942900000
94.3054100000
94.3168300000
94.3276100000
94.3386000000
94.3496900000
94.3608700000
94.3719200000
94.3834100000
94.3944100000
94.4052400000
94.4165900000
94.4276900000
94.4386100000
94.4497100000
94.4608500000
94.4718600000
94.4833800000
94.4941200000
94.5053600000
94.5163200000
94.5273700000
94.5388200000
94.5496800000
94.5607000000
94.5727400000
94.5830900000
94.5942500000
94.6051900000
94.6164000000
94.6273700000
94.6387900000
94.6495400000
94.6608900000
94.6718100000
94.6830600000
94.6939800000
94.7050900000
94.7162500000
94.7274900000
94.7384800000
94.7495000000
94.7606400000
94.7718400000
94.7828900000
94.7942700000
94.8050500000
94.8162500000
94.8275100000
94.8384900000
94.8496600000
94.8605400000
94.8718900000
94.8828300000
94.8939100000
94.9052800000
94.9160900000
94.9273900000
94.9384800000
94.9497100000
94.9605300000
94.9716300000
94.9828700000
94.9938500000
95.0054800000
95.0162100000
95.0272600000
95.0384000000
95.0493800000
95.0606500000
95.0717600000
95.0827800000
95.0938700000
95.1050300000
95.1160300000
95.1277600000
95.1382000000
95.1493100000
95.1606900000
95.1718500000
95.1826700000
95.1937600000
95.2049100000
95.2160600000
95.2271400000
95.2382100000
95.2494400000
95.2606500000
95.2715600000
95.2827200000
95.2937100000
95.3048600000
95.3160000000
95.3273000000
95.3382000000
95.3492600000
95.3604000000
95.3714200000
95.3825800000
95.3940700000
95.4047800000
95.4160600000
95.4270400000
95.4380600000
95.4492100000
95.4603700000
95.4714000000
95.4825100000
95.4937600000
95.5049400000
95.5158600000
95.5271000000
95.5380100000
95.5494700000
95.5603400000
95.5715900000
95.5824700000
95.5940100000
95.6047700000
95.6158800000
95.6270700000
95.6379900000
95.6491200000
95.6603300000
95.6712800000
95.6824000000
95.6937300000
95.7045800000
95.7156900000
95.7279800000
95.7379200000
95.7490600000
95.7604700000
95.7713700000
95.7823400000
95.7935800000
95.8045300000
95.8156500000
95.8270000000
95.8380100000
95.8489700000
95.8600900000
95.8713300000
95.8825200000
95.8934300000
95.9047200000
95.9155700000
95.9268400000
95.9378300000
95.9490800000
95.9601900000
95.9713600000
95.9827700000
95.9933700000
96.0045900000
96.0155400000
96.0267000000
96.0381100000
96.0491000000
96.0600100000
96.0711400000
96.0821900000
96.0932700000
96.1044600000
96.1154900000
96.1267900000
96.1377500000
96.1488100000
96.1602900000
96.1710000000
96.1821300000
96.1937000000
96.2045400000
96.2154600000
96.2265900000
96.2377300000
96.2487900000
96.2601000000
96.2712200000
96.2820700000
96.2932600000
96.3049400000
96.3153700000
96.3268700000
96.3376200000
96.3488500000
96.3598800000
96.3709800000
96.3822300000
96.3932100000
96.4044400000
96.4153400000
96.4265500000
96.4398300000
96.4524800000
96.4653500000
96.4779200000
96.4911000000
96.5040700000
96.5167000000
96.5287600000
96.5416700000
96.5547300000
96.5676700000
96.5806300000
96.5932400000
96.6061900000
96.6187700000
96.6317400000
96.6446600000
96.6578000000
96.6701600000
96.6831900000
96.6966300000
96.7089400000
96.7210100000
96.7341900000
96.7471200000
96.7601400000
96.7733500000
96.7864500000
96.7996700000
96.8115400000
96.8243600000
96.8374200000
96.8505900000
96.8629700000
96.8760000000
96.8897300000
96.9021500000
96.9146400000
96.9273400000
96.9403100000
96.9537200000
96.9666000000
96.9799400000
96.9925300000
97.0051900000
97.0179700000
97.0307700000
97.0442000000
97.0569600000
97.0700700000
97.0826500000
97.0957300000
97.1083100000
97.1219900000
97.1343800000
97.1467100000
97.1600400000
97.1725700000
97.1848800000
97.1982500000
97.2119800000
97.2242800000
97.2376500000
97.2501900000
97.2630500000
97.2759700000
97.2889800000
97.3014100000
97.3143200000
97.3268200000
97.3401300000
97.3528200000
97.3657800000
97.3783900000
97.3913700000
97.4047900000
97.4182500000
97.4306900000
97.4432200000
97.4561800000
97.4691500000
97.4819300000
97.4951000000
97.5075400000
97.5199700000
97.5326500000
97.5456100000
97.5578900000
97.5711700000
97.5845800000
97.5979900000
97.6107200000
97.6238100000
97.6367300000
97.6495500000
97.6625700000
97.6754600000
97.6887900000
97.7017400000
97.7148000000
97.7276800000
97.7406500000
97.7535900000
97.7665600000
97.7794900000
97.7924900000
97.8054300000
97.8183600000
97.8316800000
97.8445600000
97.8571600000
97.8696000000
97.8819200000
97.8952700000
97.9079500000
97.9206500000
97.9337700000
97.9470800000
97.9601300000
97.9736700000
97.9866000000
97.9998200000
98.0123500000
98.0256300000
98.0390800000
98.0519500000
98.0647600000
98.0777000000
98.0910300000
98.1039700000
98.1172500000
98.1307300000
98.1443500000
98.1569400000
98.1705300000
98.1831700000
98.1965100000
98.2090300000
98.2219500000
98.2351100000
98.2483100000
98.2619300000
98.2751600000
98.2879300000
98.3011200000
98.3147100000
98.3277000000
98.3415200000
98.3554500000
98.3685600000
98.3816700000
98.3946500000
98.4076500000
98.4205300000
98.4338500000
98.4466600000
98.4597700000
98.4727600000
98.4865600000
98.4998600000
98.5128100000
98.5258300000
98.5392800000
98.5528000000
98.5656000000
98.5785400000
98.5914500000
98.6045500000
98.6181200000
98.6311100000
98.6449000000
98.6582500000
98.6714600000
98.6844800000
98.6977800000
98.7099800000
98.7237500000
98.7366500000
98.7494100000
98.7626300000
98.7759200000
98.7885300000
98.8017700000
98.8155800000
98.8285800000
98.8414800000
98.8545000000
98.8678200000
98.8807800000
98.8932500000
98.9062800000
98.9193000000
98.9325900000
98.9458500000
98.9585300000
98.9716100000
98.9855900000
98.9996300000
99.0133300000
99.0263900000
99.0391500000
99.0525100000
99.0656100000
99.0788300000
99.0918400000
99.1061400000
99.1202500000
99.1341900000
99.1471500000
99.1614300000
99.1752200000
99.1890200000
99.2023500000
99.2159200000
99.2287200000
99.2418200000
99.2556800000
99.2691200000
99.2826000000
99.2966100000
99.3096000000
99.3236500000
99.3375900000
99.3508800000
99.3640800000
99.3781400000
99.3913900000
99.4057100000
99.4188800000
99.4318500000
99.4453400000
99.4588700000
99.4725000000
99.4860300000
99.4999200000
99.5127100000
99.5258700000
99.5399200000
99.5532800000
99.5673200000
99.5811300000
99.5944200000
99.6077700000
99.6216700000
99.6360400000
99.6492000000
99.6630900000
99.6759800000
99.6885700000
99.7018100000
99.7151400000
99.7289000000
99.7429900000
99.7567100000
99.7697800000
99.7836500000
99.7973400000
99.8115800000
99.8257500000
99.8393800000
99.8534300000
99.8684500000
99.8840700000
99.9004300000
99.9163500000
99.9321700000
99.9465400000
99.9604200000
99.9750100000
99.9886600000
100.0029000000
100.0160000000
100.0297000000
100.0437000000
100.0571000000
100.0707000000
100.0850000000
100.0987000000
100.1129000000
100.1269000000
100.1411000000
100.1553000000
100.1694000000
100.1831000000
100.1973000000
100.2113000000
100.2247000000
100.2389000000
100.2529000000
100.2664000000
100.2803000000
100.2944000000
100.3082000000
100.3215000000
100.3355000000
100.3492000000
100.3629000000
100.3769000000
100.3907000000
100.4049000000
100.4188000000
100.4322000000
100.4459000000
100.4592000000
100.4734000000
100.4875000000
100.5013000000
100.5150000000
100.5286000000
100.5422000000
100.5563000000
100.5706000000
100.5844000000
100.5976000000
100.6120000000
100.6256000000
100.6394000000
100.6536000000
100.6674000000
100.6812000000
100.6950000000
100.7096000000
100.7236000000
100.7375000000
100.7513000000
100.7652000000
100.7790000000
100.7933000000
100.8076000000
100.8213000000
100.8353000000
100.8492000000
100.8628000000
100.8772000000
100.8907000000
100.9054000000
100.9191000000
100.9329000000
100.9463000000
100.9607000000
100.9742000000
100.9882000000
101.0017000000
101.0152000000
101.0284000000
101.0421000000
101.0566000000
101.0702000000
101.0839000000
101.0973000000
101.1117000000
101.1254000000
101.1391000000
101.1526000000
101.1674000000
101.1815000000
101.1953000000
101.2094000000
101.2233000000
101.2373000000
101.2508000000
101.2652000000
101.2795000000
101.2934000000
101.3079000000
101.3223000000
101.3362000000
101.3490000000
101.3628000000
101.3769000000
101.3903000000
101.4049000000
101.4194000000
101.4334000000
101.4469000000
101.4609000000
101.4754000000
101.4900000000
101.5044000000
101.5192000000
101.5337000000
101.5480000000
101.5620000000
101.5759000000
101.5896000000
101.6036000000
101.6177000000
101.6314000000
101.6451000000
101.6586000000
101.6724000000
101.6866000000
101.7004000000
101.7147000000
101.7283000000
101.7432000000
101.7570000000
101.7709000000
101.7850000000
101.7991000000
101.8135000000
101.8278000000
101.8415000000
101.8562000000
101.8700000000
101.8840000000
101.8982000000
101.9121000000
101.9259000000
101.9397000000
101.9545000000
101.9691000000
101.9828000000
101.9973000000
102.0115000000
102.0252000000
102.0393000000
102.0533000000
102.0672000000
102.0812000000
102.0947000000
102.1085000000
102.1233000000
102.1377000000
102.1517000000
102.1662000000
102.1807000000
102.1956000000
102.2105000000
102.2250000000
102.2391000000
102.2530000000
102.2671000000
102.2812000000
102.2958000000
102.3103000000
102.3248000000
102.3387000000
102.3525000000
102.3660000000
102.3805000000
102.3946000000
102.4096000000
102.4239000000
102.4388000000
102.4535000000
102.4677000000
102.4818000000
102.4959000000
102.5101000000
102.5250000000
102.5391000000
102.5535000000
102.5682000000
102.5810000000
102.5949000000
102.6091000000
102.6231000000
102.6378000000
102.6517000000
102.6662000000
102.6801000000
102.6947000000
102.7094000000
102.7239000000
102.7380000000
102.7522000000
102.7669000000
102.7810000000
102.7948000000
102.8087000000
102.8227000000
102.8372000000
102.8518000000
102.8668000000
102.8809000000
102.8955000000
102.9098000000
102.9236000000
102.9379000000
102.9517000000
102.9657000000
102.9807000000
102.9954000000
103.0107000000
103.0248000000
103.0384000000
103.0525000000
103.0662000000
103.0804000000
103.0950000000
103.1092000000
103.1231000000
103.1370000000
103.1517000000
103.1665000000
103.1810000000
103.1948000000
103.2092000000
103.2243000000
103.2395000000
103.2542000000
103.2687000000
103.2840000000
103.2985000000
103.3127000000
103.3275000000
103.3413000000
103.3560000000
103.3701000000
103.3839000000
103.3982000000
103.4123000000
103.4273000000
103.4420000000
103.4563000000
103.4706000000
103.4852000000
103.4992000000
103.5132000000
103.5282000000
103.5430000000
103.5563000000
103.5709000000
103.5851000000
103.5995000000
103.6135000000
103.6283000000
103.6423000000
103.6565000000
103.6706000000
103.6849000000
103.6989000000
103.7130000000
103.7278000000
103.7426000000
103.7575000000
103.7710000000
103.7868000000
103.8008000000
103.8151000000
103.8297000000
103.8439000000
103.8582000000
103.8722000000
103.8861000000
103.9003000000
103.9147000000
103.9286000000
103.9425000000
103.9565000000
103.9708000000
103.9849000000
103.9999000000
104.0148000000
104.0292000000
104.0434000000
104.0573000000
104.0713000000
104.0858000000
104.0998000000
104.1143000000
104.1286000000
104.1430000000
104.1572000000
104.1716000000
104.1861000000
104.2003000000
104.2155000000
104.2295000000
104.2449000000
104.2603000000
104.2749000000
104.2903000000
104.3046000000
104.3196000000
104.3343000000
104.3479000000
104.3624000000
104.3772000000
104.3912000000
104.4062000000
104.4206000000
104.4362000000
104.4498000000
104.4643000000
104.4787000000
104.4931000000
104.5079000000
104.5224000000
104.5372000000
104.5514000000
104.5663000000
104.5802000000
104.5944000000
104.6081000000
104.6229000000
104.6380000000
104.6524000000
104.6673000000
104.6820000000
104.6971000000
104.7115000000
104.7266000000
104.7414000000
104.7554000000
104.7692000000
104.7832000000
104.7975000000
104.8113000000
104.8267000000
104.8409000000
104.8554000000
104.8701000000
104.8841000000
104.8991000000
104.9140000000
104.9281000000
104.9431000000
104.9582000000
104.9729000000
104.9883000000
105.0029000000
105.0173000000
105.0322000000
105.0472000000
105.0614000000
105.0758000000
105.0900000000
105.1048000000
105.1197000000
105.1341000000
105.1484000000
105.1631000000
105.1772000000
105.1914000000
105.2065000000
105.2212000000
105.2356000000
105.2506000000
105.2664000000
105.2823000000
105.2978000000
105.3120000000
105.3266000000
105.3411000000
105.3556000000
105.3703000000
105.3879000000
105.4026000000
105.4180000000
105.4321000000
105.4474000000
105.4620000000
105.4763000000
105.4902000000
105.5053000000
105.5198000000
105.5343000000
105.5494000000
105.5644000000
105.5794000000
105.5941000000
105.6085000000
105.6226000000
105.6364000000
105.6512000000
105.6662000000
105.6813000000
105.6959000000
105.7103000000
105.7254000000
105.7402000000
105.7546000000
105.7688000000
105.7835000000
105.7984000000
105.8129000000
105.8280000000
105.8427000000
105.8579000000
105.8720000000
105.8864000000
105.9003000000
105.9154000000
105.9301000000
105.9452000000
105.9594000000
105.9739000000
105.9890000000
106.0037000000
106.0185000000
106.0331000000
106.0480000000
106.0624000000
106.0775000000
106.0913000000
106.1063000000
106.1218000000
106.1369000000
106.1510000000
106.1656000000
106.1805000000
106.1955000000
106.2099000000
106.2253000000
106.2403000000
106.2551000000
106.2689000000
106.2836000000
106.2989000000
106.3138000000
106.3287000000
106.3443000000
106.3590000000
106.3738000000
106.3889000000
106.4046000000
106.4196000000
106.4341000000
106.4488000000
106.4639000000
106.4788000000
106.4930000000
106.5077000000
106.5223000000
106.5363000000
106.5511000000
106.5660000000
106.5807000000
106.5957000000
106.6097000000
106.6246000000
106.6390000000
106.6538000000
106.6694000000
106.6839000000
106.6988000000
106.7138000000
106.7279000000
106.7431000000
106.7578000000
106.7724000000
106.7883000000
106.8028000000
106.8176000000
106.8320000000
106.8471000000
106.8621000000
106.8768000000
106.8919000000
106.9064000000
106.9216000000
106.9367000000
106.9510000000
106.9661000000
106.9821000000
106.9965000000
107.0115000000
107.0267000000
107.0421000000
107.0568000000
107.0714000000
107.0860000000
107.1009000000
107.1159000000
107.1312000000
107.1463000000
107.1608000000
107.1761000000
107.1913000000
107.2064000000
107.2213000000
107.2366000000
107.2518000000
107.2667000000
107.2818000000
107.2966000000
107.3112000000
107.3267000000
107.3414000000
107.3564000000
107.3715000000
107.3874000000
107.4025000000
107.4177000000
107.4322000000
107.4466000000
107.4617000000
107.4770000000
107.4921000000
107.5069000000
107.5223000000
107.5371000000
107.5519000000
107.5663000000
107.5816000000
107.5965000000
107.6106000000
107.6254000000
107.6401000000
107.6549000000
107.6695000000
107.6848000000
107.6995000000
107.7137000000
107.7291000000
107.7435000000
107.7587000000
107.7736000000
107.7887000000
107.8033000000
107.8182000000
107.8328000000
107.8483000000
107.8632000000
107.8781000000
107.8933000000
107.9080000000
107.9230000000
107.9379000000
107.9525000000
107.9677000000
107.9826000000
107.9971000000
108.0125000000
108.0271000000
108.0416000000
108.0566000000
108.0718000000
108.0868000000
108.1017000000
108.1167000000
108.1347000000
108.1497000000
108.1650000000
108.1798000000
108.1946000000
108.2096000000
108.2248000000
108.2403000000
108.2550000000
108.2698000000
108.2845000000
108.2989000000
108.3139000000
108.3294000000
108.3446000000
108.3600000000
108.3757000000
108.3907000000
108.4060000000
108.4206000000
108.4358000000
108.4510000000
108.4660000000
108.4809000000
108.4959000000
108.5111000000
108.5260000000
108.5408000000
108.5562000000
108.5714000000
108.5859000000
108.6004000000
108.6155000000
108.6303000000
108.6460000000
108.6606000000
108.6766000000
108.6919000000
108.7068000000
108.7220000000
108.7370000000
108.7518000000
108.7666000000
108.7815000000
108.7962000000
108.8110000000
108.8264000000
108.8418000000
108.8569000000
108.8716000000
108.8866000000
108.9021000000
108.9174000000
108.9324000000
108.9480000000
108.9629000000
108.9780000000
108.9935000000
109.0087000000
109.0239000000
109.0394000000
109.0547000000
109.0692000000
109.0840000000
109.0991000000
109.1135000000
109.1284000000
109.1439000000
109.1588000000
109.1742000000
109.1889000000
109.2041000000
109.2189000000
109.2344000000
109.2488000000
109.2640000000
109.2792000000
109.2944000000
109.3092000000
109.3240000000
109.3389000000
109.3535000000
109.3687000000
109.3838000000
109.3993000000
109.4143000000
109.4293000000
109.4441000000
109.4591000000
109.4744000000
109.4900000000
109.5054000000
109.5203000000
109.5354000000
109.5501000000
109.5653000000
109.5802000000
109.5957000000
109.6105000000
109.6258000000
109.6408000000
109.6558000000
109.6715000000
109.6862000000
109.7013000000
109.7161000000
109.7314000000
109.7470000000
109.7618000000
109.7766000000
109.7915000000
109.8067000000
109.8215000000
109.8372000000
109.8521000000
109.8672000000
109.8820000000
109.8970000000
109.9122000000
109.9271000000
109.9419000000
109.9567000000
109.9717000000
109.9867000000
110.0021000000
110.0168000000
110.0320000000
110.0476000000
110.0628000000
110.0776000000
110.0927000000
110.1077000000
110.1229000000
110.1378000000
110.1528000000
110.1677000000
110.1831000000
110.1978000000
110.2128000000
110.2284000000
110.2435000000
110.2583000000
110.2734000000
110.2884000000
110.3031000000
110.3178000000
110.3333000000
110.3491000000
110.3635000000
110.3783000000
110.3940000000
110.4103000000
110.4257000000
110.4414000000
110.4567000000
110.4719000000
110.4877000000
110.5023000000
110.5172000000
110.5324000000
110.5480000000
110.5636000000
110.5793000000
110.5942000000
110.6093000000
110.6242000000
110.6394000000
110.6544000000
110.6696000000
110.6845000000
110.6998000000
110.7149000000
110.7306000000
110.7455000000
110.7604000000
110.7754000000
110.7899000000
110.8047000000
110.8199000000
110.8347000000
110.8495000000
110.8645000000
110.8794000000
110.8948000000
110.9102000000
110.9250000000
110.9406000000
110.9555000000
110.9706000000
110.9857000000
111.0010000000
111.0166000000
111.0319000000
111.0477000000
111.0624000000
111.0782000000
111.0930000000
111.1083000000
111.1232000000
111.1387000000
111.1538000000
111.1688000000
111.1835000000
111.1982000000
111.2132000000
111.2282000000
111.2438000000
111.2588000000
111.2739000000
111.2900000000
111.3056000000
111.3210000000
111.3368000000
111.3516000000
111.3667000000
111.3817000000
111.3973000000
111.4122000000
111.4275000000
111.4437000000
111.4596000000
111.4750000000
111.4905000000
111.5064000000
111.5221000000
111.5381000000
111.5537000000
111.5695000000
111.5844000000
111.5998000000
111.6149000000
111.6311000000
111.6466000000
111.6623000000
111.6772000000
111.6925000000
111.7082000000
111.7240000000
111.7401000000
111.7552000000
111.7709000000
111.7867000000
111.8022000000
111.8173000000
111.8321000000
111.8481000000
111.8639000000
111.8799000000
111.8949000000
111.9098000000
111.9250000000
111.9404000000
111.9554000000
111.9712000000
111.9868000000
112.0023000000
112.0181000000
112.0332000000
112.0490000000
112.0649000000
112.0793000000
112.0945000000
112.1099000000
112.1248000000
112.1410000000
112.1563000000
112.1714000000
112.1870000000
112.2025000000
112.2183000000
112.2345000000
112.2499000000
112.2657000000
112.2808000000
112.2961000000
112.3117000000
112.3277000000
112.3434000000
112.3591000000
112.3741000000
112.3891000000
112.4042000000
112.4192000000
112.4343000000
112.4499000000
112.4662000000
112.4822000000
112.4975000000
112.5128000000
112.5283000000
112.5438000000
112.5593000000
112.5749000000
112.5902000000
112.6062000000
112.6210000000
112.6365000000
112.6520000000
112.6676000000
112.6824000000
112.6975000000
112.7129000000
112.7278000000
112.7443000000
112.7592000000
112.7745000000
112.7902000000
112.8060000000
112.8214000000
112.8375000000
112.8523000000
112.8684000000
112.8838000000
112.8991000000
112.9135000000
112.9292000000
112.9459000000
112.9613000000
112.9767000000
112.9924000000
113.0090000000
113.0239000000
113.0395000000
113.0554000000
113.0707000000
113.0866000000
113.1024000000
113.1179000000
113.1330000000
113.1485000000
113.1642000000
113.1798000000
113.1957000000
113.2116000000
113.2274000000
113.2441000000
113.2597000000
113.2752000000
113.2912000000
113.3065000000
113.3220000000
113.3378000000
113.3534000000
113.3701000000
113.3853000000
113.4002000000
113.4153000000
113.4303000000
113.4463000000
113.4618000000
113.4774000000
113.4933000000
113.5092000000
113.5257000000
113.5411000000
113.5569000000
113.5722000000
113.5879000000
113.6040000000
113.6199000000
113.6357000000
113.6514000000
113.6668000000
113.6824000000
113.6982000000
113.7131000000
113.7292000000
113.7448000000
113.7597000000
113.7747000000
113.7908000000
113.8064000000
113.8222000000
113.8388000000
113.8544000000
113.8705000000
113.8864000000
113.9028000000
113.9183000000
