19.9160800000
19.9399500000
19.9516700000
19.9620400000
19.9721700000
19.9816400000
19.9914400000
20.0013600000
20.0111200000
20.0226600000
20.0334500000
20.0444600000
20.0556300000
20.0671400000
20.0778600000
20.0889300000
20.0999800000
20.1112200000
20.1224500000
20.1337500000
20.1444600000
20.1558100000
20.1668600000
20.1785300000
20.1916600000
20.2127700000
20.2255500000
20.2361600000
20.2458500000
20.2560800000
20.2684700000
20.2788000000
20.2887900000
20.3002000000
20.3110200000
20.3221700000
20.3333800000
20.3444700000
20.3555900000
20.3668000000
20.3778600000
20.3887300000
20.4001300000
20.4114500000
20.4227800000
20.4342700000
20.4458200000
20.4573900000
20.4688000000
20.4803200000
20.4916600000
20.5030800000
20.5145700000
20.5252300000
20.5365900000
20.5476600000
20.5587700000
20.5696400000
20.5811100000
20.5924200000
20.6035700000
20.6145900000
20.6259300000
20.6383800000
20.6503000000
20.6611800000
20.6731700000
20.6834600000
20.6934900000
20.7042600000
20.7154900000
20.7268100000
20.7380800000
20.7490000000
20.7603500000
20.7707300000
20.7824000000
20.7929300000
20.8040900000
20.8151500000
20.8262300000
20.8373700000
20.8485400000
20.8595800000
20.8707900000
20.8817400000
20.8928200000
20.9039600000
20.9150700000
20.9262300000
20.9372300000
20.9484900000
20.9595100000
20.9705900000
20.9818600000
20.9927800000
21.0040100000
21.0150100000
21.0261000000
21.0373200000
21.0485400000
21.0597200000
21.0710800000
21.0824500000
21.0934400000
21.1045400000
21.1156400000
21.1267800000
21.1378800000
21.1491500000
21.1602500000
21.1712300000
21.1826700000
21.1936400000
21.2048100000
21.2157400000
21.2272900000
21.2378900000
21.2490000000
21.2605000000
21.2721800000
21.2827300000
21.2938200000
21.3050700000
21.3159900000
21.3273200000
21.3383200000
21.3491700000
21.3603300000
21.3716500000
21.3821400000
21.3937900000
21.4044200000
21.4156400000
21.4266100000
21.4377300000
21.4488400000
21.4599600000
21.4712300000
21.4821900000
21.4932500000
21.5047600000
21.5154200000
21.5267500000
21.5377400000
21.5490700000
21.5598900000
21.5711200000
21.5820900000
21.5935200000
21.6043300000
21.6155300000
21.6267200000
21.6378000000
21.6488000000
21.6599200000
21.6710900000
21.6820500000
21.6932100000
21.7042800000
21.7153600000
21.7265300000
21.7376600000
21.7488300000
21.7599200000
21.7710100000
21.7821300000
21.7932500000
21.8043800000
21.8157200000
21.8265900000
21.8375700000
21.8487000000
21.8611000000
21.8716900000
21.8821200000
21.8931000000
21.9041600000
21.9154500000
21.9264000000
21.9375900000
21.9486000000
21.9597400000
21.9710900000
21.9818800000
21.9930800000
22.0041400000
22.0152500000
22.0263800000
22.0374700000
22.0486400000
22.0596400000
22.0707800000
22.0819800000
22.0930400000
22.1042600000
22.1152800000
22.1263600000
22.1374200000
22.1486000000
22.1595800000
22.1707300000
22.1818000000
22.1930900000
22.2041300000
22.2151100000
22.2264100000
22.2374200000
22.2485400000
22.2595700000
22.2706500000
22.2820300000
22.2928500000
22.3041200000
22.3150600000
22.3262900000
22.3373300000
22.3484100000
22.3597000000
22.3707100000
22.3817500000
22.3928300000
22.4040500000
22.4151600000
22.4261500000
22.4373300000
22.4483300000
22.4595600000
22.4705600000
22.4816800000
22.4928000000
22.5038900000
22.5150100000
22.5265800000
22.5372700000
22.5483400000
22.5599200000
22.5705000000
22.5816300000
22.5927000000
22.6038400000
22.6149100000
22.6263900000
22.6374300000
22.6483400000
22.6595900000
22.6706100000
22.6817500000
22.6927500000
22.7039000000
22.7151600000
22.7260900000
22.7371000000
22.7488200000
22.7595600000
22.7704300000
22.7815200000
22.7926500000
22.8037900000
22.8148600000
22.8258900000
22.8371200000
22.8482100000
22.8598400000
22.8705000000
22.8823000000
22.8927100000
22.9036600000
22.9148500000
22.9259000000
22.9369900000
22.9482200000
22.9595000000
22.9706700000
22.9814600000
22.9925900000
23.0036900000
23.0150300000
23.0259700000
23.0368900000
23.0481000000
23.0591700000
23.0702500000
23.0815700000
23.0924700000
23.1036100000
23.1146800000
23.1258100000
23.1368800000
23.1480100000
23.1591700000
23.1703200000
23.1814100000
23.1926300000
23.2035900000
23.2149300000
23.2258500000
23.2369400000
23.2480700000
23.2591200000
23.2702100000
23.2812300000
23.2924700000
23.3037000000
23.3152200000
23.3258300000
23.3374300000
23.3480800000
23.3592600000
23.3702500000
23.3812500000
23.3923200000
23.4035300000
23.4147300000
23.4256900000
23.4368200000
23.4479000000
23.4591100000
23.4701700000
23.4812200000
23.4925200000
23.5035200000
23.5145200000
23.5259500000
23.5374000000
23.5482300000
23.5591300000
23.5700400000
23.5812700000
23.5922900000
23.6033600000
23.6144500000
23.6257200000
23.6368300000
23.6478800000
23.6589000000
23.6699600000
23.6811400000
23.6923000000
23.7033700000
23.7144000000
23.7254700000
23.7365600000
23.7479600000
23.7588100000
23.7699200000
23.7810100000
23.7922700000
23.8033900000
23.8143400000
23.8254300000
23.8365200000
23.8476800000
23.8589400000
23.8698800000
23.8809600000
23.8920800000
23.9031900000
23.9143200000
23.9253800000
23.9364800000
23.9477600000
23.9589600000
23.9703400000
23.9809200000
23.9920700000
24.0031600000
24.0144400000
24.0254000000
24.0364900000
24.0475600000
24.0586400000
24.0699200000
24.0810500000
24.0920000000
24.1031200000
24.1142900000
24.1253100000
24.1364400000
24.1477200000
24.1586200000
24.1698100000
24.1808000000
24.1921000000
24.2030300000
24.2141200000
24.2253300000
24.2363700000
24.2476000000
24.2587100000
24.2698600000
24.2809300000
24.2918500000
24.3031300000
24.3140900000
24.3251700000
24.3363700000
24.3477000000
24.3585400000
24.3696300000
24.3807200000
24.3918400000
24.4029200000
24.4141700000
24.4252000000
24.4362900000
24.4473400000
24.4585200000
24.4696200000
24.4807500000
24.4919500000
24.5029100000
24.5139900000
24.5252700000
24.5362200000
24.5473700000
24.5583800000
24.5695900000
24.5808100000
24.5917500000
24.6028400000
24.6141000000
24.6250200000
24.6363400000
24.6472800000
24.6583800000
24.6695000000
24.6806200000
24.6917800000
24.7028800000
24.7139400000
24.7250300000
24.7362100000
24.7474300000
24.7582500000
24.7694100000
24.7804800000
24.7916800000
24.8027800000
24.8138200000
24.8249400000
24.8361100000
24.8471900000
24.8584300000
24.8693600000
24.8804500000
24.8917400000
24.9027800000
24.9139000000
24.9250300000
24.9363200000
24.9471600000
24.9582900000
24.9694900000
24.9804200000
24.9915700000
25.0026800000
25.0139300000
25.0248700000
25.0359800000
25.0472600000
25.0581900000
25.0692900000
25.0805300000
25.0931800000
25.1035700000
25.1144200000
25.1247900000
25.1358800000
25.1470500000
25.1582100000
25.1694100000
25.1802900000
25.1915600000
25.2026900000
25.2139100000
25.2251100000
25.2359100000
25.2471200000
25.2582100000
25.2691400000
25.2803200000
25.2914200000
25.3027200000
25.3138500000
25.3247500000
25.3362300000
25.3471600000
25.3581400000
25.3692800000
25.3802500000
25.3912900000
25.4024000000
25.4137600000
25.4246800000
25.4357000000
25.4468700000
25.4579800000
25.4690600000
25.4801600000
25.4912800000
25.5028300000
25.5136100000
25.5248300000
25.5357200000
25.5469100000
25.5580500000
25.5692700000
25.5801400000
25.5912200000
25.6023100000
25.6134800000
25.6245500000
25.6361200000
25.6467400000
25.6578700000
25.6694400000
25.6802800000
25.6916000000
25.7025000000
25.7133800000
25.7245500000
25.7357800000
25.7469300000
25.7581700000
25.7694500000
25.7801500000
25.7912100000
25.8022700000
25.8133600000
25.8245400000
25.8355500000
25.8466800000
25.8579100000
25.8691600000
25.8801500000
25.8910900000
25.9023700000
25.9135300000
25.9245600000
25.9355200000
25.9466800000
25.9578000000
25.9693300000
25.9801500000
25.9911000000
26.0021200000
26.0132100000
26.0245200000
26.0354700000
26.0466700000
26.0576600000
26.0689400000
26.0800200000
26.0909700000
26.1021400000
26.1132500000
26.1245700000
26.1355000000
26.1465400000
26.1575900000
26.1687300000
26.1805300000
26.1911500000
26.2021900000
26.2131700000
26.2243300000
26.2353700000
26.2464600000
26.2574900000
26.2686900000
26.2798000000
26.2911900000
26.3021000000
26.3130600000
26.3244600000
26.3353200000
26.3463800000
26.3579400000
26.3685700000
26.3797000000
26.3909000000
26.4022500000
26.4131800000
26.4242600000
26.4352700000
26.4465100000
26.4574800000
26.4686700000
26.4800700000
26.4912500000
26.5023400000
26.5131100000
26.5241500000
26.5352800000
26.5463700000
26.5575200000
26.5687200000
26.5801200000
26.5909500000
26.6019800000
26.6130600000
26.6241200000
26.6351900000
26.6464000000
26.6573600000
26.6684700000
26.6796200000
26.6907500000
26.7019800000
26.7131100000
26.7241500000
26.7350900000
26.7463400000
26.7578600000
26.7684000000
26.7806600000
26.7914200000
26.8024400000
26.8134100000
26.8244700000
26.8353400000
26.8461700000
26.8573800000
26.8684000000
26.8795400000
26.8905100000
26.9017100000
26.9132500000
26.9239300000
26.9352400000
26.9461800000
26.9572400000
26.9684100000
26.9794500000
26.9907500000
27.0017300000
27.0127500000
27.0239600000
27.0349300000
27.0462700000
27.0571700000
27.0683900000
27.0798100000
27.0904600000
27.1015300000
27.1127500000
27.1238000000
27.1348900000
27.1460600000
27.1579400000
27.1684200000
27.1794200000
27.1906100000
27.2024700000
27.2136000000
27.2247600000
27.2354500000
27.2462000000
27.2573700000
27.2683400000
27.2793800000
27.2904100000
27.3015000000
27.3126700000
27.3236900000
27.3347800000
27.3459100000
27.3574200000
27.3686300000
27.3796600000
27.3905400000
27.4015700000
27.4127800000
27.4236300000
27.4347800000
27.4458200000
27.4570000000
27.4682300000
27.4794100000
27.4904200000
27.5014400000
27.5131400000
27.5243000000
27.5354400000
27.5463300000
27.5575100000
27.5690600000
27.5807000000
27.5920300000
27.6024800000
27.6133500000
27.6246500000
27.6354000000
27.6463400000
27.6576900000
27.6686300000
27.6801000000
27.6910700000
27.7020700000
27.7128900000
27.7238500000
27.7348200000
27.7459000000
27.7565200000
27.7682800000
27.7801500000
27.7910700000
27.8020500000
27.8131400000
27.8233800000
27.8343300000
27.8454500000
27.8564700000
27.8676100000
27.8790900000
27.8899300000
27.9009800000
27.9120600000
27.9233400000
27.9350500000
27.9463000000
27.9577600000
27.9691200000
27.9806200000
27.9922500000
28.0034700000
28.0146800000
28.0259500000
28.0367400000
28.0481800000
28.0588600000
28.0693300000
28.0808300000
28.0924200000
28.1032700000
28.1147000000
28.1252700000
28.1365800000
28.1473400000
28.1591500000
28.1705100000
28.1813400000
28.1930400000
28.2039700000
28.2148600000
28.2255200000
28.2364800000
28.2476600000
28.2592600000
28.2702900000
28.2812900000
28.2926100000
28.3040500000
28.3146100000
28.3255400000
28.3365100000
28.3468700000
28.3581800000
28.3693400000
28.3808700000
28.3911300000
28.4020300000
28.4132800000
28.4241500000
28.4352500000
28.4461800000
28.4571700000
28.4683300000
28.4805500000
28.4914300000
28.5024300000
28.5134800000
28.5246800000
28.5358900000
28.5474700000
28.5583900000
28.5700000000
28.5810900000
28.5918600000
28.6029800000
28.6137800000
28.6249600000
28.6365900000
28.6475300000
28.6585200000
28.6696200000
28.6811900000
28.6927800000
28.7043200000
28.7156500000
28.7266400000
28.7377400000
28.7485700000
28.7597200000
28.7710900000
28.7827400000
28.7942600000
28.8052700000
28.8163100000
28.8273200000
28.8382400000
28.8496000000
28.8606500000
28.8718700000
28.8828700000
28.8938900000
28.9048600000
28.9160300000
28.9270100000
28.9380000000
28.9488800000
28.9599200000
28.9707000000
28.9821300000
28.9937500000
29.0046700000
29.0156000000
29.0265500000
29.0376000000
29.0485900000
29.0597100000
29.0707700000
29.0821400000
29.0938900000
29.1055600000
29.1163800000
29.1279400000
29.1392900000
29.1499800000
29.1617300000
29.1727800000
29.1838900000
29.1963800000
29.2078300000
29.2190600000
29.2298900000
29.2416800000
29.2536100000
29.2652100000
29.2771500000
29.2879400000
29.2989000000
29.3097300000
29.3207200000
29.3315600000
29.3428200000
29.3546100000
29.3662000000
29.3774300000
29.3885700000
29.4008300000
29.4128400000
29.4236400000
29.4346700000
29.4450600000
29.4560800000
29.4672400000
29.4789400000
29.4901300000
29.5009400000
29.5125800000
29.5237600000
29.5360900000
29.5469800000
29.5579100000
29.5690300000
29.5807900000
29.5920200000
29.6028200000
29.6137600000
29.6248000000
29.6359500000
29.6476600000
29.6589700000
29.6702400000
29.6825100000
29.6940700000
29.7048100000
29.7157700000
29.7269800000
29.7387400000
29.7500700000
29.7620200000
29.7737900000
29.7845400000
29.7961800000
29.8083000000
29.8196700000
29.8314900000
29.8427500000
29.8545900000
29.8658200000
29.8781800000
29.8900200000
29.9017200000
29.9126900000
29.9238200000
29.9357300000
29.9464700000
29.9581700000
29.9697700000
29.9817000000
29.9928500000
30.0033700000
30.0152500000
30.0267900000
30.0385800000
30.0493800000
30.0602500000
30.0718600000
30.0829800000
30.0942900000
30.1055800000
30.1173500000
30.1287900000
30.1408200000
30.1526900000
30.1636700000
30.1749400000
30.1858400000
30.1979800000
30.2097400000
30.2216800000
30.2329800000
30.2448800000
30.2568700000
30.2677600000
30.2798300000
30.2913300000
30.3032600000
30.3137500000
30.3247500000
30.3358800000
30.3469600000
30.3589900000
30.3703300000
30.3823300000
30.3942700000
30.4051000000
30.4159800000
30.4271900000
30.4384100000
30.4500500000
30.4618500000
30.4728000000
30.4843900000
30.4953600000
30.5064500000
30.5185800000
30.5302600000
30.5421500000
30.5540000000
30.5659000000
30.5773700000
30.5887200000
30.5998200000
30.6107700000
30.6222400000
30.6343500000
30.6461900000
30.6580900000
30.6699900000
30.6820000000
30.6938200000
30.7048600000
30.7168400000
30.7277100000
30.7388500000
30.7499200000
30.7614800000
30.7729300000
30.7839600000
30.7960000000
30.8079000000
30.8200400000
30.8320400000
30.8434500000
30.8553200000
30.8674500000
30.8788800000
30.8899600000
30.9016600000
30.9128900000
30.9247100000
30.9369200000
30.9482500000
30.9600500000
30.9723500000
30.9843500000
30.9963800000
31.0079700000
31.0198900000
31.0314000000
31.0431700000
31.0550200000
31.0660500000
31.0778000000
31.0894500000
31.1010500000
31.1127900000
31.1245600000
31.1362500000
31.1476200000
31.1590500000
31.1701500000
31.1819000000
31.1930000000
31.2042700000
31.2153000000
31.2273000000
31.2390300000
31.2507400000
31.2621400000
31.2741100000
31.2865100000
31.2981700000
31.3097100000
31.3218200000
31.3334100000
31.3454100000
31.3573800000
31.3692000000
31.3811800000
31.3934900000
31.4055100000
31.4172100000
31.4289800000
31.4411900000
31.4527800000
31.4642800000
31.4762000000
31.4875900000
31.4994200000
31.5112100000
31.5233500000
31.5348300000
31.5454100000
31.5575400000
31.5689500000
31.5811200000
31.5933400000
31.6053000000
31.6171000000
31.6290000000
31.6410500000
31.6531700000
31.6654900000
31.6772800000
31.6890000000
31.7008900000
31.7127300000
31.7240900000
31.7360300000
31.7481800000
31.7599200000
31.7710200000
31.7831200000
31.7941300000
31.8058600000
31.8176900000
31.8290800000
31.8411700000
31.8528800000
31.8643400000
31.8761900000
31.8885300000
31.9003500000
31.9118000000
31.9234700000
31.9355400000
31.9471000000
31.9593000000
31.9720900000
31.9843700000
31.9960800000
32.0083000000
32.0197500000
32.0320200000
32.0435600000
32.0552900000
32.0671800000
32.0786000000
32.0903500000
32.1019200000
32.1138600000
32.1248800000
32.1372100000
32.1484100000
32.1606400000
32.1725700000
32.1836900000
32.1956500000
32.2071800000
32.2192100000
32.2307400000
32.2422600000
32.2547500000
32.2660600000
32.2781900000
32.2903900000
32.3025300000
32.3143000000
32.3259700000
32.3380600000
32.3501200000
32.3648100000
32.3772000000
32.3887700000
32.4003000000
32.4127000000
32.4244100000
32.4364700000
32.4485400000
32.4604200000
32.4724000000
32.4844100000
32.4963100000
32.5081700000
32.5205700000
32.5321200000
32.5442400000
32.5557300000
32.5678600000
32.5797200000
32.5918200000
32.6033300000
32.6154600000
32.6273500000
32.6399700000
32.6512900000
32.6625800000
32.6749300000
32.6870100000
32.6993800000
32.7112500000
32.7231000000
32.7351200000
32.7469600000
32.7589100000
32.7709400000
32.7833700000
32.7951200000
32.8077300000
32.8200600000
32.8321800000
32.8447900000
32.8571600000
32.8690400000
32.8808500000
32.8931800000
32.9047100000
32.9168200000
32.9286200000
32.9406500000
32.9529600000
32.9644500000
32.9763100000
32.9883800000
33.0004300000
33.0124200000
33.0242700000
33.0356300000
33.0476300000
33.0595600000
33.0712500000
33.0832800000
33.0952700000
33.1072800000
33.1193000000
33.1310400000
33.1427400000
33.1545900000
33.1665300000
33.1786100000
33.1902500000
33.2017200000
33.2134900000
33.2254700000
33.2372600000
33.2488100000
33.2606900000
33.2722700000
33.2841700000
33.2963100000
33.3082600000
33.3202200000
33.3327100000
33.3447100000
33.3563500000
33.3683400000
33.3803100000
33.3926100000
33.4046200000
33.4166400000
33.4285300000
33.4403800000
33.4523300000
33.4647900000
33.4772600000
33.4893800000
33.5019600000
33.5143400000
33.5261900000
33.5385500000
33.5503600000
33.5623300000
33.5743800000
33.5862400000
33.5983100000
33.6104400000
33.6222500000
33.6341200000
33.6459700000
33.6579600000
33.6697900000
33.6822100000
33.6945200000
33.7064200000
33.7182400000
33.7303600000
33.7428600000
33.7556600000
33.7673600000
33.7793000000
33.7915600000
33.8039600000
33.8159400000
33.8276100000
33.8397300000
33.8516200000
33.8630100000
33.8753600000
33.8878400000
33.9007300000
33.9126600000
33.9247900000
33.9368400000
33.9485400000
33.9605600000
33.9733800000
33.9850600000
33.9979200000
34.0094500000
34.0214600000
34.0334700000
34.0454500000
34.0576000000
34.0695700000
34.0822500000
34.0943100000
34.1065100000
34.1205100000
34.1329900000
34.1449400000
34.1570800000
34.1686500000
34.1805200000
34.1929300000
34.2043700000
34.2164400000
34.2284400000
34.2409700000
34.2528100000
34.2648000000
34.2768000000
34.2887800000
34.3015700000
34.3138400000
34.3258400000
34.3377900000
34.3498800000
34.3618600000
34.3739400000
34.3864900000
34.3990000000
34.4110100000
34.4228600000
34.4348100000
34.4468100000
34.4587900000
34.4708300000
34.4830100000
34.4952400000
34.5068700000
34.5186400000
34.5306500000
34.5428700000
34.5547000000
34.5665000000
34.5783700000
34.5899300000
34.6026800000
34.6145900000
34.6267900000
34.6396100000
34.6515000000
34.6641900000
34.6764800000
34.6887600000
34.7006900000
34.7125100000
34.7245500000
34.7367800000
34.7491500000
34.7612600000
34.7730600000
34.7845000000
34.7981500000
34.8107500000
34.8235900000
34.8356600000
34.8476300000
34.8606000000
34.8733900000
34.8857700000
34.8985000000
34.9106200000
34.9227800000
34.9359800000
34.9487200000
34.9605400000
34.9731800000
34.9845800000
34.9967100000
35.0086600000
35.0205900000
35.0328100000
35.0446500000
35.0567500000
35.0684300000
35.0810300000
35.0940000000
35.1059800000
35.1188400000
35.1306200000
35.1426700000
35.1547100000
35.1669100000
35.1787600000
35.1907800000
35.2033600000
35.2159900000
35.2279400000
35.2398900000
35.2516100000
35.2642600000
35.2762300000
35.2885500000
35.3010400000
35.3129300000
35.3247300000
35.3366200000
35.3488600000
35.3609300000
35.3729100000
35.3849200000
35.3970600000
35.4087200000
35.4207700000
35.4328800000
35.4453200000
35.4569200000
35.4690100000
35.4812300000
35.4937400000
35.5064500000
35.5183500000
35.5303700000
35.5424000000
35.5543000000
35.5662100000
35.5782900000
35.5902700000
35.6023700000
35.6143300000
35.6262800000
35.6384400000
35.6505600000
35.6633500000
35.6746700000
35.6864400000
35.6999100000
35.7124300000
35.7253700000
35.7373400000
35.7498700000
35.7619400000
35.7739000000
35.7861400000
35.7984800000
35.8107600000
35.8237300000
35.8365900000
35.8484500000
35.8605200000
35.8720300000
35.8840100000
35.8962200000
35.9085300000
35.9204300000
35.9325500000
35.9446200000
35.9577000000
35.9702700000
35.9828900000
35.9958800000
36.0078800000
36.0206800000
36.0335900000
36.0449700000
36.0569900000
36.0689600000
36.0808400000
36.0927400000
36.1049700000
36.1176500000
36.1297700000
36.1427700000
36.1560900000
36.1690000000
36.1813400000
36.1942100000
36.2068500000
36.2192500000
36.2318900000
36.2449300000
36.2577400000
36.2700500000
36.2831100000
36.2953900000
36.3078600000
36.3207400000
36.3336900000
36.3455800000
36.3577300000
36.3700300000
36.3832200000
36.3959400000
36.4083300000
36.4212100000
36.4341000000
36.4464300000
36.4592200000
36.4713400000
36.4838200000
36.4967300000
36.5094300000
36.5217000000
36.5336900000
36.5456000000
36.5577800000
36.5699400000
36.5828600000
36.5948000000
36.6068200000
36.6194300000
36.6314500000
36.6441000000
36.6569600000
36.6695500000
36.6819200000
36.6949100000
36.7069100000
36.7199100000
36.7325100000
36.7450900000
36.7572500000
36.7692700000
36.7822900000
36.7948500000
36.8075900000
36.8199300000
36.8328600000
36.8457300000
36.8587600000
36.8707300000
36.8833000000
36.8962100000
36.9090400000
36.9221100000
36.9347100000
36.9470700000
36.9605800000
36.9742400000
36.9871400000
37.0000300000
37.0127400000
37.0242900000
37.0373300000
37.0498500000
37.0630300000
37.0759000000
37.0883600000
37.1022800000
37.1122400000
37.1221200000
37.1316800000
37.1418600000
37.1513600000
37.1614800000
37.1714000000
37.1811800000
37.1916600000
37.2026200000
37.2139100000
37.2248500000
37.2359300000
37.2470500000
37.2581700000
37.2692200000
37.2804100000
37.2914800000
37.3027600000
37.3136800000
37.3247800000
37.3358400000
37.3471500000
37.3581200000
37.3692900000
37.3802300000
37.3916000000
37.4024900000
37.4140500000
37.4247600000
37.4358200000
37.4469900000
37.4581100000
37.4692500000
37.4802700000
37.4914400000
37.5024900000
37.5135300000
37.5248900000
37.5360300000
37.5470000000
37.5580600000
37.5691200000
37.5805300000
37.5920300000
37.6034700000
37.6148700000
37.6265300000
37.6380100000
37.6493200000
37.6607900000
37.6722900000
37.6841900000
37.6954000000
37.7067600000
37.7181600000
37.7299700000
37.7413000000
37.7520800000
37.7629400000
37.7740400000
37.7851800000
37.7965400000
37.8074900000
37.8185400000
37.8296300000
37.8409200000
37.8521500000
37.8629500000
37.8741000000
37.8851600000
37.8963600000
37.9073100000
37.9184500000
37.9296900000
37.9406100000
37.9518800000
37.9631300000
37.9741000000
37.9851200000
37.9964900000
38.0074300000
38.0183400000
38.0295600000
38.0405900000
38.0516700000
38.0630400000
38.0738800000
38.0850300000
38.0961200000
38.1073100000
38.1183100000
38.1295700000
38.1404900000
38.1518400000
38.1628300000
38.1739800000
38.1850500000
38.1960300000
38.2072400000
38.2183500000
38.2294700000
38.2404400000
38.2516000000
38.2628700000
38.2738500000
38.2852800000
38.2960800000
38.3072100000
38.3182500000
38.3293300000
38.3409500000
38.3518400000
38.3626700000
38.3738600000
38.3848300000
38.3962000000
38.4072400000
38.4181900000
38.4293200000
38.4406300000
38.4515000000
38.4634700000
38.4740900000
38.4848200000
38.4960800000
38.5071900000
38.5181700000
38.5292800000
38.5404000000
38.5515200000
38.5626700000
38.5736200000
38.5847400000
38.5959100000
38.6070200000
38.6183700000
38.6292200000
38.6402700000
38.6515600000
38.6628000000
38.6736500000
38.6846800000
38.6958100000
38.7069900000
38.7180500000
38.7292800000
38.7403000000
38.7513800000
38.7624000000
38.7736900000
38.7846800000
38.7959700000
38.8069000000
38.8184100000
38.8291800000
38.8403300000
38.8513400000
38.8624200000
38.8734600000
38.8845900000
38.8957300000
38.9067900000
38.9179800000
38.9292900000
38.9402800000
38.9514500000
38.9624000000
38.9734300000
38.9847500000
38.9957000000
39.0068400000
39.0179100000
39.0292100000
39.0401600000
39.0511600000
39.0624600000
39.0734900000
39.0846300000
39.0956800000
39.1070700000
39.1178700000
39.1292100000
39.1401900000
39.1512600000
39.1622800000
39.1734600000
39.1845700000
39.1955800000
39.2068800000
39.2178000000
39.2288900000
39.2401500000
39.2511100000
39.2623600000
39.2733100000
39.2845800000
39.2955800000
39.3070500000
39.3177600000
39.3288700000
39.3400000000
39.3510300000
39.3620900000
39.3734400000
39.3844700000
39.3956500000
39.4070500000
39.4180100000
39.4288200000
39.4399600000
39.4509400000
39.4621100000
39.4733000000
39.4842900000
39.4954400000
39.5076300000
39.5176000000
39.5287300000
39.5398900000
39.5511000000
39.5621300000
39.5731400000
39.5843100000
39.5954200000
39.6067300000
39.6177500000
39.6287700000
39.6397800000
39.6510600000
39.6620300000
39.6731100000
39.6842200000
39.6952800000
39.7069900000
39.7176100000
39.7293500000
39.7397500000
39.7508600000
39.7624200000
39.7730200000
39.7843700000
39.7955700000
39.8063900000
39.8175700000
39.8285800000
39.8398100000
39.8509600000
39.8620700000
39.8729700000
39.8841500000
39.8952400000
39.9064100000
39.9174600000
39.9288000000
39.9396600000
39.9509200000
39.9622700000
39.9731400000
39.9841200000
39.9953200000
40.0062400000
40.0175700000
40.0286600000
40.0396300000
40.0508300000
40.0619900000
40.0729200000
40.0841100000
40.0951100000
40.1062700000
40.1173900000
40.1284900000
40.1396300000
40.1506200000
40.1616900000
40.1730700000
40.1840100000
40.1950500000
40.2061400000
40.2173400000
40.2284200000
40.2394900000
40.2505900000
40.2616800000
40.2727400000
40.2840300000
40.2950700000
40.3061600000
40.3173000000
40.3285400000
40.3394500000
40.3506500000
40.3616500000
40.3727500000
40.3839900000
40.3951000000
40.4060600000
40.4171900000
40.4282600000
40.4394000000
40.4505400000
40.4615900000
40.4728300000
40.4839500000
40.4949000000
40.5061700000
40.5171600000
40.5283500000
40.5395000000
40.5504400000
40.5615800000
40.5726800000
40.5840500000
40.5948800000
40.6059800000
40.6173100000
40.6282000000
40.6393700000
40.6505400000
40.6615100000
40.6726300000
40.6839000000
40.6948000000
40.7059200000
40.7170800000
40.7283200000
40.7392700000
40.7505600000
40.7614200000
40.7725300000
40.7836600000
40.7949200000
40.8058600000
40.8171000000
40.8280900000
40.8393100000
40.8504200000
40.8613900000
40.8725200000
40.8836000000
40.8946900000
40.9058900000
40.9169600000
40.9280200000
40.9391400000
40.9505100000
40.9614100000
40.9724500000
40.9836000000
40.9946200000
41.0057600000
41.0171600000
41.0280700000
41.0391500000
41.0502900000
41.0615200000
41.0725200000
41.0835900000
41.0946400000
41.1058700000
41.1169100000
41.1279500000
41.1390600000
41.1501000000
41.1612600000
41.1725200000
41.1834900000
41.1946100000
41.2056300000
41.2168000000
41.2280500000
41.2390300000
41.2500900000
41.2613000000
41.2722500000
41.2836200000
41.2944800000
41.3055800000
41.3166800000
41.3279000000
41.3389200000
41.3500400000
41.3611600000
41.3722700000
41.3833400000
41.3957100000
41.4055600000
41.4168700000
41.4278800000
41.4389800000
41.4499600000
41.4612200000
41.4721900000
41.4833300000
41.4944900000
41.5056300000
41.5166400000
41.5277300000
41.5391700000
41.5498800000
41.5612000000
41.5722700000
41.5832400000
41.5944300000
41.6054300000
41.6167000000
41.6277200000
41.6387900000
41.6500800000
41.6609700000
41.6721600000
41.6832700000
41.6942700000
41.7054900000
41.7165500000
41.7279100000
41.7387200000
41.7498600000
41.7609400000
41.7720400000
41.7831200000
41.7942600000
41.8053700000
41.8164900000
41.8275900000
41.8388200000
41.8498900000
41.8611900000
41.8723500000
41.8832000000
41.8942800000
41.9053600000
41.9164500000
41.9275200000
41.9386600000
41.9502000000
41.9608500000
41.9719400000
41.9832100000
41.9941700000
42.0052300000
42.0165100000
42.0277100000
42.0387200000
42.0497000000
42.0617100000
42.0719900000
42.0831600000
42.0942000000
42.1072500000
42.1206500000
42.1328800000
42.1449600000
42.1581400000
42.1711100000
42.1841900000
42.1975400000
42.2104600000
42.2229900000
42.2359700000
42.2490300000
42.2618300000
42.2749800000
42.2873600000
42.3003200000
42.3136800000
42.3263300000
42.3389200000
42.3517700000
42.3648700000
42.3784300000
42.3906500000
42.4032300000
42.4159900000
42.4287300000
42.4412700000
42.4539400000
42.4661300000
42.4790800000
42.4920700000
42.5049600000
42.5179100000
42.5303100000
42.5435000000
42.5564000000
42.5695100000
42.5825000000
42.5955600000
42.6080700000
42.6210200000
42.6342400000
42.6472000000
42.6604900000
42.6730300000
42.6859400000
42.6986500000
42.7115200000
42.7251300000
42.7375200000
42.7508200000
42.7641400000
42.7767700000
42.7901000000
42.8030300000
42.8159600000
42.8289900000
42.8416400000
42.8545700000
42.8668800000
42.8806000000
42.8929800000
42.9061800000
42.9196100000
42.9325900000
42.9458200000
42.9587900000
42.9716900000
42.9848300000
42.9970900000
43.0104300000
43.0232900000
43.0366600000
43.0490900000
43.0617100000
43.0743400000
43.0872800000
43.1008900000
43.1142600000
43.1273400000
43.1409200000
43.1539800000
43.1666200000
43.1797100000
43.1924900000
43.2052900000
43.2182000000
43.2305600000
43.2432100000
43.2566100000
43.2704700000
43.2832800000
43.2962200000
43.3092500000
43.3225900000
43.3353800000
43.3483800000
43.3612500000
43.3743100000
43.3872600000
43.4001500000
43.4131100000
43.4267500000
43.4400100000
43.4526300000
43.4656400000
43.4785100000
43.4911800000
43.5047300000
43.5177900000
43.5306300000
43.5441600000
43.5562600000
43.5692400000
43.5818000000
43.5949500000
43.6078400000
43.6211500000
43.6346200000
43.6473500000
43.6604500000
43.6730300000
43.6859200000
43.6984100000
43.7115500000
43.7252300000
43.7390300000
43.7518600000
43.7653300000
43.7784400000
43.7910400000
43.8046700000
43.8177600000
43.8304700000
43.8436300000
43.8565800000
43.8694700000
43.8825000000
43.8954600000
43.9086500000
43.9216500000
43.9346100000
43.9476500000
43.9606400000
43.9734100000
43.9863900000
43.9993200000
44.0120400000
44.0272400000
44.0401100000
44.0531400000
44.0655800000
44.0788300000
44.0916000000
44.1046800000
44.1179200000
44.1319900000
44.1457100000
44.1587700000
44.1718300000
44.1849500000
44.1973900000
44.2102200000
44.2241200000
44.2377100000
44.2508500000
44.2638000000
44.2767400000
44.2895100000
44.3024800000
44.3153300000
44.3287400000
44.3417600000
44.3547900000
44.3679200000
44.3812300000
44.3941200000
44.4075800000
44.4207100000
44.4344300000
44.4466100000
44.4595400000
44.4728700000
44.4865400000
44.4994300000
44.5125200000
44.5261200000
44.5399700000
44.5536000000
44.5670700000
44.5800900000
44.5929400000
44.6060200000
44.6194800000
44.6330000000
44.6460600000
44.6593400000
44.6720800000
44.6853600000
44.6992500000
44.7127800000
44.7263100000
44.7396900000
44.7524500000
44.7657400000
44.7797300000
44.7932000000
44.8071500000
44.8201400000
44.8340500000
44.8467100000
44.8599200000
44.8736600000
44.8870000000
44.8999600000
44.9128800000
44.9261100000
44.9394700000
44.9524900000
44.9658700000
44.9789000000
44.9922700000
45.0063400000
45.0195700000
45.0332600000
45.0467400000
45.0606500000
45.0736800000
45.0865000000
45.1004600000
45.1144900000
45.1283800000
45.1425400000
45.1565600000
45.1701500000
45.1840700000
45.1981500000
45.2120900000
45.2262400000
45.2397000000
45.2528100000
45.2666900000
45.2799100000
45.2933500000
45.3071700000
45.3205300000
45.3347000000
45.3484200000
45.3619000000
45.3761100000
45.3898800000
45.4037600000
45.4170900000
45.4305500000
45.4442300000
45.4582000000
45.4713700000
45.4846200000
45.4986200000
45.5120200000
45.5263600000
45.5403000000
45.5541000000
45.5674900000
45.5811400000
45.5948300000
45.6087300000
45.6227900000
45.6361700000
45.6497000000
45.6640000000
45.6777800000
45.6917600000
45.7058300000
45.7192600000
45.7324200000
45.7459200000
45.7600200000
45.7741500000
45.7877000000
45.8015300000
45.8154000000
45.8300300000
45.8435700000
45.8575600000
45.8714600000
45.8854000000
45.8995300000
45.9136900000
45.9276600000
45.9418100000
45.9562500000
45.9702200000
45.9836800000
45.9974700000
46.0111300000
46.0253600000
46.0391000000
46.0532600000
46.0677000000
46.0817500000
46.0957200000
46.1100100000
46.1242800000
46.1377500000
46.1520700000
46.1661300000
46.1795000000
46.1933100000
46.2073300000
46.2208900000
46.2354900000
46.2494900000
46.2631800000
46.2771600000
46.2904400000
46.3042300000
46.3182800000
46.3325800000
46.3462700000
46.3601700000
46.3744000000
46.3882900000
46.4020500000
46.4158100000
46.4318500000
46.4462400000
46.4606000000
46.4743200000
46.4878000000
46.5019000000
46.5163700000
46.5298800000
46.5438600000
46.5581900000
46.5720100000
46.5855100000
46.5993400000
46.6130800000
46.6275300000
46.6412800000
46.6557800000
46.6696500000
46.6834200000
46.6970000000
46.7106500000
46.7247700000
46.7390600000
46.7528100000
46.7664600000
46.7805000000
46.7940900000
46.8082800000
46.8226200000
46.8362500000
46.8503300000
46.8642800000
46.8781800000
46.8922300000
46.9065300000
46.9211200000
46.9348200000
46.9484600000
46.9628800000
46.9774900000
46.9914200000
47.0057800000
47.0193900000
47.0336400000
47.0485200000
47.0626600000
47.0768300000
47.0905200000
47.1044300000
47.1185900000
47.1327200000
47.1463700000
47.1603200000
47.1745900000
47.1878700000
47.2027400000
47.2169100000
47.2308300000
47.2455400000
47.2599800000
47.2738700000
47.2870600000
47.3008200000
47.3149900000
47.3295100000
47.3440200000
47.3578900000
47.3718900000
47.3864200000
47.4008600000
47.4147100000
47.4292500000
47.4432100000
47.4576600000
47.4712800000
47.4849100000
47.4991700000
47.5133200000
47.5281400000
47.5424400000
47.5558500000
47.5698200000
47.5837400000
47.5984200000
47.6122700000
47.6262900000
47.6402700000
47.6541300000
47.6683700000
47.6827900000
47.6973800000
47.7111100000
47.7250500000
47.7390300000
47.7531600000
47.7671100000
47.7811900000
47.7953700000
47.8091700000
47.8226800000
47.8369500000
47.8506400000
47.8648200000
47.8788400000
47.8926500000
47.9066700000
47.9205800000
47.9349300000
47.9494600000
47.9638700000
47.9780200000
47.9923500000
48.0070900000
48.0212500000
48.0358000000
48.0495500000
48.0634500000
48.0774700000
48.0915600000
48.1056200000
48.1196200000
48.1339700000
48.1485100000
48.1622200000
48.1762400000
48.1905000000
48.2047700000
48.2196100000
48.2339700000
48.2489500000
48.2636900000
48.2776400000
48.2915400000
48.3055500000
48.3194400000
48.3331600000
48.3469100000
48.3610600000
48.3756500000
48.3901900000
48.4047200000
48.4188300000
48.4329200000
48.4477300000
48.4618900000
48.4757000000
48.4897500000
48.5035900000
48.5175100000
48.5317100000
48.5455900000
48.5598200000
48.5739200000
48.5877200000
48.6016900000
48.6155500000
48.6299400000
48.6448400000
48.6596100000
48.6736900000
48.6878700000
48.7015100000
48.7160000000
48.7300100000
48.7439000000
48.7579200000
48.7721800000
48.7859100000
48.8000100000
48.8144300000
48.8286100000
48.8430700000
48.8568500000
48.8715100000
48.8865000000
48.9012500000
48.9153500000
48.9293300000
48.9441200000
48.9582100000
48.9725500000
48.9866700000
49.0006000000
49.0148400000
49.0287900000
49.0433000000
49.0572000000
49.0716900000
49.0872500000
49.1012800000
49.1162000000
49.1310900000
49.1458000000
49.1599000000
49.1738100000
49.1880100000
49.2026900000
49.2168700000
49.2311600000
49.2464100000
49.2612100000
49.2756500000
49.2898800000
49.3042000000
49.3182100000
49.3323400000
49.3473600000
49.3621100000
49.3768400000
49.3906300000
49.4049300000
49.4189900000
49.4341600000
49.4481500000
49.4625800000
49.4766600000
49.4905100000
49.5048300000
49.5197800000
49.5339400000
49.5484700000
49.5627600000
49.5768100000
49.5906300000
49.6056100000
49.6195500000
49.6340400000
49.6493700000
49.6641700000
49.6790900000
49.6931700000
49.7082000000
49.7225500000
49.7370900000
49.7516800000
49.7663300000
49.7810500000
49.7951200000
49.8091700000
49.8242100000
49.8396300000
49.8535700000
49.8685800000
49.8827900000
49.8969200000
49.9123000000
49.9270900000
49.9419500000
49.9560900000
49.9708300000
49.9856200000
50.0006000000
50.0153500000
50.0288000000
50.0430000000
50.0576900000
50.0716900000
50.0865900000
50.1007200000
50.1146700000
50.1293900000
50.1444200000
50.1578800000
50.1721800000
50.1866900000
50.2007200000
50.2147800000
50.2286500000
50.2435200000
50.2584900000
50.2731500000
50.2879000000
50.3033700000
50.3177000000
50.3325700000
50.3474800000
50.3625500000
50.3774300000
50.3914500000
50.4058800000
50.4210600000
50.4364200000
50.4506200000
50.4656100000
50.4798500000
50.4938500000
50.5087800000
50.5231400000
50.5377300000
50.5518200000
50.5668800000
50.5815600000
50.5957600000
50.6098700000
50.6244000000
50.6398500000
50.6541000000
50.6692300000
50.6834600000
50.6987200000
50.7132600000
50.7280600000
50.7425700000
50.7567400000
50.7708900000
50.7853700000
50.8002800000
50.8150600000
50.8290900000
50.8439500000
50.8582700000
50.8728100000
50.8874000000
50.9024000000
50.9162400000
50.9302600000
50.9457100000
50.9603200000
50.9755900000
50.9903700000
51.0050700000
51.0208300000
51.0351400000
51.0487600000
51.0640800000
51.0784000000
51.0933500000
51.1078500000
51.1226400000
51.1371800000
51.1519200000
51.1669600000
51.1820600000
51.1970900000
51.2118400000
51.2268600000
51.2423900000
51.2573500000
51.2727400000
51.2879800000
51.3024300000
51.3176200000
51.3317300000
51.3466500000
51.3609700000
51.3759700000
51.3911000000
51.4064900000
51.4213900000
51.4362100000
51.4515200000
51.4659400000
51.4808500000
51.4960700000
51.5108000000
51.5257900000
51.5418200000
51.5560300000
51.5718100000
51.5865700000
51.6015100000
51.6164000000
51.6315000000
51.6469300000
51.6619900000
51.6773200000
51.6930100000
51.7085200000
51.7230500000
51.7384400000
51.7528500000
51.7672500000
51.7820700000
51.7971600000
51.8125600000
51.8269700000
51.8424800000
51.8569400000
51.8717000000
51.8871000000
51.9024300000
51.9173500000
51.9323800000
51.9471500000
51.9617000000
51.9769600000
51.9921300000
52.0071300000
52.0225400000
52.0372300000
52.0521200000
52.0673300000
52.0820400000
52.0968700000
52.1117600000
52.1266600000
52.1417700000
52.1572600000
52.1719800000
52.1870000000
52.2014000000
52.2163200000
52.2307900000
52.2460700000
52.2598500000
52.2748000000
52.2896900000
52.3043600000
52.3192700000
52.3343500000
52.3511200000
52.3652700000
52.3801800000
52.3950600000
52.4096800000
52.4246800000
52.4395600000
52.4546700000
52.4690300000
52.4843000000
52.4992000000
52.5140300000
52.5283700000
52.5438200000
52.5586900000
52.5733800000
52.5880300000
52.6029600000
52.6180100000
52.6318900000
52.6472100000
52.6622100000
52.6767200000
52.6912300000
52.7060700000
52.7213000000
52.7358600000
52.7511300000
52.7660600000
52.7811700000
52.7959600000
52.8110500000
52.8258100000
52.8411400000
52.8561200000
52.8707200000
52.8859700000
52.9011700000
52.9157700000
52.9311400000
52.9460800000
52.9608400000
52.9763100000
52.9911600000
53.0060300000
53.0214800000
53.0364000000
53.0515800000
53.0666200000
53.0820900000
53.0969800000
53.1120100000
53.1265500000
53.1421100000
53.1565700000
53.1719900000
53.1868500000
53.2015300000
53.2164600000
53.2314900000
53.2466600000
53.2619400000
53.2773900000
53.2921400000
53.3076100000
53.3225000000
53.3375200000
53.3524200000
53.3672000000
53.3822900000
53.3972700000
53.4120900000
53.4271800000
53.4425400000
53.4571500000
53.4721900000
53.4883500000
53.5033500000
53.5180300000
53.5331700000
53.5478800000
53.5634200000
53.5783200000
53.5934800000
53.6080600000
53.6231700000
53.6384200000
53.6535900000
53.6685500000
53.6837600000
53.6985500000
53.7132600000
53.7283100000
53.7430500000
53.7582900000
53.7732400000
53.7881000000
53.8030700000
53.8174200000
53.8327700000
53.8491600000
53.8650400000
53.8798500000
53.8945900000
53.9097800000
53.9244400000
53.9386600000
53.9540300000
53.9693300000
53.9844600000
53.9994000000
54.0148700000
54.0299600000
54.0452000000
54.0603600000
54.0749600000
54.0891500000
54.1045300000
54.1192100000
54.1336900000
54.1487000000
54.1635200000
54.1779600000
54.1929600000
54.2077700000
54.2229000000
54.2377900000
54.2531300000
54.2685500000
54.2835400000
54.2981000000
54.3129900000
54.3275200000
54.3429900000
54.3579200000
54.3728500000
54.3876300000
54.4030200000
54.4182200000
54.4335600000
54.4484300000
54.4633500000
54.4782300000
54.4931300000
54.5088100000
54.5235400000
54.5387800000
54.5539100000
54.5690700000
54.5841700000
54.5992200000
54.6148700000
54.6303700000
54.6452000000
54.6607900000
54.6760400000
54.6911100000
54.7059700000
54.7221700000
54.7376900000
54.7528500000
54.7674800000
54.7824400000
54.7974900000
54.8125100000
54.8275400000
54.8427200000
54.8577000000
54.8722800000
54.8884800000
54.9033400000
54.9183000000
54.9330200000
54.9482700000
54.9635900000
54.9785400000
54.9936800000
55.0088300000
55.0235600000
55.0388500000
55.0541500000
55.0694900000
55.0850400000
55.1003200000
55.1150600000
55.1302900000
55.1456100000
55.1611800000
55.1762300000
55.1917000000
55.2068300000
55.2217900000
55.2370200000
55.2530900000
55.2678600000
55.2834900000
55.2985000000
55.3133500000
55.3280900000
55.3435200000
55.3588600000
55.3736300000
55.3887400000
55.4041100000
55.4189500000
55.4341600000
55.4492300000
55.4641700000
55.4797000000
55.4948500000
55.5096300000
55.5245200000
55.5391900000
55.5547100000
55.5703400000
55.5853800000
55.6006000000
55.6151500000
55.6297100000
55.6447300000
55.6599800000
55.6742100000
55.6892000000
55.7045100000
55.7187800000
55.7339500000
55.7488200000
55.7640200000
55.7796000000
55.7941400000
55.8098400000
55.8253100000
55.8400000000
55.8551100000
55.8706700000
55.8855900000
55.9003800000
55.9161100000
55.9310000000
55.9463400000
55.9623500000
55.9777300000
55.9923900000
56.0073500000
56.0226100000
56.0378700000
56.0531900000
56.0687100000
56.0839300000
56.0987200000
56.1139400000
56.1291700000
56.1440100000
56.1598400000
56.1741100000
56.1889800000
56.2040800000
56.2192100000
56.2347800000
56.2498300000
56.2653700000
56.2804000000
56.2952500000
56.3102300000
56.3254900000
56.3408400000
56.3560400000
56.3711400000
56.3873600000
56.4033000000
56.4192500000
56.4351500000
56.4510500000
56.4666500000
56.4823200000
56.4974000000
56.5124200000
56.5278300000
56.5430200000
56.5605300000
56.5750500000
56.5897700000
56.6047700000
56.6197400000
56.6350500000
56.6509700000
56.6671600000
56.6827800000
56.6985900000
56.7140100000
56.7297300000
56.7454800000
56.7604400000
56.7755700000
56.7905000000
56.8064300000
56.8208200000
56.8366200000
56.8525100000
56.8681600000
56.8835200000
56.8995300000
56.9141200000
56.9288300000
56.9437600000
56.9591100000
56.9747500000
56.9908700000
57.0067900000
57.0225600000
57.0377200000
57.0529600000
57.0687900000
57.0839500000
57.0996700000
57.1145000000
57.1298800000
57.1460900000
57.1619700000
57.1771000000
57.1920800000
57.2070200000
57.2221600000
57.2379800000
57.2528900000
57.2686300000
57.2840700000
57.2985000000
57.3138900000
57.3296500000
57.3454800000
57.3616400000
57.3768800000
57.3925000000
57.4094700000
57.4258100000
57.4423300000
57.4578800000
57.4732800000
57.4887100000
57.5036900000
57.5190300000
57.5341900000
57.5499900000
57.5654400000
57.5813600000
57.5970500000
57.6118500000
57.6268800000
57.6425300000
57.6584300000
57.6740500000
57.6896800000
57.7052700000
57.7210400000
57.7367800000
57.7518800000
57.7678700000
57.7835800000
57.7986100000
57.8136300000
57.8292400000
57.8450900000
57.8615700000
57.8767000000
57.8917600000
57.9075400000
57.9230500000
57.9384900000
57.9538300000
57.9700600000
57.9861600000
58.0018000000
58.0171200000
58.0320700000
58.0477700000
58.0641600000
58.0790900000
58.0947200000
58.1101700000
58.1258900000
58.1418500000
58.1571400000
58.1728000000
58.1880000000
58.2037800000
58.2192500000
58.2350700000
58.2503700000
58.2665700000
58.2820400000
58.2976500000
58.3132100000
58.3285100000
58.3435200000
58.3599200000
58.3755700000
58.3914700000
58.4065700000
58.4225500000
58.4394100000
58.4548600000
58.4705500000
58.4862900000
58.5023600000
58.5183900000
58.5333000000
58.5492400000
58.5647800000
58.5802600000
58.5962400000
58.6120200000
58.6280700000
58.6442100000
58.6604200000
58.6755800000
58.6915700000
58.7078700000
58.7239500000
58.7399600000
58.7556700000
58.7710100000
58.7866900000
58.8029500000
58.8182900000
58.8332500000
58.8487800000
58.8644700000
58.8802600000
58.8959800000
58.9113800000
58.9274800000
58.9431500000
58.9595300000
58.9751500000
58.9917300000
59.0077200000
59.0234700000
59.0392500000
59.0537300000
59.0699700000
59.0855900000
59.1011100000
59.1177300000
59.1333300000
59.1487000000
59.1643000000
59.1793200000
59.1951300000
59.2105800000
59.2263800000
59.2428500000
59.2593600000
59.2750900000
59.2909100000
59.3068500000
59.3228100000
59.3387100000
59.3540100000
59.3699500000
59.3859100000
59.4018400000
59.4173700000
59.4323200000
59.4478200000
59.4651100000
59.4808700000
59.4966500000
59.5122900000
59.5283100000
59.5438300000
59.5604400000
59.5760000000
59.5919100000
114.2701000000
114.2875000000
114.2998000000
114.3096000000
114.3197000000
114.3293000000
114.3393000000
114.3494000000
114.3598000000
114.3705000000
114.3814000000
114.3929000000
114.4038000000
114.4148000000
114.4261000000
114.4369000000
114.4482000000
114.4592000000
114.4703000000
114.4817000000
114.4924000000
114.5040000000
114.5147000000
114.5257000000
114.5369000000
114.5479000000
114.5591000000
114.5702000000
114.5814000000
114.5926000000
114.6038000000
114.6147000000
114.6259000000
114.6368000000
114.6479000000
114.6593000000
114.6702000000
114.6814000000
114.6924000000
114.7038000000
114.7146000000
114.7257000000
114.7369000000
114.7482000000
114.7597000000
114.7712000000
114.7826000000
114.7940000000
114.8056000000
114.8169000000
114.8284000000
114.8398000000
114.8512000000
114.8626000000
114.8744000000
114.8856000000
114.8971000000
114.9085000000
114.9195000000
114.9307000000
114.9417000000
114.9529000000
114.9640000000
114.9750000000
114.9862000000
114.9973000000
115.0084000000
115.0197000000
115.0306000000
115.0417000000
115.0531000000
115.0640000000
115.0750000000
115.0869000000
115.0973000000
115.1083000000
115.1194000000
115.1308000000
115.1417000000
115.1528000000
115.1638000000
115.1749000000
115.1861000000
115.1972000000
115.2084000000
115.2194000000
115.2306000000
115.2436000000
115.2546000000
115.2657000000
115.2758000000
115.2860000000
115.2972000000
115.3083000000
115.3193000000
115.3304000000
115.3415000000
115.3531000000
115.3639000000
115.3748000000
115.3860000000
115.3979000000
115.4103000000
115.4214000000
115.4331000000
115.4430000000
115.4532000000
115.4632000000
115.4726000000
115.4838000000
115.4949000000
115.5060000000
115.5172000000
115.5282000000
115.5393000000
115.5505000000
115.5618000000
115.5729000000
115.5840000000
115.5970000000
115.6072000000
115.6172000000
115.6284000000
115.6408000000
115.6528000000
115.6654000000
115.6780000000
115.6876000000
115.6976000000
115.7080000000
115.7181000000
115.7284000000
115.7384000000
115.7509000000
115.7628000000
115.7734000000
115.7839000000
115.7955000000
115.8053000000
115.8162000000
115.8269000000
115.8382000000
115.8490000000
115.8613000000
115.8711000000
115.8824000000
115.8934000000
115.9046000000
115.9156000000
115.9267000000
115.9378000000
115.9489000000
115.9600000000
115.9711000000
115.9822000000
115.9935000000
116.0045000000
116.0155000000
116.0267000000
116.0384000000
116.0492000000
116.0605000000
116.0718000000
116.0831000000
116.0946000000
116.1057000000
116.1170000000
116.1283000000
116.1396000000
116.1510000000
116.1623000000
116.1735000000
116.1849000000
116.1963000000
116.2076000000
116.2187000000
116.2300000000
116.2411000000
116.2522000000
116.2633000000
116.2744000000
116.2856000000
116.2966000000
116.3080000000
116.3189000000
116.3299000000
116.3410000000
116.3521000000
116.3632000000
116.3745000000
116.3859000000
116.3966000000
116.4077000000
116.4189000000
116.4299000000
116.4412000000
116.4520000000
116.4632000000
116.4743000000
116.4854000000
116.4966000000
116.5077000000
116.5189000000
116.5299000000
116.5409000000
116.5521000000
116.5631000000
116.5742000000
116.5853000000
116.5965000000
116.6076000000
116.6188000000
116.6297000000
116.6410000000
116.6520000000
116.6631000000
116.6748000000
116.6853000000
116.6965000000
116.7075000000
116.7186000000
116.7297000000
116.7408000000
116.7521000000
116.7634000000
116.7743000000
116.7853000000
116.7965000000
116.8074000000
116.8187000000
116.8297000000
116.8408000000
116.8519000000
116.8631000000
116.8742000000
116.8852000000
116.8963000000
116.9074000000
116.9186000000
116.9298000000
116.9407000000
116.9519000000
116.9630000000
116.9742000000
116.9852000000
116.9963000000
117.0074000000
117.0185000000
117.0296000000
117.0407000000
117.0518000000
117.0629000000
117.0741000000
117.0855000000
117.0962000000
117.1073000000
117.1184000000
117.1295000000
117.1406000000
117.1517000000
117.1630000000
117.1739000000
117.1851000000
117.1964000000
117.2075000000
117.2184000000
117.2294000000
117.2408000000
117.2518000000
117.2628000000
117.2739000000
117.2850000000
117.2963000000
117.3073000000
117.3188000000
117.3294000000
117.3405000000
117.3519000000
117.3629000000
117.3739000000
117.3850000000
117.3964000000
117.4072000000
117.4184000000
117.4295000000
117.4404000000
117.4516000000
117.4626000000
117.4738000000
117.4850000000
117.4962000000
117.5072000000
117.5183000000
117.5296000000
117.5405000000
117.5516000000
117.5627000000
117.5738000000
117.5848000000
117.5961000000
117.6071000000
117.6183000000
117.6293000000
117.6405000000
117.6519000000
117.6626000000
117.6737000000
117.6847000000
117.6962000000
117.7071000000
117.7181000000
117.7292000000
117.7403000000
117.7516000000
117.7630000000
117.7737000000
117.7848000000
117.7962000000
117.8071000000
117.8180000000
117.8292000000
117.8405000000
117.8514000000
117.8627000000
117.8736000000
117.8846000000
117.8960000000
117.9069000000
117.9180000000
117.9292000000
117.9402000000
117.9515000000
117.9625000000
117.9737000000
117.9847000000
117.9961000000
118.0072000000
118.0182000000
118.0292000000
118.0402000000
118.0514000000
118.0628000000
118.0735000000
118.0848000000
118.0961000000
118.1069000000
118.1179000000
118.1291000000
118.1401000000
118.1513000000
118.1628000000
118.1736000000
118.1846000000
118.1961000000
118.2068000000
118.2179000000
118.2290000000
118.2401000000
118.2514000000
118.2623000000
118.2734000000
118.2844000000
118.2959000000
118.3068000000
118.3179000000
118.3290000000
118.3401000000
118.3514000000
118.3623000000
118.3733000000
118.3845000000
118.3958000000
118.4069000000
118.4178000000
118.4292000000
118.4400000000
118.4511000000
118.4622000000
118.4733000000
118.4846000000
118.4955000000
118.5070000000
118.5179000000
118.5288000000
118.5399000000
118.5522000000
118.5627000000
118.5738000000
118.5847000000
118.5957000000
118.6067000000
118.6177000000
118.6289000000
118.6402000000
118.6511000000
118.6621000000
118.6732000000
118.6844000000
118.6955000000
118.7066000000
118.7179000000
118.7287000000
118.7400000000
118.7509000000
118.7620000000
118.7731000000
118.7843000000
118.7954000000
118.8065000000
118.8176000000
118.8287000000
118.8399000000
118.8510000000
118.8619000000
118.8731000000
118.8842000000
118.8953000000
118.9064000000
118.9176000000
118.9287000000
118.9399000000
118.9511000000
118.9622000000
118.9731000000
118.9842000000
118.9952000000
119.0064000000
119.0177000000
119.0286000000
119.0397000000
119.0508000000
119.0619000000
119.0732000000
119.0841000000
119.0952000000
119.1065000000
119.1177000000
119.1285000000
119.1396000000
119.1510000000
119.1618000000
119.1730000000
119.1842000000
119.1951000000
119.2063000000
119.2174000000
119.2284000000
119.2396000000
119.2508000000
119.2620000000
119.2730000000
119.2841000000
119.2956000000
119.3062000000
119.3175000000
119.3285000000
119.3395000000
119.3507000000
119.3618000000
119.3730000000
119.3840000000
119.3951000000
119.4064000000
119.4177000000
119.4284000000
119.4395000000
119.4506000000
119.4617000000
119.4728000000
119.4839000000
119.4950000000
119.5061000000
119.5174000000
119.5283000000
119.5396000000
119.5505000000
119.5616000000
119.5729000000
119.5838000000
119.5951000000
119.6061000000
119.6173000000
119.6284000000
119.6396000000
119.6505000000
119.6616000000
119.6727000000
119.6838000000
119.6949000000
119.7060000000
119.7172000000
119.7283000000
119.7394000000
119.7504000000
119.7617000000
119.7727000000
119.7839000000
119.7948000000
119.8060000000
119.8171000000
119.8282000000
119.8393000000
119.8506000000
119.8616000000
119.8727000000
119.8838000000
119.8948000000
119.9064000000
119.9173000000
119.9282000000
119.9392000000
119.9504000000
119.9616000000
119.9726000000
119.9837000000
119.9948000000
120.0058000000
120.0170000000
120.0287000000
120.0399000000
120.0506000000
120.0615000000
120.0729000000
120.0838000000
120.0948000000
120.1059000000
120.1170000000
120.1280000000
120.1391000000
120.1502000000
120.1614000000
120.1724000000
120.1837000000
120.1948000000
120.2058000000
120.2169000000
120.2280000000
120.2391000000
120.2502000000
120.2613000000
120.2723000000
120.2840000000
120.2946000000
120.3057000000
120.3169000000
120.3279000000
120.3390000000
120.3502000000
120.3612000000
120.3724000000
120.3839000000
120.3948000000
120.4062000000
120.4175000000
120.4288000000
120.4402000000
120.4509000000
120.4618000000
120.4735000000
120.4847000000
120.4961000000
120.5075000000
120.5182000000
120.5294000000
120.5401000000
120.5510000000
120.5628000000
120.5742000000
120.5848000000
120.5958000000
120.6070000000
120.6183000000
120.6294000000
120.6409000000
120.6523000000
120.6630000000
120.6739000000
120.6846000000
120.6955000000
120.7063000000
120.7170000000
120.7274000000
120.7386000000
120.7489000000
120.7599000000
120.7711000000
120.7820000000
120.7930000000
120.8042000000
120.8151000000
120.8260000000
120.8370000000
120.8481000000
120.8589000000
120.8701000000
120.8811000000
120.8919000000
120.9033000000
120.9142000000
120.9253000000
120.9367000000
120.9476000000
120.9586000000
120.9698000000
120.9815000000
120.9920000000
121.0033000000
121.0141000000
121.0252000000
121.0364000000
121.0479000000
121.0590000000
121.0702000000
121.0815000000
121.0929000000
121.1043000000
121.1154000000
121.1267000000
121.1381000000
121.1493000000
121.1607000000
121.1721000000
121.1830000000
121.1945000000
121.2056000000
121.2164000000
121.2275000000
121.2386000000
121.2497000000
121.2610000000
121.2719000000
121.2831000000
121.2941000000
121.3053000000
121.3166000000
121.3276000000
121.3385000000
121.3496000000
121.3608000000
121.3720000000
121.3830000000
121.3942000000
121.4058000000
121.4170000000
121.4281000000
121.4390000000
121.4499000000
121.4610000000
121.4718000000
121.4831000000
121.4941000000
121.5052000000
121.5163000000
121.5273000000
121.5388000000
121.5498000000
121.5608000000
121.5719000000
121.5831000000
121.5943000000
121.6051000000
121.6164000000
121.6273000000
121.6384000000
121.6495000000
121.6610000000
121.6721000000
121.6831000000
121.6939000000
121.7055000000
121.7165000000
121.7274000000
121.7388000000
121.7502000000
121.7610000000
121.7716000000
121.7828000000
121.7939000000
121.8057000000
121.8172000000
121.8283000000
121.8393000000
121.8503000000
121.8610000000
121.8716000000
121.8828000000
121.8938000000
121.9052000000
121.9169000000
121.9274000000
121.9382000000
121.9493000000
121.9605000000
121.9720000000
121.9830000000
121.9939000000
122.0051000000
122.0161000000
122.0271000000
122.0383000000
122.0493000000
122.0606000000
122.0718000000
122.0826000000
122.0937000000
122.1050000000
122.1160000000
122.1273000000
122.1383000000
122.1494000000
122.1603000000
122.1715000000
122.1827000000
122.1936000000
122.2050000000
122.2163000000
122.2273000000
122.2381000000
122.2493000000
122.2605000000
122.2720000000
122.2831000000
122.2940000000
122.3049000000
122.3161000000
122.3272000000
122.3382000000
122.3492000000
122.3603000000
122.3717000000
122.3830000000
122.3942000000
122.4053000000
122.4162000000
122.4269000000
122.4380000000
122.4491000000
122.4602000000
122.4716000000
122.4829000000
122.4937000000
122.5048000000
122.5161000000
122.5273000000
122.5380000000
122.5490000000
122.5606000000
122.5714000000
122.5830000000
122.5944000000
122.6051000000
122.6161000000
122.6273000000
122.6387000000
122.6490000000
122.6601000000
122.6715000000
122.6827000000
122.6935000000
122.7047000000
122.7161000000
122.7273000000
122.7380000000
122.7499000000
122.7616000000
122.7727000000
122.7832000000
122.7943000000
122.8055000000
122.8165000000
122.8272000000
122.8384000000
122.8490000000
122.8602000000
122.8710000000
122.8826000000
122.8941000000
122.9051000000
122.9168000000
122.9275000000
122.9395000000
122.9502000000
122.9611000000
122.9711000000
122.9823000000
122.9940000000
123.0054000000
123.0162000000
123.0274000000
123.0391000000
123.0501000000
123.0617000000
123.0727000000
123.0835000000
123.0941000000
123.1056000000
123.1175000000
123.1289000000
123.1408000000
123.1528000000
123.1635000000
123.1744000000
123.1852000000
123.1962000000
123.2075000000
123.2187000000
123.2297000000
123.2407000000
123.2515000000
123.2625000000
123.2735000000
123.2844000000
123.2954000000
123.3064000000
123.3179000000
123.3290000000
123.3407000000
123.3522000000
123.3638000000
123.3755000000
123.3865000000
123.3973000000
123.4085000000
123.4204000000
123.4322000000
123.4431000000
123.4544000000
123.4657000000
123.4764000000
123.4867000000
123.4982000000
123.5094000000
123.5202000000
123.5314000000
123.5430000000
123.5543000000
123.5657000000
123.5774000000
123.5885000000
123.5995000000
123.6111000000
123.6226000000
123.6333000000
123.6442000000
123.6560000000
123.6672000000
123.6786000000
123.6895000000
123.7001000000
123.7113000000
123.7231000000
123.7344000000
123.7453000000
123.7566000000
123.7676000000
123.7785000000
123.7893000000
123.8008000000
123.8121000000
123.8229000000
123.8339000000
123.8457000000
123.8570000000
123.8679000000
123.8789000000
123.8898000000
123.9008000000
123.9128000000
123.9242000000
123.9353000000
123.9462000000
123.9572000000
123.9688000000
123.9803000000
123.9921000000
124.0034000000
124.0146000000
124.0256000000
124.0367000000
124.0477000000
124.0586000000
124.0695000000
124.0807000000
124.0923000000
124.1039000000
124.1150000000
124.1259000000
124.1365000000
124.1480000000
124.1595000000
124.1705000000
124.1824000000
124.1941000000
124.2059000000
124.2186000000
124.2300000000
124.2412000000
124.2525000000
124.2643000000
124.2756000000
124.2873000000
124.2986000000
124.3107000000
124.3224000000
124.3334000000
124.3443000000
124.3562000000
124.3679000000
124.3798000000
124.3902000000
124.4019000000
124.4139000000
124.4256000000
124.4375000000
124.4486000000
124.4604000000
124.4721000000
124.4833000000
124.4942000000
124.5059000000
124.5178000000
124.5284000000
124.5396000000
124.5507000000
124.5626000000
124.5741000000
124.5850000000
124.5970000000
124.6083000000
124.6201000000
124.6326000000
124.6435000000
124.6546000000
124.6651000000
124.6773000000
124.6882000000
124.7001000000
124.7116000000
124.7229000000
124.7349000000
124.7462000000
124.7577000000
124.7687000000
124.7798000000
124.7907000000
124.8014000000
124.8138000000
124.8252000000
124.8372000000
124.8488000000
124.8609000000
124.8723000000
124.8834000000
124.8951000000
124.9069000000
124.9185000000
124.9306000000
124.9423000000
124.9539000000
124.9659000000
124.9779000000
124.9888000000
125.0001000000
125.0118000000
125.0232000000
125.0354000000
125.0467000000
125.0586000000
125.0695000000
125.0815000000
125.0940000000
125.1054000000
125.1174000000
125.1286000000
125.1400000000
125.1520000000
125.1645000000
125.1760000000
125.1874000000
125.1988000000
125.2108000000
125.2233000000
125.2347000000
125.2465000000
125.2586000000
125.2700000000
125.2820000000
125.2939000000
125.3048000000
125.3169000000
125.3285000000
125.3402000000
125.3517000000
125.3634000000
125.3759000000
125.3873000000
125.3993000000
125.4113000000
125.4225000000
125.4346000000
125.4459000000
125.4577000000
125.4681000000
125.4801000000
125.4921000000
125.5042000000
125.5164000000
125.5281000000
125.5394000000
125.5506000000
125.5624000000
125.5740000000
125.5859000000
125.5979000000
125.6092000000
125.6207000000
125.6326000000
125.6438000000
125.6558000000
125.6678000000
125.6797000000
125.6918000000
125.7035000000
125.7159000000
125.7273000000
125.7386000000
125.7501000000
125.7623000000
125.7742000000
125.7858000000
125.7972000000
125.8092000000
125.8212000000
125.8331000000
125.8443000000
125.8560000000
125.8672000000
125.8790000000
125.8902000000
125.9021000000
125.9144000000
125.9265000000
125.9384000000
125.9497000000
125.9618000000
125.9739000000
125.9857000000
125.9974000000
126.0092000000
126.0215000000
126.0333000000
126.0448000000
126.0571000000
126.0686000000
126.0808000000
126.0927000000
126.1049000000
126.1166000000
126.1289000000
126.1408000000
126.1521000000
126.1644000000
126.1757000000
126.1879000000
126.1999000000
126.2118000000
126.2233000000
126.2350000000
126.2465000000
126.2581000000
126.2700000000
126.2819000000
126.2942000000
126.3062000000
126.3184000000
126.3297000000
126.3418000000
126.3535000000
126.3646000000
126.3767000000
126.3882000000
126.4004000000
126.4131000000
126.4261000000
126.4380000000
126.4498000000
126.4616000000
126.4739000000
126.4857000000
126.4977000000
126.5100000000
126.5217000000
126.5337000000
126.5451000000
126.5569000000
126.5688000000
126.5810000000
126.5928000000
126.6047000000
126.6171000000
126.6286000000
126.6406000000
126.6526000000
126.6648000000
126.6768000000
126.6882000000
126.7003000000
126.7122000000
126.7243000000
126.7360000000
126.7478000000
126.7596000000
126.7716000000
126.7836000000
126.7956000000
126.8070000000
126.8204000000
126.8321000000
126.8439000000
126.8558000000
126.8677000000
126.8797000000
126.8920000000
126.9042000000
126.9161000000
126.9282000000
126.9401000000
126.9518000000
126.9635000000
126.9752000000
126.9869000000
126.9993000000
127.0111000000
127.0232000000
127.0344000000
127.0461000000
127.0582000000
127.0698000000
127.0820000000
127.0940000000
127.1058000000
127.1175000000
127.1293000000
127.1418000000
127.1535000000
127.1653000000
127.1773000000
127.1888000000
127.2013000000
127.2132000000
127.2257000000
127.2376000000
127.2494000000
127.2616000000
127.2735000000
127.2848000000
127.2969000000
127.3088000000
127.3211000000
127.3328000000
127.3443000000
127.3561000000
127.3681000000
127.3800000000
127.3918000000
127.4033000000
127.4157000000
127.4281000000
127.4398000000
127.4521000000
127.4640000000
127.4758000000
127.4872000000
127.4991000000
127.5116000000
127.5238000000
127.5360000000
127.5478000000
127.5603000000
127.5729000000
127.5849000000
127.5966000000
127.6091000000
127.6214000000
127.6332000000
127.6449000000
127.6568000000
127.6691000000
127.6808000000
127.6930000000
127.7048000000
127.7174000000
127.7289000000
127.7406000000
127.7522000000
127.7642000000
127.7761000000
127.7881000000
127.8003000000
127.8120000000
127.8243000000
127.8360000000
127.8479000000
127.8598000000
127.8720000000
127.8840000000
127.8959000000
127.9082000000
127.9198000000
127.9319000000
127.9439000000
127.9557000000
127.9671000000
127.9797000000
127.9918000000
128.0040000000
128.0164000000
128.0281000000
128.0398000000
128.0519000000
128.0639000000
128.0766000000
128.0884000000
128.1005000000
128.1129000000
128.1253000000
128.1378000000
128.1497000000
128.1615000000
128.1736000000
128.1858000000
128.1982000000
128.2105000000
128.2226000000
128.2354000000
128.2475000000
128.2588000000
128.2705000000
128.2827000000
128.2953000000
128.3070000000
128.3193000000
128.3320000000
128.3438000000
128.3556000000
128.3671000000
128.3791000000
128.3906000000
128.4029000000
128.4158000000
128.4271000000
128.4404000000
128.4526000000
128.4644000000
128.4769000000
128.4889000000
128.5015000000
128.5132000000
128.5253000000
128.5372000000
128.5493000000
128.5610000000
128.5732000000
128.5854000000
128.5971000000
128.6093000000
128.6215000000
128.6341000000
128.6464000000
128.6587000000
128.6711000000
128.6831000000
128.6950000000
128.7069000000
128.7193000000
128.7312000000
128.7431000000
128.7558000000
128.7677000000
128.7800000000
128.7916000000
128.8037000000
128.8156000000
128.8278000000
128.8391000000
128.8510000000
128.8627000000
128.8752000000
128.8874000000
128.8993000000
128.9111000000
128.9235000000
128.9358000000
128.9482000000
128.9610000000
128.9726000000
128.9848000000
128.9971000000
129.0091000000
129.0212000000
129.0331000000
129.0450000000
129.0571000000
129.0695000000
129.0816000000
129.0935000000
129.1053000000
129.1172000000
129.1288000000
129.1410000000
129.1527000000
129.1652000000
129.1771000000
129.1889000000
129.2018000000
129.2140000000
129.2261000000
129.2384000000
129.2502000000
129.2630000000
129.2753000000
129.2872000000
129.2991000000
129.3111000000
129.3234000000
129.3351000000
129.3474000000
129.3593000000
129.3714000000
129.3832000000
129.3948000000
129.4068000000
129.4189000000
129.4317000000
129.4437000000
129.4554000000
129.4674000000
129.4794000000
129.4913000000
129.5034000000
129.5154000000
129.5275000000
129.5399000000
129.5517000000
129.5639000000
129.5762000000
129.5878000000
129.6005000000
129.6126000000
129.6246000000
129.6373000000
129.6494000000
129.6612000000
129.6738000000
129.6863000000
129.6983000000
129.7109000000
129.7239000000
129.7366000000
129.7485000000
129.7614000000
129.7737000000
129.7854000000
129.7975000000
129.8103000000
129.8230000000
129.8356000000
129.8478000000
129.8609000000
129.8739000000
129.8864000000
129.8985000000
129.9107000000
129.9229000000
129.9354000000
129.9475000000
129.9593000000
129.9718000000
129.9839000000
129.9963000000
130.0082000000
130.0207000000
130.0333000000
130.0454000000
130.0581000000
130.0701000000
130.0826000000
130.0949000000
130.1068000000
130.1189000000
130.1316000000
130.1442000000
130.1568000000
130.1694000000
130.1819000000
130.1947000000
130.2071000000
130.2203000000
130.2325000000
130.2443000000
130.2561000000
130.2682000000
130.2805000000
130.2932000000
130.3054000000
130.3174000000
130.3292000000
130.3416000000
130.3544000000
130.3664000000
130.3784000000
130.3906000000
130.4027000000
130.4147000000
130.4299000000
130.4420000000
130.4548000000
130.4671000000
130.4795000000
130.4916000000
130.5045000000
130.5173000000
130.5294000000
130.5424000000
130.5552000000
130.5670000000
130.5795000000
130.5915000000
130.6044000000
130.6173000000
130.6293000000
130.6415000000
130.6536000000
130.6658000000
130.6778000000
130.6897000000
130.7025000000
130.7153000000
130.7276000000
130.7404000000
130.7523000000
130.7645000000
130.7773000000
130.7893000000
130.8013000000
130.8134000000
130.8250000000
130.8372000000
130.8496000000
130.8618000000
130.8746000000
130.8873000000
130.9000000000
130.9125000000
130.9254000000
130.9379000000
130.9498000000
130.9629000000
130.9760000000
130.9881000000
131.0003000000
131.0123000000
131.0249000000
131.0378000000
131.0497000000
131.0616000000
131.0737000000
131.0858000000
131.0988000000
131.1107000000
131.1229000000
131.1358000000
131.1479000000
131.1607000000
131.1737000000
131.1864000000
131.1987000000
131.2106000000
131.2233000000
131.2360000000
131.2486000000
131.2614000000
131.2740000000
131.2867000000
131.2997000000
131.3128000000
131.3260000000
131.3386000000
131.3510000000
131.3637000000
131.3773000000
131.3894000000
131.4028000000
131.4152000000
131.4278000000
131.4397000000
131.4527000000
131.4627000000
131.4730000000
131.4839000000
131.4951000000
131.5063000000
131.5176000000
131.5284000000
131.5396000000
131.5510000000
131.5617000000
131.5730000000
131.5839000000
131.5952000000
131.6061000000
131.6176000000
131.6283000000
131.6397000000
131.6507000000
131.6617000000
131.6728000000
131.6840000000
131.6950000000
131.7060000000
131.7172000000
131.7285000000
131.7394000000
131.7509000000
131.7618000000
131.7727000000
131.7840000000
131.7949000000
131.8061000000
131.8171000000
131.8283000000
131.8397000000
131.8506000000
131.8616000000
131.8730000000
131.8837000000
131.8949000000
131.9061000000
131.9174000000
131.9290000000
131.9405000000
131.9519000000
131.9634000000
131.9748000000
131.9863000000
131.9978000000
132.0092000000
132.0208000000
132.0321000000
132.0438000000
132.0552000000
132.0668000000
132.0779000000
132.0888000000
132.0999000000
132.1110000000
132.1221000000
132.1332000000
132.1451000000
132.1553000000
132.1666000000
132.1775000000
132.1887000000
132.1999000000
132.2111000000
132.2221000000
132.2331000000
132.2442000000
132.2555000000
132.2670000000
132.2775000000
132.2887000000
132.2997000000
132.3112000000
132.3220000000
132.3332000000
132.3443000000
132.3553000000
132.3666000000
132.3776000000
132.3887000000
132.3998000000
132.4109000000
132.4219000000
132.4330000000
132.4452000000
132.4552000000
132.4664000000
132.4776000000
132.4887000000
132.4996000000
132.5108000000
132.5220000000
132.5331000000
132.5441000000
132.5552000000
132.5663000000
132.5774000000
132.5887000000
132.5998000000
132.6110000000
132.6219000000
132.6330000000
132.6440000000
132.6551000000
132.6663000000
132.6774000000
132.6886000000
132.6997000000
132.7106000000
132.7218000000
132.7331000000
132.7439000000
132.7551000000
132.7663000000
132.7773000000
132.7884000000
132.7997000000
132.8107000000
132.8217000000
132.8328000000
132.8441000000
132.8551000000
132.8661000000
132.8772000000
132.8883000000
132.8995000000
132.9106000000
132.9218000000
132.9329000000
132.9439000000
132.9550000000
132.9661000000
132.9772000000
132.9883000000
132.9996000000
133.0105000000
133.0217000000
133.0329000000
133.0438000000
133.0549000000
133.0662000000
133.0772000000
133.0883000000
133.0996000000
133.1104000000
133.1219000000
133.1327000000
133.1441000000
133.1550000000
133.1659000000
133.1772000000
133.1882000000
133.1995000000
133.2104000000
133.2215000000
133.2326000000
133.2438000000
133.2550000000
133.2659000000
133.2770000000
133.2881000000
133.2993000000
133.3105000000
133.3214000000
133.3326000000
133.3437000000
133.3549000000
133.3661000000
133.3771000000
133.3882000000
133.3992000000
133.4103000000
133.4216000000
133.4328000000
133.4436000000
133.4547000000
133.4660000000
133.4772000000
133.4881000000
133.4993000000
133.5102000000
133.5215000000
133.5325000000
133.5437000000
133.5547000000
133.5659000000
133.5769000000
133.5883000000
133.5991000000
133.6103000000
133.6215000000
133.6324000000
133.6436000000
133.6546000000
133.6657000000
133.6768000000
133.6881000000
133.6993000000
133.7101000000
133.7213000000
133.7324000000
133.7435000000
133.7546000000
133.7661000000
133.7769000000
133.7879000000
133.7990000000
133.8102000000
133.8212000000
133.8328000000
133.8436000000
133.8545000000
133.8657000000
133.8767000000
133.8879000000
133.8990000000
133.9101000000
133.9213000000
133.9325000000
133.9434000000
133.9545000000
133.9655000000
133.9770000000
133.9880000000
133.9989000000
134.0100000000
134.0212000000
134.0324000000
134.0433000000
134.0547000000
134.0655000000
134.0767000000
134.0879000000
134.0988000000
134.1099000000
134.1211000000
134.1322000000
134.1434000000
134.1546000000
134.1655000000
134.1766000000
134.1879000000
134.1989000000
134.2099000000
134.2210000000
134.2322000000
134.2434000000
134.2545000000
134.2659000000
134.2765000000
134.2877000000
134.2988000000
134.3102000000
134.3210000000
134.3322000000
134.3432000000
134.3543000000
134.3657000000
134.3766000000
134.3877000000
134.3988000000
134.4099000000
134.4210000000
134.4322000000
134.4431000000
134.4542000000
134.4661000000
134.4765000000
134.4878000000
134.4989000000
134.5098000000
134.5212000000
134.5321000000
134.5431000000
134.5544000000
134.5653000000
134.5766000000
134.5876000000
134.5986000000
134.6097000000
134.6208000000
134.6321000000
134.6432000000
134.6541000000
134.6652000000
134.6765000000
134.6882000000
134.6985000000
134.7099000000
134.7207000000
134.7323000000
134.7430000000
134.7542000000
134.7652000000
134.7763000000
134.7874000000
134.7986000000
134.8096000000
134.8207000000
134.8322000000
134.8429000000
134.8542000000
134.8654000000
134.8763000000
134.8874000000
134.8990000000
134.9095000000
134.9206000000
134.9321000000
134.9429000000
134.9540000000
134.9652000000
134.9762000000
134.9873000000
134.9984000000
135.0096000000
135.0208000000
135.0320000000
135.0428000000
135.0539000000
135.0650000000
135.0762000000
135.0872000000
135.0984000000
135.1094000000
135.1207000000
135.1318000000
135.1428000000
135.1540000000
135.1650000000
135.1762000000
135.1872000000
135.1984000000
135.2094000000
135.2205000000
135.2323000000
135.2427000000
135.2538000000
135.2650000000
135.2762000000
135.2872000000
135.2984000000
135.3093000000
135.3204000000
135.3318000000
135.3428000000
135.3538000000
135.3649000000
135.3761000000
135.3872000000
135.3983000000
135.4094000000
135.4206000000
135.4318000000
135.4431000000
135.4537000000
135.4649000000
135.4760000000
135.4872000000
135.4983000000
135.5093000000
135.5205000000
135.5317000000
135.5426000000
135.5538000000
135.5650000000
135.5760000000
135.5870000000
135.5983000000
135.6092000000
135.6203000000
135.6315000000
135.6427000000
135.6537000000
135.6649000000
135.6759000000
135.6870000000
135.6983000000
135.7092000000
135.7205000000
135.7314000000
135.7425000000
135.7536000000
135.7647000000
135.7759000000
135.7870000000
135.7982000000
135.8091000000
135.8202000000
135.8313000000
135.8424000000
135.8535000000
135.8646000000
135.8758000000
135.8872000000
135.8986000000
135.9090000000
135.9203000000
135.9314000000
135.9424000000
135.9536000000
135.9646000000
135.9758000000
135.9868000000
135.9982000000
136.0090000000
136.0200000000
136.0314000000
136.0423000000
136.0534000000
136.0645000000
136.0756000000
136.0870000000
136.0978000000
136.1091000000
136.1203000000
136.1313000000
136.1429000000
136.1534000000
136.1645000000
136.1759000000
136.1866000000
136.1978000000
136.2088000000
136.2202000000
136.2311000000
136.2422000000
136.2533000000
136.2646000000
136.2755000000
136.2867000000
136.2978000000
136.3089000000
136.3199000000
136.3313000000
136.3422000000
136.3533000000
136.3645000000
136.3755000000
136.3867000000
136.3977000000
136.4089000000
136.4201000000
136.4310000000
136.4423000000
136.4551000000
136.4681000000
136.4810000000
136.4933000000
136.5062000000
136.5193000000
136.5323000000
136.5453000000
136.5582000000
136.5712000000
136.5839000000
136.5965000000
136.6084000000
136.6215000000
136.6345000000
136.6471000000
136.6600000000
136.6726000000
136.6856000000
136.6986000000
136.7121000000
136.7254000000
136.7383000000
136.7514000000
136.7643000000
136.7775000000
136.7906000000
136.8036000000
136.8164000000
136.8299000000
136.8433000000
136.8554000000
136.8680000000
136.8811000000
136.8935000000
136.9065000000
136.9192000000
136.9319000000
136.9446000000
136.9574000000
136.9702000000
136.9832000000
136.9958000000
137.0084000000
137.0210000000
137.0337000000
137.0466000000
137.0593000000
137.0716000000
137.0846000000
137.0976000000
137.1112000000
137.1235000000
137.1367000000
137.1491000000
137.1622000000
137.1750000000
137.1876000000
137.2008000000
137.2138000000
137.2267000000
137.2401000000
137.2532000000
137.2662000000
137.2790000000
137.2918000000
137.3049000000
137.3177000000
137.3295000000
137.3421000000
137.3550000000
137.3681000000
137.3811000000
137.3940000000
137.4068000000
137.4197000000
137.4330000000
137.4460000000
137.4590000000
137.4719000000
137.4848000000
137.4978000000
137.5105000000
137.5231000000
137.5361000000
137.5492000000
137.5620000000
137.5751000000
137.5879000000
137.6001000000
137.6140000000
137.6268000000
137.6401000000
137.6529000000
137.6659000000
137.6789000000
137.6919000000
137.7048000000
137.7178000000
137.7300000000
137.7434000000
137.7560000000
137.7689000000
137.7820000000
137.7949000000
137.8076000000
137.8203000000
137.8340000000
137.8469000000
137.8598000000
137.8729000000
137.8859000000
137.8988000000
137.9115000000
137.9251000000
137.9384000000
137.9509000000
137.9640000000
137.9770000000
137.9901000000
138.0034000000
138.0159000000
138.0287000000
138.0419000000
138.0550000000
138.0681000000
138.0810000000
138.0944000000
138.1071000000
138.1202000000
138.1335000000
138.1463000000
138.1592000000
138.1727000000
138.1858000000
138.1990000000
138.2118000000
138.2246000000
138.2385000000
138.2509000000
138.2640000000
138.2770000000
138.2900000000
138.3031000000
138.3160000000
138.3289000000
138.3424000000
138.3562000000
138.3690000000
138.3820000000
138.3950000000
138.4085000000
138.4220000000
138.4353000000
138.4496000000
138.4634000000
138.4772000000
138.4901000000
138.5025000000
138.5157000000
138.5286000000
138.5416000000
138.5554000000
138.5683000000
138.5812000000
138.5944000000
138.6075000000
138.6205000000
138.6334000000
138.6471000000
138.6610000000
138.6739000000
138.6877000000
138.7011000000
138.7140000000
138.7268000000
138.7394000000
138.7530000000
138.7663000000
138.7796000000
138.7932000000
138.8063000000
138.8199000000
138.8334000000
138.8472000000
138.8604000000
138.8738000000
138.8864000000
138.8998000000
138.9128000000
138.9264000000
138.9403000000
138.9541000000
138.9670000000
138.9809000000
138.9946000000
139.0082000000
139.0206000000
139.0338000000
139.0471000000
139.0608000000
139.0747000000
139.0883000000
139.1021000000
139.1159000000
139.1294000000
139.1435000000
139.1576000000
139.1705000000
139.1836000000
139.1975000000
139.2110000000
139.2242000000
139.2374000000
139.2504000000
139.2645000000
139.2783000000
139.2920000000
139.3049000000
139.3188000000
139.3318000000
139.3460000000
139.3601000000
139.3738000000
139.3870000000
139.4010000000
139.4152000000
139.4288000000
139.4428000000
139.4560000000
139.4700000000
139.4841000000
139.4977000000
139.5107000000
139.5245000000
139.5388000000
139.5529000000
139.5662000000
139.5797000000
139.5937000000
139.6076000000
139.6214000000
139.6344000000
139.6476000000
139.6614000000
139.6748000000
139.6885000000
139.7029000000
139.7166000000
139.7304000000
139.7440000000
139.7577000000
139.7708000000
139.7844000000
139.7983000000
139.8125000000
139.8261000000
139.8402000000
139.8540000000
139.8680000000
139.8817000000
139.8956000000
139.9097000000
139.9227000000
139.9366000000
139.9500000000
139.9638000000
139.9772000000
139.9909000000
140.0051000000
140.0190000000
140.0331000000
140.0468000000
140.0605000000
140.0745000000
140.0879000000
140.1015000000
140.1152000000
140.1293000000
140.1432000000
140.1575000000
140.1720000000
140.1852000000
140.1993000000
140.2132000000
140.2284000000
140.2413000000
140.2556000000
140.2697000000
140.2829000000
140.2970000000
140.3109000000
140.3249000000
140.3389000000
140.3527000000
140.3662000000
140.3800000000
140.3941000000
140.4080000000
140.4214000000
140.4356000000
140.4495000000
140.4632000000
140.4766000000
140.4904000000
140.5047000000
140.5182000000
140.5324000000
140.5466000000
140.5604000000
140.5742000000
140.5882000000
140.6020000000
140.6163000000
140.6301000000
140.6438000000
140.6579000000
140.6718000000
140.6853000000
140.6994000000
140.7131000000
140.7273000000
140.7411000000
140.7549000000
140.7689000000
140.7828000000
140.7967000000
140.8108000000
140.8249000000
140.8389000000
140.8531000000
140.8669000000
140.8808000000
140.8948000000
140.9090000000
140.9234000000
140.9370000000
140.9512000000
140.9650000000
140.9792000000
140.9926000000
141.0068000000
141.0209000000
141.0349000000
141.0491000000
141.0634000000
141.0776000000
141.0913000000
141.1052000000
141.1193000000
141.1328000000
141.1472000000
141.1608000000
141.1751000000
141.1891000000
141.2038000000
141.2177000000
141.2318000000
141.2462000000
141.2607000000
141.2753000000
141.2892000000
141.3032000000
141.3167000000
141.3306000000
141.3443000000
141.3588000000
141.3729000000
141.3875000000
141.4014000000
141.4159000000
141.4324000000
141.4465000000
141.4609000000
141.4747000000
141.4887000000
141.5023000000
141.5164000000
141.5311000000
141.5452000000
141.5592000000
141.5732000000
141.5873000000
141.6021000000
141.6159000000
141.6300000000
141.6438000000
141.6579000000
141.6719000000
141.6864000000
141.7006000000
141.7156000000
141.7302000000
141.7440000000
141.7580000000
141.7720000000
141.7866000000
141.8001000000
141.8142000000
141.8280000000
141.8421000000
141.8563000000
141.8703000000
141.8841000000
141.8979000000
141.9123000000
141.9270000000
141.9412000000
141.9557000000
141.9694000000
141.9835000000
141.9975000000
142.0114000000
142.0254000000
142.0396000000
142.0536000000
142.0676000000
142.0817000000
142.0957000000
142.1096000000
142.1241000000
142.1381000000
142.1518000000
142.1665000000
142.1812000000
142.1951000000
142.2092000000
142.2232000000
142.2371000000
142.2513000000
142.2652000000
142.2788000000
142.2925000000
142.3070000000
142.3211000000
142.3351000000
142.3493000000
142.3632000000
142.3772000000
142.3912000000
142.4054000000
142.4193000000
142.4333000000
142.4471000000
142.4612000000
142.4754000000
142.4894000000
142.5032000000
142.5174000000
142.5315000000
142.5463000000
142.5609000000
142.5757000000
142.5896000000
142.6044000000
142.6184000000
142.6325000000
142.6463000000
142.6598000000
142.6742000000
142.6880000000
142.7028000000
142.7174000000
142.7307000000
142.7449000000
142.7593000000
142.7733000000
142.7872000000
142.8012000000
142.8154000000
142.8295000000
142.8443000000
142.8590000000
142.8736000000
142.8881000000
142.9024000000
142.9173000000
142.9315000000
142.9458000000
142.9606000000
142.9745000000
142.9888000000
143.0031000000
143.0177000000
143.0311000000
143.0452000000
143.0596000000
143.0742000000
143.0883000000
143.1031000000
143.1178000000
143.1314000000
143.1457000000
143.1603000000
143.1748000000
143.1896000000
143.2044000000
143.2185000000
143.2325000000
143.2479000000
143.2623000000
143.2763000000
143.2902000000
143.3046000000
143.3186000000
143.3327000000
143.3475000000
143.3610000000
143.3753000000
143.3892000000
143.4032000000
143.4174000000
143.4313000000
143.4453000000
143.4597000000
143.4743000000
143.4890000000
143.5034000000
143.5177000000
143.5323000000
143.5462000000
143.5608000000
143.5760000000
143.5908000000
143.6051000000
143.6200000000
143.6341000000
143.6486000000
143.6626000000
143.6769000000
143.6910000000
143.7059000000
143.7199000000
143.7333000000
143.7477000000
143.7622000000
143.7770000000
143.7910000000
143.8050000000
143.8190000000
143.8329000000
143.8469000000
143.8614000000
143.8753000000
143.8897000000
143.9043000000
143.9193000000
143.9332000000
143.9473000000
143.9620000000
143.9767000000
143.9914000000
144.0059000000
144.0210000000
144.0354000000
144.0494000000
144.0647000000
144.0792000000
144.0938000000
144.1081000000
144.1233000000
144.1380000000
144.1532000000
144.1674000000
144.1814000000
144.1963000000
144.2104000000
144.2253000000
144.2400000000
144.2550000000
144.2696000000
144.2845000000
144.2985000000
144.3125000000
144.3273000000
144.3412000000
144.3555000000
144.3690000000
144.3839000000
144.3990000000
144.4128000000
144.4277000000
144.4425000000
144.4579000000
144.4723000000
144.4864000000
144.5015000000
144.5159000000
144.5300000000
144.5447000000
144.5598000000
144.5747000000
144.5895000000
144.6045000000
144.6192000000
144.6340000000
144.6490000000
144.6640000000
144.6788000000
144.6930000000
144.7083000000
144.7228000000
144.7378000000
144.7522000000
144.7668000000
144.7817000000
144.7969000000
144.8116000000
144.8265000000
144.8406000000
144.8558000000
144.8702000000
144.8856000000
144.9001000000
144.9145000000
144.9284000000
144.9426000000
144.9580000000
144.9727000000
144.9878000000
145.0026000000
145.0164000000
145.0304000000
145.0448000000
145.0598000000
145.0746000000
145.0894000000
145.1045000000
145.1187000000
145.1335000000
145.1486000000
145.1637000000
145.1785000000
145.1926000000
145.2070000000
145.2219000000
145.2369000000
145.2515000000
145.2661000000
145.2811000000
145.2956000000
145.3104000000
145.3254000000
145.3403000000
145.3563000000
145.3714000000
145.3866000000
145.4010000000
145.4154000000
145.4311000000
145.4461000000
145.4621000000
145.4764000000
145.4918000000
145.5064000000
145.5211000000
145.5362000000
145.5519000000
145.5663000000
145.5817000000
145.5966000000
145.6114000000
145.6264000000
145.6413000000
145.6566000000
145.6716000000
145.6867000000
145.7014000000
145.7171000000
145.7320000000
145.7468000000
145.7614000000
145.7761000000
145.7912000000
145.8062000000
145.8215000000
145.8365000000
145.8509000000
145.8660000000
145.8810000000
145.8956000000
145.9102000000
145.9250000000
145.9401000000
145.9553000000
145.9704000000
145.9850000000
146.0000000000
146.0143000000
146.0288000000
146.0439000000
146.0590000000
146.0735000000
146.0881000000
146.1028000000
146.1175000000
146.1315000000
146.1468000000
146.1616000000
146.1771000000
146.1917000000
146.2069000000
146.2216000000
146.2367000000
146.2515000000
146.2666000000
146.2812000000
146.2956000000
146.3105000000
146.3252000000
146.3405000000
146.3555000000
146.3699000000
146.3850000000
146.3997000000
146.4148000000
146.4294000000
146.4438000000
146.4587000000
146.4734000000
146.4884000000
146.5035000000
146.5192000000
146.5337000000
146.5485000000
146.5643000000
146.5790000000
146.5940000000
146.6093000000
146.6243000000
146.6394000000
146.6536000000
146.6690000000
146.6838000000
146.6990000000
146.7138000000
146.7288000000
146.7436000000
146.7589000000
146.7751000000
146.7902000000
146.8054000000
146.8203000000
146.8356000000
146.8503000000
146.8652000000
146.8797000000
146.8947000000
146.9098000000
146.9249000000
146.9400000000
146.9549000000
146.9698000000
146.9847000000
146.9996000000
147.0148000000
147.0304000000
147.0459000000
147.0612000000
147.0757000000
147.0908000000
147.1054000000
147.1199000000
147.1351000000
147.1503000000
147.1651000000
147.1801000000
147.1949000000
147.2095000000
147.2241000000
147.2386000000
147.2530000000
147.2681000000
147.2832000000
147.2979000000
147.3126000000
147.3271000000
147.3421000000
147.3582000000
147.3729000000
147.3877000000
147.4023000000
147.4171000000
147.4318000000
147.4475000000
147.4628000000
147.4774000000
147.4924000000
147.5084000000
147.5239000000
147.5391000000
147.5540000000
147.5700000000
147.5854000000
147.6004000000
147.6153000000
147.6305000000
147.6458000000
147.6611000000
147.6763000000
147.6909000000
147.7059000000
147.7209000000
147.7362000000
147.7511000000
147.7660000000
147.7816000000
147.7961000000
147.8107000000
147.8257000000
147.8407000000
147.8550000000
147.8699000000
147.8853000000
147.9000000000
147.9148000000
147.9305000000
147.9459000000
147.9613000000
147.9761000000
147.9910000000
148.0058000000
148.0206000000
148.0358000000
148.0507000000
148.0657000000
148.0808000000
148.0960000000
148.1111000000
148.1257000000
148.1403000000
148.1555000000
148.1697000000
148.1849000000
148.1992000000
148.2140000000
148.2292000000
148.2438000000
148.2582000000
148.2727000000
148.2877000000
148.3026000000
148.3180000000
148.3330000000
148.3473000000
148.3621000000
148.3775000000
148.3921000000
148.4075000000
148.4230000000
148.4379000000
148.4527000000
148.4676000000
148.4830000000
148.4979000000
148.5115000000
148.5264000000
148.5420000000
148.5570000000
148.5723000000
148.5879000000
148.6035000000
148.6182000000
148.6327000000
148.6481000000
148.6637000000
148.6796000000
148.6943000000
148.7106000000
148.7260000000
148.7413000000
148.7564000000
148.7751000000
148.7904000000
148.8056000000
148.8200000000
148.8351000000
148.8501000000
148.8651000000
148.8802000000
148.8955000000
148.9104000000
148.9258000000
148.9410000000
148.9560000000
148.9709000000
148.9860000000
149.0004000000
149.0149000000
149.0299000000
149.0452000000
149.0599000000
149.0754000000
149.0910000000
149.1061000000
149.1210000000
149.1359000000
149.1514000000
149.1674000000
149.1822000000
149.1971000000
149.2122000000
149.2273000000
149.2420000000
149.2572000000
149.2721000000
149.2869000000
149.3027000000
149.3181000000
149.3330000000
149.3483000000
149.3637000000
149.3800000000
149.3953000000
149.4103000000
149.4249000000
149.4401000000
149.4551000000
149.4704000000
149.4852000000
149.5002000000
149.5155000000
149.5301000000
149.5450000000
149.5600000000
149.5764000000
149.5911000000
149.6068000000
149.6220000000
149.6370000000
149.6520000000
149.6675000000
149.6830000000
149.6987000000
149.7143000000
149.7291000000
149.7441000000
149.7596000000
149.7746000000
149.7903000000
149.8051000000
149.8198000000
149.8349000000
149.8499000000
149.8649000000
149.8805000000
149.8952000000
149.9106000000
149.9257000000
149.9411000000
149.9571000000
149.9731000000
149.9885000000
150.0047000000
150.0202000000
150.0356000000
150.0510000000
150.0665000000
150.0815000000
150.0966000000
150.1110000000
150.1259000000
150.1411000000
150.1561000000
150.1712000000
150.1867000000
150.2020000000
150.2172000000
150.2318000000
150.2471000000
150.2624000000
150.2773000000
150.2921000000
150.3071000000
150.3222000000
150.3367000000
150.3519000000
150.3673000000
150.3825000000
150.3974000000
150.4125000000
150.4281000000
150.4435000000
150.4582000000
150.4736000000
150.4891000000
150.5044000000
150.5194000000
150.5351000000
150.5508000000
150.5659000000
150.5809000000
150.5956000000
150.6105000000
150.6256000000
150.6416000000
150.6568000000
150.6723000000
150.6886000000
150.7038000000
150.7198000000
150.7352000000
150.7511000000
150.7669000000
150.7824000000
150.7977000000
150.8126000000
150.8285000000
150.8437000000
150.8595000000
150.8754000000
150.8902000000
150.9056000000
150.9213000000
150.9358000000
150.9510000000
150.9671000000
150.9823000000
150.9979000000
151.0131000000
151.0278000000
151.0433000000
151.0576000000
151.0737000000
151.0892000000
151.1042000000
151.1197000000
151.1349000000
151.1497000000
151.1655000000
151.1805000000
151.1952000000
151.2102000000
151.2252000000
151.2401000000
151.2556000000
151.2709000000
151.2874000000
151.3028000000
151.3183000000
151.3333000000
151.3485000000
151.3648000000
151.3809000000
151.3965000000
151.4121000000
151.4273000000
151.4424000000
151.4584000000
151.4734000000
151.4893000000
151.5051000000
151.5206000000
151.5363000000
151.5516000000
151.5667000000
151.5828000000
151.5989000000
151.6144000000
151.6304000000
151.6464000000
151.6619000000
151.6779000000
151.6928000000
151.7087000000
151.7247000000
151.7400000000
151.7559000000
151.7720000000
151.7873000000
151.8025000000
151.8174000000
151.8323000000
151.8478000000
151.8632000000
151.8786000000
151.8944000000
151.9094000000
151.9248000000
151.9404000000
151.9564000000
151.9717000000
151.9874000000
152.0034000000
152.0193000000
152.0343000000
152.0497000000
152.0657000000
152.0813000000
152.0965000000
152.1120000000
152.1273000000
152.1424000000
152.1578000000
152.1730000000
152.1890000000
152.2046000000
152.2199000000
152.2352000000
152.2503000000
152.2653000000
152.2805000000
152.2964000000
152.3114000000
152.3268000000
152.3421000000
152.3579000000
152.3742000000
152.3899000000
152.4050000000
152.4210000000
152.4359000000
152.4512000000
152.4666000000
152.4819000000
152.4977000000
152.5133000000
152.5292000000
152.5452000000
152.5610000000
152.5766000000
152.5926000000
152.6085000000
152.6243000000
152.6402000000
152.6560000000
152.6723000000
152.6879000000
152.7037000000
152.7195000000
152.7356000000
152.7514000000
152.7675000000
152.7837000000
152.7995000000
152.8147000000
152.8304000000
152.8464000000
152.8623000000
152.8778000000
152.8925000000
152.9079000000
152.9235000000
152.9391000000
152.9550000000
152.9706000000
152.9870000000
153.0026000000
153.0184000000
153.0334000000
153.0494000000
153.0654000000
153.0817000000
153.0972000000
153.1124000000
153.1288000000
153.1445000000
153.1595000000
153.1744000000
153.1900000000
153.2059000000
153.2219000000
153.2375000000
153.2524000000
153.2686000000
153.2844000000
153.3002000000
153.3163000000
153.3317000000
153.3469000000
153.3630000000
153.3789000000
153.3946000000
153.4104000000
153.4271000000
153.4431000000
153.4591000000
153.4753000000
153.4908000000
153.5067000000
153.5228000000
153.5393000000
153.5548000000
153.5708000000
153.5867000000
153.6024000000
153.6181000000
153.6341000000
153.6493000000
153.6658000000
153.6818000000
153.6978000000
153.7135000000
153.7291000000
153.7453000000
153.7611000000
153.7776000000
153.7932000000
153.8088000000
153.8246000000
153.8413000000
153.8566000000
153.8717000000
153.8891000000
153.9045000000
153.9207000000
153.9363000000
153.9517000000
