-1.0000000000
-1.0000000000
-1.0000000000
-1.0000000000
-1.0000000000
-1.0000000000
-1.0000000000
-1.0000000000
-1.0000000000
-1.0000000000
-1.0000000000
-1.0000000000
-1.0000000000
-1.0000000000
-1.0000000000
-1.0000000000
-1.0000000000
-1.0000000000
-1.0000000000
-1.0000000000
-1.0000000000
-1.0000000000
-1.0000000000
-1.0000000000
-1.0000000000
-1.0000000000
-1.0000000000
-1.0000000000
-1.0000000000
-1.0000000000
-1.0000000000
-1.0000000000
-1.0000000000
-1.0000000000
-1.0000000000
-1.0000000000
-1.0000000000
-1.0000000000
-1.0000000000
-1.0000000000
-1.0000000000
-1.0000000000
-1.0000000000
-1.0000000000
-1.0000000000
-1.0000000000
-1.0000000000
153.8022000000
153.8136000000
153.8251000000
153.8361000000
153.8475000000
153.8587000000
153.8700000000
153.8813000000
153.8926000000
153.9039000000
153.9149000000
153.9258000000
153.9371000000
153.9481000000
153.9598000000
153.9703000000
-1.0000000000
-1.0000000000
-1.0000000000
-1.0000000000
-1.0000000000
-1.0000000000
-1.0000000000
-1.0000000000
-1.0000000000
-1.0000000000
-1.0000000000
-1.0000000000
-1.0000000000
-1.0000000000
-1.0000000000
-1.0000000000
-1.0000000000
-1.0000000000
-1.0000000000
-1.0000000000
-1.0000000000
-1.0000000000
-1.0000000000
-1.0000000000
-1.0000000000
-1.0000000000
-1.0000000000
-1.0000000000
-1.0000000000
-1.0000000000
-1.0000000000
-1.0000000000
-1.0000000000
-1.0000000000
-1.0000000000
-1.0000000000
-1.0000000000
-1.0000000000
-1.0000000000
-1.0000000000
-1.0000000000
-1.0000000000
-1.0000000000
-1.0000000000
-1.0000000000
-1.0000000000
-1.0000000000
-1.0000000000
-1.0000000000
-1.0000000000
-1.0000000000
-1.0000000000
-1.0000000000
-1.0000000000
-1.0000000000
-1.0000000000
-1.0000000000
-1.0000000000
-1.0000000000
-1.0000000000
-1.0000000000
-1.0000000000
-1.0000000000
-1.0000000000
-1.0000000000
-1.0000000000
-1.0000000000
-1.0000000000
-1.0000000000
-1.0000000000
-1.0000000000
-1.0000000000
-1.0000000000
-1.0000000000
-1.0000000000
-1.0000000000
-1.0000000000
-1.0000000000
-1.0000000000
-1.0000000000
-1.0000000000
-1.0000000000
-1.0000000000
-1.0000000000
-1.0000000000
-1.0000000000
-1.0000000000
-1.0000000000
-1.0000000000
-1.0000000000
-1.0000000000
-1.0000000000
-1.0000000000
-1.0000000000
-1.0000000000
-1.0000000000
-1.0000000000
-1.0000000000
-1.0000000000
-1.0000000000
-1.0000000000
-1.0000000000
-1.0000000000
-1.0000000000
-1.0000000000
-1.0000000000
-1.0000000000
-1.0000000000
-1.0000000000
-1.0000000000
-1.0000000000
-1.0000000000
-1.0000000000
-1.0000000000
-1.0000000000
-1.0000000000
-1.0000000000
-1.0000000000
-1.0000000000
-1.0000000000
-1.0000000000
-1.0000000000
-1.0000000000
-1.0000000000
-1.0000000000
-1.0000000000
-1.0000000000
-1.0000000000
-1.0000000000
-1.0000000000
-1.0000000000
-1.0000000000
-1.0000000000
-1.0000000000
-1.0000000000
-1.0000000000
-1.0000000000
-1.0000000000
-1.0000000000
-1.0000000000
-1.0000000000
-1.0000000000
-1.0000000000
-1.0000000000
-1.0000000000
-1.0000000000
-1.0000000000
-1.0000000000
-1.0000000000
-1.0000000000
-1.0000000000
-1.0000000000
-1.0000000000
-1.0000000000
-1.0000000000
-1.0000000000
-1.0000000000
-1.0000000000
-1.0000000000
-1.0000000000
-1.0000000000
-1.0000000000
-1.0000000000
-1.0000000000
-1.0000000000
-1.0000000000
-1.0000000000
-1.0000000000
-1.0000000000
-1.0000000000
-1.0000000000
-1.0000000000
-1.0000000000
-1.0000000000
-1.0000000000
-1.0000000000
-1.0000000000
-1.0000000000
-1.0000000000
-1.0000000000
-1.0000000000
-1.0000000000
-1.0000000000
-1.0000000000
-1.0000000000
-1.0000000000
-1.0000000000
-1.0000000000
-1.0000000000
-1.0000000000
-1.0000000000
-1.0000000000
-1.0000000000
-1.0000000000
-1.0000000000
-1.0000000000
-1.0000000000
-1.0000000000
-1.0000000000
-1.0000000000
-1.0000000000
-1.0000000000
-1.0000000000
-1.0000000000
-1.0000000000
-1.0000000000
-1.0000000000
-1.0000000000
-1.0000000000
-1.0000000000
-1.0000000000
-1.0000000000
-1.0000000000
-1.0000000000
-1.0000000000
-1.0000000000
-1.0000000000
-1.0000000000
-1.0000000000
-1.0000000000
-1.0000000000
-1.0000000000
-1.0000000000
-1.0000000000
-1.0000000000
-1.0000000000
-1.0000000000
-1.0000000000
-1.0000000000
-1.0000000000
-1.0000000000
-1.0000000000
-1.0000000000
156.5689000000
156.5802000000
156.5912000000
156.6023000000
156.6134000000
156.6246000000
156.6356000000
156.6468000000
156.6578000000
156.6690000000
156.6801000000
156.6912000000
156.7023000000
156.7133000000
156.7246000000
-1.0000000000
-1.0000000000
-1.0000000000
-1.0000000000
-1.0000000000
-1.0000000000
-1.0000000000
-1.0000000000
-1.0000000000
-1.0000000000
-1.0000000000
-1.0000000000
-1.0000000000
-1.0000000000
-1.0000000000
-1.0000000000
-1.0000000000
-1.0000000000
-1.0000000000
-1.0000000000
-1.0000000000
-1.0000000000
-1.0000000000
-1.0000000000
-1.0000000000
-1.0000000000
-1.0000000000
-1.0000000000
-1.0000000000
-1.0000000000
-1.0000000000
-1.0000000000
-1.0000000000
-1.0000000000
-1.0000000000
-1.0000000000
-1.0000000000
-1.0000000000
-1.0000000000
-1.0000000000
-1.0000000000
-1.0000000000
-1.0000000000
-1.0000000000
-1.0000000000
157.2356000000
157.2464000000
157.2576000000
157.2688000000
157.2798000000
157.2911000000
157.3019000000
157.3137000000
157.3242000000
157.3352000000
157.3466000000
157.3575000000
157.3685000000
157.3797000000
157.3911000000
-1.0000000000
-1.0000000000
-1.0000000000
-1.0000000000
-1.0000000000
-1.0000000000
-1.0000000000
-1.0000000000
-1.0000000000
-1.0000000000
-1.0000000000
-1.0000000000
-1.0000000000
-1.0000000000
-1.0000000000
-1.0000000000
-1.0000000000
-1.0000000000
-1.0000000000
-1.0000000000
-1.0000000000
-1.0000000000
-1.0000000000
-1.0000000000
-1.0000000000
-1.0000000000
-1.0000000000
-1.0000000000
-1.0000000000
-1.0000000000
-1.0000000000
-1.0000000000
-1.0000000000
-1.0000000000
-1.0000000000
-1.0000000000
-1.0000000000
-1.0000000000
-1.0000000000
-1.0000000000
-1.0000000000
-1.0000000000
-1.0000000000
-1.0000000000
-1.0000000000
-1.0000000000
-1.0000000000
-1.0000000000
-1.0000000000
-1.0000000000
-1.0000000000
-1.0000000000
-1.0000000000
-1.0000000000
-1.0000000000
-1.0000000000
-1.0000000000
-1.0000000000
-1.0000000000
-1.0000000000
-1.0000000000
-1.0000000000
-1.0000000000
-1.0000000000
-1.0000000000
-1.0000000000
-1.0000000000
-1.0000000000
-1.0000000000
-1.0000000000
-1.0000000000
-1.0000000000
-1.0000000000
-1.0000000000
-1.0000000000
-1.0000000000
-1.0000000000
-1.0000000000
-1.0000000000
-1.0000000000
-1.0000000000
-1.0000000000
-1.0000000000
-1.0000000000
-1.0000000000
-1.0000000000
-1.0000000000
-1.0000000000
-1.0000000000
-1.0000000000
-1.0000000000
-1.0000000000
-1.0000000000
-1.0000000000
-1.0000000000
-1.0000000000
-1.0000000000
-1.0000000000
-1.0000000000
-1.0000000000
-1.0000000000
-1.0000000000
-1.0000000000
-1.0000000000
-1.0000000000
-1.0000000000
-1.0000000000
-1.0000000000
-1.0000000000
-1.0000000000
-1.0000000000
-1.0000000000
-1.0000000000
-1.0000000000
-1.0000000000
-1.0000000000
-1.0000000000
-1.0000000000
-1.0000000000
-1.0000000000
-1.0000000000
-1.0000000000
-1.0000000000
158.7680000000
158.7791000000
158.7906000000
158.8011000000
158.8123000000
158.8236000000
158.8345000000
158.8459000000
158.8567000000
158.8678000000
158.8790000000
158.8901000000
158.9012000000
158.9122000000
158.9234000000
-1.0000000000
-1.0000000000
-1.0000000000
-1.0000000000
-1.0000000000
-1.0000000000
-1.0000000000
-1.0000000000
-1.0000000000
-1.0000000000
-1.0000000000
-1.0000000000
-1.0000000000
-1.0000000000
-1.0000000000
-1.0000000000
-1.0000000000
-1.0000000000
-1.0000000000
-1.0000000000
-1.0000000000
-1.0000000000
-1.0000000000
-1.0000000000
-1.0000000000
-1.0000000000
-1.0000000000
-1.0000000000
-1.0000000000
-1.0000000000
-1.0000000000
-1.0000000000
-1.0000000000
-1.0000000000
-1.0000000000
-1.0000000000
-1.0000000000
-1.0000000000
-1.0000000000
-1.0000000000
-1.0000000000
-1.0000000000
-1.0000000000
-1.0000000000
-1.0000000000
-1.0000000000
-1.0000000000
-1.0000000000
-1.0000000000
-1.0000000000
-1.0000000000
-1.0000000000
-1.0000000000
-1.0000000000
-1.0000000000
-1.0000000000
-1.0000000000
-1.0000000000
-1.0000000000
-1.0000000000
-1.0000000000
-1.0000000000
-1.0000000000
-1.0000000000
-1.0000000000
-1.0000000000
-1.0000000000
-1.0000000000
-1.0000000000
-1.0000000000
-1.0000000000
-1.0000000000
-1.0000000000
-1.0000000000
-1.0000000000
-1.0000000000
-1.0000000000
-1.0000000000
-1.0000000000
-1.0000000000
-1.0000000000
-1.0000000000
-1.0000000000
-1.0000000000
-1.0000000000
-1.0000000000
-1.0000000000
-1.0000000000
-1.0000000000
-1.0000000000
-1.0000000000
-1.0000000000
-1.0000000000
-1.0000000000
-1.0000000000
-1.0000000000
-1.0000000000
-1.0000000000
-1.0000000000
-1.0000000000
-1.0000000000
-1.0000000000
-1.0000000000
-1.0000000000
-1.0000000000
-1.0000000000
-1.0000000000
-1.0000000000
-1.0000000000
-1.0000000000
-1.0000000000
-1.0000000000
-1.0000000000
-1.0000000000
-1.0000000000
-1.0000000000
-1.0000000000
-1.0000000000
-1.0000000000
-1.0000000000
-1.0000000000
-1.0000000000
-1.0000000000
-1.0000000000
-1.0000000000
-1.0000000000
-1.0000000000
-1.0000000000
-1.0000000000
-1.0000000000
-1.0000000000
-1.0000000000
-1.0000000000
-1.0000000000
-1.0000000000
160.4337000000
160.4449000000
160.4559000000
160.4670000000
160.4782000000
160.4892000000
160.5003000000
160.5114000000
160.5226000000
160.5337000000
160.5447000000
160.5560000000
160.5670000000
160.5781000000
160.5893000000
160.6002000000
160.6114000000
-1.0000000000
-1.0000000000
-1.0000000000
-1.0000000000
-1.0000000000
-1.0000000000
-1.0000000000
-1.0000000000
-1.0000000000
-1.0000000000
-1.0000000000
-1.0000000000
-1.0000000000
-1.0000000000
-1.0000000000
-1.0000000000
-1.0000000000
-1.0000000000
-1.0000000000
-1.0000000000
-1.0000000000
-1.0000000000
-1.0000000000
-1.0000000000
-1.0000000000
-1.0000000000
-1.0000000000
-1.0000000000
-1.0000000000
-1.0000000000
-1.0000000000
-1.0000000000
-1.0000000000
-1.0000000000
-1.0000000000
-1.0000000000
-1.0000000000
-1.0000000000
-1.0000000000
-1.0000000000
-1.0000000000
-1.0000000000
-1.0000000000
-1.0000000000
-1.0000000000
-1.0000000000
-1.0000000000
-1.0000000000
-1.0000000000
-1.0000000000
-1.0000000000
-1.0000000000
-1.0000000000
-1.0000000000
-1.0000000000
-1.0000000000
-1.0000000000
-1.0000000000
-1.0000000000
-1.0000000000
-1.0000000000
-1.0000000000
-1.0000000000
-1.0000000000
-1.0000000000
-1.0000000000
-1.0000000000
-1.0000000000
-1.0000000000
-1.0000000000
-1.0000000000
-1.0000000000
-1.0000000000
-1.0000000000
-1.0000000000
-1.0000000000
-1.0000000000
-1.0000000000
-1.0000000000
-1.0000000000
-1.0000000000
-1.0000000000
-1.0000000000
-1.0000000000
-1.0000000000
-1.0000000000
-1.0000000000
-1.0000000000
-1.0000000000
-1.0000000000
-1.0000000000
-1.0000000000
-1.0000000000
-1.0000000000
-1.0000000000
-1.0000000000
-1.0000000000
-1.0000000000
-1.0000000000
-1.0000000000
-1.0000000000
-1.0000000000
-1.0000000000
-1.0000000000
-1.0000000000
-1.0000000000
-1.0000000000
-1.0000000000
-1.0000000000
-1.0000000000
-1.0000000000
-1.0000000000
-1.0000000000
-1.0000000000
-1.0000000000
-1.0000000000
-1.0000000000
-1.0000000000
-1.0000000000
-1.0000000000
-1.0000000000
-1.0000000000
-1.0000000000
-1.0000000000
-1.0000000000
-1.0000000000
-1.0000000000
-1.0000000000
-1.0000000000
-1.0000000000
-1.0000000000
-1.0000000000
-1.0000000000
-1.0000000000
-1.0000000000
-1.0000000000
-1.0000000000
-1.0000000000
-1.0000000000
-1.0000000000
-1.0000000000
-1.0000000000
-1.0000000000
-1.0000000000
-1.0000000000
-1.0000000000
-1.0000000000
-1.0000000000
-1.0000000000
-1.0000000000
-1.0000000000
-1.0000000000
-1.0000000000
-1.0000000000
-1.0000000000
-1.0000000000
-1.0000000000
-1.0000000000
-1.0000000000
-1.0000000000
-1.0000000000
-1.0000000000
-1.0000000000
162.4326000000
162.4439000000
162.4550000000
162.4665000000
162.4771000000
162.4884000000
162.4993000000
162.5104000000
162.5220000000
162.5328000000
162.5438000000
162.5550000000
162.5660000000
162.5771000000
162.5882000000
162.5992000000
-1.0000000000
-1.0000000000
-1.0000000000
-1.0000000000
-1.0000000000
-1.0000000000
-1.0000000000
-1.0000000000
-1.0000000000
-1.0000000000
-1.0000000000
-1.0000000000
-1.0000000000
-1.0000000000
-1.0000000000
-1.0000000000
-1.0000000000
-1.0000000000
-1.0000000000
-1.0000000000
-1.0000000000
-1.0000000000
-1.0000000000
-1.0000000000
-1.0000000000
-1.0000000000
-1.0000000000
-1.0000000000
-1.0000000000
-1.0000000000
-1.0000000000
-1.0000000000
-1.0000000000
-1.0000000000
-1.0000000000
-1.0000000000
-1.0000000000
-1.0000000000
-1.0000000000
-1.0000000000
-1.0000000000
-1.0000000000
-1.0000000000
-1.0000000000
-1.0000000000
-1.0000000000
-1.0000000000
-1.0000000000
-1.0000000000
-1.0000000000
-1.0000000000
-1.0000000000
-1.0000000000
-1.0000000000
-1.0000000000
-1.0000000000
-1.0000000000
-1.0000000000
-1.0000000000
-1.0000000000
-1.0000000000
-1.0000000000
-1.0000000000
-1.0000000000
-1.0000000000
-1.0000000000
-1.0000000000
-1.0000000000
-1.0000000000
-1.0000000000
-1.0000000000
-1.0000000000
-1.0000000000
-1.0000000000
-1.0000000000
-1.0000000000
-1.0000000000
-1.0000000000
-1.0000000000
-1.0000000000
-1.0000000000
-1.0000000000
-1.0000000000
-1.0000000000
-1.0000000000
-1.0000000000
-1.0000000000
-1.0000000000
-1.0000000000
-1.0000000000
-1.0000000000
-1.0000000000
-1.0000000000
-1.0000000000
-1.0000000000
-1.0000000000
-1.0000000000
-1.0000000000
-1.0000000000
-1.0000000000
-1.0000000000
-1.0000000000
-1.0000000000
-1.0000000000
-1.0000000000
-1.0000000000
-1.0000000000
-1.0000000000
-1.0000000000
-1.0000000000
-1.0000000000
-1.0000000000
-1.0000000000
-1.0000000000
-1.0000000000
-1.0000000000
-1.0000000000
-1.0000000000
-1.0000000000
-1.0000000000
-1.0000000000
-1.0000000000
-1.0000000000
-1.0000000000
-1.0000000000
-1.0000000000
-1.0000000000
-1.0000000000
-1.0000000000
-1.0000000000
-1.0000000000
-1.0000000000
-1.0000000000
-1.0000000000
-1.0000000000
-1.0000000000
-1.0000000000
-1.0000000000
-1.0000000000
-1.0000000000
-1.0000000000
-1.0000000000
-1.0000000000
-1.0000000000
164.2096000000
164.2212000000
164.2317000000
164.2428000000
164.2540000000
164.2653000000
164.2763000000
164.2874000000
164.2984000000
164.3096000000
164.3207000000
164.3318000000
164.3430000000
164.3539000000
164.3652000000
-1.0000000000
-1.0000000000
-1.0000000000
-1.0000000000
-1.0000000000
-1.0000000000
-1.0000000000
-1.0000000000
-1.0000000000
-1.0000000000
-1.0000000000
-1.0000000000
-1.0000000000
-1.0000000000
-1.0000000000
-1.0000000000
-1.0000000000
-1.0000000000
-1.0000000000
-1.0000000000
-1.0000000000
-1.0000000000
-1.0000000000
-1.0000000000
-1.0000000000
-1.0000000000
-1.0000000000
-1.0000000000
-1.0000000000
-1.0000000000
-1.0000000000
-1.0000000000
-1.0000000000
-1.0000000000
-1.0000000000
-1.0000000000
-1.0000000000
-1.0000000000
-1.0000000000
-1.0000000000
-1.0000000000
-1.0000000000
-1.0000000000
-1.0000000000
-1.0000000000
-1.0000000000
-1.0000000000
-1.0000000000
-1.0000000000
-1.0000000000
-1.0000000000
-1.0000000000
-1.0000000000
-1.0000000000
-1.0000000000
-1.0000000000
-1.0000000000
-1.0000000000
-1.0000000000
-1.0000000000
-1.0000000000
-1.0000000000
-1.0000000000
-1.0000000000
-1.0000000000
-1.0000000000
-1.0000000000
-1.0000000000
-1.0000000000
-1.0000000000
-1.0000000000
-1.0000000000
-1.0000000000
-1.0000000000
-1.0000000000
-1.0000000000
-1.0000000000
-1.0000000000
-1.0000000000
-1.0000000000
-1.0000000000
-1.0000000000
-1.0000000000
-1.0000000000
-1.0000000000
-1.0000000000
-1.0000000000
-1.0000000000
-1.0000000000
-1.0000000000
-1.0000000000
-1.0000000000
-1.0000000000
-1.0000000000
-1.0000000000
-1.0000000000
-1.0000000000
-1.0000000000
-1.0000000000
-1.0000000000
-1.0000000000
-1.0000000000
-1.0000000000
-1.0000000000
165.5312000000
165.5423000000
165.5534000000
165.5647000000
165.5756000000
165.5868000000
165.5979000000
165.6090000000
165.6200000000
165.6310000000
165.6425000000
165.6533000000
165.6645000000
165.6755000000
165.6867000000
165.6979000000
-1.0000000000
-1.0000000000
-1.0000000000
-1.0000000000
-1.0000000000
-1.0000000000
-1.0000000000
-1.0000000000
-1.0000000000
-1.0000000000
-1.0000000000
-1.0000000000
-1.0000000000
-1.0000000000
-1.0000000000
-1.0000000000
-1.0000000000
-1.0000000000
-1.0000000000
-1.0000000000
-1.0000000000
-1.0000000000
-1.0000000000
-1.0000000000
-1.0000000000
-1.0000000000
-1.0000000000
-1.0000000000
-1.0000000000
-1.0000000000
-1.0000000000
-1.0000000000
-1.0000000000
-1.0000000000
-1.0000000000
-1.0000000000
-1.0000000000
-1.0000000000
-1.0000000000
-1.0000000000
-1.0000000000
-1.0000000000
-1.0000000000
-1.0000000000
-1.0000000000
-1.0000000000
-1.0000000000
-1.0000000000
-1.0000000000
-1.0000000000
-1.0000000000
-1.0000000000
-1.0000000000
-1.0000000000
-1.0000000000
-1.0000000000
-1.0000000000
-1.0000000000
-1.0000000000
-1.0000000000
-1.0000000000
-1.0000000000
-1.0000000000
-1.0000000000
-1.0000000000
-1.0000000000
-1.0000000000
-1.0000000000
-1.0000000000
-1.0000000000
-1.0000000000
-1.0000000000
-1.0000000000
-1.0000000000
-1.0000000000
-1.0000000000
-1.0000000000
-1.0000000000
-1.0000000000
-1.0000000000
-1.0000000000
-1.0000000000
-1.0000000000
-1.0000000000
-1.0000000000
-1.0000000000
-1.0000000000
-1.0000000000
-1.0000000000
-1.0000000000
-1.0000000000
-1.0000000000
-1.0000000000
-1.0000000000
-1.0000000000
-1.0000000000
-1.0000000000
-1.0000000000
-1.0000000000
-1.0000000000
-1.0000000000
-1.0000000000
-1.0000000000
-1.0000000000
-1.0000000000
-1.0000000000
-1.0000000000
-1.0000000000
-1.0000000000
-1.0000000000
-1.0000000000
-1.0000000000
-1.0000000000
-1.0000000000
-1.0000000000
166.9860000000
166.9972000000
167.0083000000
167.0192000000
167.0305000000
167.0415000000
167.0527000000
167.0638000000
167.0750000000
167.0862000000
167.0970000000
167.1081000000
167.1193000000
167.1305000000
167.1416000000
167.1526000000
167.1638000000
-1.0000000000
-1.0000000000
-1.0000000000
-1.0000000000
-1.0000000000
-1.0000000000
-1.0000000000
-1.0000000000
-1.0000000000
-1.0000000000
-1.0000000000
-1.0000000000
-1.0000000000
-1.0000000000
-1.0000000000
-1.0000000000
-1.0000000000
-1.0000000000
-1.0000000000
-1.0000000000
-1.0000000000
-1.0000000000
-1.0000000000
-1.0000000000
-1.0000000000
-1.0000000000
-1.0000000000
-1.0000000000
-1.0000000000
-1.0000000000
-1.0000000000
-1.0000000000
-1.0000000000
-1.0000000000
-1.0000000000
-1.0000000000
-1.0000000000
-1.0000000000
-1.0000000000
-1.0000000000
-1.0000000000
-1.0000000000
-1.0000000000
-1.0000000000
-1.0000000000
-1.0000000000
-1.0000000000
-1.0000000000
-1.0000000000
-1.0000000000
-1.0000000000
-1.0000000000
-1.0000000000
-1.0000000000
-1.0000000000
-1.0000000000
-1.0000000000
-1.0000000000
-1.0000000000
-1.0000000000
-1.0000000000
-1.0000000000
-1.0000000000
-1.0000000000
-1.0000000000
-1.0000000000
-1.0000000000
-1.0000000000
-1.0000000000
-1.0000000000
-1.0000000000
-1.0000000000
-1.0000000000
-1.0000000000
-1.0000000000
-1.0000000000
-1.0000000000
-1.0000000000
-1.0000000000
-1.0000000000
-1.0000000000
-1.0000000000
-1.0000000000
-1.0000000000
-1.0000000000
-1.0000000000
-1.0000000000
-1.0000000000
-1.0000000000
-1.0000000000
-1.0000000000
-1.0000000000
-1.0000000000
-1.0000000000
-1.0000000000
-1.0000000000
-1.0000000000
-1.0000000000
-1.0000000000
-1.0000000000
-1.0000000000
-1.0000000000
-1.0000000000
-1.0000000000
-1.0000000000
-1.0000000000
-1.0000000000
-1.0000000000
-1.0000000000
-1.0000000000
-1.0000000000
-1.0000000000
-1.0000000000
168.4297000000
168.4407000000
168.4520000000
168.4631000000
168.4743000000
168.4851000000
168.4963000000
168.5074000000
168.5187000000
168.5298000000
-1.0000000000
-1.0000000000
-1.0000000000
-1.0000000000
-1.0000000000
-1.0000000000
-1.0000000000
-1.0000000000
-1.0000000000
-1.0000000000
-1.0000000000
-1.0000000000
-1.0000000000
-1.0000000000
-1.0000000000
-1.0000000000
-1.0000000000
-1.0000000000
-1.0000000000
-1.0000000000
-1.0000000000
-1.0000000000
-1.0000000000
-1.0000000000
-1.0000000000
-1.0000000000
-1.0000000000
-1.0000000000
-1.0000000000
-1.0000000000
-1.0000000000
-1.0000000000
-1.0000000000
-1.0000000000
-1.0000000000
-1.0000000000
-1.0000000000
-1.0000000000
-1.0000000000
-1.0000000000
-1.0000000000
-1.0000000000
-1.0000000000
-1.0000000000
-1.0000000000
-1.0000000000
-1.0000000000
-1.0000000000
-1.0000000000
-1.0000000000
-1.0000000000
-1.0000000000
-1.0000000000
-1.0000000000
-1.0000000000
-1.0000000000
-1.0000000000
-1.0000000000
-1.0000000000
-1.0000000000
-1.0000000000
-1.0000000000
-1.0000000000
-1.0000000000
-1.0000000000
-1.0000000000
-1.0000000000
-1.0000000000
-1.0000000000
-1.0000000000
-1.0000000000
-1.0000000000
-1.0000000000
-1.0000000000
-1.0000000000
-1.0000000000
-1.0000000000
-1.0000000000
-1.0000000000
-1.0000000000
-1.0000000000
-1.0000000000
-1.0000000000
-1.0000000000
-1.0000000000
-1.0000000000
-1.0000000000
-1.0000000000
-1.0000000000
-1.0000000000
-1.0000000000
-1.0000000000
-1.0000000000
-1.0000000000
-1.0000000000
-1.0000000000
-1.0000000000
-1.0000000000
-1.0000000000
-1.0000000000
-1.0000000000
-1.0000000000
-1.0000000000
-1.0000000000
-1.0000000000
-1.0000000000
-1.0000000000
-1.0000000000
-1.0000000000
-1.0000000000
-1.0000000000
-1.0000000000
-1.0000000000
-1.0000000000
-1.0000000000
-1.0000000000
-1.0000000000
-1.0000000000
-1.0000000000
-1.0000000000
-1.0000000000
-1.0000000000
-1.0000000000
-1.0000000000
-1.0000000000
-1.0000000000
-1.0000000000
-1.0000000000
-1.0000000000
-1.0000000000
-1.0000000000
-1.0000000000
-1.0000000000
-1.0000000000
-1.0000000000
-1.0000000000
-1.0000000000
-1.0000000000
-1.0000000000
-1.0000000000
-1.0000000000
-1.0000000000
-1.0000000000
-1.0000000000
-1.0000000000
-1.0000000000
170.1622000000
170.1732000000
170.1845000000
170.1955000000
170.2065000000
170.2180000000
170.2291000000
170.2399000000
170.2509000000
170.2621000000
170.2731000000
170.2842000000
170.2955000000
170.3066000000
170.3178000000
170.3288000000
170.3400000000
170.3509000000
-1.0000000000
-1.0000000000
-1.0000000000
-1.0000000000
-1.0000000000
-1.0000000000
-1.0000000000
-1.0000000000
-1.0000000000
-1.0000000000
-1.0000000000
-1.0000000000
-1.0000000000
-1.0000000000
-1.0000000000
-1.0000000000
-1.0000000000
-1.0000000000
-1.0000000000
-1.0000000000
-1.0000000000
-1.0000000000
-1.0000000000
-1.0000000000
-1.0000000000
-1.0000000000
-1.0000000000
-1.0000000000
-1.0000000000
-1.0000000000
-1.0000000000
-1.0000000000
-1.0000000000
-1.0000000000
-1.0000000000
-1.0000000000
-1.0000000000
-1.0000000000
-1.0000000000
-1.0000000000
-1.0000000000
-1.0000000000
-1.0000000000
-1.0000000000
-1.0000000000
-1.0000000000
-1.0000000000
-1.0000000000
-1.0000000000
-1.0000000000
-1.0000000000
-1.0000000000
-1.0000000000
-1.0000000000
-1.0000000000
-1.0000000000
-1.0000000000
-1.0000000000
-1.0000000000
-1.0000000000
-1.0000000000
-1.0000000000
-1.0000000000
-1.0000000000
-1.0000000000
-1.0000000000
-1.0000000000
-1.0000000000
-1.0000000000
-1.0000000000
-1.0000000000
-1.0000000000
-1.0000000000
-1.0000000000
-1.0000000000
-1.0000000000
-1.0000000000
-1.0000000000
-1.0000000000
-1.0000000000
-1.0000000000
-1.0000000000
-1.0000000000
-1.0000000000
-1.0000000000
-1.0000000000
-1.0000000000
-1.0000000000
-1.0000000000
-1.0000000000
-1.0000000000
-1.0000000000
-1.0000000000
-1.0000000000
-1.0000000000
-1.0000000000
-1.0000000000
-1.0000000000
-1.0000000000
-1.0000000000
-1.0000000000
-1.0000000000
-1.0000000000
171.5060000000
171.5172000000
171.5282000000
171.5392000000
171.5503000000
171.5614000000
171.5728000000
171.5836000000
171.5949000000
171.6060000000
171.6169000000
171.6285000000
171.6391000000
171.6502000000
171.6614000000
171.6725000000
171.6836000000
171.6947000000
171.7059000000
171.7169000000
-1.0000000000
-1.0000000000
-1.0000000000
-1.0000000000
-1.0000000000
-1.0000000000
-1.0000000000
-1.0000000000
-1.0000000000
-1.0000000000
-1.0000000000
-1.0000000000
-1.0000000000
-1.0000000000
-1.0000000000
-1.0000000000
-1.0000000000
-1.0000000000
-1.0000000000
-1.0000000000
-1.0000000000
-1.0000000000
-1.0000000000
-1.0000000000
-1.0000000000
-1.0000000000
-1.0000000000
-1.0000000000
-1.0000000000
-1.0000000000
-1.0000000000
-1.0000000000
-1.0000000000
-1.0000000000
-1.0000000000
-1.0000000000
-1.0000000000
-1.0000000000
-1.0000000000
-1.0000000000
-1.0000000000
-1.0000000000
-1.0000000000
-1.0000000000
-1.0000000000
-1.0000000000
-1.0000000000
-1.0000000000
-1.0000000000
-1.0000000000
-1.0000000000
-1.0000000000
-1.0000000000
-1.0000000000
-1.0000000000
172.3388000000
172.3500000000
172.3610000000
172.3723000000
172.3832000000
172.3943000000
172.4057000000
172.4165000000
172.4277000000
172.4389000000
172.4498000000
172.4611000000
172.4722000000
172.4831000000
172.4945000000
-1.0000000000
-1.0000000000
-1.0000000000
-1.0000000000
-1.0000000000
-1.0000000000
-1.0000000000
-1.0000000000
-1.0000000000
-1.0000000000
-1.0000000000
-1.0000000000
-1.0000000000
-1.0000000000
-1.0000000000
-1.0000000000
-1.0000000000
-1.0000000000
-1.0000000000
-1.0000000000
-1.0000000000
-1.0000000000
-1.0000000000
-1.0000000000
-1.0000000000
-1.0000000000
-1.0000000000
-1.0000000000
-1.0000000000
-1.0000000000
-1.0000000000
-1.0000000000
-1.0000000000
-1.0000000000
-1.0000000000
-1.0000000000
-1.0000000000
-1.0000000000
-1.0000000000
-1.0000000000
-1.0000000000
-1.0000000000
-1.0000000000
-1.0000000000
-1.0000000000
-1.0000000000
-1.0000000000
-1.0000000000
-1.0000000000
-1.0000000000
-1.0000000000
-1.0000000000
-1.0000000000
-1.0000000000
-1.0000000000
-1.0000000000
-1.0000000000
-1.0000000000
-1.0000000000
-1.0000000000
-1.0000000000
-1.0000000000
-1.0000000000
-1.0000000000
-1.0000000000
-1.0000000000
-1.0000000000
-1.0000000000
-1.0000000000
-1.0000000000
-1.0000000000
-1.0000000000
-1.0000000000
-1.0000000000
-1.0000000000
-1.0000000000
-1.0000000000
-1.0000000000
-1.0000000000
-1.0000000000
-1.0000000000
-1.0000000000
-1.0000000000
-1.0000000000
-1.0000000000
-1.0000000000
-1.0000000000
-1.0000000000
-1.0000000000
-1.0000000000
-1.0000000000
-1.0000000000
-1.0000000000
-1.0000000000
-1.0000000000
-1.0000000000
-1.0000000000
-1.0000000000
-1.0000000000
-1.0000000000
-1.0000000000
-1.0000000000
-1.0000000000
-1.0000000000
-1.0000000000
-1.0000000000
-1.0000000000
-1.0000000000
-1.0000000000
-1.0000000000
-1.0000000000
-1.0000000000
-1.0000000000
-1.0000000000
-1.0000000000
-1.0000000000
-1.0000000000
-1.0000000000
-1.0000000000
-1.0000000000
-1.0000000000
-1.0000000000
-1.0000000000
-1.0000000000
-1.0000000000
-1.0000000000
-1.0000000000
-1.0000000000
-1.0000000000
-1.0000000000
-1.0000000000
-1.0000000000
-1.0000000000
-1.0000000000
-1.0000000000
-1.0000000000
-1.0000000000
-1.0000000000
-1.0000000000
-1.0000000000
-1.0000000000
-1.0000000000
-1.0000000000
-1.0000000000
174.1052000000
174.1153000000
174.1247000000
174.1345000000
174.1443000000
174.1552000000
174.1662000000
174.1773000000
174.1883000000
174.1994000000
174.2165000000
174.2281000000
174.2395000000
174.2498000000
174.2662000000
174.2771000000
174.2883000000
-1.0000000000
-1.0000000000
-1.0000000000
-1.0000000000
-1.0000000000
-1.0000000000
-1.0000000000
-1.0000000000
-1.0000000000
-1.0000000000
-1.0000000000
-1.0000000000
-1.0000000000
-1.0000000000
-1.0000000000
-1.0000000000
-1.0000000000
-1.0000000000
-1.0000000000
-1.0000000000
-1.0000000000
-1.0000000000
-1.0000000000
-1.0000000000
-1.0000000000
-1.0000000000
-1.0000000000
-1.0000000000
-1.0000000000
-1.0000000000
-1.0000000000
-1.0000000000
-1.0000000000
-1.0000000000
-1.0000000000
-1.0000000000
-1.0000000000
-1.0000000000
-1.0000000000
-1.0000000000
-1.0000000000
-1.0000000000
-1.0000000000
-1.0000000000
-1.0000000000
-1.0000000000
-1.0000000000
-1.0000000000
-1.0000000000
-1.0000000000
-1.0000000000
-1.0000000000
-1.0000000000
-1.0000000000
-1.0000000000
-1.0000000000
-1.0000000000
-1.0000000000
-1.0000000000
-1.0000000000
-1.0000000000
-1.0000000000
-1.0000000000
-1.0000000000
-1.0000000000
-1.0000000000
-1.0000000000
-1.0000000000
-1.0000000000
-1.0000000000
-1.0000000000
-1.0000000000
-1.0000000000
-1.0000000000
-1.0000000000
-1.0000000000
-1.0000000000
-1.0000000000
-1.0000000000
-1.0000000000
-1.0000000000
-1.0000000000
-1.0000000000
-1.0000000000
-1.0000000000
-1.0000000000
-1.0000000000
-1.0000000000
-1.0000000000
-1.0000000000
-1.0000000000
-1.0000000000
-1.0000000000
-1.0000000000
-1.0000000000
-1.0000000000
-1.0000000000
-1.0000000000
-1.0000000000
-1.0000000000
-1.0000000000
-1.0000000000
-1.0000000000
-1.0000000000
-1.0000000000
-1.0000000000
-1.0000000000
-1.0000000000
-1.0000000000
-1.0000000000
-1.0000000000
175.5355000000
175.5469000000
175.5582000000
175.5693000000
175.5806000000
175.5919000000
175.6032000000
175.6148000000
175.6258000000
175.6371000000
175.6483000000
175.6595000000
175.6706000000
-1.0000000000
-1.0000000000
-1.0000000000
-1.0000000000
-1.0000000000
-1.0000000000
-1.0000000000
-1.0000000000
-1.0000000000
-1.0000000000
-1.0000000000
-1.0000000000
-1.0000000000
-1.0000000000
-1.0000000000
-1.0000000000
-1.0000000000
-1.0000000000
-1.0000000000
-1.0000000000
-1.0000000000
-1.0000000000
-1.0000000000
-1.0000000000
-1.0000000000
-1.0000000000
-1.0000000000
-1.0000000000
-1.0000000000
-1.0000000000
-1.0000000000
-1.0000000000
-1.0000000000
-1.0000000000
-1.0000000000
-1.0000000000
-1.0000000000
-1.0000000000
-1.0000000000
-1.0000000000
-1.0000000000
-1.0000000000
-1.0000000000
-1.0000000000
-1.0000000000
-1.0000000000
-1.0000000000
-1.0000000000
-1.0000000000
-1.0000000000
-1.0000000000
-1.0000000000
-1.0000000000
-1.0000000000
-1.0000000000
-1.0000000000
-1.0000000000
-1.0000000000
-1.0000000000
-1.0000000000
-1.0000000000
-1.0000000000
-1.0000000000
-1.0000000000
-1.0000000000
-1.0000000000
-1.0000000000
-1.0000000000
-1.0000000000
-1.0000000000
-1.0000000000
-1.0000000000
-1.0000000000
-1.0000000000
-1.0000000000
-1.0000000000
-1.0000000000
-1.0000000000
-1.0000000000
-1.0000000000
-1.0000000000
-1.0000000000
-1.0000000000
-1.0000000000
-1.0000000000
-1.0000000000
-1.0000000000
-1.0000000000
-1.0000000000
-1.0000000000
-1.0000000000
-1.0000000000
-1.0000000000
-1.0000000000
-1.0000000000
-1.0000000000
-1.0000000000
-1.0000000000
-1.0000000000
-1.0000000000
-1.0000000000
-1.0000000000
-1.0000000000
-1.0000000000
-1.0000000000
-1.0000000000
-1.0000000000
-1.0000000000
-1.0000000000
-1.0000000000
-1.0000000000
-1.0000000000
-1.0000000000
-1.0000000000
-1.0000000000
-1.0000000000
-1.0000000000
-1.0000000000
-1.0000000000
-1.0000000000
-1.0000000000
-1.0000000000
-1.0000000000
-1.0000000000
-1.0000000000
-1.0000000000
-1.0000000000
-1.0000000000
-1.0000000000
-1.0000000000
-1.0000000000
-1.0000000000
177.1475000000
177.1586000000
177.1698000000
177.1809000000
177.1920000000
177.2031000000
177.2145000000
177.2254000000
177.2364000000
-1.0000000000
-1.0000000000
-1.0000000000
-1.0000000000
-1.0000000000
-1.0000000000
-1.0000000000
-1.0000000000
-1.0000000000
-1.0000000000
-1.0000000000
-1.0000000000
-1.0000000000
-1.0000000000
-1.0000000000
-1.0000000000
-1.0000000000
-1.0000000000
-1.0000000000
-1.0000000000
-1.0000000000
-1.0000000000
-1.0000000000
-1.0000000000
-1.0000000000
-1.0000000000
-1.0000000000
-1.0000000000
-1.0000000000
-1.0000000000
-1.0000000000
-1.0000000000
-1.0000000000
-1.0000000000
-1.0000000000
-1.0000000000
-1.0000000000
-1.0000000000
-1.0000000000
-1.0000000000
-1.0000000000
-1.0000000000
-1.0000000000
-1.0000000000
-1.0000000000
-1.0000000000
-1.0000000000
-1.0000000000
-1.0000000000
-1.0000000000
-1.0000000000
-1.0000000000
-1.0000000000
-1.0000000000
-1.0000000000
-1.0000000000
177.8698000000
177.8813000000
177.8917000000
177.9032000000
177.9140000000
177.9251000000
177.9362000000
177.9475000000
177.9583000000
177.9700000000
177.9809000000
177.9919000000
178.0031000000
178.0138000000
178.0252000000
178.0361000000
178.0474000000
-1.0000000000
-1.0000000000
-1.0000000000
-1.0000000000
-1.0000000000
-1.0000000000
-1.0000000000
-1.0000000000
-1.0000000000
-1.0000000000
-1.0000000000
-1.0000000000
-1.0000000000
-1.0000000000
-1.0000000000
-1.0000000000
-1.0000000000
-1.0000000000
-1.0000000000
-1.0000000000
-1.0000000000
-1.0000000000
-1.0000000000
-1.0000000000
-1.0000000000
-1.0000000000
-1.0000000000
-1.0000000000
-1.0000000000
-1.0000000000
-1.0000000000
-1.0000000000
-1.0000000000
-1.0000000000
-1.0000000000
-1.0000000000
-1.0000000000
-1.0000000000
-1.0000000000
-1.0000000000
-1.0000000000
-1.0000000000
-1.0000000000
-1.0000000000
-1.0000000000
-1.0000000000
-1.0000000000
-1.0000000000
-1.0000000000
-1.0000000000
-1.0000000000
-1.0000000000
-1.0000000000
-1.0000000000
-1.0000000000
-1.0000000000
-1.0000000000
-1.0000000000
-1.0000000000
-1.0000000000
-1.0000000000
-1.0000000000
-1.0000000000
-1.0000000000
-1.0000000000
-1.0000000000
-1.0000000000
-1.0000000000
-1.0000000000
-1.0000000000
-1.0000000000
-1.0000000000
-1.0000000000
-1.0000000000
-1.0000000000
-1.0000000000
-1.0000000000
-1.0000000000
-1.0000000000
-1.0000000000
-1.0000000000
-1.0000000000
-1.0000000000
-1.0000000000
-1.0000000000
-1.0000000000
-1.0000000000
-1.0000000000
-1.0000000000
-1.0000000000
-1.0000000000
-1.0000000000
-1.0000000000
-1.0000000000
-1.0000000000
-1.0000000000
-1.0000000000
-1.0000000000
-1.0000000000
-1.0000000000
-1.0000000000
-1.0000000000
-1.0000000000
-1.0000000000
-1.0000000000
-1.0000000000
-1.0000000000
-1.0000000000
-1.0000000000
-1.0000000000
-1.0000000000
-1.0000000000
-1.0000000000
-1.0000000000
-1.0000000000
-1.0000000000
-1.0000000000
-1.0000000000
-1.0000000000
-1.0000000000
-1.0000000000
-1.0000000000
-1.0000000000
-1.0000000000
-1.0000000000
-1.0000000000
-1.0000000000
-1.0000000000
-1.0000000000
-1.0000000000
-1.0000000000
-1.0000000000
-1.0000000000
-1.0000000000
-1.0000000000
-1.0000000000
-1.0000000000
-1.0000000000
-1.0000000000
-1.0000000000
-1.0000000000
-1.0000000000
-1.0000000000
-1.0000000000
-1.0000000000
-1.0000000000
-1.0000000000
-1.0000000000
-1.0000000000
-1.0000000000
-1.0000000000
-1.0000000000
-1.0000000000
-1.0000000000
-1.0000000000
-1.0000000000
-1.0000000000
-1.0000000000
-1.0000000000
-1.0000000000
-1.0000000000
-1.0000000000
-1.0000000000
-1.0000000000
-1.0000000000
-1.0000000000
-1.0000000000
-1.0000000000
-1.0000000000
-1.0000000000
-1.0000000000
-1.0000000000
-1.0000000000
-1.0000000000
-1.0000000000
-1.0000000000
-1.0000000000
-1.0000000000
-1.0000000000
-1.0000000000
-1.0000000000
-1.0000000000
-1.0000000000
-1.0000000000
-1.0000000000
-1.0000000000
-1.0000000000
-1.0000000000
-1.0000000000
-1.0000000000
-1.0000000000
-1.0000000000
-1.0000000000
-1.0000000000
-1.0000000000
-1.0000000000
-1.0000000000
-1.0000000000
-1.0000000000
-1.0000000000
-1.0000000000
-1.0000000000
-1.0000000000
-1.0000000000
-1.0000000000
-1.0000000000
-1.0000000000
-1.0000000000
-1.0000000000
-1.0000000000
-1.0000000000
-1.0000000000
-1.0000000000
-1.0000000000
-1.0000000000
-1.0000000000
-1.0000000000
-1.0000000000
-1.0000000000
-1.0000000000
-1.0000000000
-1.0000000000
-1.0000000000
-1.0000000000
-1.0000000000
-1.0000000000
-1.0000000000
-1.0000000000
-1.0000000000
-1.0000000000
-1.0000000000
-1.0000000000
-1.0000000000
-1.0000000000
-1.0000000000
-1.0000000000
-1.0000000000
-1.0000000000
-1.0000000000
-1.0000000000
-1.0000000000
-1.0000000000
-1.0000000000
-1.0000000000
-1.0000000000
-1.0000000000
-1.0000000000
-1.0000000000
-1.0000000000
-1.0000000000
-1.0000000000
-1.0000000000
-1.0000000000
-1.0000000000
-1.0000000000
-1.0000000000
-1.0000000000
-1.0000000000
-1.0000000000
-1.0000000000
-1.0000000000
-1.0000000000
-1.0000000000
-1.0000000000
-1.0000000000
-1.0000000000
-1.0000000000
-1.0000000000
-1.0000000000
-1.0000000000
-1.0000000000
-1.0000000000
-1.0000000000
-1.0000000000
-1.0000000000
-1.0000000000
-1.0000000000
-1.0000000000
-1.0000000000
-1.0000000000
-1.0000000000
-1.0000000000
-1.0000000000
-1.0000000000
-1.0000000000
-1.0000000000
-1.0000000000
-1.0000000000
-1.0000000000
-1.0000000000
-1.0000000000
-1.0000000000
-1.0000000000
-1.0000000000
-1.0000000000
-1.0000000000
-1.0000000000
-1.0000000000
-1.0000000000
-1.0000000000
-1.0000000000
-1.0000000000
-1.0000000000
-1.0000000000
-1.0000000000
-1.0000000000
-1.0000000000
-1.0000000000
-1.0000000000
-1.0000000000
-1.0000000000
-1.0000000000
-1.0000000000
-1.0000000000
-1.0000000000
-1.0000000000
-1.0000000000
-1.0000000000
-1.0000000000
-1.0000000000
-1.0000000000
-1.0000000000
-1.0000000000
-1.0000000000
-1.0000000000
-1.0000000000
-1.0000000000
-1.0000000000
-1.0000000000
-1.0000000000
-1.0000000000
-1.0000000000
181.7453000000
181.7563000000
181.7675000000
181.7785000000
181.7899000000
181.8010000000
181.8123000000
181.8239000000
181.8343000000
181.8457000000
181.8565000000
181.8676000000
181.8786000000
181.8900000000
181.9006000000
181.9123000000
181.9234000000
181.9342000000
-1.0000000000
-1.0000000000
-1.0000000000
-1.0000000000
-1.0000000000
-1.0000000000
-1.0000000000
-1.0000000000
-1.0000000000
-1.0000000000
-1.0000000000
-1.0000000000
-1.0000000000
-1.0000000000
-1.0000000000
-1.0000000000
-1.0000000000
-1.0000000000
-1.0000000000
-1.0000000000
-1.0000000000
-1.0000000000
-1.0000000000
-1.0000000000
-1.0000000000
-1.0000000000
-1.0000000000
-1.0000000000
-1.0000000000
-1.0000000000
-1.0000000000
-1.0000000000
-1.0000000000
-1.0000000000
-1.0000000000
-1.0000000000
-1.0000000000
-1.0000000000
-1.0000000000
-1.0000000000
-1.0000000000
-1.0000000000
-1.0000000000
-1.0000000000
-1.0000000000
-1.0000000000
-1.0000000000
-1.0000000000
-1.0000000000
-1.0000000000
-1.0000000000
-1.0000000000
-1.0000000000
-1.0000000000
-1.0000000000
-1.0000000000
-1.0000000000
-1.0000000000
-1.0000000000
-1.0000000000
-1.0000000000
-1.0000000000
-1.0000000000
-1.0000000000
-1.0000000000
-1.0000000000
-1.0000000000
-1.0000000000
-1.0000000000
-1.0000000000
-1.0000000000
-1.0000000000
-1.0000000000
-1.0000000000
-1.0000000000
-1.0000000000
-1.0000000000
-1.0000000000
-1.0000000000
-1.0000000000
-1.0000000000
-1.0000000000
-1.0000000000
-1.0000000000
-1.0000000000
-1.0000000000
-1.0000000000
-1.0000000000
-1.0000000000
-1.0000000000
-1.0000000000
-1.0000000000
-1.0000000000
-1.0000000000
-1.0000000000
-1.0000000000
-1.0000000000
-1.0000000000
-1.0000000000
-1.0000000000
-1.0000000000
-1.0000000000
-1.0000000000
-1.0000000000
-1.0000000000
-1.0000000000
-1.0000000000
-1.0000000000
-1.0000000000
-1.0000000000
-1.0000000000
-1.0000000000
-1.0000000000
-1.0000000000
-1.0000000000
-1.0000000000
-1.0000000000
-1.0000000000
-1.0000000000
-1.0000000000
-1.0000000000
-1.0000000000
-1.0000000000
-1.0000000000
-1.0000000000
-1.0000000000
183.3448000000
183.3556000000
183.3667000000
183.3777000000
183.3889000000
183.3999000000
183.4111000000
183.4221000000
183.4333000000
183.4448000000
183.4554000000
183.4667000000
183.4778000000
183.4888000000
183.4998000000
-1.0000000000
-1.0000000000
-1.0000000000
-1.0000000000
-1.0000000000
-1.0000000000
-1.0000000000
-1.0000000000
-1.0000000000
-1.0000000000
-1.0000000000
-1.0000000000
-1.0000000000
-1.0000000000
-1.0000000000
-1.0000000000
-1.0000000000
-1.0000000000
-1.0000000000
-1.0000000000
-1.0000000000
-1.0000000000
-1.0000000000
-1.0000000000
-1.0000000000
-1.0000000000
-1.0000000000
-1.0000000000
-1.0000000000
-1.0000000000
-1.0000000000
-1.0000000000
-1.0000000000
-1.0000000000
-1.0000000000
-1.0000000000
-1.0000000000
-1.0000000000
-1.0000000000
-1.0000000000
-1.0000000000
-1.0000000000
-1.0000000000
-1.0000000000
-1.0000000000
-1.0000000000
-1.0000000000
-1.0000000000
-1.0000000000
-1.0000000000
-1.0000000000
-1.0000000000
-1.0000000000
-1.0000000000
-1.0000000000
-1.0000000000
-1.0000000000
-1.0000000000
-1.0000000000
-1.0000000000
-1.0000000000
-1.0000000000
-1.0000000000
-1.0000000000
-1.0000000000
-1.0000000000
-1.0000000000
-1.0000000000
-1.0000000000
-1.0000000000
-1.0000000000
-1.0000000000
-1.0000000000
-1.0000000000
-1.0000000000
-1.0000000000
-1.0000000000
-1.0000000000
-1.0000000000
-1.0000000000
-1.0000000000
-1.0000000000
-1.0000000000
-1.0000000000
-1.0000000000
-1.0000000000
-1.0000000000
-1.0000000000
-1.0000000000
-1.0000000000
-1.0000000000
-1.0000000000
-1.0000000000
-1.0000000000
-1.0000000000
-1.0000000000
-1.0000000000
-1.0000000000
-1.0000000000
-1.0000000000
-1.0000000000
-1.0000000000
-1.0000000000
-1.0000000000
-1.0000000000
-1.0000000000
-1.0000000000
-1.0000000000
-1.0000000000
-1.0000000000
-1.0000000000
-1.0000000000
-1.0000000000
-1.0000000000
-1.0000000000
-1.0000000000
-1.0000000000
-1.0000000000
-1.0000000000
-1.0000000000
-1.0000000000
-1.0000000000
-1.0000000000
-1.0000000000
-1.0000000000
-1.0000000000
-1.0000000000
-1.0000000000
-1.0000000000
-1.0000000000
-1.0000000000
-1.0000000000
-1.0000000000
-1.0000000000
-1.0000000000
-1.0000000000
-1.0000000000
-1.0000000000
-1.0000000000
-1.0000000000
-1.0000000000
-1.0000000000
-1.0000000000
-1.0000000000
-1.0000000000
-1.0000000000
-1.0000000000
-1.0000000000
-1.0000000000
-1.0000000000
-1.0000000000
-1.0000000000
-1.0000000000
-1.0000000000
-1.0000000000
-1.0000000000
-1.0000000000
-1.0000000000
-1.0000000000
-1.0000000000
-1.0000000000
-1.0000000000
-1.0000000000
-1.0000000000
-1.0000000000
-1.0000000000
-1.0000000000
-1.0000000000
-1.0000000000
-1.0000000000
-1.0000000000
-1.0000000000
-1.0000000000
-1.0000000000
-1.0000000000
185.4765000000
185.4877000000
185.4987000000
185.5097000000
185.5209000000
185.5319000000
185.5430000000
185.5542000000
185.5653000000
185.5764000000
185.5874000000
185.5986000000
185.6098000000
185.6208000000
185.6321000000
185.6430000000
185.6542000000
-1.0000000000
-1.0000000000
-1.0000000000
-1.0000000000
-1.0000000000
-1.0000000000
-1.0000000000
-1.0000000000
-1.0000000000
-1.0000000000
-1.0000000000
-1.0000000000
-1.0000000000
-1.0000000000
-1.0000000000
-1.0000000000
-1.0000000000
-1.0000000000
-1.0000000000
-1.0000000000
-1.0000000000
-1.0000000000
-1.0000000000
-1.0000000000
-1.0000000000
-1.0000000000
-1.0000000000
-1.0000000000
-1.0000000000
-1.0000000000
-1.0000000000
-1.0000000000
-1.0000000000
-1.0000000000
-1.0000000000
-1.0000000000
-1.0000000000
-1.0000000000
-1.0000000000
-1.0000000000
-1.0000000000
-1.0000000000
-1.0000000000
-1.0000000000
-1.0000000000
-1.0000000000
-1.0000000000
-1.0000000000
-1.0000000000
-1.0000000000
-1.0000000000
-1.0000000000
-1.0000000000
-1.0000000000
-1.0000000000
-1.0000000000
-1.0000000000
-1.0000000000
-1.0000000000
-1.0000000000
-1.0000000000
-1.0000000000
-1.0000000000
-1.0000000000
-1.0000000000
-1.0000000000
-1.0000000000
-1.0000000000
-1.0000000000
-1.0000000000
-1.0000000000
-1.0000000000
-1.0000000000
-1.0000000000
-1.0000000000
-1.0000000000
-1.0000000000
-1.0000000000
-1.0000000000
-1.0000000000
-1.0000000000
-1.0000000000
-1.0000000000
-1.0000000000
-1.0000000000
-1.0000000000
-1.0000000000
-1.0000000000
-1.0000000000
-1.0000000000
-1.0000000000
-1.0000000000
-1.0000000000
-1.0000000000
-1.0000000000
-1.0000000000
-1.0000000000
-1.0000000000
-1.0000000000
-1.0000000000
-1.0000000000
-1.0000000000
-1.0000000000
-1.0000000000
-1.0000000000
-1.0000000000
-1.0000000000
-1.0000000000
-1.0000000000
-1.0000000000
-1.0000000000
-1.0000000000
-1.0000000000
-1.0000000000
-1.0000000000
-1.0000000000
-1.0000000000
-1.0000000000
-1.0000000000
-1.0000000000
-1.0000000000
-1.0000000000
-1.0000000000
-1.0000000000
-1.0000000000
-1.0000000000
-1.0000000000
-1.0000000000
-1.0000000000
-1.0000000000
-1.0000000000
-1.0000000000
-1.0000000000
-1.0000000000
-1.0000000000
-1.0000000000
-1.0000000000
-1.0000000000
-1.0000000000
-1.0000000000
-1.0000000000
-1.0000000000
-1.0000000000
-1.0000000000
-1.0000000000
-1.0000000000
-1.0000000000
-1.0000000000
-1.0000000000
-1.0000000000
-1.0000000000
-1.0000000000
-1.0000000000
-1.0000000000
-1.0000000000
-1.0000000000
-1.0000000000
-1.0000000000
-1.0000000000
-1.0000000000
-1.0000000000
-1.0000000000
-1.0000000000
-1.0000000000
-1.0000000000
-1.0000000000
-1.0000000000
-1.0000000000
-1.0000000000
-1.0000000000
-1.0000000000
-1.0000000000
-1.0000000000
-1.0000000000
-1.0000000000
-1.0000000000
-1.0000000000
-1.0000000000
-1.0000000000
-1.0000000000
-1.0000000000
-1.0000000000
-1.0000000000
-1.0000000000
-1.0000000000
-1.0000000000
-1.0000000000
-1.0000000000
-1.0000000000
-1.0000000000
-1.0000000000
-1.0000000000
-1.0000000000
-1.0000000000
-1.0000000000
-1.0000000000
-1.0000000000
-1.0000000000
-1.0000000000
-1.0000000000
-1.0000000000
-1.0000000000
-1.0000000000
-1.0000000000
-1.0000000000
-1.0000000000
-1.0000000000
-1.0000000000
-1.0000000000
-1.0000000000
-1.0000000000
-1.0000000000
-1.0000000000
-1.0000000000
-1.0000000000
-1.0000000000
-1.0000000000
-1.0000000000
-1.0000000000
-1.0000000000
-1.0000000000
-1.0000000000
-1.0000000000
-1.0000000000
-1.0000000000
-1.0000000000
-1.0000000000
-1.0000000000
-1.0000000000
-1.0000000000
-1.0000000000
-1.0000000000
-1.0000000000
-1.0000000000
-1.0000000000
-1.0000000000
-1.0000000000
-1.0000000000
-1.0000000000
-1.0000000000
-1.0000000000
-1.0000000000
-1.0000000000
-1.0000000000
-1.0000000000
-1.0000000000
-1.0000000000
-1.0000000000
-1.0000000000
-1.0000000000
-1.0000000000
-1.0000000000
-1.0000000000
-1.0000000000
-1.0000000000
-1.0000000000
-1.0000000000
-1.0000000000
-1.0000000000
-1.0000000000
-1.0000000000
-1.0000000000
-1.0000000000
-1.0000000000
-1.0000000000
-1.0000000000
-1.0000000000
-1.0000000000
-1.0000000000
-1.0000000000
-1.0000000000
-1.0000000000
-1.0000000000
-1.0000000000
-1.0000000000
-1.0000000000
-1.0000000000
-1.0000000000
-1.0000000000
-1.0000000000
-1.0000000000
-1.0000000000
-1.0000000000
-1.0000000000
-1.0000000000
-1.0000000000
-1.0000000000
-1.0000000000
-1.0000000000
-1.0000000000
-1.0000000000
-1.0000000000
-1.0000000000
-1.0000000000
-1.0000000000
-1.0000000000
-1.0000000000
-1.0000000000
-1.0000000000
-1.0000000000
-1.0000000000
-1.0000000000
-1.0000000000
-1.0000000000
-1.0000000000
-1.0000000000
-1.0000000000
-1.0000000000
-1.0000000000
-1.0000000000
-1.0000000000
-1.0000000000
-1.0000000000
-1.0000000000
-1.0000000000
-1.0000000000
-1.0000000000
-1.0000000000
-1.0000000000
-1.0000000000
-1.0000000000
-1.0000000000
189.2413000000
189.2525000000
189.2637000000
189.2747000000
189.2856000000
189.2969000000
189.3080000000
189.3192000000
189.3302000000
189.3414000000
189.3524000000
189.3638000000
189.3747000000
189.3857000000
189.3967000000
189.4081000000
-1.0000000000
-1.0000000000
-1.0000000000
-1.0000000000
-1.0000000000
-1.0000000000
-1.0000000000
-1.0000000000
-1.0000000000
-1.0000000000
-1.0000000000
-1.0000000000
-1.0000000000
-1.0000000000
-1.0000000000
-1.0000000000
-1.0000000000
-1.0000000000
-1.0000000000
-1.0000000000
-1.0000000000
-1.0000000000
-1.0000000000
-1.0000000000
-1.0000000000
-1.0000000000
-1.0000000000
-1.0000000000
-1.0000000000
-1.0000000000
-1.0000000000
-1.0000000000
-1.0000000000
-1.0000000000
-1.0000000000
-1.0000000000
-1.0000000000
-1.0000000000
-1.0000000000
-1.0000000000
-1.0000000000
-1.0000000000
-1.0000000000
-1.0000000000
-1.0000000000
-1.0000000000
-1.0000000000
-1.0000000000
-1.0000000000
-1.0000000000
-1.0000000000
-1.0000000000
-1.0000000000
-1.0000000000
-1.0000000000
-1.0000000000
-1.0000000000
-1.0000000000
-1.0000000000
-1.0000000000
-1.0000000000
-1.0000000000
-1.0000000000
-1.0000000000
-1.0000000000
-1.0000000000
-1.0000000000
-1.0000000000
-1.0000000000
-1.0000000000
-1.0000000000
-1.0000000000
-1.0000000000
-1.0000000000
-1.0000000000
-1.0000000000
-1.0000000000
-1.0000000000
-1.0000000000
-1.0000000000
-1.0000000000
-1.0000000000
-1.0000000000
-1.0000000000
-1.0000000000
-1.0000000000
-1.0000000000
-1.0000000000
-1.0000000000
-1.0000000000
-1.0000000000
-1.0000000000
-1.0000000000
-1.0000000000
-1.0000000000
-1.0000000000
-1.0000000000
-1.0000000000
-1.0000000000
-1.0000000000
-1.0000000000
-1.0000000000
-1.0000000000
-1.0000000000
-1.0000000000
-1.0000000000
-1.0000000000
-1.0000000000
-1.0000000000
-1.0000000000
-1.0000000000
-1.0000000000
-1.0000000000
-1.0000000000
-1.0000000000
-1.0000000000
-1.0000000000
-1.0000000000
-1.0000000000
-1.0000000000
-1.0000000000
-1.0000000000
-1.0000000000
-1.0000000000
-1.0000000000
-1.0000000000
-1.0000000000
-1.0000000000
-1.0000000000
-1.0000000000
-1.0000000000
-1.0000000000
-1.0000000000
-1.0000000000
-1.0000000000
-1.0000000000
-1.0000000000
-1.0000000000
-1.0000000000
-1.0000000000
-1.0000000000
-1.0000000000
-1.0000000000
-1.0000000000
-1.0000000000
-1.0000000000
-1.0000000000
-1.0000000000
-1.0000000000
-1.0000000000
-1.0000000000
-1.0000000000
-1.0000000000
-1.0000000000
-1.0000000000
-1.0000000000
-1.0000000000
-1.0000000000
-1.0000000000
-1.0000000000
-1.0000000000
-1.0000000000
-1.0000000000
-1.0000000000
-1.0000000000
-1.0000000000
-1.0000000000
-1.0000000000
-1.0000000000
-1.0000000000
-1.0000000000
-1.0000000000
-1.0000000000
-1.0000000000
-1.0000000000
-1.0000000000
-1.0000000000
-1.0000000000
-1.0000000000
-1.0000000000
-1.0000000000
-1.0000000000
-1.0000000000
-1.0000000000
-1.0000000000
-1.0000000000
-1.0000000000
-1.0000000000
-1.0000000000
-1.0000000000
-1.0000000000
-1.0000000000
-1.0000000000
-1.0000000000
-1.0000000000
-1.0000000000
-1.0000000000
-1.0000000000
-1.0000000000
-1.0000000000
-1.0000000000
-1.0000000000
-1.0000000000
-1.0000000000
-1.0000000000
-1.0000000000
-1.0000000000
-1.0000000000
-1.0000000000
-1.0000000000
-1.0000000000
-1.0000000000
-1.0000000000
-1.0000000000
-1.0000000000
-1.0000000000
-1.0000000000
-1.0000000000
-1.0000000000
-1.0000000000
-1.0000000000
-1.0000000000
-1.0000000000
-1.0000000000
-1.0000000000
-1.0000000000
-1.0000000000
-1.0000000000
-1.0000000000
-1.0000000000
-1.0000000000
-1.0000000000
-1.0000000000
-1.0000000000
192.0176000000
192.0289000000
192.0399000000
192.0511000000
192.0621000000
192.0733000000
192.0843000000
192.0954000000
192.1066000000
192.1178000000
192.1288000000
192.1399000000
192.1510000000
192.1621000000
192.1732000000
192.1842000000
192.1955000000
-1.0000000000
-1.0000000000
-1.0000000000
-1.0000000000
-1.0000000000
-1.0000000000
-1.0000000000
-1.0000000000
-1.0000000000
-1.0000000000
-1.0000000000
-1.0000000000
-1.0000000000
-1.0000000000
-1.0000000000
-1.0000000000
-1.0000000000
-1.0000000000
-1.0000000000
-1.0000000000
-1.0000000000
-1.0000000000
-1.0000000000
-1.0000000000
-1.0000000000
-1.0000000000
-1.0000000000
-1.0000000000
-1.0000000000
-1.0000000000
-1.0000000000
-1.0000000000
-1.0000000000
-1.0000000000
-1.0000000000
-1.0000000000
-1.0000000000
-1.0000000000
-1.0000000000
-1.0000000000
-1.0000000000
-1.0000000000
-1.0000000000
-1.0000000000
-1.0000000000
-1.0000000000
-1.0000000000
-1.0000000000
-1.0000000000
-1.0000000000
-1.0000000000
-1.0000000000
-1.0000000000
-1.0000000000
-1.0000000000
-1.0000000000
-1.0000000000
-1.0000000000
-1.0000000000
-1.0000000000
-1.0000000000
-1.0000000000
-1.0000000000
-1.0000000000
-1.0000000000
-1.0000000000
-1.0000000000
-1.0000000000
