19.9160800000
19.9399500000
19.9516700000
19.9620400000
19.9721700000
19.9816400000
19.9914400000
20.0013600000
20.0111200000
20.0226600000
20.0334500000
20.0444600000
20.0556300000
20.0671400000
20.0778600000
20.0889300000
20.0999800000
20.1112200000
20.1224500000
20.1337500000
20.1444600000
20.1558100000
20.1668600000
20.1785300000
20.1916600000
20.2127700000
20.2255500000
20.2361600000
20.2458500000
20.2560800000
20.2684700000
20.2788000000
20.2887900000
20.3002000000
20.3110200000
20.3221700000
20.3333800000
20.3444700000
20.3555900000
20.3668000000
20.3778600000
20.3887300000
20.4001300000
20.4114500000
20.4227800000
20.4342700000
20.4458200000
20.4573900000
20.4688000000
20.4803200000
20.4916600000
20.5030800000
20.5145700000
20.5252300000
20.5365900000
20.5476600000
20.5587700000
20.5696400000
20.5811100000
20.5924200000
20.6035700000
20.6145900000
20.6259300000
20.6383800000
20.6503000000
20.6611800000
20.6731700000
20.6834600000
20.6934900000
20.7042600000
20.7154900000
20.7268100000
20.7380800000
20.7490000000
20.7603500000
20.7707300000
20.7824000000
20.7929300000
20.8040900000
20.8151500000
20.8262300000
20.8373700000
20.8485400000
20.8595800000
20.8707900000
20.8817400000
20.8928200000
20.9039600000
20.9150700000
20.9262300000
20.9372300000
20.9484900000
20.9595100000
20.9705900000
20.9818600000
20.9927800000
21.0040100000
21.0150100000
21.0261000000
21.0373200000
21.0485400000
21.0597200000
21.0710800000
21.0824500000
21.0934400000
21.1045400000
21.1156400000
21.1267800000
21.1378800000
21.1491500000
21.1602500000
21.1712300000
21.1826700000
21.1936400000
21.2048100000
21.2157400000
21.2272900000
21.2378900000
21.2490000000
21.2605000000
21.2721800000
21.2827300000
21.2938200000
21.3050700000
21.3159900000
21.3273200000
21.3383200000
21.3491700000
21.3603300000
21.3716500000
21.3821400000
21.3937900000
21.4044200000
21.4156400000
21.4266100000
21.4377300000
21.4488400000
21.4599600000
21.4712300000
21.4821900000
21.4932500000
21.5047600000
21.5154200000
21.5267500000
21.5377400000
21.5490700000
21.5598900000
21.5711200000
21.5820900000
21.5935200000
21.6043300000
21.6155300000
21.6267200000
21.6378000000
21.6488000000
21.6599200000
21.6710900000
21.6820500000
21.6932100000
21.7042800000
21.7153600000
21.7265300000
21.7376600000
21.7488300000
21.7599200000
21.7710100000
21.7821300000
21.7932500000
21.8043800000
21.8157200000
21.8265900000
21.8375700000
21.8487000000
21.8611000000
21.8716900000
21.8821200000
21.8931000000
21.9041600000
21.9154500000
21.9264000000
21.9375900000
21.9486000000
21.9597400000
21.9710900000
21.9818800000
21.9930800000
22.0041400000
22.0152500000
22.0263800000
22.0374700000
22.0486400000
22.0596400000
22.0707800000
22.0819800000
22.0930400000
22.1042600000
22.1152800000
22.1263600000
22.1374200000
22.1486000000
22.1595800000
22.1707300000
22.1818000000
22.1930900000
22.2041300000
22.2151100000
22.2264100000
22.2374200000
22.2485400000
22.2595700000
22.2706500000
22.2820300000
22.2928500000
22.3041200000
22.3150600000
22.3262900000
22.3373300000
22.3484100000
22.3597000000
22.3707100000
22.3817500000
22.3928300000
22.4040500000
22.4151600000
22.4261500000
22.4373300000
22.4483300000
22.4595600000
22.4705600000
22.4816800000
22.4928000000
22.5038900000
22.5150100000
22.5265800000
22.5372700000
22.5483400000
22.5599200000
22.5705000000
22.5816300000
22.5927000000
22.6038400000
22.6149100000
22.6263900000
22.6374300000
22.6483400000
22.6595900000
22.6706100000
22.6817500000
22.6927500000
22.7039000000
22.7151600000
22.7260900000
22.7371000000
22.7488200000
22.7595600000
22.7704300000
22.7815200000
22.7926500000
22.8037900000
22.8148600000
22.8258900000
22.8371200000
22.8482100000
22.8598400000
22.8705000000
22.8823000000
22.8927100000
22.9036600000
22.9148500000
22.9259000000
22.9369900000
22.9482200000
22.9595000000
22.9706700000
22.9814600000
22.9925900000
23.0036900000
23.0150300000
23.0259700000
23.0368900000
23.0481000000
23.0591700000
23.0702500000
23.0815700000
23.0924700000
23.1036100000
23.1146800000
23.1258100000
23.1368800000
23.1480100000
23.1591700000
23.1703200000
23.1814100000
23.1926300000
23.2035900000
23.2149300000
23.2258500000
23.2369400000
23.2480700000
23.2591200000
23.2702100000
23.2812300000
23.2924700000
23.3037000000
23.3152200000
23.3258300000
23.3374300000
23.3480800000
23.3592600000
23.3702500000
23.3812500000
23.3923200000
23.4035300000
23.4147300000
23.4256900000
23.4368200000
23.4479000000
23.4591100000
23.4701700000
23.4812200000
23.4925200000
23.5035200000
23.5145200000
23.5259500000
23.5374000000
23.5482300000
23.5591300000
23.5700400000
23.5812700000
23.5922900000
23.6033600000
23.6144500000
23.6257200000
23.6368300000
23.6478800000
23.6589000000
23.6699600000
23.6811400000
23.6923000000
23.7033700000
23.7144000000
23.7254700000
23.7365600000
23.7479600000
23.7588100000
23.7699200000
23.7810100000
23.7922700000
23.8033900000
23.8143400000
23.8254300000
23.8365200000
23.8476800000
23.8589400000
23.8698800000
23.8809600000
23.8920800000
23.9031900000
23.9143200000
23.9253800000
23.9364800000
23.9477600000
23.9589600000
23.9703400000
23.9809200000
23.9920700000
24.0031600000
24.0144400000
24.0254000000
24.0364900000
24.0475600000
24.0586400000
24.0699200000
24.0810500000
24.0920000000
24.1031200000
24.1142900000
24.1253100000
24.1364400000
24.1477200000
24.1586200000
24.1698100000
24.1808000000
24.1921000000
24.2030300000
24.2141200000
24.2253300000
24.2363700000
24.2476000000
24.2587100000
24.2698600000
24.2809300000
24.2918500000
24.3031300000
24.3140900000
24.3251700000
24.3363700000
24.3477000000
24.3585400000
24.3696300000
24.3807200000
24.3918400000
24.4029200000
24.4141700000
24.4252000000
24.4362900000
24.4473400000
24.4585200000
24.4696200000
24.4807500000
24.4919500000
24.5029100000
24.5139900000
24.5252700000
24.5362200000
24.5473700000
24.5583800000
24.5695900000
24.5808100000
24.5917500000
24.6028400000
24.6141000000
24.6250200000
24.6363400000
24.6472800000
24.6583800000
24.6695000000
24.6806200000
24.6917800000
24.7028800000
24.7139400000
24.7250300000
24.7362100000
24.7474300000
24.7582500000
24.7694100000
24.7804800000
24.7916800000
24.8027800000
24.8138200000
24.8249400000
24.8361100000
24.8471900000
24.8584300000
24.8693600000
24.8804500000
24.8917400000
24.9027800000
24.9139000000
24.9250300000
24.9363200000
24.9471600000
24.9582900000
24.9694900000
24.9804200000
24.9915700000
25.0026800000
25.0139300000
25.0248700000
25.0359800000
25.0472600000
25.0581900000
25.0692900000
25.0805300000
25.0931800000
25.1035700000
25.1144200000
25.1247900000
25.1358800000
25.1470500000
25.1582100000
25.1694100000
25.1802900000
25.1915600000
25.2026900000
25.2139100000
25.2251100000
25.2359100000
25.2471200000
25.2582100000
25.2691400000
25.2803200000
25.2914200000
25.3027200000
25.3138500000
25.3247500000
25.3362300000
25.3471600000
25.3581400000
25.3692800000
25.3802500000
25.3912900000
25.4024000000
25.4137600000
25.4246800000
25.4357000000
25.4468700000
25.4579800000
25.4690600000
25.4801600000
25.4912800000
25.5028300000
25.5136100000
25.5248300000
25.5357200000
25.5469100000
25.5580500000
25.5692700000
25.5801400000
25.5912200000
25.6023100000
25.6134800000
25.6245500000
25.6361200000
25.6467400000
25.6578700000
25.6694400000
25.6802800000
25.6916000000
25.7025000000
25.7133800000
25.7245500000
25.7357800000
25.7469300000
25.7581700000
25.7694500000
25.7801500000
25.7912100000
25.8022700000
25.8133600000
25.8245400000
25.8355500000
25.8466800000
25.8579100000
25.8691600000
25.8801500000
25.8910900000
25.9023700000
25.9135300000
25.9245600000
25.9355200000
25.9466800000
25.9578000000
25.9693300000
25.9801500000
25.9911000000
26.0021200000
26.0132100000
26.0245200000
26.0354700000
26.0466700000
26.0576600000
26.0689400000
26.0800200000
26.0909700000
26.1021400000
26.1132500000
26.1245700000
26.1355000000
26.1465400000
26.1575900000
26.1687300000
26.1805300000
26.1911500000
26.2021900000
26.2131700000
26.2243300000
26.2353700000
26.2464600000
26.2574900000
26.2686900000
26.2798000000
26.2911900000
26.3021000000
26.3130600000
26.3244600000
26.3353200000
26.3463800000
26.3579400000
26.3685700000
26.3797000000
26.3909000000
26.4022500000
26.4131800000
26.4242600000
26.4352700000
26.4465100000
26.4574800000
26.4686700000
26.4800700000
26.4912500000
26.5023400000
26.5131100000
26.5241500000
26.5352800000
26.5463700000
26.5575200000
26.5687200000
26.5801200000
26.5909500000
26.6019800000
26.6130600000
26.6241200000
26.6351900000
26.6464000000
26.6573600000
26.6684700000
26.6796200000
26.6907500000
26.7019800000
26.7131100000
26.7241500000
26.7350900000
26.7463400000
26.7578600000
26.7684000000
26.7806600000
26.7914200000
26.8024400000
26.8134100000
26.8244700000
26.8353400000
26.8461700000
26.8573800000
26.8684000000
26.8795400000
26.8905100000
26.9017100000
26.9132500000
26.9239300000
26.9352400000
26.9461800000
26.9572400000
26.9684100000
26.9794500000
26.9907500000
27.0017300000
27.0127500000
27.0239600000
27.0349300000
27.0462700000
27.0571700000
27.0683900000
27.0798100000
27.0904600000
27.1015300000
27.1127500000
27.1238000000
27.1348900000
27.1460600000
27.1579400000
27.1684200000
27.1794200000
27.1906100000
27.2024700000
27.2136000000
27.2247600000
27.2354500000
27.2462000000
27.2573700000
27.2683400000
27.2793800000
27.2904100000
27.3015000000
27.3126700000
27.3236900000
27.3347800000
27.3459100000
27.3574200000
27.3686300000
27.3796600000
27.3905400000
27.4015700000
27.4127800000
27.4236300000
27.4347800000
27.4458200000
27.4570000000
27.4682300000
27.4794100000
27.4904200000
27.5014400000
27.5131400000
27.5243000000
27.5354400000
27.5463300000
27.5575100000
27.5690600000
27.5807000000
27.5920300000
27.6024800000
27.6133500000
27.6246500000
27.6354000000
27.6463400000
27.6576900000
27.6686300000
27.6801000000
27.6910700000
27.7020700000
27.7128900000
27.7238500000
27.7348200000
27.7459000000
27.7565200000
27.7682800000
27.7801500000
27.7910700000
27.8020500000
27.8131400000
27.8233800000
27.8343300000
27.8454500000
27.8564700000
27.8676100000
27.8790900000
27.8899300000
27.9009800000
27.9120600000
27.9233400000
27.9350500000
27.9463000000
27.9577600000
27.9691200000
27.9806200000
27.9922500000
28.0034700000
28.0146800000
28.0259500000
28.0367400000
28.0481800000
28.0588600000
28.0693300000
28.0808300000
28.0924200000
28.1032700000
28.1147000000
28.1252700000
28.1365800000
28.1473400000
28.1591500000
28.1705100000
28.1813400000
28.1930400000
28.2039700000
28.2148600000
28.2255200000
28.2364800000
28.2476600000
28.2592600000
28.2702900000
28.2812900000
28.2926100000
28.3040500000
28.3146100000
28.3255400000
28.3365100000
28.3468700000
28.3581800000
28.3693400000
28.3808700000
28.3911300000
28.4020300000
28.4132800000
28.4241500000
28.4352500000
28.4461800000
28.4571700000
28.4683300000
28.4805500000
28.4914300000
28.5024300000
28.5134800000
28.5246800000
28.5358900000
28.5474700000
28.5583900000
28.5700000000
28.5810900000
28.5918600000
28.6029800000
28.6137800000
28.6249600000
28.6365900000
28.6475300000
28.6585200000
28.6696200000
28.6811900000
28.6927800000
28.7043200000
28.7156500000
28.7266400000
28.7377400000
28.7485700000
28.7597200000
28.7710900000
28.7827400000
28.7942600000
28.8052700000
28.8163100000
28.8273200000
28.8382400000
28.8496000000
28.8606500000
28.8718700000
28.8828700000
28.8938900000
28.9048600000
28.9160300000
28.9270100000
28.9380000000
28.9488800000
28.9599200000
28.9707000000
28.9821300000
28.9937500000
29.0046700000
29.0156000000
29.0265500000
29.0376000000
29.0485900000
29.0597100000
29.0707700000
29.0821400000
29.0938900000
29.1055600000
29.1163800000
29.1279400000
29.1392900000
29.1499800000
29.1617300000
29.1727800000
29.1838900000
29.1963800000
29.2078300000
29.2190600000
29.2298900000
29.2416800000
29.2536100000
29.2652100000
29.2771500000
29.2879400000
29.2989000000
29.3097300000
29.3207200000
29.3315600000
29.3428200000
29.3546100000
29.3662000000
29.3774300000
29.3885700000
29.4008300000
29.4128400000
29.4236400000
29.4346700000
29.4450600000
29.4560800000
29.4672400000
29.4789400000
29.4901300000
29.5009400000
29.5125800000
29.5237600000
29.5360900000
29.5469800000
29.5579100000
29.5690300000
29.5807900000
29.5920200000
29.6028200000
29.6137600000
29.6248000000
29.6359500000
29.6476600000
29.6589700000
29.6702400000
29.6825100000
29.6940700000
29.7048100000
29.7157700000
29.7269800000
29.7387400000
29.7500700000
29.7620200000
29.7737900000
29.7845400000
29.7961800000
29.8083000000
29.8196700000
29.8314900000
29.8427500000
29.8545900000
29.8658200000
29.8781800000
29.8900200000
29.9017200000
29.9126900000
29.9238200000
29.9357300000
29.9464700000
29.9581700000
29.9697700000
29.9817000000
29.9928500000
30.0033700000
30.0152500000
30.0267900000
30.0385800000
30.0493800000
30.0602500000
30.0718600000
30.0829800000
30.0942900000
30.1055800000
30.1173500000
30.1287900000
30.1408200000
30.1526900000
30.1636700000
30.1749400000
30.1858400000
30.1979800000
30.2097400000
30.2216800000
30.2329800000
30.2448800000
30.2568700000
30.2677600000
30.2798300000
30.2913300000
30.3032600000
30.3137500000
30.3247500000
30.3358800000
30.3469600000
30.3589900000
30.3703300000
30.3823300000
30.3942700000
30.4051000000
30.4159800000
30.4271900000
30.4384100000
30.4500500000
30.4618500000
30.4728000000
30.4843900000
30.4953600000
30.5064500000
30.5185800000
30.5302600000
30.5421500000
30.5540000000
30.5659000000
30.5773700000
30.5887200000
30.5998200000
30.6107700000
30.6222400000
30.6343500000
30.6461900000
30.6580900000
30.6699900000
30.6820000000
30.6938200000
30.7048600000
30.7168400000
30.7277100000
30.7388500000
30.7499200000
30.7614800000
30.7729300000
30.7839600000
30.7960000000
30.8079000000
30.8200400000
30.8320400000
30.8434500000
30.8553200000
30.8674500000
30.8788800000
30.8899600000
30.9016600000
30.9128900000
30.9247100000
30.9369200000
30.9482500000
30.9600500000
30.9723500000
30.9843500000
30.9963800000
31.0079700000
31.0198900000
31.0314000000
31.0431700000
31.0550200000
31.0660500000
31.0778000000
31.0894500000
31.1010500000
31.1127900000
31.1245600000
31.1362500000
31.1476200000
31.1590500000
31.1701500000
31.1819000000
31.1930000000
31.2042700000
31.2153000000
31.2273000000
31.2390300000
31.2507400000
31.2621400000
31.2741100000
31.2865100000
31.2981700000
31.3097100000
31.3218200000
31.3334100000
31.3454100000
31.3573800000
31.3692000000
31.3811800000
31.3934900000
31.4055100000
31.4172100000
31.4289800000
31.4411900000
31.4527800000
31.4642800000
31.4762000000
31.4875900000
31.4994200000
31.5112100000
31.5233500000
31.5348300000
31.5454100000
31.5575400000
31.5689500000
31.5811200000
31.5933400000
31.6053000000
31.6171000000
31.6290000000
31.6410500000
31.6531700000
31.6654900000
31.6772800000
31.6890000000
31.7008900000
31.7127300000
31.7240900000
31.7360300000
31.7481800000
31.7599200000
31.7710200000
31.7831200000
31.7941300000
31.8058600000
31.8176900000
31.8290800000
31.8411700000
31.8528800000
31.8643400000
31.8761900000
31.8885300000
31.9003500000
31.9118000000
31.9234700000
31.9355400000
31.9471000000
31.9593000000
31.9720900000
31.9843700000
31.9960800000
32.0083000000
32.0197500000
32.0320200000
32.0435600000
32.0552900000
32.0671800000
32.0786000000
32.0903500000
32.1019200000
32.1138600000
32.1248800000
32.1372100000
32.1484100000
32.1606400000
32.1725700000
32.1836900000
32.1956500000
32.2071800000
32.2192100000
32.2307400000
32.2422600000
32.2547500000
32.2660600000
32.2781900000
32.2903900000
32.3025300000
32.3143000000
32.3259700000
32.3380600000
32.3501200000
32.3648100000
32.3772000000
32.3887700000
32.4003000000
32.4127000000
32.4244100000
32.4364700000
32.4485400000
32.4604200000
32.4724000000
32.4844100000
32.4963100000
32.5081700000
32.5205700000
32.5321200000
32.5442400000
32.5557300000
32.5678600000
32.5797200000
32.5918200000
32.6033300000
32.6154600000
32.6273500000
32.6399700000
32.6512900000
32.6625800000
32.6749300000
32.6870100000
32.6993800000
32.7112500000
32.7231000000
32.7351200000
32.7469600000
32.7589100000
32.7709400000
32.7833700000
32.7951200000
32.8077300000
32.8200600000
32.8321800000
32.8447900000
32.8571600000
32.8690400000
32.8808500000
32.8931800000
32.9047100000
32.9168200000
32.9286200000
32.9406500000
32.9529600000
32.9644500000
32.9763100000
32.9883800000
33.0004300000
33.0124200000
33.0242700000
33.0356300000
33.0476300000
33.0595600000
33.0712500000
33.0832800000
33.0952700000
33.1072800000
33.1193000000
33.1310400000
33.1427400000
33.1545900000
33.1665300000
33.1786100000
33.1902500000
33.2017200000
33.2134900000
33.2254700000
33.2372600000
33.2488100000
33.2606900000
33.2722700000
33.2841700000
33.2963100000
33.3082600000
33.3202200000
33.3327100000
33.3447100000
33.3563500000
33.3683400000
33.3803100000
33.3926100000
33.4046200000
33.4166400000
33.4285300000
33.4403800000
33.4523300000
33.4647900000
33.4772600000
33.4893800000
33.5019600000
33.5143400000
33.5261900000
33.5385500000
33.5503600000
33.5623300000
33.5743800000
33.5862400000
33.5983100000
33.6104400000
33.6222500000
33.6341200000
33.6459700000
33.6579600000
33.6697900000
33.6822100000
33.6945200000
33.7064200000
33.7182400000
33.7303600000
33.7428600000
33.7556600000
33.7673600000
33.7793000000
33.7915600000
33.8039600000
33.8159400000
33.8276100000
33.8397300000
33.8516200000
33.8630100000
33.8753600000
33.8878400000
33.9007300000
33.9126600000
33.9247900000
33.9368400000
33.9485400000
33.9605600000
33.9733800000
33.9850600000
33.9979200000
34.0094500000
34.0214600000
34.0334700000
34.0454500000
34.0576000000
34.0695700000
34.0822500000
34.0943100000
34.1065100000
34.1205100000
34.1329900000
34.1449400000
34.1570800000
34.1686500000
34.1805200000
34.1929300000
34.2043700000
34.2164400000
34.2284400000
34.2409700000
34.2528100000
34.2648000000
34.2768000000
34.2887800000
34.3015700000
34.3138400000
34.3258400000
34.3377900000
34.3498800000
34.3618600000
34.3739400000
34.3864900000
34.3990000000
34.4110100000
34.4228600000
34.4348100000
34.4468100000
34.4587900000
34.4708300000
34.4830100000
34.4952400000
34.5068700000
34.5186400000
34.5306500000
34.5428700000
34.5547000000
34.5665000000
34.5783700000
34.5899300000
34.6026800000
34.6145900000
34.6267900000
34.6396100000
34.6515000000
34.6641900000
34.6764800000
34.6887600000
34.7006900000
34.7125100000
34.7245500000
34.7367800000
34.7491500000
34.7612600000
34.7730600000
34.7845000000
34.7981500000
34.8107500000
34.8235900000
34.8356600000
34.8476300000
34.8606000000
34.8733900000
34.8857700000
34.8985000000
34.9106200000
34.9227800000
34.9359800000
34.9487200000
34.9605400000
34.9731800000
34.9845800000
34.9967100000
35.0086600000
35.0205900000
35.0328100000
35.0446500000
35.0567500000
35.0684300000
35.0810300000
35.0940000000
35.1059800000
35.1188400000
35.1306200000
35.1426700000
35.1547100000
35.1669100000
35.1787600000
35.1907800000
35.2033600000
35.2159900000
35.2279400000
35.2398900000
35.2516100000
35.2642600000
35.2762300000
35.2885500000
35.3010400000
35.3129300000
35.3247300000
35.3366200000
35.3488600000
35.3609300000
35.3729100000
35.3849200000
35.3970600000
35.4087200000
35.4207700000
35.4328800000
35.4453200000
35.4569200000
35.4690100000
35.4812300000
35.4937400000
35.5064500000
35.5183500000
35.5303700000
35.5424000000
35.5543000000
35.5662100000
35.5782900000
35.5902700000
35.6023700000
35.6143300000
35.6262800000
35.6384400000
35.6505600000
35.6633500000
35.6746700000
35.6864400000
35.6999100000
35.7124300000
35.7253700000
35.7373400000
35.7498700000
35.7619400000
35.7739000000
35.7861400000
35.7984800000
35.8107600000
35.8237300000
35.8365900000
35.8484500000
35.8605200000
35.8720300000
35.8840100000
35.8962200000
35.9085300000
35.9204300000
35.9325500000
35.9446200000
35.9577000000
35.9702700000
35.9828900000
35.9958800000
36.0078800000
36.0206800000
36.0335900000
36.0449700000
36.0569900000
36.0689600000
36.0808400000
36.0927400000
36.1049700000
36.1176500000
36.1297700000
36.1427700000
36.1560900000
36.1690000000
36.1813400000
36.1942100000
36.2068500000
36.2192500000
36.2318900000
36.2449300000
36.2577400000
36.2700500000
36.2831100000
36.2953900000
36.3078600000
36.3207400000
36.3336900000
36.3455800000
36.3577300000
36.3700300000
36.3832200000
36.3959400000
36.4083300000
36.4212100000
36.4341000000
36.4464300000
36.4592200000
36.4713400000
36.4838200000
36.4967300000
36.5094300000
36.5217000000
36.5336900000
36.5456000000
36.5577800000
36.5699400000
36.5828600000
36.5948000000
36.6068200000
36.6194300000
36.6314500000
36.6441000000
36.6569600000
36.6695500000
36.6819200000
36.6949100000
36.7069100000
36.7199100000
36.7325100000
36.7450900000
36.7572500000
36.7692700000
36.7822900000
36.7948500000
36.8075900000
36.8199300000
36.8328600000
36.8457300000
36.8587600000
36.8707300000
36.8833000000
36.8962100000
36.9090400000
36.9221100000
36.9347100000
36.9470700000
36.9605800000
36.9742400000
36.9871400000
37.0000300000
37.0127400000
37.0242900000
37.0373300000
37.0498500000
37.0630300000
37.0759000000
37.0883600000
37.1022800000
37.1122400000
37.1221200000
37.1316800000
37.1418600000
37.1513600000
37.1614800000
37.1714000000
37.1811800000
37.1916600000
37.2026200000
37.2139100000
37.2248500000
37.2359300000
37.2470500000
37.2581700000
37.2692200000
37.2804100000
37.2914800000
37.3027600000
37.3136800000
37.3247800000
37.3358400000
37.3471500000
37.3581200000
37.3692900000
37.3802300000
37.3916000000
37.4024900000
37.4140500000
37.4247600000
37.4358200000
37.4469900000
37.4581100000
37.4692500000
37.4802700000
37.4914400000
37.5024900000
37.5135300000
37.5248900000
37.5360300000
37.5470000000
37.5580600000
37.5691200000
37.5805300000
37.5920300000
37.6034700000
37.6148700000
37.6265300000
37.6380100000
37.6493200000
37.6607900000
37.6722900000
37.6841900000
37.6954000000
37.7067600000
37.7181600000
37.7299700000
37.7413000000
37.7520800000
37.7629400000
37.7740400000
37.7851800000
37.7965400000
37.8074900000
37.8185400000
37.8296300000
37.8409200000
37.8521500000
37.8629500000
37.8741000000
37.8851600000
37.8963600000
37.9073100000
37.9184500000
37.9296900000
37.9406100000
37.9518800000
37.9631300000
37.9741000000
37.9851200000
37.9964900000
38.0074300000
38.0183400000
38.0295600000
38.0405900000
38.0516700000
38.0630400000
38.0738800000
38.0850300000
38.0961200000
38.1073100000
38.1183100000
38.1295700000
38.1404900000
38.1518400000
38.1628300000
38.1739800000
38.1850500000
38.1960300000
38.2072400000
38.2183500000
38.2294700000
38.2404400000
38.2516000000
38.2628700000
38.2738500000
38.2852800000
38.2960800000
38.3072100000
38.3182500000
38.3293300000
38.3409500000
38.3518400000
38.3626700000
38.3738600000
38.3848300000
38.3962000000
38.4072400000
38.4181900000
38.4293200000
38.4406300000
38.4515000000
38.4634700000
38.4740900000
38.4848200000
38.4960800000
38.5071900000
38.5181700000
38.5292800000
38.5404000000
38.5515200000
38.5626700000
38.5736200000
38.5847400000
38.5959100000
38.6070200000
38.6183700000
38.6292200000
38.6402700000
38.6515600000
38.6628000000
38.6736500000
38.6846800000
38.6958100000
38.7069900000
38.7180500000
38.7292800000
38.7403000000
38.7513800000
38.7624000000
38.7736900000
38.7846800000
38.7959700000
38.8069000000
38.8184100000
38.8291800000
38.8403300000
38.8513400000
38.8624200000
38.8734600000
38.8845900000
38.8957300000
38.9067900000
38.9179800000
38.9292900000
38.9402800000
38.9514500000
38.9624000000
38.9734300000
38.9847500000
38.9957000000
39.0068400000
39.0179100000
39.0292100000
39.0401600000
39.0511600000
39.0624600000
39.0734900000
39.0846300000
39.0956800000
39.1070700000
39.1178700000
39.1292100000
39.1401900000
39.1512600000
39.1622800000
39.1734600000
39.1845700000
39.1955800000
39.2068800000
39.2178000000
39.2288900000
39.2401500000
39.2511100000
39.2623600000
39.2733100000
39.2845800000
39.2955800000
39.3070500000
39.3177600000
39.3288700000
39.3400000000
39.3510300000
39.3620900000
39.3734400000
39.3844700000
39.3956500000
39.4070500000
39.4180100000
39.4288200000
39.4399600000
39.4509400000
39.4621100000
39.4733000000
39.4842900000
39.4954400000
39.5076300000
39.5176000000
39.5287300000
39.5398900000
39.5511000000
39.5621300000
39.5731400000
39.5843100000
39.5954200000
39.6067300000
39.6177500000
39.6287700000
39.6397800000
39.6510600000
39.6620300000
39.6731100000
39.6842200000
39.6952800000
39.7069900000
39.7176100000
39.7293500000
39.7397500000
39.7508600000
39.7624200000
39.7730200000
39.7843700000
39.7955700000
39.8063900000
39.8175700000
39.8285800000
39.8398100000
39.8509600000
39.8620700000
39.8729700000
39.8841500000
39.8952400000
39.9064100000
39.9174600000
39.9288000000
39.9396600000
39.9509200000
39.9622700000
39.9731400000
39.9841200000
39.9953200000
40.0062400000
40.0175700000
40.0286600000
40.0396300000
40.0508300000
40.0619900000
40.0729200000
40.0841100000
40.0951100000
40.1062700000
40.1173900000
40.1284900000
40.1396300000
40.1506200000
40.1616900000
40.1730700000
40.1840100000
40.1950500000
40.2061400000
40.2173400000
40.2284200000
40.2394900000
40.2505900000
40.2616800000
40.2727400000
40.2840300000
40.2950700000
40.3061600000
40.3173000000
40.3285400000
40.3394500000
40.3506500000
40.3616500000
40.3727500000
40.3839900000
40.3951000000
40.4060600000
40.4171900000
40.4282600000
40.4394000000
40.4505400000
40.4615900000
40.4728300000
40.4839500000
40.4949000000
40.5061700000
40.5171600000
40.5283500000
40.5395000000
40.5504400000
40.5615800000
40.5726800000
40.5840500000
40.5948800000
40.6059800000
40.6173100000
40.6282000000
40.6393700000
40.6505400000
40.6615100000
40.6726300000
40.6839000000
40.6948000000
40.7059200000
40.7170800000
40.7283200000
40.7392700000
40.7505600000
40.7614200000
40.7725300000
40.7836600000
40.7949200000
40.8058600000
40.8171000000
40.8280900000
40.8393100000
40.8504200000
40.8613900000
40.8725200000
40.8836000000
40.8946900000
40.9058900000
40.9169600000
40.9280200000
40.9391400000
40.9505100000
40.9614100000
40.9724500000
40.9836000000
40.9946200000
41.0057600000
41.0171600000
41.0280700000
41.0391500000
41.0502900000
41.0615200000
41.0725200000
41.0835900000
41.0946400000
41.1058700000
41.1169100000
41.1279500000
41.1390600000
41.1501000000
41.1612600000
41.1725200000
41.1834900000
41.1946100000
41.2056300000
41.2168000000
41.2280500000
41.2390300000
41.2500900000
41.2613000000
41.2722500000
41.2836200000
41.2944800000
41.3055800000
41.3166800000
41.3279000000
41.3389200000
41.3500400000
41.3611600000
41.3722700000
41.3833400000
41.3957100000
41.4055600000
41.4168700000
41.4278800000
41.4389800000
41.4499600000
41.4612200000
41.4721900000
41.4833300000
41.4944900000
41.5056300000
41.5166400000
41.5277300000
41.5391700000
41.5498800000
41.5612000000
41.5722700000
41.5832400000
41.5944300000
41.6054300000
41.6167000000
41.6277200000
41.6387900000
41.6500800000
41.6609700000
41.6721600000
41.6832700000
41.6942700000
41.7054900000
41.7165500000
41.7279100000
41.7387200000
41.7498600000
41.7609400000
41.7720400000
41.7831200000
41.7942600000
41.8053700000
41.8164900000
41.8275900000
41.8388200000
41.8498900000
41.8611900000
41.8723500000
41.8832000000
41.8942800000
41.9053600000
41.9164500000
41.9275200000
41.9386600000
41.9502000000
41.9608500000
41.9719400000
41.9832100000
41.9941700000
42.0052300000
42.0165100000
42.0277100000
42.0387200000
42.0497000000
42.0617100000
42.0719900000
42.0831600000
42.0942000000
42.1072500000
42.1206500000
42.1328800000
42.1449600000
42.1581400000
42.1711100000
42.1841900000
42.1975400000
42.2104600000
42.2229900000
42.2359700000
42.2490300000
42.2618300000
42.2749800000
42.2873600000
42.3003200000
42.3136800000
42.3263300000
42.3389200000
42.3517700000
42.3648700000
42.3784300000
42.3906500000
42.4032300000
42.4159900000
42.4287300000
42.4412700000
42.4539400000
42.4661300000
42.4790800000
42.4920700000
42.5049600000
42.5179100000
42.5303100000
42.5435000000
42.5564000000
42.5695100000
42.5825000000
42.5955600000
42.6080700000
42.6210200000
42.6342400000
42.6472000000
42.6604900000
42.6730300000
42.6859400000
42.6986500000
42.7115200000
42.7251300000
42.7375200000
42.7508200000
42.7641400000
42.7767700000
42.7901000000
42.8030300000
42.8159600000
42.8289900000
42.8416400000
42.8545700000
42.8668800000
42.8806000000
42.8929800000
42.9061800000
42.9196100000
42.9325900000
42.9458200000
42.9587900000
42.9716900000
42.9848300000
42.9970900000
43.0104300000
43.0232900000
43.0366600000
43.0490900000
43.0617100000
43.0743400000
43.0872800000
43.1008900000
43.1142600000
43.1273400000
43.1409200000
43.1539800000
43.1666200000
43.1797100000
43.1924900000
43.2052900000
43.2182000000
43.2305600000
43.2432100000
43.2566100000
43.2704700000
43.2832800000
43.2962200000
43.3092500000
43.3225900000
43.3353800000
43.3483800000
43.3612500000
43.3743100000
43.3872600000
43.4001500000
43.4131100000
43.4267500000
43.4400100000
43.4526300000
43.4656400000
43.4785100000
43.4911800000
43.5047300000
43.5177900000
43.5306300000
43.5441600000
43.5562600000
43.5692400000
43.5818000000
43.5949500000
43.6078400000
43.6211500000
43.6346200000
43.6473500000
43.6604500000
43.6730300000
43.6859200000
43.6984100000
43.7115500000
43.7252300000
43.7390300000
43.7518600000
43.7653300000
43.7784400000
43.7910400000
43.8046700000
43.8177600000
43.8304700000
43.8436300000
43.8565800000
43.8694700000
43.8825000000
43.8954600000
43.9086500000
43.9216500000
43.9346100000
43.9476500000
43.9606400000
43.9734100000
43.9863900000
43.9993200000
44.0120400000
44.0272400000
44.0401100000
44.0531400000
44.0655800000
44.0788300000
44.0916000000
44.1046800000
44.1179200000
44.1319900000
44.1457100000
44.1587700000
44.1718300000
44.1849500000
44.1973900000
44.2102200000
44.2241200000
44.2377100000
44.2508500000
44.2638000000
44.2767400000
44.2895100000
44.3024800000
44.3153300000
44.3287400000
44.3417600000
44.3547900000
44.3679200000
44.3812300000
44.3941200000
44.4075800000
44.4207100000
44.4344300000
44.4466100000
44.4595400000
44.4728700000
44.4865400000
44.4994300000
44.5125200000
44.5261200000
44.5399700000
44.5536000000
44.5670700000
44.5800900000
44.5929400000
44.6060200000
44.6194800000
44.6330000000
44.6460600000
44.6593400000
44.6720800000
44.6853600000
44.6992500000
44.7127800000
44.7263100000
44.7396900000
44.7524500000
44.7657400000
44.7797300000
44.7932000000
44.8071500000
44.8201400000
44.8340500000
44.8467100000
44.8599200000
44.8736600000
44.8870000000
44.8999600000
44.9128800000
44.9261100000
44.9394700000
44.9524900000
44.9658700000
44.9789000000
44.9922700000
45.0063400000
45.0195700000
45.0332600000
45.0467400000
45.0606500000
45.0736800000
45.0865000000
45.1004600000
45.1144900000
45.1283800000
45.1425400000
45.1565600000
45.1701500000
45.1840700000
45.1981500000
45.2120900000
45.2262400000
45.2397000000
45.2528100000
45.2666900000
45.2799100000
45.2933500000
45.3071700000
45.3205300000
45.3347000000
45.3484200000
45.3619000000
45.3761100000
45.3898800000
45.4037600000
45.4170900000
45.4305500000
45.4442300000
45.4582000000
45.4713700000
45.4846200000
45.4986200000
45.5120200000
45.5263600000
45.5403000000
45.5541000000
45.5674900000
45.5811400000
45.5948300000
45.6087300000
45.6227900000
45.6361700000
45.6497000000
45.6640000000
45.6777800000
45.6917600000
45.7058300000
45.7192600000
45.7324200000
45.7459200000
45.7600200000
45.7741500000
45.7877000000
45.8015300000
45.8154000000
45.8300300000
45.8435700000
45.8575600000
45.8714600000
45.8854000000
45.8995300000
45.9136900000
45.9276600000
45.9418100000
45.9562500000
45.9702200000
45.9836800000
45.9974700000
46.0111300000
46.0253600000
46.0391000000
46.0532600000
46.0677000000
46.0817500000
46.0957200000
46.1100100000
46.1242800000
46.1377500000
46.1520700000
46.1661300000
46.1795000000
46.1933100000
46.2073300000
46.2208900000
46.2354900000
46.2494900000
46.2631800000
46.2771600000
46.2904400000
46.3042300000
46.3182800000
46.3325800000
46.3462700000
46.3601700000
46.3744000000
46.3882900000
46.4020500000
46.4158100000
46.4318500000
46.4462400000
46.4606000000
46.4743200000
46.4878000000
46.5019000000
46.5163700000
46.5298800000
46.5438600000
46.5581900000
46.5720100000
46.5855100000
46.5993400000
46.6130800000
46.6275300000
46.6412800000
46.6557800000
46.6696500000
46.6834200000
46.6970000000
46.7106500000
46.7247700000
46.7390600000
46.7528100000
46.7664600000
46.7805000000
46.7940900000
46.8082800000
46.8226200000
46.8362500000
46.8503300000
46.8642800000
46.8781800000
46.8922300000
46.9065300000
46.9211200000
46.9348200000
46.9484600000
46.9628800000
46.9774900000
46.9914200000
47.0057800000
47.0193900000
47.0336400000
47.0485200000
47.0626600000
47.0768300000
47.0905200000
47.1044300000
47.1185900000
47.1327200000
47.1463700000
47.1603200000
47.1745900000
47.1878700000
47.2027400000
47.2169100000
47.2308300000
47.2455400000
47.2599800000
47.2738700000
47.2870600000
47.3008200000
47.3149900000
47.3295100000
47.3440200000
47.3578900000
47.3718900000
47.3864200000
47.4008600000
47.4147100000
47.4292500000
47.4432100000
47.4576600000
47.4712800000
47.4849100000
47.4991700000
47.5133200000
47.5281400000
47.5424400000
47.5558500000
47.5698200000
47.5837400000
47.5984200000
47.6122700000
47.6262900000
47.6402700000
47.6541300000
47.6683700000
47.6827900000
47.6973800000
47.7111100000
47.7250500000
47.7390300000
47.7531600000
47.7671100000
47.7811900000
47.7953700000
47.8091700000
47.8226800000
47.8369500000
47.8506400000
47.8648200000
47.8788400000
47.8926500000
47.9066700000
47.9205800000
47.9349300000
47.9494600000
47.9638700000
47.9780200000
47.9923500000
48.0070900000
48.0212500000
48.0358000000
48.0495500000
48.0634500000
48.0774700000
48.0915600000
48.1056200000
48.1196200000
48.1339700000
48.1485100000
48.1622200000
48.1762400000
48.1905000000
48.2047700000
48.2196100000
48.2339700000
48.2489500000
48.2636900000
48.2776400000
48.2915400000
48.3055500000
48.3194400000
48.3331600000
48.3469100000
48.3610600000
48.3756500000
48.3901900000
48.4047200000
48.4188300000
48.4329200000
48.4477300000
48.4618900000
48.4757000000
48.4897500000
48.5035900000
48.5175100000
48.5317100000
48.5455900000
48.5598200000
48.5739200000
48.5877200000
48.6016900000
48.6155500000
48.6299400000
48.6448400000
48.6596100000
48.6736900000
48.6878700000
48.7015100000
48.7160000000
48.7300100000
48.7439000000
48.7579200000
48.7721800000
48.7859100000
48.8000100000
48.8144300000
48.8286100000
48.8430700000
48.8568500000
48.8715100000
48.8865000000
48.9012500000
48.9153500000
48.9293300000
48.9441200000
48.9582100000
48.9725500000
48.9866700000
49.0006000000
49.0148400000
49.0287900000
49.0433000000
49.0572000000
49.0716900000
49.0872500000
49.1012800000
49.1162000000
49.1310900000
49.1458000000
49.1599000000
49.1738100000
49.1880100000
49.2026900000
49.2168700000
49.2311600000
49.2464100000
49.2612100000
49.2756500000
49.2898800000
49.3042000000
49.3182100000
49.3323400000
49.3473600000
49.3621100000
49.3768400000
49.3906300000
49.4049300000
49.4189900000
49.4341600000
49.4481500000
49.4625800000
49.4766600000
49.4905100000
49.5048300000
49.5197800000
49.5339400000
49.5484700000
49.5627600000
49.5768100000
49.5906300000
49.6056100000
49.6195500000
49.6340400000
49.6493700000
49.6641700000
49.6790900000
49.6931700000
49.7082000000
49.7225500000
49.7370900000
49.7516800000
49.7663300000
49.7810500000
49.7951200000
49.8091700000
49.8242100000
49.8396300000
49.8535700000
49.8685800000
49.8827900000
49.8969200000
49.9123000000
49.9270900000
49.9419500000
49.9560900000
49.9708300000
49.9856200000
50.0006000000
50.0153500000
50.0288000000
50.0430000000
50.0576900000
50.0716900000
50.0865900000
50.1007200000
50.1146700000
50.1293900000
50.1444200000
50.1578800000
50.1721800000
50.1866900000
50.2007200000
50.2147800000
50.2286500000
50.2435200000
50.2584900000
50.2731500000
50.2879000000
50.3033700000
50.3177000000
50.3325700000
50.3474800000
50.3625500000
50.3774300000
50.3914500000
50.4058800000
50.4210600000
50.4364200000
50.4506200000
50.4656100000
50.4798500000
50.4938500000
50.5087800000
50.5231400000
50.5377300000
50.5518200000
50.5668800000
50.5815600000
50.5957600000
50.6098700000
50.6244000000
50.6398500000
50.6541000000
50.6692300000
50.6834600000
50.6987200000
50.7132600000
50.7280600000
50.7425700000
50.7567400000
50.7708900000
50.7853700000
50.8002800000
50.8150600000
50.8290900000
50.8439500000
50.8582700000
50.8728100000
50.8874000000
50.9024000000
50.9162400000
50.9302600000
50.9457100000
50.9603200000
50.9755900000
50.9903700000
51.0050700000
51.0208300000
51.0351400000
51.0487600000
51.0640800000
51.0784000000
51.0933500000
51.1078500000
51.1226400000
51.1371800000
51.1519200000
51.1669600000
51.1820600000
51.1970900000
51.2118400000
51.2268600000
51.2423900000
51.2573500000
51.2727400000
51.2879800000
51.3024300000
51.3176200000
51.3317300000
51.3466500000
51.3609700000
51.3759700000
51.3911000000
51.4064900000
51.4213900000
51.4362100000
51.4515200000
51.4659400000
51.4808500000
51.4960700000
51.5108000000
51.5257900000
51.5418200000
51.5560300000
51.5718100000
51.5865700000
51.6015100000
51.6164000000
51.6315000000
51.6469300000
51.6619900000
51.6773200000
51.6930100000
51.7085200000
51.7230500000
51.7384400000
51.7528500000
51.7672500000
51.7820700000
51.7971600000
51.8125600000
51.8269700000
51.8424800000
51.8569400000
51.8717000000
51.8871000000
51.9024300000
51.9173500000
51.9323800000
51.9471500000
51.9617000000
51.9769600000
51.9921300000
52.0071300000
52.0225400000
52.0372300000
52.0521200000
52.0673300000
52.0820400000
52.0968700000
52.1117600000
52.1266600000
52.1417700000
52.1572600000
52.1719800000
52.1870000000
52.2014000000
52.2163200000
52.2307900000
52.2460700000
52.2598500000
52.2748000000
52.2896900000
52.3043600000
52.3192700000
52.3343500000
52.3511200000
52.3652700000
52.3801800000
52.3950600000
52.4096800000
52.4246800000
52.4395600000
52.4546700000
52.4690300000
52.4843000000
52.4992000000
52.5140300000
52.5283700000
52.5438200000
52.5586900000
52.5733800000
52.5880300000
52.6029600000
52.6180100000
52.6318900000
52.6472100000
52.6622100000
52.6767200000
52.6912300000
52.7060700000
52.7213000000
52.7358600000
52.7511300000
52.7660600000
52.7811700000
52.7959600000
52.8110500000
52.8258100000
52.8411400000
52.8561200000
52.8707200000
52.8859700000
52.9011700000
52.9157700000
52.9311400000
52.9460800000
52.9608400000
52.9763100000
52.9911600000
53.0060300000
53.0214800000
53.0364000000
53.0515800000
53.0666200000
53.0820900000
53.0969800000
53.1120100000
53.1265500000
53.1421100000
53.1565700000
53.1719900000
53.1868500000
53.2015300000
53.2164600000
53.2314900000
53.2466600000
53.2619400000
53.2773900000
53.2921400000
53.3076100000
53.3225000000
53.3375200000
53.3524200000
53.3672000000
53.3822900000
53.3972700000
53.4120900000
53.4271800000
53.4425400000
53.4571500000
53.4721900000
53.4883500000
53.5033500000
53.5180300000
53.5331700000
53.5478800000
53.5634200000
53.5783200000
53.5934800000
53.6080600000
53.6231700000
53.6384200000
53.6535900000
53.6685500000
53.6837600000
53.6985500000
53.7132600000
53.7283100000
53.7430500000
53.7582900000
53.7732400000
53.7881000000
53.8030700000
53.8174200000
53.8327700000
53.8491600000
53.8650400000
53.8798500000
53.8945900000
53.9097800000
53.9244400000
53.9386600000
53.9540300000
53.9693300000
53.9844600000
53.9994000000
54.0148700000
54.0299600000
54.0452000000
54.0603600000
54.0749600000
54.0891500000
54.1045300000
54.1192100000
54.1336900000
54.1487000000
54.1635200000
54.1779600000
54.1929600000
54.2077700000
54.2229000000
54.2377900000
54.2531300000
54.2685500000
54.2835400000
54.2981000000
54.3129900000
54.3275200000
54.3429900000
54.3579200000
54.3728500000
54.3876300000
54.4030200000
54.4182200000
54.4335600000
54.4484300000
54.4633500000
54.4782300000
54.4931300000
54.5088100000
54.5235400000
54.5387800000
54.5539100000
54.5690700000
54.5841700000
54.5992200000
54.6148700000
54.6303700000
54.6452000000
54.6607900000
54.6760400000
54.6911100000
54.7059700000
54.7221700000
54.7376900000
54.7528500000
54.7674800000
54.7824400000
54.7974900000
54.8125100000
54.8275400000
54.8427200000
54.8577000000
54.8722800000
54.8884800000
54.9033400000
54.9183000000
54.9330200000
54.9482700000
54.9635900000
54.9785400000
54.9936800000
55.0088300000
55.0235600000
55.0388500000
55.0541500000
55.0694900000
55.0850400000
55.1003200000
55.1150600000
55.1302900000
55.1456100000
55.1611800000
55.1762300000
55.1917000000
55.2068300000
55.2217900000
55.2370200000
55.2530900000
55.2678600000
55.2834900000
55.2985000000
55.3133500000
55.3280900000
55.3435200000
55.3588600000
55.3736300000
55.3887400000
55.4041100000
55.4189500000
55.4341600000
55.4492300000
55.4641700000
55.4797000000
55.4948500000
55.5096300000
55.5245200000
55.5391900000
55.5547100000
55.5703400000
55.5853800000
55.6006000000
55.6151500000
55.6297100000
55.6447300000
55.6599800000
55.6742100000
55.6892000000
55.7045100000
55.7187800000
55.7339500000
55.7488200000
55.7640200000
55.7796000000
55.7941400000
55.8098400000
55.8253100000
55.8400000000
55.8551100000
55.8706700000
55.8855900000
55.9003800000
55.9161100000
55.9310000000
55.9463400000
55.9623500000
55.9777300000
55.9923900000
56.0073500000
56.0226100000
56.0378700000
56.0531900000
56.0687100000
56.0839300000
56.0987200000
56.1139400000
56.1291700000
56.1440100000
56.1598400000
56.1741100000
56.1889800000
56.2040800000
56.2192100000
56.2347800000
56.2498300000
56.2653700000
56.2804000000
56.2952500000
56.3102300000
56.3254900000
56.3408400000
56.3560400000
56.3711400000
56.3873600000
56.4033000000
56.4192500000
56.4351500000
56.4510500000
56.4666500000
56.4823200000
56.4974000000
56.5124200000
56.5278300000
56.5430200000
56.5605300000
56.5750500000
56.5897700000
56.6047700000
56.6197400000
56.6350500000
56.6509700000
56.6671600000
56.6827800000
56.6985900000
56.7140100000
56.7297300000
56.7454800000
56.7604400000
56.7755700000
56.7905000000
56.8064300000
56.8208200000
56.8366200000
56.8525100000
56.8681600000
56.8835200000
56.8995300000
56.9141200000
56.9288300000
56.9437600000
56.9591100000
56.9747500000
56.9908700000
57.0067900000
57.0225600000
57.0377200000
57.0529600000
57.0687900000
57.0839500000
57.0996700000
57.1145000000
57.1298800000
57.1460900000
57.1619700000
57.1771000000
57.1920800000
57.2070200000
57.2221600000
57.2379800000
57.2528900000
57.2686300000
57.2840700000
57.2985000000
57.3138900000
57.3296500000
57.3454800000
57.3616400000
57.3768800000
57.3925000000
57.4094700000
57.4258100000
57.4423300000
57.4578800000
57.4732800000
57.4887100000
57.5036900000
57.5190300000
57.5341900000
57.5499900000
57.5654400000
57.5813600000
57.5970500000
57.6118500000
57.6268800000
57.6425300000
57.6584300000
57.6740500000
57.6896800000
57.7052700000
57.7210400000
57.7367800000
57.7518800000
57.7678700000
57.7835800000
57.7986100000
57.8136300000
57.8292400000
57.8450900000
57.8615700000
57.8767000000
57.8917600000
57.9075400000
57.9230500000
57.9384900000
57.9538300000
57.9700600000
57.9861600000
58.0018000000
58.0171200000
58.0320700000
58.0477700000
58.0641600000
58.0790900000
58.0947200000
58.1101700000
58.1258900000
58.1418500000
58.1571400000
58.1728000000
58.1880000000
58.2037800000
58.2192500000
58.2350700000
58.2503700000
58.2665700000
58.2820400000
58.2976500000
58.3132100000
58.3285100000
58.3435200000
58.3599200000
58.3755700000
58.3914700000
58.4065700000
58.4225500000
58.4394100000
58.4548600000
58.4705500000
58.4862900000
58.5023600000
58.5183900000
58.5333000000
58.5492400000
58.5647800000
58.5802600000
58.5962400000
58.6120200000
58.6280700000
58.6442100000
58.6604200000
58.6755800000
58.6915700000
58.7078700000
58.7239500000
58.7399600000
58.7556700000
58.7710100000
58.7866900000
58.8029500000
58.8182900000
58.8332500000
58.8487800000
58.8644700000
58.8802600000
58.8959800000
58.9113800000
58.9274800000
58.9431500000
58.9595300000
58.9751500000
58.9917300000
59.0077200000
59.0234700000
59.0392500000
59.0537300000
59.0699700000
59.0855900000
59.1011100000
59.1177300000
59.1333300000
59.1487000000
59.1643000000
59.1793200000
59.1951300000
59.2105800000
59.2263800000
59.2428500000
59.2593600000
59.2750900000
59.2909100000
59.3068500000
59.3228100000
59.3387100000
59.3540100000
59.3699500000
59.3859100000
59.4018400000
59.4173700000
59.4323200000
59.4478200000
59.4651100000
59.4808700000
59.4966500000
59.5122900000
59.5283100000
59.5438300000
59.5604400000
59.5760000000
59.5919100000
