76.2164800000
76.2277300000
76.2387400000
76.2502400000
76.2616700000
76.2719700000
76.2827000000
76.2938000000
76.3052000000
76.3161000000
76.3272500000
76.3382900000
76.3500000000
76.3607100000
76.3717400000
76.3829000000
76.3938400000
76.4051300000
76.4160800000
76.4273000000
76.4381900000
76.4494200000
76.4603800000
76.4715700000
76.4829100000
76.4936900000
76.5049100000
76.5160400000
76.5271300000
76.5381900000
76.5493400000
76.5605200000
76.5715000000
76.5826000000
76.5939400000
76.6048000000
76.6158300000
76.6272000000
76.6381500000
76.6492400000
76.6603400000
76.6715900000
76.6824900000
76.6937600000
76.7049900000
76.7158000000
76.7270400000
76.7386900000
76.7497300000
76.7602100000
76.7712900000
76.7827300000
76.7935800000
76.8047000000
76.8159700000
76.8271500000
76.8380600000
76.8492700000
76.8605000000
76.8713200000
76.8825000000
76.8936400000
76.9046600000
76.9158200000
76.9270300000
76.9379400000
76.9492300000
76.9601400000
76.9713000000
76.9824100000
76.9934100000
77.0046400000
77.0158400000
77.0270700000
77.0379900000
77.0490600000
77.0601700000
77.0711900000
77.0823200000
77.0936100000
77.1045100000
77.1158300000
77.1267200000
77.1378900000
77.1491000000
77.1600700000
77.1714600000
77.1822200000
77.1933400000
77.2046800000
77.2156100000
77.2266500000
77.2378000000
77.2489700000
77.2601600000
77.2711300000
77.2822200000
77.2932700000
77.3046100000
77.3155500000
77.3267100000
77.3378100000
77.3488700000
77.3600000000
77.3712800000
77.3824400000
77.3932200000
77.4043700000
77.4154700000
77.4266000000
77.4377000000
77.4488200000
77.4601900000
77.4710400000
77.4824300000
77.4932500000
77.5043000000
77.5155300000
77.5265400000
77.5375700000
77.5488400000
77.5601800000
77.5709500000
77.5821500000
77.5933800000
77.6043800000
77.6154600000
77.6265300000
77.6376700000
77.6488400000
77.6600100000
77.6709200000
77.6820400000
77.6931400000
77.7043700000
77.7154600000
77.7267500000
77.7375400000
77.7487700000
77.7599800000
77.7708200000
77.7819400000
77.7932600000
77.8041600000
77.8154100000
77.8264100000
77.8374100000
77.8485600000
77.8598800000
77.8709000000
77.8823000000
77.8930300000
77.9042900000
77.9152500000
77.9264900000
77.9373900000
77.9486400000
77.9599800000
77.9708000000
77.9819900000
77.9929900000
78.0041000000
78.0151900000
78.0262800000
78.0374800000
78.0484600000
78.0596400000
78.0706900000
78.0817900000
78.0929900000
78.1041000000
78.1151000000
78.1263100000
78.1373400000
78.1485400000
78.1594800000
78.1705900000
78.1817200000
78.1928100000
78.2039600000
78.2150100000
78.2261600000
78.2373700000
78.2484400000
78.2598800000
78.2705900000
78.2818500000
78.2928200000
78.3039900000
78.3150300000
78.3261000000
78.3372600000
78.3483000000
78.3594400000
78.3707500000
78.3816100000
78.3928000000
78.4038800000
78.4151500000
78.4261600000
78.4371800000
78.4483700000
78.4593800000
78.4706100000
78.4817400000
78.4928100000
78.5038500000
78.5149900000
78.5260200000
78.5371000000
78.5482300000
78.5592800000
78.5705300000
78.5815900000
78.5928100000
78.6037700000
78.6149700000
78.6260200000
78.6370800000
78.6481600000
78.6594500000
78.6704000000
78.6814800000
78.6926000000
78.7038600000
78.7148000000
78.7260800000
78.7370300000
78.7482100000
78.7592700000
78.7703600000
78.7816500000
78.7925600000
78.8036300000
78.8149100000
78.8260000000
78.8369700000
78.8480700000
78.8593100000
78.8702800000
78.8814800000
78.8925000000
78.9037200000
78.9147600000
78.9259300000
78.9369900000
78.9480400000
78.9594300000
78.9702500000
78.9813900000
78.9924500000
79.0035900000
79.0147000000
79.0258300000
79.0375100000
79.0479400000
79.0591100000
79.0703200000
79.0813100000
79.0923600000
79.1034600000
79.1146500000
79.1258300000
79.1368900000
79.1481900000
79.1590700000
79.1701200000
79.1812200000
79.1924600000
79.2034500000
79.2145200000
79.2258100000
79.2367600000
79.2479500000
79.2591500000
79.2700800000
79.2811600000
79.2922700000
79.3034400000
79.3145800000
79.3256300000
79.3367500000
79.3480700000
79.3589600000
79.3702600000
79.3811400000
79.3922400000
79.4033300000
79.4145100000
79.4255800000
79.4366800000
79.4478800000
79.4589200000
79.4699900000
79.4813500000
79.4922100000
79.5034400000
79.5144700000
79.5255400000
79.5366500000
79.5477800000
79.5588500000
79.5700000000
79.5812100000
79.5925500000
79.6032600000
79.6143600000
79.6254700000
79.6365500000
79.6477600000
79.6589300000
79.6699000000
79.6810500000
79.6921200000
79.7035100000
79.7143000000
79.7254000000
79.7366000000
79.7477000000
79.7588200000
79.7699300000
79.7811200000
79.7921000000
79.8032500000
79.8145800000
79.8254200000
79.8364800000
79.8476300000
79.8588500000
79.8698300000
79.8809600000
79.8920700000
79.9031200000
79.9143800000
79.9255000000
79.9364500000
79.9477200000
79.9588300000
79.9700800000
79.9810000000
79.9920200000
80.0032500000
80.0143100000
80.0253800000
80.0365000000
80.0476200000
80.0586600000
80.0697600000
80.0810400000
80.0919400000
80.1030000000
80.1141600000
80.1253200000
80.1363200000
80.1476800000
80.1585200000
80.1697000000
80.1807800000
80.1918700000
80.2029500000
80.2141000000
80.2251800000
80.2362700000
80.2475000000
80.2586100000
80.2696800000
80.2808200000
80.2918000000
80.3029900000
80.3140000000
80.3251300000
80.3362400000
80.3474700000
80.3584700000
80.3697600000
80.3806500000
80.3917600000
80.4028500000
80.4144700000
80.4250700000
80.4363100000
80.4472700000
80.4583700000
80.4695600000
80.4808300000
80.4918500000
80.5028300000
80.5140300000
80.5250300000
80.5361000000
80.5472300000
80.5583300000
80.5694500000
80.5806200000
80.5918700000
80.6027400000
80.6138800000
80.6250600000
80.6360900000
80.6471600000
80.6582900000
80.6694800000
80.6805000000
80.6917100000
80.7028600000
80.7138700000
80.7249100000
80.7361100000
80.7473000000
80.7582200000
80.7693900000
80.7806700000
80.7916600000
80.8026700000
80.8139800000
80.8248700000
80.8360000000
80.8471500000
80.8581900000
80.8693400000
80.8804900000
80.8914900000
80.9026900000
80.9137100000
80.9249700000
80.9359700000
80.9473200000
80.9581600000
80.9693000000
80.9804400000
80.9915300000
81.0025700000
81.0136300000
81.0249300000
81.0360800000
81.0470400000
81.0582200000
81.0695700000
81.0803500000
81.0914800000
81.1025500000
81.1145100000
81.1252100000
81.1361400000
81.1471600000
81.1580700000
81.1691100000
81.1803100000
81.1914000000
81.2026400000
81.2136500000
81.2246900000
81.2357900000
81.2469400000
81.2581500000
81.2692300000
81.2802800000
81.2912400000
81.3024600000
81.3134600000
81.3246200000
81.3357200000
81.3470200000
81.3580500000
81.3692500000
81.3802900000
81.3912400000
81.4023400000
81.4134500000
81.4247700000
81.4356700000
81.4467600000
81.4579000000
81.4690200000
81.4802400000
81.4912600000
81.5022900000
81.5134000000
81.5247000000
81.5356300000
81.5466700000
81.5579400000
81.5690600000
81.5801200000
81.5912600000
81.6022800000
81.6135800000
81.6244800000
81.6355800000
81.6468000000
81.6579100000
81.6691800000
81.6801200000
81.6911300000
81.7023600000
81.7132600000
81.7245200000
81.7355400000
81.7466700000
81.7577000000
81.7689700000
81.7800600000
81.7911100000
81.8021400000
81.8134100000
81.8244000000
81.8356500000
81.8465700000
81.8577900000
81.8689600000
81.8799100000
81.8910200000
81.9020500000
81.9132600000
81.9245100000
81.9354400000
81.9466400000
81.9577500000
81.9692300000
81.9800700000
81.9911600000
82.0022300000
82.0132400000
82.0243500000
82.0355300000
82.0465100000
82.0575900000
82.0689900000
82.0798000000
82.0908700000
82.1020300000
82.1130800000
82.1242500000
82.1353300000
82.1466800000
82.1575300000
82.1689000000
82.1798500000
82.1909000000
82.2019600000
82.2131200000
82.2241800000
82.2352500000
82.2464600000
82.2577300000
82.2688400000
82.2798600000
82.2908200000
82.3020200000
82.3130000000
82.3241300000
82.3352100000
82.3463400000
82.3575100000
82.3689500000
82.3801600000
82.3910600000
82.4018800000
82.4129900000
82.4240900000
82.4351800000
82.4463700000
82.4575100000
82.4685600000
82.4801600000
82.4908200000
82.5018200000
82.5129200000
82.5240400000
82.5351700000
82.5463000000
82.5573200000
82.5684400000
82.5795500000
82.5908200000
82.6017600000
82.6130000000
82.6240000000
82.6352000000
82.6461700000
82.6572900000
82.6684600000
82.6795000000
82.6906500000
82.7018500000
82.7128300000
82.7239500000
82.7350500000
82.7462100000
82.7573400000
82.7684600000
82.7795100000
82.7906100000
82.8017800000
82.8129500000
82.8238600000
82.8355900000
82.8461900000
82.8571900000
82.8682500000
82.8795900000
82.8905600000
82.9016300000
82.9127800000
82.9240500000
82.9349300000
82.9460200000
82.9571300000
82.9682900000
82.9794500000
82.9905100000
83.0015900000
83.0129700000
83.0239000000
83.0349800000
83.0459700000
83.0570400000
83.0684000000
83.0795000000
83.0903900000
83.1018100000
83.1126600000
83.1237500000
83.1350000000
83.1460400000
83.1570700000
83.1681200000
83.1792600000
83.1903900000
83.2014500000
83.2125700000
83.2237500000
83.2350100000
83.2460200000
83.2571000000
83.2680700000
83.2792000000
83.2903300000
83.3015600000
83.3126100000
83.3236100000
83.3348500000
83.3458800000
83.3569500000
83.3681900000
83.3792100000
83.3903400000
83.4013600000
83.4128300000
83.4235800000
83.4346800000
83.4461500000
83.4571400000
83.4681500000
83.4797600000
83.4907800000
83.5017400000
83.5126600000
83.5238700000
83.5347100000
83.5458300000
83.5569900000
83.5680100000
83.5792200000
83.5902900000
83.6017200000
83.6128700000
83.6238700000
83.6349400000
83.6459200000
83.6570000000
83.6680100000
83.6791300000
83.6901900000
83.7017400000
83.7124400000
83.7235000000
83.7345800000
83.7456200000
83.7567300000
83.7678200000
83.7792000000
83.7900800000
83.8015100000
83.8124300000
83.8234100000
83.8344700000
83.8456600000
83.8568300000
83.8678000000
83.8789600000
83.8900700000
83.9012500000
83.9122500000
83.9234300000
83.9347500000
83.9460800000
83.9568000000
83.9678400000
83.9791900000
83.9900000000
84.0010900000
84.0122800000
84.0236100000
84.0347600000
84.0461800000
84.0573700000
84.0683600000
84.0813800000
84.0924800000
84.1033300000
84.1144300000
84.1253000000
84.1362600000
84.1472100000
84.1582600000
84.1692000000
84.1814900000
84.1924400000
84.2033400000
84.2145000000
84.2252800000
84.2364000000
84.2467700000
84.2583500000
84.2686800000
84.2800500000
84.2907100000
84.3018100000
84.3131700000
84.3240500000
84.3352000000
84.3457300000
84.3565000000
84.3676200000
84.3788200000
84.3895500000
84.4004100000
84.4111600000
84.4221100000
84.4331300000
84.4441400000
84.4555700000
84.4667700000
84.4783200000
84.4883700000
84.4991500000
84.5101900000
84.5213000000
84.5321700000
84.5431400000
84.5541300000
84.5653000000
84.5762900000
84.5879000000
84.5985300000
84.6095100000
84.6205000000
84.6322800000
84.6439600000
84.6546600000
84.6657400000
84.6766200000
84.6876500000
84.6984900000
84.7091400000
84.7199600000
84.7310000000
84.7429100000
84.7541800000
84.7657900000
84.7774900000
84.7886500000
84.8004300000
84.8111900000
84.8226800000
84.8338000000
84.8451800000
84.8559200000
84.8674300000
84.8788900000
84.8903100000
84.9013700000
84.9123800000
84.9234400000
84.9345000000
84.9456100000
84.9563300000
84.9673100000
84.9790000000
84.9905300000
85.0013400000
85.0122600000
85.0231400000
85.0347400000
85.0461100000
85.0573400000
85.0682400000
85.0797000000
85.0912200000
85.1021900000
85.1130600000
85.1247400000
85.1356000000
85.1469400000
85.1585600000
85.1697300000
85.1810600000
85.1927700000
85.2037400000
85.2149400000
85.2259000000
85.2368300000
85.2481800000
85.2595100000
85.2702600000
85.2816800000
85.2923200000
85.3032600000
85.3145100000
85.3255800000
85.3368500000
85.3476500000
85.3584500000
85.3695100000
85.3808300000
85.3914900000
85.4024700000
85.4136000000
85.4246400000
85.4362700000
85.4470700000
85.4578100000
85.4690100000
85.4806000000
85.4915800000
85.5025700000
85.5135900000
85.5248700000
85.5363100000
85.5474200000
85.5580000000
85.5694400000
85.5810400000
85.5926400000
85.6035400000
85.6150300000
85.6262500000
85.6371700000
85.6480600000
85.6596800000
85.6708500000
85.6818600000
85.6943400000
85.7055700000
85.7170100000
85.7285400000
85.7396900000
85.7506000000
85.7616300000
85.7730600000
85.7849200000
85.7964600000
85.8070400000
85.8176600000
85.8288300000
85.8399400000
85.8507800000
85.8623600000
85.8740800000
85.8867200000
85.8976400000
85.9083600000
85.9194600000
85.9305200000
85.9412500000
85.9523000000
85.9637100000
85.9753500000
85.9867500000
85.9984500000
86.0095100000
86.0202400000
86.0312300000
86.0423600000
86.0533100000
86.0642800000
86.0759700000
86.0869800000
86.0980200000
86.1088300000
86.1202700000
86.1315000000
86.1423100000
86.1531400000
86.1650800000
86.1757000000
86.1867400000
86.1976200000
86.2088200000
86.2201200000
86.2311600000
86.2422900000
86.2531600000
86.2637800000
86.2749900000
86.2861000000
86.2978400000
86.3089700000
86.3201800000
86.3310300000
86.3424100000
86.3542300000
86.3650900000
86.3761300000
86.3872800000
86.3992000000
86.4101100000
86.4211700000
86.4325200000
86.4437200000
86.4556100000
86.4667900000
86.4786000000
86.4893900000
86.5002800000
86.5112200000
86.5218900000
86.5328700000
86.5438500000
86.5552400000
86.5661800000
86.5778600000
86.5891300000
86.6006700000
86.6116000000
86.6228300000
86.6345700000
86.6455700000
86.6563400000
86.6682200000
86.6792900000
86.6902100000
86.7016600000
86.7126000000
86.7238200000
86.7355700000
86.7466500000
86.7575700000
86.7684600000
86.7795900000
86.7906300000
86.8025800000
86.8135900000
86.8246600000
86.8363200000
86.8474900000
86.8583100000
86.8693400000
86.8811200000
86.8932100000
86.9049800000
86.9158800000
86.9269300000
86.9380000000
86.9489500000
86.9600100000
86.9708300000
86.9818200000
86.9930400000
87.0047200000
87.0158200000
87.0269400000
87.0389700000
87.0504400000
87.0619100000
87.0733600000
87.0853700000
87.0974000000
87.1091500000
87.1207700000
87.1318500000
87.1426800000
87.1537600000
87.1647700000
87.1766300000
87.1879600000
87.1997500000
87.2107500000
87.2221800000
87.2330800000
87.2450000000
87.2623100000
87.2774200000
87.2923700000
87.3071200000
87.3220000000
87.3369600000
87.3521000000
87.3670300000
87.3822400000
87.3972700000
87.4119900000
87.4271800000
87.4418700000
87.4569500000
87.4722700000
87.5080300000
87.5220300000
87.5359700000
87.5499400000
87.5625800000
87.5744200000
87.5863900000
87.5983600000
87.6103300000
87.6222500000
87.6338900000
87.6451000000
87.6569700000
87.6690400000
87.6799500000
87.6918800000
87.7039200000
87.7157100000
87.7268400000
87.7387300000
87.7500100000
87.7617400000
87.7731600000
87.7840700000
87.7961100000
87.8066900000
87.8184800000
87.8297700000
87.8415300000
87.8535800000
87.8652000000
87.8764800000
87.8875500000
87.8993500000
87.9103900000
87.9226500000
87.9341700000
87.9457600000
87.9577000000
87.9687000000
87.9806700000
87.9927700000
88.0042700000
88.0158300000
88.0277000000
88.0397000000
88.0515600000
88.0637400000
88.0755600000
88.0866600000
88.0986400000
88.1107300000
88.1226500000
88.1344900000
88.1455300000
88.1580800000
88.1694900000
88.1807400000
88.1926400000
88.2038900000
88.2157700000
88.2268100000
88.2386900000
88.2503100000
88.2613400000
88.2732800000
88.2852600000
88.2973300000
88.3093100000
88.3211200000
88.3329300000
88.3441200000
88.3560800000
88.3671000000
88.3795800000
88.3908500000
88.4024900000
88.4146600000
88.4266000000
88.4384500000
88.4496100000
88.4615200000
88.4734400000
88.4842000000
88.4961100000
88.5082200000
88.5199400000
88.5310800000
88.5428100000
88.5547900000
88.5663400000
88.5777100000
88.5896100000
88.6009400000
88.6127700000
88.6243800000
88.6363600000
88.6474200000
88.6587100000
88.6704600000
88.6826300000
88.6938200000
88.7055700000
88.7173200000
88.7290500000
88.7409400000
88.7524400000
88.7632000000
88.7750300000
88.7864500000
88.7986500000
88.8102000000
88.8217000000
88.8341400000
88.8459300000
88.8573400000
88.8683200000
88.8806400000
88.8928300000
88.9046800000
88.9164700000
88.9279300000
88.9399500000
88.9515500000
88.9633900000
88.9753000000
88.9872900000
88.9995100000
89.0116000000
89.0234600000
89.0353400000
89.0473800000
89.0585700000
89.0699100000
89.0814400000
89.0932900000
89.1053100000
89.1177700000
89.1297500000
89.1414600000
89.1532200000
89.1652100000
89.1773500000
89.1892500000
89.2013500000
89.2133100000
89.2254100000
89.2370600000
89.2483100000
89.2601400000
89.2721600000
89.2840200000
89.2961300000
89.3079300000
89.3199200000
89.3319200000
89.3438900000
89.3559800000
89.3673300000
89.3793600000
89.3911400000
89.4026800000
89.4149600000
89.4267700000
89.4389500000
89.4506400000
89.4619600000
89.4738000000
89.4856600000
89.4974100000
89.5093200000
89.5210000000
89.5330700000
89.5456200000
89.5575500000
89.5694000000
89.5807600000
89.5929300000
89.6044500000
89.6161600000
89.6285100000
89.6401700000
89.6523500000
89.6643700000
89.6762500000
89.6885900000
89.7000600000
89.7122400000
89.7238600000
89.7358900000
89.7482200000
89.7609300000
89.7724700000
89.7844200000
89.7967100000
89.8084600000
89.8200700000
89.8316800000
89.8434400000
89.8556200000
89.8675900000
89.8796000000
89.8922600000
89.9038800000
89.9161500000
89.9281000000
89.9398500000
89.9512600000
89.9634300000
89.9752700000
89.9875000000
89.9996000000
90.0116700000
90.0237800000
90.0358300000
90.0479000000
90.0599700000
90.0721700000
90.0839800000
90.0954700000
90.1077300000
90.1195100000
90.1316400000
90.1435500000
90.1556200000
90.1677200000
90.1797100000
90.1924400000
90.2040300000
90.2161600000
90.2285100000
90.2405400000
90.2519100000
90.2638500000
90.2758800000
90.2878500000
90.2998200000
90.3118700000
90.3238700000
90.3356600000
90.3477200000
90.3597000000
90.3717500000
90.3837100000
90.3960600000
90.4082000000
90.4202800000
90.4316700000
90.4436200000
90.4557400000
90.4681100000
90.4800500000
90.4922600000
90.5036500000
90.5162100000
90.5282500000
90.5405900000
90.5518400000
90.5640000000
90.5765000000
90.5878900000
90.5997900000
90.6121100000
90.6239600000
90.6358100000
90.6476700000
90.6596000000
90.6713300000
90.6831900000
90.6956300000
90.7072100000
90.7195100000
90.7318100000
90.7434900000
90.7556000000
90.7675900000
90.7795100000
90.7918400000
90.8034100000
90.8158500000
90.8276700000
90.8392700000
90.8513100000
90.8631800000
90.8749700000
90.8868600000
90.8987400000
90.9103900000
90.9221500000
90.9340200000
90.9465800000
90.9582900000
90.9705000000
90.9822200000
90.9945400000
91.0066800000
91.0185500000
91.0305900000
91.0425300000
91.0546000000
91.0663600000
91.0785000000
91.0903500000
91.1021000000
91.1139000000
91.1258600000
91.1373700000
91.1494400000
91.1617100000
91.1732300000
91.1852700000
91.1983100000
91.2104900000
91.2223100000
91.2347600000
91.2470000000
91.2590300000
91.2711900000
91.2829300000
91.2957800000
91.3073700000
91.3195700000
91.3317000000
91.3434200000
91.3552900000
91.3672600000
91.3791400000
91.3918400000
91.4044500000
91.4175000000
91.4296500000
91.4415800000
91.4537400000
91.4652300000
91.4773700000
91.4892400000
91.5018800000
91.5136000000
91.5260500000
91.5380500000
91.5498900000
91.5614300000
91.5739000000
91.5860400000
91.5986100000
91.6105700000
91.6223300000
91.6348600000
91.6472600000
91.6595700000
91.6715400000
91.6842600000
91.6972700000
91.7094700000
91.7209300000
91.7328300000
91.7449600000
91.7567000000
91.7688800000
91.7814300000
91.7936800000
91.8056900000
91.8182300000
91.8305600000
91.8431100000
91.8550900000
91.8669700000
91.8793800000
91.8911300000
91.9032700000
91.9160200000
91.9282800000
91.9402400000
91.9525300000
91.9647400000
91.9765100000
91.9888900000
92.0012700000
92.0137200000
92.0263700000
92.0391200000
92.0508500000
92.0630600000
92.0754700000
92.0864300000
92.0984600000
92.1104500000
92.1221900000
92.1342800000
92.1466900000
92.1584700000
92.1705000000
92.1823400000
92.1946100000
92.2062600000
92.2189800000
92.2310900000
92.2431300000
92.2550400000
92.2670700000
92.2786600000
92.2903800000
92.3029400000
92.3156500000
92.3273800000
92.3394400000
92.3518800000
92.3639500000
92.3760100000
92.3882500000
92.4006800000
92.4122400000
92.4242200000
92.4365600000
92.4486000000
92.4598300000
92.4718700000
92.4837000000
92.4964900000
92.5085500000
92.5207700000
92.5325000000
92.5446400000
92.5571600000
92.5691800000
92.5811200000
92.5933500000
92.6047100000
92.6166100000
92.6287400000
92.6411600000
92.6530300000
92.6649800000
92.6769900000
92.6894600000
92.7022600000
92.7139400000
92.7260700000
92.7389600000
92.7503100000
92.7630800000
92.7757600000
92.7879200000
92.8001600000
92.8128100000
92.8248900000
92.8377300000
92.8496900000
92.8616800000
92.8734400000
92.8853800000
92.8974500000
92.9092800000
92.9211000000
92.9333100000
92.9452500000
92.9570000000
92.9690500000
92.9812800000
92.9933200000
93.0052400000
93.0171300000
93.0293700000
93.0420800000
93.0544200000
93.0661100000
93.0790100000
93.0915100000
93.1035500000
93.1159400000
93.1281900000
93.1400900000
93.1519500000
93.1643400000
93.1770900000
93.1884500000
93.2009400000
93.2139400000
93.2258400000
93.2384600000
93.2503500000
93.2627000000
93.2747300000
93.2867700000
93.2987000000
93.3106200000
93.3229300000
93.3351900000
93.3478500000
93.3605900000
93.3726100000
93.3843800000
93.3967100000
93.4087100000
93.4211600000
93.4338200000
93.4464500000
93.4592500000
93.4716200000
93.4837700000
93.4964400000
93.5078400000
93.5206500000
93.5324700000
93.5446900000
93.5564000000
93.5688900000
93.5808000000
93.5933800000
93.6058800000
93.6185800000
93.6304500000
93.6422300000
93.6547500000
93.6670300000
93.6799500000
93.6927500000
93.7057900000
93.7186400000
93.7309000000
93.7403300000
93.7503100000
93.7602700000
93.7703600000
93.7803600000
93.7912100000
93.8023800000
93.8135600000
93.8244600000
93.8356000000
93.8468900000
93.8577500000
93.8690000000
93.8800500000
93.8910100000
93.9023500000
93.9134900000
93.9243500000
93.9354400000
93.9465500000
93.9577000000
93.9688900000
93.9800100000
93.9909800000
94.0022600000
94.0135700000
94.0243500000
94.0356400000
94.0466800000
94.0575900000
94.0688700000
94.0799000000
94.0911000000
94.1021600000
94.1133000000
94.1243500000
94.1354100000
94.1466800000
94.1576700000
94.1687700000
94.1802900000
94.1917600000
94.2033400000
94.2148000000
94.2264800000
94.2376800000
94.2491900000
94.2607800000
94.2722100000
94.2836600000
94.2950700000
94.3066000000
94.3182900000
94.3294200000
94.3402700000
94.3514900000
94.3625700000
94.3736600000
94.3850900000
94.3958700000
94.4070700000
94.4181200000
94.4293400000
94.4404300000
94.4514800000
94.4625100000
94.4737300000
94.4847300000
94.4957700000
94.5069200000
94.5180200000
94.5291400000
94.5402400000
94.5514800000
94.5625600000
94.5735000000
94.5846600000
94.5958900000
94.6069000000
94.6180000000
94.6292800000
94.6401800000
94.6517300000
94.6623500000
94.6734900000
94.6847000000
94.6957400000
94.7068300000
94.7179600000
94.7290700000
94.7401700000
94.7513700000
94.7625200000
94.7736500000
94.7846600000
94.7958500000
94.8068400000
94.8179700000
94.8289900000
94.8401000000
94.8512300000
94.8624000000
94.8736000000
94.8845200000
94.8956800000
94.9068500000
94.9178200000
94.9291000000
94.9401600000
94.9511700000
94.9623100000
94.9733500000
94.9846300000
94.9956700000
95.0066300000
95.0178500000
95.0289500000
95.0400100000
95.0510800000
95.0623200000
95.0734800000
95.0844200000
95.0958200000
95.1066800000
95.1177800000
95.1288100000
95.1400000000
95.1509900000
95.1623400000
95.1732900000
95.1843600000
95.1956500000
95.2066900000
95.2177000000
95.2288100000
95.2398500000
95.2511100000
95.2621500000
95.2732000000
95.2843200000
95.2954900000
95.3065000000
95.3177600000
95.3286600000
95.3398700000
95.3510300000
95.3622300000
95.3731200000
95.3842000000
95.3954600000
95.4065800000
95.4176300000
95.4290000000
95.4397700000
95.4510000000
95.4621000000
95.4731800000
95.4842200000
95.4953500000
95.5064200000
95.5174300000
95.5286100000
95.5399600000
95.5508500000
95.5622100000
95.5731900000
95.5841900000
95.5955000000
95.6064100000
95.6176100000
95.6287900000
95.6397900000
95.6510400000
95.6619600000
95.6730000000
95.6840800000
95.6955200000
95.7063900000
95.7175700000
95.7285500000
95.7396300000
95.7507200000
95.7620800000
95.7730300000
95.7840400000
95.7955800000
95.8063000000
95.8174100000
95.8284900000
95.8396400000
95.8506800000
95.8618400000
95.8731800000
95.8845900000
95.8952700000
95.9062400000
95.9177600000
95.9284900000
95.9396700000
95.9507700000
95.9619800000
95.9728800000
95.9840900000
95.9950800000
96.0061600000
96.0174300000
96.0284700000
96.0396000000
96.0505900000
96.0619700000
96.0733600000
96.0838800000
96.0953100000
96.1062500000
96.1173100000
96.1285900000
96.1394700000
96.1506300000
96.1616500000
96.1726900000
96.1839400000
96.1950300000
96.2062500000
96.2171600000
96.2283700000
96.2394800000
96.2505100000
96.2615700000
96.2727100000
96.2838300000
96.2949400000
96.3061100000
96.3172500000
96.3283600000
96.3394900000
96.3506600000
96.3615300000
96.3727000000
96.3839000000
96.3949400000
96.4059900000
96.4170800000
96.4285000000
96.4392700000
96.4503800000
96.4617800000
96.4725500000
96.4839900000
96.4948700000
96.5059100000
96.5170400000
96.5286300000
96.5393900000
96.5502700000
96.5617000000
96.5726200000
96.5837200000
96.5950900000
96.6059200000
96.6169700000
96.6283800000
96.6391800000
96.6504600000
96.6615500000
96.6725500000
96.6836200000
96.6952100000
96.7059800000
96.7169600000
96.7279800000
96.7390500000
96.7502400000
96.7615900000
96.7724700000
96.7834700000
96.7947400000
96.8059500000
96.8168400000
96.8282800000
96.8390700000
96.8503000000
96.8616300000
96.8725100000
96.8834600000
96.8947200000
96.9057800000
96.9168400000
96.9283100000
96.9390800000
96.9504800000
96.9613300000
96.9724700000
96.9836600000
96.9946400000
97.0058700000
97.0167400000
97.0280500000
97.0390900000
97.0501900000
97.0612200000
97.0723100000
97.0833600000
97.0946700000
97.1056400000
97.1167700000
97.1278800000
97.1389500000
97.1500000000
97.1611300000
97.1722300000
97.1835300000
97.1946100000
97.2061200000
97.2166300000
97.2278100000
97.2389100000
97.2502000000
97.2611500000
97.2722600000
97.2834100000
97.2943500000
97.3058000000
97.3167200000
97.3277200000
97.3390100000
97.3501100000
97.3611200000
97.3721500000
97.3833200000
97.3943900000
97.4058200000
97.4166500000
97.4280000000
97.4389900000
97.4498700000
97.4610100000
97.4720600000
97.4831600000
97.4943300000
97.5059600000
97.5165800000
97.5276300000
97.5390200000
97.5499700000
97.5609100000
97.5721400000
97.5832700000
97.5944600000
97.6058000000
97.6165400000
97.6275600000
97.6387500000
97.6499300000
97.6618000000
97.6719800000
97.6831100000
97.6943900000
97.7055600000
97.7163900000
97.7276700000
97.7387600000
97.7497900000
97.7610700000
97.7720100000
97.7830200000
97.7943600000
97.8057900000
97.8165100000
97.8275600000
97.8385000000
97.8496300000
97.8608500000
97.8720800000
97.8829700000
97.8945000000
97.9055000000
97.9164100000
97.9273500000
97.9386200000
97.9501600000
97.9607700000
97.9718400000
97.9833700000
97.9941200000
98.0051500000
98.0163400000
98.0276700000
98.0384700000
98.0499300000
98.0607900000
98.0719600000
98.0829200000
98.0941800000
98.1051300000
98.1163600000
98.1273000000
98.1385500000
98.1495600000
98.1607600000
98.1718100000
98.1828800000
98.1941200000
98.2052900000
98.2161300000
98.2273200000
98.2384600000
98.2495600000
98.2607000000
98.2716400000
98.2828600000
98.2940000000
98.3050800000
98.3162800000
98.3272200000
98.3383300000
98.3494300000
98.3609800000
98.3716000000
98.3827200000
98.3938500000
98.4050400000
98.4161100000
98.4273800000
98.4386400000
98.4494100000
98.4605100000
98.4715800000
98.4826700000
98.4938700000
98.5049800000
98.5162200000
98.5272800000
98.5383600000
98.5493000000
98.5603700000
98.5715600000
98.5826300000
98.5939600000
98.6048400000
98.6160200000
98.6270100000
98.6381800000
98.6497400000
98.6603400000
98.6716100000
98.6825500000
98.6936900000
98.7049600000
98.7159700000
98.7270400000
98.7397500000
98.7518500000
98.7642200000
98.7770700000
98.7896600000
98.8026400000
98.8158100000
98.8287900000
98.8414400000
98.8537300000
98.8661300000
98.8788500000
98.8906600000
98.9027100000
98.9154400000
98.9282000000
98.9416600000
98.9539100000
98.9663300000
98.9793900000
98.9918600000
99.0039100000
99.0168500000
99.0296300000
99.0419200000
99.0543600000
99.0669800000
99.0798900000
99.0919700000
99.1046900000
99.1171900000
99.1297100000
99.1419800000
99.1537900000
99.1659700000
99.1792100000
99.1912900000
99.2039900000
99.2169200000
99.2296500000
99.2429700000
99.2554500000
99.2674800000
99.2798400000
99.2923400000
99.3041200000
99.3194700000
99.3320800000
99.3448600000
99.3574800000
99.3697300000
99.3829500000
99.3959400000
99.4087400000
99.4220000000
99.4347800000
99.4474100000
99.4600000000
99.4728200000
99.4856200000
99.4976600000
99.5102100000
99.5231400000
99.5357900000
99.5487500000
99.5618100000
99.5743800000
99.5872100000
99.6000200000
99.6129900000
99.6256300000
99.6380500000
99.6508100000
99.6640400000
99.6769200000
99.6904300000
99.7031100000
99.7163800000
99.7289000000
99.7414700000
99.7546500000
99.7670700000
99.7805900000
99.7941100000
99.8063700000
99.8191100000
99.8315300000
99.8447900000
99.8572800000
99.8705000000
99.8826700000
99.8957700000
99.9081400000
99.9215300000
99.9344300000
99.9476400000
99.9604900000
99.9731300000
99.9864300000
99.9995400000
100.0127000000
100.0253000000
100.0380000000
100.0514000000
100.0639000000
100.0769000000
100.0902000000
100.1035000000
100.1169000000
100.1297000000
100.1422000000
100.1551000000
100.1680000000
100.1807000000
100.1936000000
100.2063000000
100.2196000000
100.2320000000
100.2451000000
100.2578000000
100.2706000000
100.2839000000
100.2963000000
100.3095000000
100.3224000000
100.3357000000
100.3483000000
100.3617000000
100.3744000000
100.3874000000
100.4003000000
100.4129000000
100.4260000000
100.4389000000
100.4515000000
100.4642000000
100.4772000000
100.4902000000
100.5032000000
100.5165000000
100.5292000000
100.5421000000
100.5552000000
100.5678000000
100.5815000000
100.5942000000
100.6068000000
100.6205000000
100.6329000000
100.6461000000
100.6589000000
100.6720000000
100.6854000000
100.6983000000
100.7115000000
100.7245000000
100.7374000000
100.7497000000
100.7630000000
100.7758000000
100.7889000000
100.8018000000
100.8156000000
100.8287000000
100.8416000000
100.8551000000
100.8677000000
100.8807000000
100.8938000000
100.9068000000
100.9197000000
100.9328000000
100.9458000000
100.9585000000
100.9718000000
100.9847000000
100.9977000000
101.0110000000
101.0242000000
101.0373000000
101.0501000000
101.0632000000
101.0765000000
101.0888000000
101.1022000000
101.1158000000
101.1285000000
101.1418000000
101.1554000000
101.1685000000
101.1819000000
101.1951000000
101.2077000000
101.2207000000
101.2335000000
101.2469000000
101.2603000000
101.2733000000
101.2864000000
101.2994000000
101.3126000000
101.3263000000
101.3391000000
101.3523000000
101.3656000000
101.3787000000
101.3912000000
101.4045000000
101.4176000000
101.4306000000
101.4442000000
101.4580000000
101.4710000000
101.4847000000
101.4975000000
101.5106000000
101.5241000000
101.5373000000
101.5500000000
101.5631000000
101.5768000000
101.5906000000
101.6041000000
101.6178000000
101.6305000000
101.6437000000
101.6569000000
101.6699000000
101.6838000000
101.6976000000
101.7106000000
101.7244000000
101.7380000000
101.7508000000
101.7642000000
101.7773000000
101.7894000000
101.8025000000
101.8154000000
101.8286000000
101.8414000000
101.8545000000
101.8673000000
101.8806000000
101.8940000000
101.9067000000
101.9204000000
101.9344000000
101.9482000000
101.9619000000
101.9744000000
101.9876000000
102.0013000000
102.0148000000
102.0283000000
102.0424000000
102.0559000000
102.0695000000
102.0823000000
102.0953000000
102.1086000000
102.1225000000
102.1353000000
102.1481000000
102.1614000000
102.1741000000
102.1883000000
102.2015000000
102.2152000000
102.2283000000
102.2421000000
102.2554000000
102.2688000000
102.2820000000
102.2956000000
102.3084000000
102.3218000000
102.3350000000
102.3483000000
102.3620000000
102.3749000000
102.3879000000
102.4011000000
102.4151000000
102.4292000000
102.4423000000
102.4558000000
102.4688000000
102.4823000000
102.4954000000
102.5088000000
102.5226000000
102.5360000000
102.5492000000
102.5629000000
102.5760000000
102.5897000000
102.6032000000
102.6171000000
102.6310000000
102.6447000000
102.6581000000
102.6707000000
102.6845000000
102.6981000000
102.7112000000
102.7252000000
102.7390000000
102.7525000000
102.7662000000
102.7801000000
102.7942000000
102.8079000000
102.8223000000
102.8360000000
102.8500000000
102.8641000000
102.8780000000
102.8922000000
102.9055000000
102.9190000000
102.9325000000
102.9465000000
102.9598000000
102.9728000000
102.9871000000
103.0004000000
103.0141000000
103.0276000000
103.0408000000
103.0549000000
103.0686000000
103.0819000000
103.0960000000
103.1100000000
103.1238000000
103.1378000000
103.1521000000
103.1658000000
103.1796000000
103.1932000000
103.2072000000
103.2210000000
103.2337000000
103.2470000000
103.2610000000
103.2753000000
103.2892000000
103.3032000000
103.3167000000
103.3303000000
103.3443000000
103.3581000000
103.3717000000
103.3845000000
103.3987000000
103.4128000000
103.4283000000
103.4426000000
103.4562000000
103.4697000000
103.4836000000
103.4980000000
103.5122000000
103.5260000000
103.5398000000
103.5537000000
103.5676000000
103.5810000000
103.5954000000
103.6091000000
103.6238000000
103.6381000000
103.6522000000
103.6666000000
103.6804000000
103.6944000000
103.7079000000
103.7222000000
103.7360000000
103.7499000000
103.7648000000
103.7787000000
103.7927000000
103.8066000000
103.8208000000
103.8347000000
103.8482000000
103.8618000000
103.8759000000
103.8900000000
103.9049000000
103.9187000000
103.9329000000
103.9473000000
103.9614000000
103.9750000000
103.9894000000
104.0028000000
104.0171000000
104.0312000000
104.0450000000
104.0579000000
104.0718000000
104.0861000000
104.1006000000
104.1152000000
104.1293000000
104.1437000000
104.1578000000
104.1718000000
104.1858000000
104.1997000000
104.2137000000
104.2277000000
104.2419000000
104.2561000000
104.2698000000
104.2842000000
104.2984000000
104.3123000000
104.3263000000
104.3403000000
104.3543000000
104.3674000000
104.3817000000
104.3955000000
104.4092000000
104.4231000000
104.4374000000
104.4509000000
104.4650000000
104.4793000000
104.4931000000
104.5069000000
104.5212000000
104.5350000000
104.5487000000
104.5631000000
104.5771000000
104.5913000000
104.6054000000
104.6194000000
104.6334000000
104.6480000000
104.6623000000
104.6765000000
104.6903000000
104.7044000000
104.7184000000
104.7328000000
104.7471000000
104.7618000000
104.7768000000
104.7912000000
104.8049000000
104.8195000000
104.8337000000
104.8485000000
104.8625000000
104.8765000000
104.8904000000
104.9047000000
104.9188000000
104.9331000000
104.9473000000
104.9613000000
104.9758000000
104.9898000000
105.0032000000
105.0174000000
105.0318000000
105.0460000000
105.0597000000
105.0733000000
105.0873000000
105.1011000000
105.1152000000
105.1294000000
105.1434000000
105.1575000000
105.1718000000
105.1865000000
105.2001000000
105.2141000000
105.2281000000
105.2426000000
105.2571000000
105.2710000000
105.2850000000
105.2992000000
105.3133000000
105.3279000000
105.3422000000
105.3563000000
105.3701000000
105.3838000000
105.3977000000
105.4123000000
105.4268000000
105.4413000000
105.4560000000
105.4701000000
105.4846000000
105.4986000000
105.5127000000
105.5272000000
105.5407000000
105.5547000000
105.5688000000
105.5824000000
105.5969000000
105.6109000000
105.6255000000
105.6392000000
105.6532000000
105.6671000000
105.6816000000
105.6956000000
105.7088000000
105.7233000000
105.7381000000
105.7520000000
105.7666000000
105.7807000000
105.7954000000
105.8091000000
105.8229000000
105.8376000000
105.8512000000
105.8652000000
105.8792000000
105.8931000000
105.9068000000
105.9204000000
105.9349000000
105.9487000000
105.9633000000
105.9772000000
105.9910000000
106.0045000000
106.0181000000
106.0326000000
106.0466000000
106.0608000000
106.0745000000
106.0882000000
106.1023000000
106.1173000000
106.1318000000
106.1468000000
106.1619000000
106.1760000000
106.1896000000
106.2037000000
106.2182000000
106.2325000000
106.2471000000
106.2618000000
106.2756000000
106.2894000000
106.3037000000
106.3184000000
106.3326000000
106.3476000000
106.3622000000
106.3765000000
106.3904000000
106.4044000000
106.4183000000
106.4326000000
106.4470000000
106.4621000000
106.4771000000
106.4915000000
106.5054000000
106.5195000000
106.5330000000
106.5472000000
106.5610000000
106.5753000000
106.5885000000
106.6028000000
106.6178000000
106.6325000000
106.6469000000
106.6611000000
106.6752000000
106.6892000000
106.7029000000
106.7174000000
106.7314000000
106.7460000000
106.7607000000
106.7749000000
106.7887000000
106.8025000000
106.8164000000
106.8307000000
106.8460000000
106.8599000000
106.8735000000
106.8876000000
106.9018000000
106.9154000000
106.9299000000
106.9448000000
106.9582000000
106.9728000000
106.9870000000
107.0005000000
107.0146000000
107.0290000000
107.0439000000
107.0584000000
107.0723000000
107.0869000000
107.1012000000
107.1154000000
107.1294000000
107.1445000000
107.1595000000
107.1737000000
107.1884000000
107.2033000000
107.2179000000
107.2322000000
107.2477000000
107.2627000000
107.2768000000
107.2912000000
107.3058000000
107.3199000000
107.3338000000
107.3475000000
107.3618000000
107.3758000000
107.3895000000
107.4042000000
107.4181000000
107.4329000000
107.4477000000
107.4620000000
107.4770000000
107.4904000000
107.5046000000
107.5186000000
107.5328000000
107.5471000000
107.5619000000
107.5761000000
107.5903000000
107.6049000000
107.6193000000
107.6334000000
107.6473000000
107.6616000000
107.6764000000
107.6911000000
107.7052000000
107.7197000000
107.7341000000
107.7489000000
107.7636000000
107.7785000000
107.7924000000
107.8071000000
107.8215000000
107.8358000000
107.8504000000
107.8648000000
107.8790000000
107.8928000000
107.9078000000
107.9218000000
107.9366000000
107.9508000000
107.9647000000
107.9795000000
107.9936000000
108.0085000000
108.0229000000
108.0378000000
108.0526000000
108.0670000000
108.0808000000
108.0954000000
108.1102000000
108.1247000000
108.1396000000
108.1542000000
108.1681000000
108.1825000000
108.1970000000
108.2116000000
108.2258000000
108.2419000000
108.2556000000
108.2695000000
108.2840000000
108.2982000000
108.3125000000
108.3267000000
108.3416000000
108.3561000000
108.3709000000
108.3854000000
108.4000000000
108.4144000000
108.4287000000
108.4438000000
108.4592000000
108.4732000000
108.4876000000
108.5023000000
108.5170000000
108.5313000000
108.5461000000
108.5606000000
108.5756000000
108.5896000000
108.6045000000
108.6187000000
108.6340000000
108.6481000000
108.6626000000
108.6775000000
108.6922000000
108.7062000000
108.7213000000
108.7361000000
108.7508000000
108.7649000000
108.7796000000
108.7939000000
108.8088000000
108.8228000000
108.8373000000
108.8519000000
108.8668000000
108.8815000000
108.8958000000
108.9088000000
108.9231000000
108.9375000000
108.9520000000
108.9671000000
108.9812000000
108.9954000000
109.0101000000
109.0246000000
109.0398000000
109.0554000000
109.0704000000
109.0851000000
109.0992000000
109.1137000000
109.1288000000
109.1441000000
109.1583000000
109.1726000000
109.1874000000
109.2017000000
109.2160000000
109.2312000000
109.2458000000
109.2604000000
109.2758000000
109.2903000000
109.3044000000
109.3196000000
109.3344000000
109.3493000000
109.3640000000
109.3788000000
109.3936000000
109.4088000000
109.4240000000
109.4391000000
109.4535000000
109.4681000000
109.4827000000
109.4977000000
109.5130000000
109.5278000000
109.5429000000
109.5584000000
109.5731000000
109.5881000000
109.6023000000
109.6175000000
109.6317000000
109.6464000000
109.6610000000
109.6763000000
109.6916000000
109.7057000000
109.7205000000
109.7346000000
109.7498000000
109.7645000000
109.7790000000
109.7938000000
109.8089000000
109.8239000000
109.8391000000
109.8542000000
109.8692000000
109.8845000000
109.8989000000
109.9135000000
109.9286000000
109.9434000000
109.9583000000
109.9726000000
109.9880000000
110.0030000000
110.0181000000
110.0324000000
110.0479000000
110.0627000000
110.0772000000
110.0911000000
110.1054000000
110.1197000000
110.1345000000
110.1501000000
110.1653000000
110.1798000000
110.1941000000
110.2093000000
110.2239000000
110.2392000000
110.2538000000
110.2689000000
110.2839000000
110.2986000000
110.3131000000
110.3281000000
110.3430000000
110.3575000000
110.3722000000
110.3869000000
110.4014000000
110.4162000000
110.4306000000
110.4461000000
110.4617000000
110.4772000000
110.4917000000
110.5063000000
110.5205000000
110.5358000000
110.5505000000
110.5657000000
110.5801000000
110.5951000000
110.6103000000
110.6250000000
110.6401000000
110.6552000000
110.6697000000
110.6838000000
110.6994000000
110.7136000000
110.7283000000
110.7434000000
110.7582000000
110.7732000000
110.7885000000
110.8030000000
110.8180000000
110.8336000000
110.8490000000
110.8638000000
110.8788000000
110.8934000000
110.9081000000
110.9230000000
110.9379000000
110.9530000000
110.9681000000
110.9829000000
110.9979000000
111.0129000000
111.0281000000
111.0435000000
111.0583000000
111.0726000000
111.0882000000
111.1028000000
111.1180000000
111.1319000000
111.1466000000
111.1613000000
111.1763000000
111.1915000000
111.2061000000
111.2210000000
111.2354000000
111.2509000000
111.2652000000
111.2799000000
111.2949000000
111.3099000000
111.3245000000
111.3395000000
111.3545000000
111.3697000000
111.3842000000
111.3987000000
111.4134000000
111.4282000000
111.4432000000
111.4572000000
111.4722000000
111.4871000000
111.5018000000
111.5159000000
111.5304000000
111.5457000000
111.5602000000
111.5754000000
111.5899000000
111.6051000000
111.6201000000
111.6348000000
111.6497000000
111.6648000000
111.6797000000
111.6947000000
111.7101000000
111.7248000000
111.7397000000
111.7551000000
111.7706000000
111.7854000000
111.8000000000
111.8148000000
111.8301000000
111.8451000000
111.8592000000
111.8738000000
111.8893000000
111.9039000000
111.9194000000
111.9342000000
111.9496000000
111.9644000000
111.9795000000
111.9946000000
112.0094000000
112.0246000000
112.0390000000
112.0544000000
112.0684000000
112.0836000000
112.0984000000
112.1130000000
112.1279000000
112.1431000000
112.1580000000
112.1728000000
112.1879000000
112.2028000000
112.2180000000
112.2323000000
112.2479000000
112.2629000000
112.2781000000
112.2930000000
112.3081000000
112.3231000000
112.3382000000
112.3536000000
112.3682000000
112.3830000000
112.3983000000
112.4133000000
112.4284000000
112.4434000000
112.4586000000
112.4733000000
112.4882000000
112.5024000000
112.5180000000
112.5327000000
112.5480000000
112.5636000000
112.5784000000
112.5926000000
112.6084000000
112.6231000000
112.6384000000
112.6547000000
112.6700000000
112.6849000000
112.6999000000
112.7147000000
112.7296000000
112.7441000000
112.7589000000
112.7745000000
112.7897000000
112.8052000000
112.8203000000
112.8353000000
112.8505000000
112.8655000000
112.8801000000
112.8952000000
112.9095000000
112.9244000000
112.9395000000
112.9547000000
112.9694000000
112.9847000000
112.9993000000
113.0144000000
113.0300000000
113.0451000000
113.0601000000
113.0750000000
113.0898000000
113.1048000000
113.1193000000
113.1338000000
113.1492000000
113.1647000000
113.1804000000
113.1951000000
113.2099000000
113.2249000000
113.2400000000
113.2552000000
113.2706000000
113.2854000000
113.3011000000
113.3160000000
113.3309000000
113.3457000000
113.3605000000
113.3754000000
113.3900000000
113.4057000000
113.4207000000
113.4352000000
113.4503000000
113.4660000000
113.4811000000
113.4962000000
113.5113000000
113.5264000000
113.5414000000
113.5568000000
113.5714000000
113.5869000000
113.6016000000
113.6167000000
113.6317000000
113.6464000000
113.6622000000
113.6771000000
113.6924000000
113.7072000000
113.7224000000
113.7377000000
113.7535000000
113.7689000000
113.7848000000
113.8003000000
113.8156000000
113.8308000000
113.8469000000
113.8627000000
113.8774000000
113.8923000000
113.9073000000
113.9227000000
113.9383000000
113.9534000000
113.9684000000
113.9832000000
113.9987000000
114.0141000000
114.0293000000
114.0442000000
114.0599000000
114.0750000000
114.0897000000
114.1050000000
114.1204000000
114.1353000000
114.1508000000
114.1663000000
114.1820000000
114.1966000000
114.2119000000
114.2275000000
114.2421000000
114.2580000000
114.2733000000
114.2884000000
114.3030000000
114.3180000000
114.3322000000
114.3472000000
114.3624000000
114.3778000000
114.3939000000
114.4096000000
114.4253000000
114.4402000000
114.4559000000
114.4707000000
114.4851000000
114.4998000000
114.5147000000
114.5301000000
114.5453000000
114.5602000000
114.5756000000
114.5901000000
114.6056000000
114.6204000000
114.6355000000
114.6510000000
114.6669000000
114.6827000000
114.6980000000
114.7129000000
114.7280000000
114.7433000000
114.7599000000
114.7751000000
114.7910000000
114.8062000000
114.8220000000
114.8372000000
114.8526000000
114.8684000000
114.8841000000
114.9002000000
114.9162000000
114.9311000000
114.9472000000
114.9632000000
114.9789000000
114.9944000000
115.0103000000
115.0258000000
115.0412000000
115.0567000000
115.0720000000
115.0867000000
115.1022000000
115.1178000000
115.1331000000
115.1486000000
115.1647000000
115.1807000000
115.1957000000
115.2106000000
115.2257000000
115.2413000000
115.2564000000
115.2713000000
115.2861000000
115.3012000000
115.3168000000
115.3323000000
115.3472000000
115.3626000000
115.3782000000
115.3931000000
115.4080000000
115.4228000000
115.4384000000
115.4541000000
115.4692000000
115.4841000000
115.4989000000
115.5141000000
115.5292000000
115.5442000000
115.5594000000
115.5755000000
115.5909000000
115.6067000000
115.6215000000
115.6366000000
115.6513000000
115.6667000000
115.6826000000
115.6985000000
115.7140000000
115.7298000000
115.7449000000
115.7612000000
115.7765000000
115.7914000000
115.8070000000
115.8216000000
115.8369000000
115.8519000000
115.8673000000
115.8832000000
115.8986000000
115.9140000000
115.9296000000
115.9449000000
115.9601000000
115.9761000000
115.9920000000
116.0081000000
116.0232000000
116.0382000000
116.0530000000
116.0680000000
116.0830000000
116.0985000000
116.1136000000
116.1292000000
116.1446000000
116.1606000000
116.1760000000
116.1914000000
116.2070000000
