383.1356000000
383.1465000000
383.1572000000
383.1684000000
383.1794000000
383.1904000000
383.2015000000
383.2131000000
383.2238000000
383.2353000000
383.2506000000
383.2617000000
383.2722000000
383.2812000000
383.2906000000
383.3006000000
383.3107000000
383.3206000000
383.3307000000
383.3417000000
383.3527000000
383.3638000000
383.3749000000
383.3862000000
383.3975000000
383.4083000000
383.4193000000
383.4306000000
383.4416000000
383.4528000000
383.4638000000
383.4749000000
383.4861000000
383.4971000000
383.5082000000
383.5193000000
383.5305000000
383.5417000000
383.5527000000
383.5639000000
383.5749000000
383.5860000000
383.5970000000
383.6082000000
383.6193000000
383.6305000000
383.6417000000
383.6532000000
383.6644000000
383.6757000000
383.6870000000
383.6985000000
383.7096000000
383.7210000000
383.7325000000
383.7437000000
383.7549000000
383.7664000000
383.7776000000
383.7889000000
383.8002000000
383.8116000000
383.8228000000
383.8342000000
383.8455000000
383.8569000000
383.8678000000
383.8789000000
383.8900000000
383.9011000000
383.9121000000
383.9232000000
383.9345000000
383.9454000000
383.9567000000
383.9677000000
383.9791000000
383.9908000000
384.0010000000
384.0125000000
384.0232000000
384.0346000000
384.0458000000
384.0565000000
384.0677000000
384.0788000000
384.0899000000
384.1010000000
384.1121000000
384.1232000000
384.1344000000
384.1454000000
384.1565000000
384.1679000000
384.1787000000
384.1898000000
384.2009000000
384.2120000000
384.2232000000
384.2342000000
384.2458000000
384.2564000000
384.2675000000
384.2787000000
384.2899000000
384.3009000000
384.3120000000
384.3232000000
384.3342000000
384.3454000000
384.3568000000
384.3675000000
384.3786000000
384.3898000000
384.4008000000
384.4119000000
384.4231000000
384.4341000000
384.4453000000
384.4567000000
384.4674000000
384.4788000000
384.4896000000
384.5011000000
384.5118000000
384.5231000000
384.5342000000
384.5453000000
384.5565000000
384.5675000000
384.5786000000
384.5896000000
384.6007000000
384.6120000000
384.6230000000
384.6342000000
384.6452000000
384.6562000000
384.6674000000
384.6787000000
384.6895000000
384.7007000000
384.7119000000
384.7230000000
384.7341000000
384.7459000000
384.7562000000
384.7673000000
384.7785000000
384.7898000000
384.8006000000
384.8118000000
384.8230000000
384.8339000000
384.8453000000
384.8561000000
384.8674000000
384.8783000000
384.8899000000
384.9005000000
384.9117000000
384.9228000000
384.9339000000
384.9451000000
384.9562000000
384.9673000000
384.9785000000
384.9895000000
385.0005000000
385.0117000000
385.0227000000
385.0338000000
385.0450000000
385.0560000000
385.0673000000
385.0782000000
385.0895000000
385.1006000000
385.1115000000
385.1227000000
385.1339000000
385.1450000000
385.1561000000
385.1671000000
385.1783000000
385.1895000000
385.2005000000
385.2115000000
385.2227000000
385.2339000000
385.2448000000
385.2561000000
385.2671000000
385.2781000000
385.2894000000
385.3004000000
385.3115000000
385.3228000000
385.3336000000
385.3449000000
385.3560000000
385.3670000000
385.3781000000
385.3893000000
385.4003000000
385.4115000000
385.4225000000
385.4336000000
385.4447000000
385.4559000000
385.4670000000
385.4780000000
385.4892000000
385.5002000000
385.5113000000
385.5227000000
385.5337000000
385.5446000000
385.5557000000
385.5672000000
385.5780000000
385.5892000000
385.6002000000
385.6115000000
385.6225000000
385.6336000000
385.6447000000
385.6557000000
385.6671000000
385.6781000000
385.6891000000
385.7001000000
385.7115000000
385.7226000000
385.7335000000
385.7447000000
385.7557000000
385.7671000000
385.7779000000
385.7890000000
385.8001000000
385.8113000000
385.8223000000
385.8334000000
385.8446000000
385.8556000000
385.8670000000
385.8779000000
385.8890000000
385.9001000000
385.9112000000
385.9222000000
385.9333000000
385.9445000000
385.9555000000
385.9669000000
385.9780000000
385.9889000000
386.0000000000
386.0112000000
386.0222000000
386.0334000000
386.0445000000
386.0555000000
386.0667000000
386.0781000000
386.0889000000
386.1000000000
386.1110000000
386.1222000000
386.1333000000
386.1448000000
386.1555000000
386.1668000000
386.1780000000
386.1890000000
386.2000000000
386.2111000000
386.2221000000
386.2332000000
386.2443000000
386.2555000000
386.2665000000
386.2777000000
386.2888000000
386.2999000000
386.3111000000
386.3221000000
386.3333000000
386.3444000000
386.3554000000
386.3665000000
386.3776000000
386.3887000000
386.3998000000
386.4111000000
386.4221000000
386.4331000000
386.4444000000
386.4553000000
386.4665000000
386.4775000000
386.4887000000
386.4999000000
386.5109000000
386.5221000000
386.5332000000
386.5442000000
386.5554000000
386.5664000000
386.5778000000
386.5887000000
386.5997000000
386.6108000000
386.6220000000
386.6330000000
386.6442000000
386.6554000000
386.6663000000
386.6776000000
386.6887000000
386.6997000000
386.7107000000
386.7218000000
386.7330000000
386.7442000000
386.7552000000
386.7664000000
386.7776000000
386.7889000000
386.7996000000
386.8109000000
386.8219000000
386.8330000000
386.8441000000
386.8554000000
386.8663000000
386.8775000000
386.8891000000
386.8997000000
386.9107000000
386.9218000000
386.9329000000
386.9441000000
386.9551000000
386.9663000000
386.9774000000
386.9886000000
386.9998000000
387.0107000000
387.0220000000
387.0329000000
387.0439000000
387.0550000000
387.0662000000
387.0775000000
387.0886000000
387.0995000000
387.1107000000
387.1218000000
387.1328000000
387.1439000000
387.1558000000
387.1661000000
387.1773000000
387.1885000000
387.1994000000
387.2110000000
387.2217000000
387.2328000000
387.2440000000
387.2549000000
387.2661000000
387.2772000000
387.2883000000
387.2995000000
387.3105000000
387.3215000000
387.3327000000
387.3439000000
387.3548000000
387.3660000000
387.3772000000
387.3882000000
387.3994000000
387.4105000000
387.4215000000
387.4328000000
387.4438000000
387.4548000000
387.4659000000
387.4771000000
387.4882000000
387.4992000000
387.5106000000
387.5218000000
387.5326000000
387.5439000000
387.5549000000
387.5659000000
387.5770000000
387.5882000000
387.5992000000
387.6104000000
387.6215000000
387.6326000000
387.6438000000
387.6547000000
387.6658000000
387.6770000000
387.6881000000
387.6992000000
387.7103000000
387.7214000000
387.7325000000
387.7437000000
387.7547000000
387.7658000000
387.7769000000
387.7881000000
387.7991000000
387.8102000000
387.8213000000
387.8324000000
387.8435000000
387.8548000000
387.8658000000
387.8770000000
387.8879000000
387.8992000000
387.9103000000
387.9214000000
387.9323000000
387.9436000000
387.9546000000
387.9657000000
387.9770000000
387.9879000000
387.9991000000
388.0102000000
388.0212000000
388.0323000000
388.0434000000
388.0548000000
388.0657000000
388.0768000000
388.0879000000
388.0989000000
388.1101000000
388.1213000000
388.1323000000
388.1434000000
388.1545000000
388.1656000000
388.1770000000
388.1878000000
388.1989000000
388.2102000000
388.2211000000
388.2322000000
388.2434000000
388.2544000000
388.2656000000
388.2767000000
388.2877000000
388.2990000000
388.3099000000
388.3213000000
388.3322000000
388.3434000000
388.3545000000
388.3656000000
388.3767000000
388.3878000000
388.3988000000
388.4101000000
388.4210000000
388.4321000000
388.4434000000
388.4543000000
388.4654000000
388.4767000000
388.4877000000
388.4987000000
388.5099000000
388.5217000000
388.5321000000
388.5434000000
388.5546000000
388.5654000000
388.5766000000
388.5876000000
388.5988000000
388.6099000000
388.6210000000
388.6321000000
388.6432000000
388.6543000000
388.6653000000
388.6766000000
388.6875000000
388.6987000000
388.7100000000
388.7210000000
388.7320000000
388.7431000000
388.7542000000
388.7653000000
388.7765000000
388.7875000000
388.7986000000
388.8098000000
388.8209000000
388.8320000000
388.8430000000
388.8543000000
388.8653000000
388.8766000000
388.8874000000
388.8986000000
388.9098000000
388.9207000000
388.9319000000
388.9431000000
388.9541000000
388.9653000000
388.9766000000
388.9875000000
388.9985000000
389.0096000000
389.0208000000
389.0319000000
389.0431000000
389.0540000000
389.0652000000
389.0767000000
389.0873000000
389.0984000000
389.1097000000
389.1208000000
389.1318000000
389.1431000000
389.1540000000
389.1651000000
389.1765000000
389.1873000000
389.1984000000
389.2095000000
389.2206000000
389.2317000000
389.2430000000
389.2540000000
389.2650000000
389.2766000000
389.2878000000
389.2986000000
389.3096000000
389.3206000000
389.3317000000
389.3428000000
389.3538000000
389.3650000000
389.3765000000
389.3872000000
389.3983000000
389.4097000000
389.4205000000
389.4316000000
389.4428000000
389.4541000000
389.4649000000
389.4760000000
389.4872000000
389.4982000000
389.5096000000
389.5208000000
389.5316000000
389.5427000000
389.5537000000
389.5651000000
389.5760000000
389.5872000000
389.5984000000
389.6093000000
389.6204000000
389.6317000000
389.6426000000
389.6537000000
389.6648000000
389.6759000000
389.6870000000
389.6981000000
389.7095000000
389.7204000000
389.7316000000
389.7426000000
389.7536000000
389.7649000000
389.7758000000
389.7870000000
389.7981000000
389.8093000000
389.8204000000
389.8315000000
389.8426000000
389.8537000000
389.8647000000
389.8759000000
389.8869000000
389.8981000000
389.9098000000
389.9203000000
389.9314000000
389.9424000000
389.9535000000
389.9648000000
389.9759000000
389.9874000000
389.9981000000
390.0092000000
390.0203000000
390.0313000000
390.0426000000
390.0536000000
390.0646000000
390.0759000000
390.0871000000
390.0980000000
390.1091000000
390.1202000000
390.1313000000
390.1425000000
390.1538000000
390.1646000000
390.1757000000
390.1869000000
390.1979000000
390.2090000000
390.2201000000
390.2313000000
390.2424000000
390.2534000000
390.2646000000
390.2756000000
390.2867000000
390.2980000000
390.3090000000
390.3201000000
390.3311000000
390.3425000000
390.3534000000
390.3645000000
390.3756000000
390.3867000000
390.3978000000
390.4090000000
390.4200000000
390.4313000000
390.4422000000
390.4533000000
390.4645000000
390.4755000000
390.4866000000
390.4977000000
390.5089000000
390.5205000000
390.5310000000
390.5424000000
390.5533000000
390.5644000000
390.5756000000
390.5868000000
390.5977000000
390.6087000000
390.6199000000
390.6354000000
390.6485000000
390.6616000000
390.6738000000
390.6872000000
390.7013000000
390.7134000000
390.7264000000
390.7389000000
390.7524000000
390.7660000000
390.7790000000
390.7918000000
390.8052000000
390.8183000000
390.8314000000
390.8688000000
390.8815000000
390.8934000000
390.9050000000
390.9164000000
390.9270000000
390.9369000000
390.9482000000
390.9596000000
390.9702000000
390.9816000000
390.9926000000
391.0036000000
391.0147000000
391.0259000000
391.0370000000
391.0481000000
391.0592000000
391.0702000000
391.0816000000
391.0924000000
391.1037000000
391.1146000000
391.1259000000
391.1375000000
391.1479000000
391.1593000000
391.1702000000
391.1815000000
391.1925000000
391.2034000000
391.2148000000
391.2256000000
391.2368000000
391.2479000000
391.2590000000
391.2702000000
391.2816000000
391.2924000000
391.3035000000
391.3145000000
391.3259000000
391.3368000000
391.3481000000
391.3589000000
391.3701000000
391.3821000000
391.3931000000
391.4047000000
391.4161000000
391.4276000000
391.4391000000
391.4505000000
391.4620000000
391.4735000000
391.4851000000
391.4965000000
391.5081000000
391.5199000000
391.5307000000
391.5417000000
391.5528000000
391.5639000000
391.5750000000
391.5862000000
391.5973000000
391.6084000000
391.6194000000
391.6305000000
391.6418000000
391.6527000000
391.6640000000
391.6750000000
391.6861000000
391.6973000000
391.7085000000
391.7196000000
391.7305000000
391.7415000000
391.7527000000
391.7638000000
391.7753000000
391.7861000000
391.7973000000
391.8084000000
391.8199000000
391.8305000000
391.8415000000
391.8527000000
391.8638000000
391.8750000000
391.8860000000
391.8973000000
391.9084000000
391.9194000000
391.9305000000
391.9416000000
391.9527000000
391.9638000000
391.9750000000
391.9860000000
391.9971000000
392.0084000000
392.0194000000
392.0304000000
392.0416000000
392.0527000000
392.0638000000
392.0749000000
392.0859000000
392.0972000000
392.1082000000
392.1192000000
392.1306000000
392.1416000000
392.1525000000
392.1636000000
392.1750000000
392.1858000000
392.1969000000
392.2080000000
392.2192000000
392.2303000000
392.2415000000
392.2525000000
392.2636000000
392.2747000000
392.2858000000
392.2970000000
392.3080000000
392.3192000000
392.3302000000
392.3414000000
392.3524000000
392.3638000000
392.3746000000
392.3860000000
392.3968000000
392.4081000000
392.4191000000
392.4304000000
392.4414000000
392.4523000000
392.4634000000
392.4747000000
392.4857000000
392.4969000000
392.5078000000
392.5191000000
392.5302000000
392.5412000000
392.5524000000
392.5635000000
392.5745000000
392.5858000000
392.5970000000
392.6080000000
392.6189000000
392.6300000000
392.6414000000
392.6522000000
392.6634000000
392.6745000000
392.6855000000
392.6967000000
392.7078000000
392.7188000000
392.7300000000
392.7411000000
392.7523000000
392.7632000000
392.7744000000
392.7854000000
392.7966000000
392.8079000000
392.8188000000
392.8301000000
392.8410000000
392.8521000000
392.8632000000
392.8744000000
392.8854000000
392.8966000000
392.9079000000
392.9189000000
392.9299000000
392.9412000000
392.9520000000
392.9631000000
392.9745000000
392.9855000000
392.9966000000
393.0077000000
393.0187000000
393.0301000000
393.0411000000
393.0520000000
393.0633000000
393.0742000000
393.0854000000
393.0965000000
393.1078000000
393.1187000000
393.1298000000
393.1411000000
393.1519000000
393.1631000000
393.1743000000
393.1858000000
393.1964000000
393.2076000000
393.2188000000
393.2298000000
393.2408000000
393.2520000000
393.2630000000
393.2741000000
393.2852000000
393.2964000000
393.3075000000
393.3185000000
393.3297000000
393.3409000000
393.3519000000
393.3630000000
393.3742000000
393.3852000000
393.3969000000
393.4074000000
393.4185000000
393.4296000000
393.4408000000
393.4520000000
393.4629000000
393.4742000000
393.4852000000
393.4963000000
393.5076000000
393.5184000000
393.5299000000
393.5406000000
393.5519000000
393.5628000000
393.5741000000
393.5853000000
393.5962000000
393.6072000000
393.6186000000
393.6296000000
393.6407000000
393.6517000000
393.6630000000
393.6739000000
393.6851000000
393.6964000000
393.7073000000
393.7186000000
393.7295000000
393.7407000000
393.7517000000
393.7628000000
393.7739000000
393.7850000000
393.7963000000
393.8074000000
393.8183000000
393.8295000000
393.8407000000
393.8517000000
393.8627000000
393.8738000000
393.8849000000
393.8961000000
393.9071000000
393.9184000000
393.9294000000
393.9406000000
393.9516000000
393.9627000000
393.9740000000
393.9849000000
393.9962000000
394.0071000000
394.0182000000
394.0294000000
394.0404000000
394.0518000000
394.0627000000
394.0738000000
394.0849000000
394.0959000000
394.1072000000
394.1182000000
394.1292000000
394.1405000000
394.1519000000
394.1625000000
394.1736000000
394.1848000000
394.1959000000
394.2070000000
394.2181000000
394.2293000000
394.2404000000
394.2516000000
394.2625000000
394.2736000000
394.2847000000
394.2958000000
394.3070000000
394.3180000000
394.3294000000
394.3404000000
394.3515000000
394.3625000000
394.3735000000
394.3847000000
394.3958000000
394.4069000000
394.4180000000
394.4291000000
394.4404000000
394.4514000000
394.4626000000
394.4738000000
394.4846000000
394.4958000000
394.5069000000
394.5179000000
394.5292000000
394.5402000000
394.5513000000
394.5624000000
394.5735000000
394.5847000000
394.5959000000
394.6068000000
394.6180000000
394.6292000000
394.6401000000
394.6516000000
394.6624000000
394.6735000000
394.6848000000
394.6959000000
394.7067000000
394.7180000000
394.7291000000
394.7401000000
394.7513000000
394.7624000000
394.7736000000
394.7845000000
394.7956000000
394.8068000000
394.8180000000
394.8290000000
394.8400000000
394.8511000000
394.8637000000
394.8735000000
394.8847000000
394.8956000000
394.9066000000
394.9178000000
394.9290000000
394.9401000000
394.9511000000
394.9622000000
394.9733000000
394.9848000000
394.9955000000
395.0066000000
395.0179000000
395.0289000000
395.0400000000
395.0511000000
395.0622000000
395.0733000000
395.0848000000
395.0956000000
395.1065000000
395.1177000000
395.1288000000
395.1400000000
395.1509000000
395.1621000000
395.1732000000
395.1846000000
395.2007000000
395.2115000000
395.2215000000
395.2314000000
395.2415000000
395.2514000000
395.2614000000
395.2714000000
395.2813000000
395.2913000000
395.3013000000
395.3127000000
395.3237000000
395.3347000000
395.3458000000
395.3572000000
395.3680000000
395.3792000000
395.3903000000
395.4015000000
395.4125000000
395.4237000000
395.4347000000
395.4459000000
395.4569000000
395.4681000000
395.4790000000
395.4901000000
395.5013000000
395.5125000000
395.5235000000
395.5346000000
395.5460000000
395.5569000000
395.5679000000
395.5791000000
395.5901000000
395.6012000000
395.6124000000
395.6238000000
395.6350000000
395.6461000000
395.6576000000
395.6690000000
395.6804000000
395.6918000000
395.7031000000
395.7149000000
395.7259000000
395.7375000000
395.7487000000
395.7601000000
395.7715000000
395.7831000000
395.7944000000
395.8057000000
395.8170000000
395.8284000000
395.8396000000
395.8506000000
395.8617000000
395.8731000000
395.8840000000
395.8952000000
395.9061000000
395.9172000000
395.9284000000
395.9395000000
395.9505000000
395.9617000000
395.9727000000
395.9839000000
395.9951000000
396.0061000000
396.0172000000
396.0284000000
396.0394000000
396.0504000000
396.0617000000
396.0727000000
396.0838000000
396.0949000000
396.1062000000
396.1172000000
396.1283000000
396.1395000000
396.1505000000
396.1615000000
396.1727000000
396.1839000000
396.1948000000
396.2060000000
396.2172000000
396.2282000000
396.2394000000
396.2505000000
396.2615000000
396.2727000000
396.2837000000
396.2948000000
396.3059000000
396.3170000000
396.3282000000
396.3394000000
396.3503000000
396.3615000000
396.3727000000
396.3837000000
396.3947000000
396.4059000000
396.4170000000
396.4281000000
396.4393000000
396.4503000000
396.4614000000
396.4725000000
396.4836000000
396.4949000000
396.5059000000
396.5169000000
396.5280000000
396.5392000000
396.5504000000
396.5614000000
396.5725000000
396.5835000000
396.5946000000
396.6059000000
396.6169000000
396.6280000000
396.6391000000
396.6503000000
396.6614000000
396.6724000000
396.6837000000
396.6946000000
396.7057000000
396.7168000000
396.7284000000
396.7390000000
396.7502000000
396.7612000000
396.7726000000
396.7835000000
396.7946000000
396.8058000000
396.8169000000
396.8279000000
396.8391000000
396.8508000000
396.8612000000
396.8727000000
396.8835000000
396.8946000000
396.9058000000
396.9168000000
396.9278000000
396.9391000000
396.9501000000
396.9613000000
396.9722000000
396.9833000000
396.9945000000
397.0056000000
397.0169000000
397.0278000000
397.0391000000
397.0500000000
397.0612000000
397.0728000000
397.0833000000
397.0944000000
397.1058000000
397.1168000000
397.1279000000
397.1389000000
397.1500000000
397.1611000000
397.1721000000
397.1833000000
397.1945000000
397.2056000000
397.2167000000
397.2276000000
397.2388000000
397.2500000000
397.2611000000
397.2723000000
397.2834000000
397.2944000000
397.3055000000
397.3165000000
397.3277000000
397.3389000000
397.3499000000
397.3609000000
397.3721000000
397.3831000000
397.3943000000
397.4054000000
397.4165000000
397.4277000000
397.4388000000
397.4498000000
397.4609000000
397.4720000000
397.4831000000
397.4942000000
397.5053000000
397.5165000000
397.5275000000
397.5387000000
397.5499000000
397.5609000000
397.5722000000
397.5832000000
397.5941000000
397.6053000000
397.6164000000
397.6274000000
397.6387000000
397.6497000000
397.6609000000
397.6719000000
397.6830000000
397.6941000000
397.7052000000
397.7164000000
397.7275000000
397.7386000000
397.7497000000
397.7607000000
397.7720000000
397.7838000000
397.7940000000
397.8052000000
397.8163000000
397.8273000000
397.8386000000
397.8496000000
397.8607000000
397.8718000000
397.8831000000
397.8941000000
397.9052000000
397.9164000000
397.9274000000
397.9386000000
397.9495000000
397.9606000000
397.9719000000
397.9828000000
397.9941000000
398.0052000000
398.0162000000
398.0273000000
398.0385000000
398.0496000000
398.0608000000
398.0717000000
398.0828000000
398.0940000000
398.1052000000
398.1161000000
398.1273000000
398.1383000000
398.1494000000
398.1606000000
398.1718000000
398.1827000000
398.1938000000
398.2052000000
398.2162000000
398.2272000000
398.2383000000
398.2498000000
398.2604000000
398.2717000000
398.2827000000
398.2939000000
398.3050000000
398.3160000000
398.3272000000
398.3385000000
398.3494000000
398.3605000000
398.3715000000
398.3828000000
398.3940000000
398.4049000000
398.4160000000
398.4271000000
398.4383000000
398.4493000000
398.4604000000
398.4717000000
398.4826000000
398.4940000000
398.5049000000
398.5161000000
398.5272000000
398.5381000000
398.5493000000
398.5604000000
398.5716000000
398.5826000000
398.5940000000
398.6049000000
398.6159000000
398.6270000000
398.6382000000
398.6492000000
398.6604000000
398.6715000000
398.6825000000
398.6938000000
398.7047000000
398.7158000000
398.7269000000
398.7382000000
398.7492000000
398.7603000000
398.7715000000
398.7825000000
398.7937000000
398.8048000000
398.8157000000
398.8270000000
398.8383000000
398.8491000000
398.8602000000
398.8713000000
398.8826000000
398.8936000000
398.9047000000
398.9157000000
398.9268000000
398.9382000000
398.9491000000
398.9601000000
398.9712000000
398.9825000000
398.9936000000
399.0045000000
399.0157000000
399.0271000000
399.0378000000
399.0490000000
399.0603000000
399.0712000000
399.0823000000
399.0935000000
399.1045000000
399.1157000000
399.1267000000
399.1379000000
399.1490000000
399.1600000000
399.1714000000
399.1826000000
399.1934000000
399.2045000000
399.2157000000
399.2267000000
399.2378000000
399.2489000000
399.2600000000
399.2713000000
399.2824000000
399.2934000000
399.3046000000
399.3156000000
399.3269000000
399.3379000000
399.3488000000
399.3600000000
399.3712000000
399.3821000000
399.3936000000
399.4045000000
399.4155000000
399.4265000000
399.4378000000
399.4490000000
399.4600000000
399.4711000000
399.4821000000
399.4931000000
399.5043000000
399.5154000000
399.5265000000
399.5376000000
399.5489000000
399.5600000000
399.5711000000
399.5821000000
399.5932000000
399.6046000000
399.6154000000
399.6265000000
399.6376000000
399.6487000000
399.6599000000
399.6709000000
399.6820000000
399.6931000000
399.7043000000
399.7153000000
399.7265000000
399.7375000000
399.7486000000
399.7599000000
399.7710000000
399.7820000000
399.7930000000
399.8041000000
399.8157000000
399.8264000000
399.8377000000
399.8486000000
399.8598000000
399.8710000000
399.8820000000
399.8932000000
399.9041000000
399.9154000000
399.9263000000
399.9376000000
399.9487000000
399.9597000000
399.9709000000
399.9818000000
399.9931000000
400.0041000000
400.0153000000
400.0263000000
400.0375000000
400.0490000000
400.0596000000
400.0708000000
400.0818000000
400.0929000000
400.1041000000
400.1151000000
400.1265000000
400.1373000000
400.1487000000
400.1596000000
400.1707000000
400.1817000000
400.1928000000
400.2042000000
400.2153000000
400.2263000000
400.2373000000
400.2484000000
400.2595000000
400.2705000000
400.2817000000
400.2928000000
400.3039000000
400.3150000000
400.3262000000
400.3372000000
400.3484000000
400.3595000000
400.3706000000
400.3818000000
400.3930000000
400.4038000000
400.4149000000
400.4260000000
400.4373000000
400.4484000000
400.4594000000
400.4705000000
400.4816000000
400.4927000000
400.5040000000
400.5150000000
400.5260000000
400.5372000000
400.5484000000
400.5594000000
400.5705000000
400.5820000000
400.5927000000
400.6038000000
400.6149000000
400.6260000000
400.6371000000
400.6482000000
400.6596000000
400.6704000000
400.6815000000
400.6927000000
400.7037000000
400.7148000000
400.7259000000
400.7371000000
400.7484000000
400.7592000000
400.7706000000
400.7815000000
400.7926000000
400.8036000000
400.8148000000
400.8258000000
400.8380000000
400.8482000000
400.8592000000
400.8703000000
400.8815000000
400.8925000000
400.9037000000
400.9149000000
400.9258000000
400.9370000000
400.9481000000
400.9591000000
400.9702000000
400.9814000000
400.9926000000
401.0037000000
401.0147000000
401.0258000000
401.0369000000
401.0480000000
401.0593000000
401.0702000000
401.0815000000
401.0924000000
401.1036000000
401.1147000000
401.1257000000
401.1368000000
401.1480000000
401.1591000000
401.1703000000
401.1813000000
401.1924000000
401.2035000000
401.2146000000
401.2256000000
401.2368000000
401.2478000000
401.2590000000
401.2702000000
401.2812000000
401.2923000000
401.3034000000
401.3147000000
401.3256000000
401.3367000000
401.3480000000
401.3589000000
401.3700000000
401.3811000000
401.3922000000
401.4034000000
401.4145000000
401.4256000000
401.4370000000
401.4480000000
401.4590000000
401.4703000000
401.4811000000
401.4923000000
401.5033000000
401.5145000000
401.5255000000
401.5366000000
401.5479000000
401.5588000000
401.5699000000
401.5811000000
401.5921000000
401.6034000000
401.6143000000
401.6257000000
401.6366000000
401.6478000000
401.6588000000
401.6700000000
401.6812000000
401.6921000000
401.7035000000
401.7144000000
401.7254000000
401.7366000000
401.7477000000
401.7588000000
401.7700000000
401.7811000000
401.7921000000
401.8035000000
401.8143000000
401.8254000000
401.8366000000
401.8477000000
401.8592000000
401.8701000000
401.8812000000
401.8921000000
401.9035000000
401.9142000000
401.9254000000
401.9366000000
401.9476000000
401.9587000000
401.9699000000
401.9808000000
401.9921000000
402.0034000000
402.0142000000
402.0254000000
402.0365000000
402.0475000000
402.0588000000
402.0697000000
402.0808000000
402.0921000000
402.1034000000
402.1141000000
402.1252000000
402.1364000000
402.1475000000
402.1585000000
402.1700000000
402.1808000000
402.1920000000
402.2032000000
402.2144000000
402.2255000000
402.2364000000
402.2477000000
402.2585000000
402.2697000000
402.2808000000
402.2918000000
402.3033000000
402.3140000000
402.3254000000
402.3362000000
402.3474000000
402.3585000000
402.3696000000
402.3807000000
402.3918000000
402.4034000000
402.4140000000
402.4250000000
402.4362000000
402.4473000000
402.4584000000
402.4695000000
402.4806000000
402.4919000000
402.5031000000
402.5139000000
402.5251000000
402.5363000000
402.5473000000
402.5586000000
402.5695000000
402.5806000000
402.5916000000
402.6031000000
402.6139000000
402.6250000000
402.6361000000
402.6475000000
402.6583000000
402.6694000000
402.6805000000
402.6916000000
402.7029000000
402.7140000000
402.7251000000
402.7360000000
402.7471000000
402.7583000000
402.7695000000
402.7805000000
402.7916000000
402.8028000000
402.8137000000
402.8249000000
402.8360000000
402.8473000000
402.8582000000
402.8695000000
402.8805000000
402.8917000000
402.9027000000
402.9137000000
402.9250000000
402.9359000000
402.9470000000
402.9581000000
402.9692000000
402.9805000000
402.9914000000
403.0027000000
403.0136000000
403.0249000000
403.0359000000
403.0470000000
403.0582000000
403.0693000000
403.0803000000
403.0915000000
403.1025000000
403.1136000000
403.1247000000
403.1358000000
403.1470000000
403.1580000000
403.1694000000
403.1805000000
403.1913000000
403.2026000000
403.2135000000
403.2247000000
403.2358000000
403.2469000000
403.2579000000
403.2692000000
403.2802000000
403.2914000000
403.3024000000
403.3137000000
403.3248000000
403.3358000000
403.3469000000
403.3583000000
403.3691000000
403.3802000000
403.3912000000
403.4026000000
403.4135000000
403.4247000000
403.4357000000
403.4468000000
403.4584000000
403.4691000000
403.4802000000
403.4914000000
403.5024000000
403.5135000000
403.5245000000
403.5357000000
403.5468000000
403.5578000000
403.5695000000
403.5800000000
403.5911000000
403.6024000000
403.6133000000
403.6245000000
403.6357000000
403.6469000000
403.6578000000
403.6690000000
403.6804000000
403.6911000000
403.7024000000
403.7133000000
403.7244000000
403.7359000000
403.7468000000
403.7578000000
403.7688000000
403.7799000000
403.7913000000
403.8024000000
403.8134000000
403.8243000000
403.8356000000
403.8466000000
403.8577000000
403.8690000000
403.8800000000
403.8910000000
403.9022000000
403.9137000000
403.9244000000
403.9355000000
403.9466000000
403.9578000000
403.9688000000
403.9800000000
403.9909000000
404.0022000000
404.0132000000
404.0243000000
404.0356000000
404.0466000000
404.0577000000
404.0686000000
404.0798000000
404.0910000000
404.1021000000
404.1134000000
404.1243000000
404.1354000000
404.1465000000
404.1575000000
404.1687000000
404.1797000000
404.1909000000
404.2021000000
404.2132000000
404.2241000000
404.2354000000
404.2465000000
404.2575000000
404.2686000000
404.2799000000
404.2908000000
404.3020000000
404.3134000000
404.3241000000
404.3358000000
404.3463000000
404.3575000000
404.3687000000
404.3796000000
404.3908000000
404.4019000000
404.4130000000
404.4242000000
404.4352000000
404.4467000000
404.4574000000
404.4688000000
404.4796000000
404.4907000000
404.5018000000
404.5129000000
404.5241000000
404.5356000000
404.5462000000
404.5573000000
404.5685000000
404.5801000000
404.5907000000
404.6018000000
404.6129000000
404.6240000000
404.6351000000
404.6466000000
404.6573000000
404.6685000000
404.6797000000
404.6907000000
404.7018000000
404.7128000000
404.7240000000
404.7351000000
404.7462000000
404.7573000000
404.7684000000
404.7795000000
404.7906000000
404.8017000000
404.8128000000
404.8240000000
404.8350000000
404.8461000000
404.8572000000
404.8684000000
404.8795000000
404.8906000000
404.9016000000
404.9128000000
404.9238000000
404.9351000000
404.9462000000
404.9572000000
404.9684000000
404.9795000000
404.9905000000
405.0016000000
405.0129000000
405.0237000000
405.0349000000
405.0461000000
405.0571000000
405.0681000000
405.0794000000
405.0905000000
405.1014000000
405.1127000000
405.1238000000
405.1348000000
405.1460000000
405.1570000000
405.1682000000
405.1793000000
405.1903000000
405.2018000000
405.2127000000
405.2236000000
405.2347000000
405.2460000000
405.2569000000
405.2681000000
405.2792000000
405.2903000000
405.3015000000
405.3126000000
405.3236000000
405.3347000000
405.3458000000
405.3571000000
405.3682000000
405.3792000000
405.3903000000
405.4014000000
405.4126000000
405.4237000000
405.4347000000
405.4458000000
405.4569000000
405.4680000000
405.4792000000
405.4902000000
405.5015000000
405.5125000000
405.5235000000
405.5348000000
405.5458000000
405.5569000000
405.5680000000
405.5791000000
405.5901000000
405.6013000000
405.6125000000
405.6234000000
405.6346000000
405.6460000000
405.6569000000
405.6680000000
405.6790000000
405.6901000000
405.7012000000
405.7125000000
405.7234000000
405.7346000000
405.7457000000
405.7568000000
405.7679000000
405.7791000000
405.7900000000
405.8013000000
405.8123000000
405.8235000000
405.8346000000
405.8460000000
405.8567000000
405.8680000000
405.8789000000
405.8900000000
405.9012000000
405.9121000000
405.9233000000
405.9344000000
405.9458000000
405.9566000000
405.9678000000
405.9793000000
405.9899000000
406.0011000000
406.0122000000
406.0232000000
406.0345000000
406.0454000000
406.0566000000
406.0677000000
406.0789000000
406.0900000000
406.1010000000
406.1122000000
406.1232000000
406.1344000000
406.1455000000
406.1565000000
406.1676000000
406.1788000000
406.1899000000
406.2010000000
406.2121000000
406.2231000000
406.2342000000
406.2453000000
406.2566000000
406.2675000000
406.2788000000
406.2899000000
406.3010000000
406.3122000000
406.3231000000
406.3343000000
406.3456000000
406.3564000000
406.3676000000
406.3786000000
406.3899000000
406.4008000000
406.4121000000
406.4231000000
406.4342000000
406.4456000000
406.4565000000
406.4674000000
406.4789000000
406.4897000000
406.5009000000
406.5121000000
406.5230000000
406.5341000000
406.5457000000
406.5563000000
406.5674000000
406.5787000000
406.5897000000
406.6009000000
406.6122000000
406.6230000000
406.6341000000
406.6454000000
406.6563000000
406.6675000000
406.6785000000
406.6897000000
406.7007000000
406.7121000000
406.7229000000
406.7342000000
406.7458000000
406.7563000000
406.7673000000
406.7785000000
406.7896000000
406.8008000000
406.8121000000
406.8229000000
406.8340000000
406.8454000000
406.8562000000
406.8674000000
406.8785000000
406.8896000000
406.9006000000
406.9120000000
406.9228000000
406.9339000000
406.9452000000
406.9561000000
406.9673000000
406.9785000000
406.9895000000
407.0005000000
407.0120000000
407.0229000000
407.0340000000
407.0451000000
407.0562000000
407.0673000000
407.0783000000
407.0895000000
407.1005000000
407.1119000000
407.1229000000
407.1338000000
407.1449000000
407.1560000000
407.1671000000
407.1783000000
407.1899000000
407.2005000000
407.2118000000
407.2228000000
407.2338000000
407.2449000000
407.2561000000
407.2671000000
407.2782000000
407.2893000000
407.3004000000
407.3120000000
407.3226000000
407.3338000000
407.3448000000
407.3560000000
407.3670000000
407.3783000000
407.3893000000
407.4003000000
407.4115000000
407.4227000000
407.4336000000
407.4448000000
407.4558000000
407.4669000000
407.4780000000
407.4893000000
407.5003000000
407.5114000000
407.5225000000
407.5338000000
407.5449000000
407.5560000000
407.5669000000
407.5780000000
407.5892000000
407.6003000000
407.6114000000
407.6224000000
407.6336000000
407.6449000000
407.6557000000
407.6669000000
407.6779000000
407.6892000000
407.7002000000
407.7113000000
407.7225000000
407.7335000000
407.7446000000
407.7559000000
407.7668000000
407.7780000000
407.7891000000
407.8001000000
407.8112000000
407.8223000000
407.8335000000
407.8447000000
407.8558000000
407.8668000000
407.8780000000
407.8891000000
407.9001000000
407.9112000000
407.9224000000
407.9334000000
407.9446000000
407.9557000000
407.9668000000
407.9780000000
407.9890000000
408.0002000000
408.0111000000
408.0225000000
408.0334000000
408.0444000000
408.0556000000
408.0667000000
408.0778000000
408.0891000000
408.1000000000
408.1111000000
408.1227000000
408.1333000000
408.1444000000
408.1556000000
408.1666000000
408.1778000000
408.1889000000
408.2000000000
408.2110000000
408.2222000000
408.2334000000
408.2444000000
408.2555000000
408.2666000000
408.2778000000
408.2887000000
408.2999000000
408.3112000000
408.3221000000
408.3332000000
408.3444000000
408.3554000000
408.3666000000
408.3777000000
408.3888000000
408.3998000000
408.4110000000
408.4221000000
408.4331000000
408.4443000000
408.4554000000
408.4666000000
408.4779000000
408.4888000000
408.4998000000
408.5112000000
408.5221000000
408.5332000000
408.5444000000
408.5553000000
408.5664000000
408.5776000000
408.5887000000
408.5997000000
408.6110000000
408.6223000000
408.6330000000
408.6444000000
408.6555000000
408.6664000000
408.6774000000
408.6889000000
408.6997000000
408.7108000000
408.7220000000
408.7330000000
408.7442000000
408.7554000000
408.7663000000
408.7775000000
408.7885000000
408.7997000000
408.8108000000
408.8219000000
408.8329000000
408.8440000000
408.8553000000
408.8665000000
408.8775000000
408.8888000000
408.8995000000
408.9107000000
408.9218000000
408.9330000000
408.9441000000
408.9552000000
408.9667000000
408.9774000000
408.9886000000
408.9995000000
409.0107000000
409.0219000000
409.0329000000
409.0440000000
409.0552000000
409.0662000000
409.0773000000
409.0885000000
409.0995000000
409.1106000000
409.1219000000
409.1328000000
409.1439000000
409.1552000000
409.1661000000
409.1772000000
409.1886000000
409.1996000000
409.2108000000
409.2216000000
409.2328000000
409.2440000000
409.2549000000
409.2661000000
409.2772000000
409.2882000000
409.2993000000
409.3105000000
409.3216000000
409.3327000000
409.3438000000
409.3549000000
409.3661000000
409.3772000000
409.3882000000
409.3995000000
409.4105000000
409.4217000000
409.4326000000
409.4437000000
409.4548000000
409.4660000000
409.4773000000
409.4881000000
409.4993000000
409.5103000000
409.5216000000
409.5327000000
409.5437000000
409.5550000000
409.5659000000
409.5770000000
409.5882000000
409.5992000000
409.6104000000
409.6215000000
409.6325000000
409.6440000000
409.6548000000
409.6659000000
409.6769000000
409.6881000000
409.6991000000
409.7104000000
409.7216000000
409.7325000000
409.7436000000
409.7549000000
409.7660000000
409.7771000000
409.7881000000
409.7991000000
409.8103000000
409.8219000000
409.8325000000
409.8437000000
409.8547000000
409.8659000000
409.8768000000
409.8881000000
409.8990000000
409.9102000000
409.9214000000
409.9323000000
409.9436000000
409.9548000000
409.9657000000
409.9770000000
409.9880000000
409.9991000000
410.0103000000
410.0214000000
410.0324000000
410.0434000000
410.0547000000
410.0657000000
410.0767000000
410.0880000000
410.0990000000
410.1102000000
410.1212000000
410.1323000000
410.1434000000
410.1546000000
410.1656000000
410.1768000000
410.1879000000
410.1992000000
410.2101000000
410.2213000000
410.2322000000
410.2437000000
410.2545000000
410.2656000000
410.2766000000
410.2879000000
410.2989000000
410.3101000000
410.3212000000
410.3323000000
410.3435000000
410.3544000000
410.3656000000
410.3766000000
410.3877000000
410.3988000000
410.4099000000
410.4212000000
410.4322000000
410.4434000000
410.4545000000
410.4655000000
410.4766000000
410.4879000000
410.4987000000
410.5099000000
410.5215000000
410.5322000000
410.5433000000
410.5544000000
410.5654000000
410.5766000000
410.5878000000
410.5987000000
410.6099000000
410.6210000000
410.6320000000
410.6433000000
410.6542000000
410.6654000000
410.6767000000
410.6878000000
410.6987000000
410.7101000000
410.7212000000
410.7320000000
410.7433000000
410.7544000000
410.7653000000
410.7765000000
410.7877000000
410.7987000000
410.8098000000
410.8211000000
410.8320000000
410.8431000000
410.8542000000
410.8654000000
410.8765000000
410.8875000000
410.8987000000
410.9099000000
410.9211000000
410.9320000000
410.9430000000
410.9544000000
410.9652000000
410.9764000000
410.9874000000
410.9985000000
411.0097000000
411.0210000000
411.0319000000
411.0429000000
411.0542000000
411.0652000000
411.0763000000
411.0875000000
411.0984000000
411.1099000000
411.1209000000
411.1318000000
411.1429000000
411.1540000000
411.1653000000
411.1763000000
411.1874000000
411.1985000000
411.2096000000
411.2209000000
411.2319000000
411.2429000000
411.2540000000
411.2652000000
411.2763000000
411.2873000000
411.2984000000
411.3095000000
411.3208000000
411.3317000000
411.3428000000
411.3541000000
411.3650000000
411.3763000000
411.3873000000
411.3984000000
411.4095000000
411.4208000000
411.4316000000
411.4430000000
411.4539000000
411.4649000000
411.4760000000
411.4872000000
411.4983000000
411.5096000000
411.5207000000
411.5316000000
411.5428000000
411.5539000000
411.5649000000
411.5763000000
411.5872000000
411.5982000000
411.6096000000
411.6207000000
411.6315000000
411.6429000000
411.6541000000
411.6649000000
411.6760000000
411.6871000000
411.6982000000
411.7094000000
411.7205000000
411.7317000000
411.7427000000
411.7538000000
411.7649000000
411.7760000000
411.7870000000
411.7982000000
411.8092000000
411.8209000000
411.8316000000
411.8427000000
411.8537000000
411.8648000000
411.8761000000
411.8871000000
411.8981000000
411.9092000000
411.9205000000
411.9315000000
411.9427000000
411.9537000000
411.9648000000
411.9760000000
411.9869000000
411.9981000000
412.0092000000
412.0202000000
412.0313000000
412.0426000000
412.0537000000
412.0647000000
412.0757000000
412.0870000000
412.0980000000
412.1092000000
412.1202000000
412.1313000000
412.1425000000
412.1537000000
412.1648000000
412.1758000000
412.1869000000
412.1981000000
412.2090000000
412.2202000000
412.2313000000
412.2423000000
412.2534000000
412.2646000000
412.2758000000
412.2870000000
412.2979000000
412.3091000000
412.3201000000
412.3312000000
412.3423000000
412.3536000000
412.3645000000
412.3757000000
412.3868000000
412.3978000000
412.4090000000
412.4201000000
412.4312000000
412.4422000000
412.4533000000
412.4644000000
412.4755000000
412.4866000000
412.4978000000
412.5090000000
412.5210000000
412.5311000000
412.5423000000
412.5535000000
412.5644000000
412.5756000000
412.5866000000
412.5977000000
412.6088000000
412.6199000000
412.6312000000
412.6422000000
412.6536000000
412.6645000000
412.6754000000
412.6866000000
412.6977000000
412.7088000000
412.7201000000
412.7310000000
412.7423000000
412.7531000000
412.7643000000
412.7754000000
412.7868000000
412.7976000000
412.8087000000
412.8199000000
412.8309000000
412.8421000000
412.8532000000
412.8643000000
412.8753000000
412.8869000000
412.8976000000
412.9088000000
412.9198000000
412.9308000000
412.9421000000
412.9531000000
412.9643000000
412.9755000000
412.9864000000
412.9975000000
413.0086000000
413.0198000000
413.0309000000
413.0420000000
413.0532000000
413.0641000000
413.0754000000
413.0863000000
413.0975000000
413.1090000000
413.1196000000
413.1310000000
413.1419000000
413.1530000000
413.1642000000
413.1752000000
413.1866000000
413.1974000000
413.2086000000
413.2198000000
413.2307000000
413.2419000000
413.2531000000
413.2640000000
413.2752000000
413.2864000000
413.2975000000
413.3084000000
413.3195000000
413.3307000000
413.3418000000
413.3530000000
413.3640000000
413.3760000000
413.3862000000
413.3973000000
413.4087000000
413.4196000000
413.4310000000
413.4419000000
413.4529000000
413.4641000000
413.4750000000
413.4861000000
413.4973000000
413.5084000000
413.5197000000
413.5306000000
413.5417000000
413.5528000000
413.5639000000
413.5750000000
413.5863000000
413.5973000000
413.6083000000
413.6200000000
413.6306000000
413.6417000000
413.6528000000
413.6638000000
413.6752000000
413.6861000000
413.6972000000
413.7082000000
413.7194000000
413.7306000000
413.7418000000
413.7528000000
413.7638000000
413.7751000000
413.7861000000
413.7972000000
413.8084000000
413.8193000000
413.8304000000
413.8415000000
413.8528000000
413.8638000000
413.8748000000
413.8860000000
413.8971000000
413.9083000000
413.9193000000
413.9304000000
413.9417000000
413.9526000000
413.9639000000
413.9749000000
413.9859000000
413.9976000000
414.0081000000
414.0193000000
414.0303000000
414.0414000000
414.0526000000
414.0638000000
414.0749000000
414.0859000000
414.0970000000
414.1081000000
414.1194000000
414.1303000000
414.1414000000
414.1526000000
414.1636000000
414.1747000000
414.1860000000
414.1969000000
414.2081000000
414.2192000000
414.2303000000
414.2413000000
414.2527000000
414.2635000000
414.2747000000
414.2858000000
414.2970000000
414.3081000000
414.3191000000
414.3303000000
414.3414000000
414.3526000000
414.3635000000
414.3748000000
414.3857000000
414.3968000000
414.4080000000
414.4190000000
414.4302000000
414.4419000000
414.4523000000
414.4634000000
414.4748000000
414.4858000000
414.4967000000
414.5079000000
414.5205000000
414.5305000000
414.5412000000
414.5524000000
414.5634000000
414.5746000000
414.5856000000
414.5967000000
414.6078000000
414.6190000000
414.6303000000
414.6412000000
414.6523000000
414.6634000000
414.6744000000
414.6861000000
414.6967000000
414.7079000000
414.7191000000
414.7302000000
414.7412000000
414.7523000000
414.7633000000
414.7744000000
414.7855000000
414.7966000000
414.8079000000
414.8188000000
414.8304000000
414.8412000000
414.8523000000
414.8633000000
414.8743000000
414.8859000000
414.8967000000
414.9078000000
414.9189000000
414.9301000000
414.9411000000
414.9521000000
414.9633000000
414.9743000000
414.9854000000
414.9967000000
415.0076000000
415.0187000000
415.0301000000
415.0410000000
415.0521000000
415.0631000000
415.0744000000
415.0854000000
415.0965000000
415.1078000000
415.1188000000
415.1301000000
415.1410000000
415.1522000000
415.1631000000
415.1746000000
415.1857000000
415.1964000000
415.2076000000
415.2188000000
415.2299000000
415.2409000000
415.2524000000
415.2631000000
415.2743000000
415.2854000000
415.2964000000
415.3076000000
415.3187000000
415.3298000000
415.3410000000
415.3521000000
415.3630000000
415.3743000000
415.3853000000
415.3964000000
415.4075000000
415.4185000000
415.4297000000
415.4411000000
415.4518000000
415.4630000000
415.4741000000
415.4853000000
415.4963000000
415.5073000000
415.5186000000
415.5296000000
415.5407000000
415.5518000000
415.5630000000
415.5741000000
415.5853000000
415.5962000000
415.6074000000
415.6186000000
415.6296000000
415.6407000000
415.6517000000
415.6628000000
415.6741000000
415.6852000000
415.6962000000
415.7073000000
415.7185000000
415.7296000000
415.7407000000
415.7518000000
415.7628000000
415.7740000000
415.7851000000
415.7963000000
415.8073000000
415.8183000000
415.8294000000
415.8406000000
415.8517000000
415.8628000000
415.8740000000
415.8851000000
415.8961000000
415.9072000000
415.9185000000
415.9294000000
415.9406000000
415.9517000000
415.9629000000
415.9738000000
415.9851000000
415.9961000000
416.0072000000
416.0182000000
416.0294000000
416.0406000000
416.0515000000
416.0627000000
416.0738000000
416.0850000000
416.0962000000
416.1071000000
416.1183000000
416.1293000000
416.1404000000
416.1515000000
416.1629000000
416.1738000000
416.1850000000
416.1959000000
416.2070000000
416.2182000000
416.2292000000
416.2407000000
416.2515000000
416.2626000000
416.2737000000
416.2849000000
416.2959000000
416.3071000000
416.3182000000
416.3292000000
416.3405000000
416.3514000000
416.3625000000
416.3737000000
416.3847000000
416.3960000000
416.4070000000
416.4181000000
416.4294000000
416.4402000000
416.4518000000
416.4625000000
416.4735000000
416.4848000000
416.4959000000
416.5068000000
416.5183000000
416.5291000000
416.5402000000
416.5515000000
416.5624000000
416.5735000000
416.5848000000
416.5957000000
416.6068000000
416.6180000000
416.6292000000
416.6402000000
416.6512000000
416.6624000000
416.6734000000
416.6845000000
416.6958000000
416.7070000000
416.7181000000
416.7290000000
416.7402000000
416.7513000000
416.7623000000
416.7735000000
416.7848000000
416.7957000000
416.8069000000
416.8179000000
416.8291000000
416.8401000000
416.8513000000
416.8624000000
416.8736000000
416.8845000000
416.8956000000
416.9069000000
416.9178000000
416.9289000000
416.9402000000
416.9513000000
416.9626000000
416.9736000000
416.9844000000
416.9956000000
417.0067000000
417.0180000000
417.0288000000
417.0401000000
417.0513000000
417.0622000000
417.0733000000
417.0844000000
417.0954000000
417.1067000000
417.1176000000
417.1288000000
417.1399000000
417.1512000000
417.1621000000
417.1734000000
417.1845000000
417.1959000000
417.2066000000
417.2177000000
417.2287000000
417.2398000000
417.2512000000
417.2622000000
417.2731000000
417.2844000000
417.2955000000
417.3064000000
417.3176000000
417.3289000000
417.3398000000
417.3509000000
417.3619000000
417.3732000000
417.3844000000
417.3953000000
417.4065000000
417.4178000000
417.4286000000
417.4397000000
417.4508000000
417.4622000000
417.4730000000
417.4844000000
417.4953000000
417.5063000000
417.5177000000
417.5286000000
417.5397000000
417.5509000000
417.5621000000
417.5730000000
417.5843000000
417.5952000000
417.6065000000
417.6177000000
417.6287000000
417.6398000000
417.6508000000
417.6620000000
417.6730000000
417.6842000000
417.6951000000
417.7062000000
417.7176000000
417.7285000000
417.7397000000
417.7507000000
417.7617000000
417.7729000000
417.7843000000
417.7952000000
417.8063000000
417.8172000000
417.8286000000
417.8396000000
417.8507000000
417.8617000000
417.8728000000
417.8839000000
417.8950000000
417.9062000000
417.9173000000
417.9285000000
417.9395000000
417.9507000000
417.9618000000
417.9728000000
417.9839000000
417.9950000000
418.0063000000
418.0172000000
418.0284000000
418.0397000000
418.0505000000
418.0616000000
418.0730000000
418.0838000000
418.0949000000
418.1062000000
418.1172000000
418.1282000000
418.1398000000
418.1505000000
418.1616000000
418.1728000000
418.1839000000
418.1949000000
418.2060000000
418.2171000000
418.2282000000
418.2397000000
418.2505000000
418.2617000000
418.2727000000
418.2838000000
418.2949000000
418.3061000000
418.3172000000
418.3282000000
418.3395000000
418.3505000000
418.3615000000
418.3726000000
418.3839000000
418.3948000000
418.4060000000
418.4171000000
418.4281000000
418.4398000000
418.4503000000
418.4615000000
418.4725000000
418.4836000000
418.4948000000
418.5059000000
418.5170000000
418.5280000000
418.5396000000
418.5504000000
418.5616000000
418.5726000000
418.5836000000
418.5948000000
418.6058000000
418.6169000000
418.6283000000
418.6395000000
418.6503000000
418.6613000000
418.6725000000
418.6837000000
418.6946000000
418.7058000000
418.7169000000
418.7285000000
418.7394000000
418.7502000000
418.7614000000
418.7724000000
418.7835000000
418.7946000000
418.8057000000
418.8168000000
418.8279000000
418.8391000000
418.8502000000
418.8613000000
418.8724000000
418.8836000000
418.8945000000
418.9057000000
418.9168000000
418.9280000000
418.9391000000
418.9501000000
418.9612000000
418.9725000000
418.9834000000
418.9946000000
419.0057000000
419.0167000000
419.0279000000
419.0392000000
419.0500000000
419.0613000000
419.0723000000
419.0834000000
419.0945000000
419.1056000000
419.1168000000
419.1277000000
419.1389000000
419.1501000000
419.1612000000
419.1722000000
419.1834000000
419.1947000000
419.2055000000
419.2166000000
419.2278000000
419.2388000000
419.2501000000
419.2615000000
419.2721000000
419.2832000000
419.2946000000
419.3054000000
419.3166000000
419.3277000000
419.3389000000
419.3500000000
419.3611000000
419.3723000000
419.3832000000
419.3943000000
419.4055000000
419.4165000000
419.4276000000
419.4388000000
419.4499000000
419.4611000000
419.4720000000
419.4833000000
419.4943000000
419.5054000000
419.5168000000
419.5278000000
419.5386000000
419.5498000000
419.5611000000
419.5720000000
419.5832000000
419.5942000000
419.6058000000
419.6164000000
419.6276000000
419.6387000000
419.6497000000
419.6610000000
419.6719000000
419.6830000000
419.6948000000
419.7052000000
419.7163000000
419.7277000000
419.7386000000
419.7498000000
419.7608000000
419.7724000000
419.7830000000
419.7940000000
419.8052000000
419.8166000000
419.8274000000
419.8385000000
419.8499000000
419.8607000000
419.8718000000
419.8831000000
419.8941000000
419.9052000000
419.9164000000
419.9274000000
419.9385000000
419.9496000000
419.9608000000
419.9719000000
419.9829000000
419.9940000000
420.0052000000
420.0162000000
420.0273000000
420.0385000000
420.0495000000
420.0606000000
420.0718000000
420.0831000000
420.0940000000
420.1052000000
420.1163000000
420.1273000000
420.1384000000
420.1496000000
420.1606000000
420.1717000000
420.1831000000
420.1939000000
420.2052000000
420.2161000000
420.2273000000
420.2383000000
420.2494000000
420.2607000000
420.2716000000
420.2828000000
420.2939000000
420.3050000000
420.3160000000
420.3273000000
420.3385000000
420.3494000000
420.3604000000
420.3717000000
420.3828000000
420.3938000000
420.4052000000
420.4161000000
420.4272000000
420.4384000000
420.4493000000
420.4604000000
420.4717000000
420.4826000000
420.4939000000
420.5048000000
420.5161000000
420.5272000000
420.5381000000
420.5493000000
420.5605000000
420.5716000000
420.5826000000
420.5938000000
420.6048000000
420.6159000000
420.6273000000
420.6382000000
420.6494000000
420.6604000000
420.6715000000
420.6828000000
420.6937000000
420.7052000000
420.7158000000
420.7271000000
420.7381000000
420.7494000000
420.7604000000
420.7718000000
420.7825000000
420.7936000000
420.8047000000
420.8158000000
420.8271000000
420.8381000000
420.8495000000
420.8603000000
420.8713000000
420.8825000000
420.8936000000
420.9049000000
420.9158000000
420.9269000000
420.9380000000
420.9491000000
420.9608000000
420.9713000000
420.9824000000
420.9936000000
421.0046000000
421.0158000000
421.0270000000
421.0381000000
421.0494000000
421.0604000000
421.0717000000
421.0824000000
421.0934000000
421.1050000000
421.1156000000
421.1268000000
421.1379000000
421.1491000000
421.1602000000
421.1711000000
421.1824000000
421.1934000000
421.2045000000
421.2159000000
421.2268000000
421.2378000000
421.2490000000
421.2602000000
421.2711000000
421.2822000000
421.2934000000
421.3047000000
421.3156000000
421.3267000000
421.3379000000
421.3489000000
421.3600000000
421.3715000000
421.3824000000
421.3932000000
421.4044000000
421.4156000000
421.4266000000
421.4377000000
421.4491000000
421.4599000000
421.4711000000
421.4821000000
421.4933000000
421.5044000000
421.5155000000
421.5268000000
421.5377000000
421.5493000000
421.5600000000
421.5712000000
421.5821000000
421.5933000000
421.6043000000
421.6154000000
421.6267000000
421.6377000000
421.6491000000
421.6598000000
421.6710000000
421.6821000000
421.6933000000
421.7043000000
421.7154000000
421.7265000000
421.7376000000
421.7493000000
421.7598000000
421.7710000000
421.7821000000
421.7931000000
421.8042000000
421.8154000000
421.8264000000
421.8376000000
421.8489000000
421.8598000000
421.8708000000
421.8820000000
421.8931000000
421.9043000000
421.9153000000
421.9265000000
421.9377000000
421.9488000000
421.9598000000
421.9708000000
421.9819000000
421.9932000000
422.0041000000
422.0152000000
422.0264000000
422.0374000000
422.0487000000
422.0597000000
422.0708000000
422.0818000000
422.0929000000
422.1042000000
422.1152000000
422.1263000000
422.1373000000
422.1488000000
422.1596000000
422.1707000000
422.1819000000
422.1931000000
422.2040000000
422.2151000000
422.2264000000
422.2372000000
422.2485000000
422.2597000000
422.2708000000
422.2817000000
422.2929000000
422.3040000000
422.3150000000
422.3262000000
422.3372000000
422.3486000000
422.3595000000
422.3705000000
422.3817000000
422.3929000000
422.4039000000
422.4150000000
422.4263000000
422.4372000000
422.4484000000
422.4596000000
422.4705000000
422.4816000000
422.4928000000
422.5039000000
422.5150000000
422.5261000000
422.5381000000
422.5483000000
422.5595000000
422.5705000000
422.5817000000
422.5928000000
422.6038000000
422.6151000000
422.6262000000
422.6377000000
422.6483000000
422.6594000000
422.6704000000
422.6815000000
422.6927000000
422.7037000000
422.7148000000
422.7260000000
422.7372000000
422.7482000000
422.7593000000
422.7704000000
422.7815000000
422.7926000000
422.8037000000
422.8148000000
422.8260000000
422.8374000000
422.8482000000
422.8593000000
422.8703000000
422.8814000000
422.8925000000
422.9038000000
422.9147000000
422.9260000000
422.9370000000
422.9481000000
422.9593000000
422.9702000000
422.9814000000
422.9926000000
423.0035000000
423.0146000000
423.0258000000
423.0369000000
423.0481000000
423.0593000000
423.0703000000
423.0815000000
423.0924000000
423.1035000000
423.1146000000
423.1258000000
