8.8776230000
8.8970510000
8.9086320000
8.9185810000
8.9281770000
8.9381940000
8.9482510000
8.9579100000
8.9687720000
8.9801030000
8.9910320000
9.0023090000
9.0134350000
9.0245750000
9.0355770000
9.0467350000
9.0576400000
9.0688210000
9.0799150000
9.0914060000
9.1020920000
9.1134200000
9.1244210000
9.1355760000
9.1465650000
9.1575960000
9.1687250000
9.1798110000
9.1913130000
9.2023540000
9.2131200000
9.2244440000
9.2356880000
9.2467120000
9.2576270000
9.2687950000
9.2798580000
9.2910160000
9.3021290000
9.3132870000
9.3241660000
9.3356460000
9.3465270000
9.3574710000
9.3686580000
9.3799170000
9.3913320000
9.4028620000
9.4144440000
9.4258300000
9.4372690000
9.4487330000
9.4602140000
9.4717720000
9.4832760000
9.4947430000
9.5064070000
9.5177550000
9.5291620000
9.5402930000
9.5513570000
9.5625910000
9.5735670000
9.5846470000
9.5957920000
9.6069540000
9.6180120000
9.6293330000
9.6403470000
9.6513330000
9.6625470000
9.6735750000
9.6846800000
9.6957340000
9.7068730000
9.7182430000
9.7290400000
9.7403140000
9.7512860000
9.7624230000
9.7734870000
9.7848640000
9.7956580000
9.8069340000
9.8185490000
9.8291700000
9.8402570000
9.8515360000
9.8624120000
9.8735280000
9.8845400000
9.8957790000
9.9067390000
9.9178090000
9.9297130000
9.9401180000
9.9512120000
9.9623840000
9.9735240000
9.9849730000
9.9957630000
10.0066900000
10.0178700000
10.0289000000
10.0400600000
10.0510900000
10.0624500000
10.0733000000
10.0844500000
10.0956500000
10.1066300000
10.1178400000
10.1289500000
10.1399900000
10.1510700000
10.1621800000
10.1734500000
10.1843500000
10.1954500000
10.2066500000
10.2177700000
10.2289000000
10.2399300000
10.2510400000
10.2622400000
10.2733100000
10.2845800000
10.2955500000
10.3066100000
10.3176900000
10.3287100000
10.3398900000
10.3509800000
10.3620700000
10.3732700000
10.3843600000
10.3955800000
10.4064800000
10.4176000000
10.4287400000
10.4401500000
10.4508900000
10.4620800000
10.4731000000
10.4842900000
10.4954800000
10.5065600000
10.5176600000
10.5286400000
10.5398300000
10.5508700000
10.5619500000
10.5734400000
10.5841500000
10.5954200000
10.6064800000
10.6176500000
10.6286900000
10.6397900000
10.6509400000
10.6619000000
10.6730000000
10.6841400000
10.6952400000
10.7064500000
10.7175200000
10.7286700000
10.7396900000
10.7508900000
10.7620100000
10.7729600000
10.7841700000
10.7952900000
10.8063400000
10.8173900000
10.8285900000
10.8398500000
10.8508800000
10.8620000000
10.8730800000
10.8840900000
10.8951200000
10.9065000000
10.9174700000
10.9285400000
10.9399300000
10.9508800000
10.9617700000
10.9730900000
10.9840900000
10.9951000000
11.0063300000
11.0173900000
11.0284300000
11.0399800000
11.0506100000
11.0619700000
11.0729000000
11.0839600000
11.0951200000
11.1062400000
11.1172300000
11.1283300000
11.1397200000
11.1505600000
11.1618600000
11.1729700000
11.1840900000
11.1950900000
11.2060900000
11.2180500000
11.2283200000
11.2397500000
11.2505700000
11.2617000000
11.2727300000
11.2839600000
11.2953400000
11.3063800000
11.3171700000
11.3282400000
11.3396400000
11.3506700000
11.3615700000
11.3729900000
11.3838900000
11.3950600000
11.4059800000
11.4171400000
11.4281800000
11.4397400000
11.4504800000
11.4615800000
11.4726400000
11.4838000000
11.4949000000
11.5060800000
11.5176700000
11.5283300000
11.5398500000
11.5507600000
11.5614700000
11.5726600000
11.5836600000
11.5949300000
11.6059800000
11.6172400000
11.6282200000
11.6393600000
11.6503100000
11.6614700000
11.6725300000
11.6837500000
11.6947600000
11.7058500000
11.7171200000
11.7281800000
11.7391400000
11.7502700000
11.7615000000
11.7724700000
11.7845400000
11.7947200000
11.8058000000
11.8169600000
11.8279900000
11.8396600000
11.8504400000
11.8613700000
11.8726000000
11.8835200000
11.8947300000
11.9057800000
11.9168100000
11.9280500000
11.9391500000
11.9505200000
11.9613600000
11.9723700000
11.9835000000
11.9947800000
12.0057500000
12.0167700000
12.0279900000
12.0389900000
12.0501500000
12.0615000000
12.0723700000
12.0834200000
12.0945500000
12.1058500000
12.1167800000
12.1278300000
12.1390800000
12.1501600000
12.1612700000
12.1724600000
12.1837300000
12.1945100000
12.2056200000
12.2167600000
12.2278000000
12.2388700000
12.2502600000
12.2611900000
12.2722200000
12.2835600000
12.2945700000
12.3056400000
12.3167000000
12.3277400000
12.3388900000
12.3500500000
12.3612700000
12.3724600000
12.3833200000
12.3945500000
12.4055700000
12.4165800000
12.4276900000
12.4388000000
12.4499500000
12.4611500000
12.4722900000
12.4832600000
12.4944600000
12.5055800000
12.5166300000
12.5276400000
12.5387400000
12.5502500000
12.5609600000
12.5720500000
12.5832400000
12.5943600000
12.6054300000
12.6167100000
12.6276300000
12.6389500000
12.6499200000
12.6609400000
12.6720200000
12.6837100000
12.6943200000
12.7054800000
12.7165500000
12.7277900000
12.7387200000
12.7498400000
12.7609400000
12.7722500000
12.7831600000
12.7943300000
12.8054800000
12.8165000000
12.8275900000
12.8387900000
12.8498000000
12.8609200000
12.8721100000
12.8832000000
12.8943200000
12.9052900000
12.9163600000
12.9276700000
12.9388100000
12.9498500000
12.9608200000
12.9719500000
12.9830000000
12.9941600000
13.0052600000
13.0163500000
13.0274400000
13.0385600000
13.0496500000
13.0609800000
13.0718300000
13.0830500000
13.0941700000
13.1051800000
13.1163200000
13.1273800000
13.1385400000
13.1496600000
13.1607600000
13.1721900000
13.1828600000
13.1940200000
13.2051500000
13.2161800000
13.2273600000
13.2386000000
13.2496000000
13.2606400000
13.2721700000
13.2829700000
13.2939300000
13.3050200000
13.3161600000
13.3272800000
13.3383800000
13.3495000000
13.3605500000
13.3717900000
13.3827400000
13.3941200000
13.4049900000
13.4160900000
13.4272200000
13.4384700000
13.4494900000
13.4605400000
13.4716500000
13.4828400000
13.4939200000
13.5052300000
13.5161000000
13.5273600000
13.5387200000
13.5494600000
13.5605100000
13.5715800000
13.5829400000
13.5937900000
13.6048700000
13.6161200000
13.6271600000
13.6382900000
13.6494300000
13.6605200000
13.6715400000
13.6827600000
13.6937900000
13.7051200000
13.7159100000
13.7271900000
13.7385000000
13.7495300000
13.7604200000
13.7715200000
13.7825500000
13.7936900000
13.8048100000
13.8160800000
13.8270400000
13.8383600000
13.8493700000
13.8605000000
13.8715100000
13.8827300000
13.8937700000
13.9048000000
13.9159200000
13.9270000000
13.9380800000
13.9496600000
13.9602700000
13.9716000000
13.9825300000
13.9936400000
14.0049900000
14.0158900000
14.0269100000
14.0380300000
14.0491600000
14.0604200000
14.0713300000
14.0825200000
14.0935800000
14.1047000000
14.1157300000
14.1268800000
14.1380600000
14.1490900000
14.1602600000
14.1716000000
14.1825600000
14.1934900000
14.2046100000
14.2157300000
14.2268200000
14.2379800000
14.2492000000
14.2602200000
14.2712900000
14.2825200000
14.2934200000
14.3046100000
14.3156600000
14.3268900000
14.3379200000
14.3490000000
14.3600900000
14.3715000000
14.3825300000
14.3935500000
14.4044800000
14.4155800000
14.4267600000
14.4378900000
14.4488900000
14.4600000000
14.4711000000
14.4823500000
14.4933100000
14.5046200000
14.5155700000
14.5266600000
14.5379300000
14.5489300000
14.5604400000
14.5710900000
14.5821600000
14.5933400000
14.6044700000
14.6156300000
14.6266300000
14.6378900000
14.6493700000
14.6604100000
14.6710700000
14.6822600000
14.6933600000
14.7043800000
14.7156100000
14.7267000000
14.7376800000
14.7488000000
14.7599900000
14.7710200000
14.7821800000
14.7937200000
14.8043000000
14.8157900000
14.8265600000
14.8377300000
14.8488100000
14.8598100000
14.8710300000
14.8820300000
14.8931400000
14.9043800000
14.9156300000
14.9265000000
14.9376100000
14.9491400000
14.9598200000
14.9708800000
14.9822300000
14.9931300000
15.0042200000
15.0155900000
15.0264900000
15.0376500000
15.0489800000
15.0598600000
15.0709700000
15.0819800000
15.0932400000
15.1046700000
15.1152600000
15.1263700000
15.1376900000
15.1489300000
15.1597000000
15.1709800000
15.1818900000
15.1930300000
15.2041000000
15.2151700000
15.2263100000
15.2374300000
15.2487300000
15.2598000000
15.2708100000
15.2821000000
15.2929700000
15.3043500000
15.3152300000
15.3263100000
15.3374600000
15.3488000000
15.3596000000
15.3709700000
15.3818300000
15.3931000000
15.4039900000
15.4152800000
15.4262500000
15.4375000000
15.4486800000
15.4595900000
15.4705700000
15.4817700000
15.4930200000
15.5040600000
15.5150900000
15.5262400000
15.5373800000
15.5485300000
15.5595300000
15.5707300000
15.5817100000
15.5928100000
15.6039600000
15.6151100000
15.6261200000
15.6374400000
15.6487200000
15.6595900000
15.6705200000
15.6816600000
15.6927900000
15.7040000000
15.7150200000
15.7264300000
15.7376600000
15.7485500000
15.7593900000
15.7705600000
15.7816200000
15.7928000000
15.8038500000
15.8162100000
15.8261100000
15.8374500000
15.8485100000
15.8593600000
15.8705700000
15.8818000000
15.8928700000
15.9037400000
15.9148200000
15.9262200000
15.9371300000
15.9486400000
15.9592900000
15.9703700000
15.9816500000
15.9925600000
16.0038100000
16.0148400000
16.0259400000
16.0372200000
16.0483400000
16.0594300000
16.0704400000
16.0814600000
16.0925400000
16.1037700000
16.1147500000
16.1259300000
16.1369800000
16.1483600000
16.1592400000
16.1705000000
16.1813800000
16.1925900000
16.2038100000
16.2147400000
16.2258300000
16.2373400000
16.2487800000
16.2592400000
16.2702900000
16.2817600000
16.2925200000
16.3035600000
16.3146600000
16.3259000000
16.3369800000
16.3483000000
16.3590500000
16.3702700000
16.3818700000
16.3925400000
16.4035900000
16.4146900000
16.4258100000
16.4368100000
16.4483400000
16.4590500000
16.4702900000
16.4815000000
16.4923100000
16.5037200000
16.5146700000
16.5257900000
16.5368300000
16.5482300000
16.5590200000
16.5701800000
16.5813100000
16.5922800000
16.6034900000
16.6146500000
16.6258300000
16.6367300000
16.6479600000
16.6590300000
16.6700600000
16.6812400000
16.6922100000
16.7034000000
16.7147300000
16.7256600000
16.7366300000
16.7477500000
16.7589600000
16.7700100000
16.7810700000
16.7922100000
16.8033400000
16.8150000000
16.8255100000
16.8369100000
16.8476700000
16.8588000000
16.8700200000
16.8811900000
16.8921600000
16.9032500000
16.9148700000
16.9254800000
16.9366400000
16.9478900000
16.9589400000
16.9700000000
16.9810900000
16.9921300000
17.0034300000
17.0148400000
17.0255300000
17.0365300000
17.0479000000
17.0589000000
17.0698600000
17.0809200000
17.0920200000
17.1031200000
17.1142200000
17.1254500000
17.1366100000
17.1476100000
17.1588100000
17.1700200000
17.1811600000
17.1919900000
17.2031200000
17.2141900000
17.2254900000
17.2364800000
17.2474800000
17.2587100000
17.2698100000
17.2811000000
17.2919600000
17.3030500000
17.3142400000
17.3252500000
17.3363200000
17.3475100000
17.3585400000
17.3696600000
17.3807600000
17.3921500000
17.4029900000
17.4140700000
17.4252900000
17.4365300000
17.4475400000
17.4589000000
17.4696000000
17.4808700000
17.4918800000
17.5031600000
17.5141600000
17.5253500000
17.5363300000
17.5478400000
17.5584600000
17.5696300000
17.5806800000
17.5919000000
17.6029000000
17.6142000000
17.6251000000
17.6361900000
17.6474300000
17.6584900000
17.6695700000
17.6806600000
17.6918400000
17.7029800000
17.7143000000
17.7254200000
17.7361700000
17.7475500000
17.7584500000
17.7695900000
17.7806200000
17.7918900000
17.8028300000
17.8140200000
17.8251400000
17.8362700000
17.8473800000
17.8583900000
17.8695200000
17.8806400000
17.8917400000
17.9028700000
17.9139700000
17.9249500000
17.9362900000
17.9474300000
17.9584100000
17.9694700000
17.9806100000
17.9916700000
18.0027200000
18.0139300000
18.0249300000
18.0362200000
18.0472500000
18.0585000000
18.0693400000
18.0804200000
18.0920700000
18.1028200000
18.1138200000
18.1248600000
18.1359800000
18.1471300000
18.1587700000
18.1693900000
18.1805900000
18.1914600000
18.2026700000
18.2138800000
18.2247900000
18.2359000000
18.2471000000
18.2582400000
18.2693400000
18.2803800000
18.2914900000
18.3025300000
18.3139000000
18.3248800000
18.3358600000
18.3469900000
18.3582400000
18.3692800000
18.3804500000
18.3913700000
18.4025600000
18.4136500000
18.4247200000
18.4360700000
18.4470700000
18.4580400000
18.4691200000
18.4803300000
18.4915700000
18.5024500000
18.5136800000
18.5247300000
18.5360300000
18.5469000000
18.5583600000
18.5690800000
18.5802100000
18.5914400000
18.6025300000
18.6137600000
18.6245900000
18.6357300000
18.6468800000
18.6579300000
18.6690200000
18.6802900000
18.6912700000
18.7023700000
18.7136200000
18.7245200000
18.7356200000
18.7468100000
18.7579600000
18.7689800000
18.7801800000
18.7911600000
18.8023500000
18.8135800000
18.8247900000
18.8356900000
18.8467000000
18.8578300000
18.8690500000
18.8801100000
18.8912500000
18.9024400000
18.9136400000
18.9244900000
18.9356800000
18.9471800000
18.9577900000
18.9689300000
18.9800900000
18.9913400000
19.0023000000
19.0134500000
19.0245400000
19.0355400000
19.0467600000
19.0577600000
19.0689800000
19.0799100000
19.0912400000
19.1022300000
19.1133300000
19.1243500000
19.1355900000
19.1469400000
19.1580000000
19.1689900000
19.1800000000
19.1911900000
19.2021900000
19.2132800000
19.2242700000
19.2354900000
19.2465600000
19.2576200000
19.2689200000
19.2801200000
19.2909100000
19.3022300000
19.3132300000
19.3242300000
19.3353500000
19.3466400000
19.3576200000
19.3686500000
19.3799000000
19.3909200000
19.4020000000
19.4132100000
19.4242600000
19.4353400000
19.4464800000
19.4576500000
19.4686300000
19.4798300000
19.4909600000
19.5018700000
19.5131600000
19.5241400000
19.5354300000
19.5463800000
19.5575800000
19.5687500000
19.5797700000
19.5908700000
19.6020300000
19.6131300000
19.6240900000
19.6353100000
19.6463900000
19.6575000000
19.6685900000
19.6796600000
19.6907900000
19.7019700000
19.7131400000
19.7240400000
19.7352000000
19.7463000000
19.7573900000
19.7687500000
19.7795600000
19.7906900000
19.8018000000
19.8129400000
19.8242300000
19.8351100000
19.8462700000
19.8573200000
19.8685100000
19.8795200000
19.8906000000
19.9020300000
19.9128100000
19.9240400000
19.9352200000
19.9461500000
19.9573000000
19.9684100000
19.9794900000
19.9906100000
20.0017500000
20.0129000000
20.0239600000
20.0350100000
20.0463000000
20.0573300000
20.0684800000
20.0795800000
20.0905400000
20.1017000000
20.1127800000
20.1238400000
20.1351700000
20.1460700000
20.1574400000
20.1685600000
20.1796500000
20.1904900000
20.2016600000
20.2126700000
20.2238300000
20.2350900000
20.2460200000
20.2571400000
20.2684700000
20.2793200000
20.2905100000
20.3015900000
20.3126500000
20.3237300000
20.3350400000
20.3459600000
20.3571700000
20.3681600000
20.3795200000
20.3904300000
20.4018900000
20.4125700000
20.4237700000
20.4347600000
20.4459000000
20.4576300000
20.4681800000
20.4792800000
20.4905300000
20.5014300000
20.5125300000
20.5236800000
20.5348100000
20.5460100000
20.5574300000
20.5681400000
20.5791900000
20.5904300000
20.6015500000
20.6124700000
20.6237300000
20.6347000000
20.6458200000
20.6571200000
20.6680000000
20.6791500000
20.6904300000
20.7014900000
20.7126100000
20.7235900000
20.7346500000
20.7458600000
20.7572000000
20.7679700000
20.7792100000
20.7901800000
20.8012700000
20.8124300000
20.8236400000
20.8345900000
20.8457400000
20.8572800000
20.8679600000
20.8791800000
20.8903600000
20.9014200000
20.9124100000
20.9236400000
20.9346700000
20.9458000000
20.9569400000
20.9681400000
20.9790500000
20.9901600000
21.0012100000
21.0125200000
21.0235400000
21.0345600000
21.0460900000
21.0572500000
21.0678400000
21.0789800000
21.0900400000
21.1011200000
21.1122200000
21.1233300000
21.1346400000
21.1455500000
21.1572300000
21.1681100000
21.1788600000
21.1900400000
21.2011100000
21.2123400000
21.2232800000
21.2343700000
21.2455200000
21.2568900000
21.2680900000
21.2788400000
21.2900400000
21.3010400000
21.3122500000
21.3235500000
21.3343100000
21.3455300000
21.3572900000
21.3677000000
21.3789400000
21.3898700000
21.4010300000
21.4130200000
21.4232100000
21.4342900000
21.4454000000
21.4567900000
21.4677900000
21.4788400000
21.4900000000
21.5011000000
21.5120400000
21.5232400000
21.5343000000
21.5453500000
21.5567000000
21.5675700000
21.5789100000
21.5898000000
21.6012700000
21.6120100000
21.6233100000
21.6343300000
21.6453700000
21.6569600000
21.6676000000
21.6786300000
21.6897600000
21.7008600000
21.7121100000
21.7230800000
21.7341700000
21.7453700000
21.7572900000
21.7675000000
21.7786000000
21.7897800000
21.8008200000
21.8120200000
21.8232400000
21.8342800000
21.8454900000
21.8565300000
21.8675700000
21.8785700000
21.8896900000
21.9007100000
21.9118900000
21.9229500000
21.9341900000
21.9452700000
21.9563500000
21.9679400000
21.9784800000
21.9897200000
22.0006900000
22.0118700000
22.0229100000
22.0341300000
22.0453000000
22.0562600000
22.0678200000
22.0785100000
22.0898500000
22.1007900000
22.1117400000
22.1228800000
22.1341300000
22.1450800000
22.1565100000
22.1678900000
22.1784000000
22.1896400000
22.2006200000
22.2117100000
22.2231100000
22.2343700000
22.2450400000
22.2563700000
22.2673700000
22.2783600000
22.2895300000
22.3005000000
22.3116400000
22.3227600000
22.3340100000
22.3449700000
22.3561200000
22.3674800000
22.3783000000
22.3894500000
22.4005600000
22.4116900000
22.4227300000
22.4338000000
22.4450000000
22.4562100000
22.4672200000
22.4784100000
22.4893600000
22.5004300000
22.5117900000
22.5277000000
22.5378900000
22.5480200000
22.5577600000
22.5683600000
22.5776900000
22.5878000000
22.5977400000
22.6076800000
22.6176200000
22.6287100000
22.6400300000
22.6509200000
22.6620300000
22.6730800000
22.6842800000
22.6955800000
22.7064600000
22.7175700000
22.7288300000
22.7398000000
22.7512100000
22.7619900000
22.7730200000
22.7841500000
22.7953100000
22.8065400000
22.8175800000
22.8286400000
22.8397600000
22.8510000000
22.8619100000
22.8734200000
22.8842000000
22.8952800000
22.9063200000
22.9178200000
22.9290700000
22.9404300000
22.9519600000
22.9632800000
22.9745400000
22.9858300000
22.9971500000
23.0085300000
23.0200300000
23.0311900000
23.0426100000
23.0539000000
23.0652600000
23.0765700000
23.0879300000
23.0993800000
23.1106700000
23.1220900000
23.1331700000
23.1445500000
23.1557500000
23.1668700000
23.1779500000
23.1891200000
23.2002300000
23.2112400000
23.2225000000
23.2338900000
23.2444800000
23.2556000000
23.2667900000
23.2779200000
23.2889300000
23.3000300000
23.3111600000
23.3222600000
23.3335900000
23.3444600000
23.3556700000
23.3666600000
23.3779700000
23.3889200000
23.4000100000
23.4110800000
23.4222700000
23.4333200000
23.4446000000
23.4555500000
23.4666600000
23.4777100000
23.4888600000
23.4999200000
23.5111800000
23.5221100000
23.5332700000
23.5444700000
23.5555700000
23.5666200000
23.5777100000
23.5888000000
23.5999700000
23.6109700000
23.6220900000
23.6332000000
23.6443600000
23.6554100000
23.6668800000
23.6777600000
23.6888100000
23.6998600000
23.7110400000
23.7221100000
23.7331300000
23.7442900000
23.7553300000
23.7680000000
23.7779200000
23.7886700000
23.7998800000
23.8109800000
23.8220900000
23.8331100000
23.8444200000
23.8553000000
23.8664900000
23.8777500000
23.8886300000
23.9000100000
23.9109000000
23.9219900000
23.9330600000
23.9442100000
23.9554200000
23.9667400000
23.9776000000
23.9888300000
23.9997700000
24.0108300000
24.0219000000
24.0330100000
24.0442100000
24.0552200000
24.0663500000
24.0774700000
24.0887500000
24.0998400000
24.1107700000
24.1221900000
24.1330200000
24.1441200000
24.1552100000
24.1664900000
24.1774800000
24.1884900000
24.1996700000
24.2108500000
24.2217800000
24.2329000000
24.2439900000
24.2551100000
24.2663600000
24.2773700000
24.2885500000
24.2995800000
24.3106900000
24.3219500000
24.3328400000
24.3439600000
24.3550700000
24.3661600000
24.3777200000
24.3883900000
24.3995200000
24.4105900000
24.4217700000
24.4329500000
24.4441800000
24.4550200000
24.4661800000
24.4772500000
24.4883500000
24.4994500000
24.5105400000
24.5216100000
24.5330100000
24.5440000000
24.5549400000
24.5662100000
24.5773500000
24.5882900000
24.5995200000
24.6106300000
24.6215900000
24.6330900000
24.6439000000
24.6551000000
24.6662700000
24.6772200000
24.6882600000
24.6993800000
24.7104400000
24.7215400000
24.7327100000
24.7440200000
24.7549600000
24.7661200000
24.7771900000
24.7882300000
24.7992500000
24.8105000000
24.8216400000
24.8326200000
24.8438400000
24.8548200000
24.8659800000
24.8772700000
24.8882200000
24.8991900000
24.9104200000
24.9214400000
24.9326300000
24.9437800000
24.9547400000
24.9659000000
24.9769900000
24.9882600000
24.9992600000
25.0102900000
25.0214100000
25.0325400000
25.0436900000
25.0547100000
25.0658900000
25.0769400000
25.0882800000
25.0995000000
25.1102900000
25.1213500000
25.1324300000
25.1435500000
25.1547800000
25.1657900000
25.1769300000
25.1879800000
25.1990700000
25.2103400000
25.2214100000
25.2324400000
25.2435000000
25.2548400000
25.2658600000
25.2768800000
25.2879500000
25.2990900000
25.3101400000
25.3214000000
25.3324200000
25.3434600000
25.3546400000
25.3659600000
25.3769200000
25.3878800000
25.3990600000
25.4101300000
25.4212500000
25.4324400000
25.4434200000
25.4545100000
25.4656400000
25.4767500000
25.4879200000
25.4990500000
25.5100300000
25.5211300000
25.5324300000
25.5435300000
25.5544400000
25.5655600000
25.5768700000
25.5877300000
25.5990200000
25.6100000000
25.6211600000
25.6322200000
25.6433300000
25.6545500000
25.6657000000
25.6766400000
25.6878900000
25.6989600000
25.7100600000
25.7210500000
25.7322200000
25.7433300000
25.7543500000
25.7657000000
25.7766200000
25.7876800000
25.7988000000
25.8099300000
25.8210500000
25.8322600000
25.8433800000
25.8549700000
25.8654700000
25.8767100000
25.8877000000
25.8987400000
25.9098700000
25.9210800000
25.9321500000
25.9432000000
25.9542800000
25.9656400000
25.9765900000
25.9877700000
25.9987900000
26.0098100000
26.0208700000
26.0321500000
26.0432500000
26.0542300000
26.0655200000
26.0764000000
26.0875200000
26.0987800000
26.1097800000
26.1208800000
26.1320200000
26.1431600000
26.1543900000
26.1656100000
26.1764200000
26.1875000000
26.1985900000
26.2098700000
26.2208100000
26.2319500000
26.2430300000
26.2541900000
26.2653900000
26.2763400000
26.2874600000
26.2985800000
26.3099500000
26.3209400000
26.3318500000
26.3430500000
26.3540600000
26.3654300000
26.3770400000
26.3874000000
26.3984900000
26.4095700000
26.4207300000
26.4319900000
26.4429500000
26.4540000000
26.4655700000
26.4762300000
26.4873700000
26.4985100000
26.5095900000
26.5206700000
26.5317500000
26.5430000000
26.5539700000
26.5653500000
26.5761900000
26.5877700000
26.5984100000
26.6095100000
26.6208700000
26.6316700000
26.6428700000
26.6540600000
26.6652900000
26.6761500000
26.6873900000
26.6984000000
26.7094900000
26.7207300000
26.7318300000
26.7435300000
26.7538500000
26.7653000000
26.7762900000
26.7872000000
26.7983800000
26.8094900000
26.8205300000
26.8316200000
26.8427400000
26.8540300000
26.8649100000
26.8763400000
26.8874400000
26.8983600000
26.9093900000
26.9204500000
26.9318500000
26.9428900000
26.9537600000
26.9650200000
26.9760000000
26.9873200000
26.9981900000
27.0092900000
27.0205200000
27.0315000000
27.0426700000
27.0538000000
27.0647900000
27.0759900000
27.0871600000
27.0984800000
27.1092800000
27.1206800000
27.1314500000
27.1426100000
27.1537400000
27.1650400000
27.1759500000
27.1869900000
27.1987300000
27.2093600000
27.2203300000
27.2315600000
27.2427800000
27.2535600000
27.2647600000
27.2759400000
27.2869800000
27.2981300000
27.3091900000
27.3204900000
27.3313400000
27.3424300000
27.3536900000
27.3647300000
27.3758100000
27.3868700000
27.3981200000
27.4091300000
27.4203400000
27.4315800000
27.4425000000
27.4535800000
27.4647300000
27.4758100000
27.4869600000
27.4979200000
27.5091700000
27.5201900000
27.5313100000
27.5425100000
27.5535700000
27.5646100000
27.5756900000
27.5868100000
27.5979400000
27.6090800000
27.6201100000
27.6312900000
27.6422900000
27.6535600000
27.6646500000
27.6757700000
27.6868900000
27.6980500000
27.7091500000
27.7201300000
27.7314900000
27.7424600000
27.7534100000
27.7648800000
27.7760400000
27.7867500000
27.7979000000
27.8089100000
27.8201500000
27.8312000000
27.8424500000
27.8533600000
27.8646700000
27.8757800000
27.8866700000
27.8980200000
27.9088900000
27.9199900000
27.9311400000
27.9422000000
27.9532800000
27.9645600000
27.9755900000
27.9868500000
27.9977300000
28.0088000000
28.0201200000
28.0310000000
28.0422300000
28.0532800000
28.0643300000
28.0754800000
28.0865500000
28.0978700000
28.1088400000
28.1201200000
28.1309700000
28.1420700000
28.1532400000
28.1643800000
28.1755700000
28.1869200000
28.1976700000
28.2089600000
28.2198100000
28.2309300000
28.2420600000
28.2530900000
28.2643100000
28.2753500000
28.2864500000
28.2975400000
28.3089200000
28.3199200000
28.3310000000
28.3421800000
28.3531300000
28.3643000000
28.3753700000
28.3863800000
28.3975500000
28.4086000000
28.4197200000
28.4310000000
28.4420100000
28.4530900000
28.4643700000
28.4756000000
28.4864600000
28.4974400000
28.5085700000
28.5200400000
28.5308400000
28.5421300000
28.5530500000
28.5641400000
28.5751600000
28.5863600000
28.5982400000
28.6086400000
28.6196100000
28.6308300000
28.6421800000
28.6531000000
28.6641000000
28.6751700000
28.6866700000
28.6973700000
28.7084500000
28.7195600000
28.7307000000
28.7424000000
28.7528500000
28.7643400000
28.7751300000
28.7862800000
28.7975000000
28.8085500000
28.8196100000
28.8306800000
28.8417300000
28.8530900000
28.8642900000
28.8754500000
28.8861200000
28.8973300000
28.9084000000
28.9196700000
28.9306900000
28.9417700000
28.9530300000
28.9639400000
28.9751200000
28.9863700000
28.9972600000
29.0082900000
29.0196300000
29.0307200000
29.0416000000
29.0527600000
29.0639200000
29.0749600000
29.0862400000
29.0974200000
29.1084200000
29.1193500000
29.1304600000
29.1415800000
29.1526700000
29.1638400000
29.1749600000
29.1862700000
29.1971700000
29.2084300000
29.2194000000
29.2304000000
29.2415300000
29.2526100000
29.2639300000
29.2749200000
29.2861400000
29.2971300000
29.3081900000
29.3194200000
29.3304500000
29.3414200000
29.3526500000
29.3636900000
29.3749400000
29.3859000000
29.3970500000
29.4081300000
29.4193000000
29.4304400000
29.4414400000
29.4524900000
29.4636700000
29.4749700000
29.4859200000
29.4970100000
29.5080900000
29.5191300000
29.5303300000
29.5415600000
29.5524800000
29.5637000000
29.5750800000
29.5858600000
29.5969800000
29.6080000000
29.6191600000
29.6302000000
29.6412900000
29.6526200000
29.6636100000
29.6749300000
29.6857600000
29.6969900000
29.7080600000
29.7192400000
29.7304200000
29.7413800000
29.7524300000
29.7637500000
29.7749900000
29.7856400000
29.7968900000
29.8079400000
29.8193700000
29.8302300000
29.8412800000
29.8525400000
29.8635000000
29.8751100000
29.8857400000
29.8967800000
29.9079800000
29.9189200000
29.9301500000
29.9412100000
29.9523200000
29.9633600000
29.9746600000
29.9858500000
29.9969500000
30.0077900000
30.0189200000
30.0300200000
30.0413200000
30.0522600000
30.0633800000
30.0746200000
30.0857700000
30.0967600000
30.1077200000
30.1189200000
30.1301900000
30.1412400000
30.1522500000
30.1635100000
30.1753600000
30.1856000000
30.1967400000
30.2079800000
30.2191600000
30.2301800000
30.2410100000
30.2522900000
30.2633000000
30.2745600000
30.2854500000
30.2965200000
30.3076600000
30.3189100000
30.3298400000
30.3410500000
30.3521700000
30.3634900000
30.3747900000
30.3854400000
30.3965200000
30.4078700000
30.4188900000
30.4299900000
30.4409200000
30.4525400000
30.4631700000
30.4743600000
30.4853600000
30.4968000000
30.5076600000
30.5188400000
30.5297900000
30.5413200000
30.5520000000
30.5631300000
30.5742300000
30.5855300000
30.5966000000
30.6077100000
30.6186500000
30.6300200000
30.6408300000
30.6521500000
30.6632400000
30.6742000000
30.6852400000
30.6965200000
30.7075200000
30.7186400000
30.7299100000
30.7407700000
30.7521100000
30.7632200000
30.7741300000
30.7852200000
30.7964200000
30.8076700000
30.8187000000
30.8298000000
30.8407200000
30.8519000000
30.8630100000
30.8742800000
30.8851300000
30.8962100000
30.9075200000
30.9184400000
30.9295800000
30.9406600000
30.9518100000
30.9629600000
30.9741500000
30.9852600000
30.9962700000
31.0073100000
31.0188500000
31.0294900000
31.0407900000
31.0517700000
31.0628400000
31.0739800000
31.0852100000
31.0963000000
31.1073500000
31.1183900000
31.1295800000
31.1406100000
31.1517100000
31.1629000000
31.1741000000
31.1854900000
31.1961300000
31.2074400000
31.2184900000
31.2295200000
31.2406000000
31.2517100000
31.2627500000
31.2738600000
31.2851400000
31.2964200000
31.3072100000
31.3185000000
31.3293800000
31.3404700000
31.3515900000
31.3627000000
31.3738300000
31.3850400000
31.3960000000
31.4071100000
31.4188600000
31.4294700000
31.4405300000
31.4515900000
31.4626100000
31.4737700000
31.4849900000
31.4959400000
31.5071300000
31.5182600000
31.5292100000
31.5405500000
31.5516300000
31.5625400000
31.5737400000
31.5847900000
31.5961100000
31.6072000000
31.6181100000
31.6292900000
31.6403200000
31.6516600000
31.6625100000
31.6738700000
31.6847500000
31.6959000000
31.7069500000
31.7183200000
31.7291900000
31.7402400000
31.7515200000
31.7626400000
31.7735700000
31.7848500000
31.7959600000
31.8069400000
31.8181400000
31.8291500000
31.8402700000
31.8513400000
31.8624800000
31.8737000000
31.8853800000
31.8957500000
31.9069600000
31.9179300000
31.9290600000
31.9401500000
31.9513300000
31.9624500000
31.9735000000
31.9847500000
31.9957000000
32.0068400000
32.0178800000
32.0290400000
32.0403200000
32.0512200000
32.0624300000
32.0735000000
32.0845900000
32.0962000000
32.1069900000
32.1178600000
32.1291300000
32.1400500000
32.1511800000
32.1623300000
32.1734200000
32.1846800000
32.1956100000
32.2070500000
32.2179600000
32.2290600000
32.2400900000
32.2513700000
32.2623500000
32.2733800000
32.2845600000
32.2956600000
32.3066900000
32.3182400000
32.3288600000
32.3400600000
32.3511400000
32.3621700000
32.3735400000
32.3847700000
32.3955600000
32.4066700000
32.4178800000
32.4289500000
32.4401300000
32.4511100000
32.4622800000
32.4734100000
32.4845500000
32.4954700000
32.5066300000
32.5177200000
32.5288700000
32.5401500000
32.5509600000
32.5622100000
32.5733400000
32.5843200000
32.5954300000
32.6064800000
32.6176100000
32.6287200000
32.6399100000
32.6511800000
32.6620200000
32.6731100000
32.6845700000
32.6954300000
32.7065600000
32.7176400000
32.7287600000
32.7398900000
32.7509400000
32.7622100000
32.7731000000
32.7842300000
32.7953700000
32.8064200000
32.8178300000
32.8287300000
32.8398700000
32.8508600000
32.8620800000
32.8732700000
32.8842000000
32.8952900000
32.9063600000
32.9174800000
32.9286900000
32.9398500000
32.9508500000
32.9618900000
32.9731700000
32.9842800000
32.9954400000
33.0063400000
33.0176100000
33.0285400000
33.0397100000
33.0509300000
33.0618300000
33.0730100000
33.0840700000
33.0953700000
33.1063900000
33.1174200000
33.1285100000
33.1396000000
33.1509200000
33.1618400000
33.1728900000
33.1841300000
33.1953300000
33.2063200000
33.2173200000
33.2284100000
33.2395800000
33.2506200000
33.2620100000
33.2728700000
33.2840300000
33.2951200000
33.3063300000
33.3175900000
33.3283700000
33.3394900000
33.3505400000
33.3618200000
33.3729700000
33.3838900000
33.3950300000
33.4063600000
33.4174400000
33.4295200000
33.4395700000
33.4510900000
33.4621300000
33.4729300000
33.4841300000
33.4950800000
33.5062500000
33.5172800000
33.5286000000
33.5395700000
33.5504800000
33.5615800000
33.5726900000
33.5839100000
33.5949700000
33.6060300000
33.6174500000
33.6282300000
33.6393200000
33.6506700000
33.6615300000
33.6726000000
33.6837600000
33.6948600000
33.7060700000
33.7171400000
33.7282200000
33.7394800000
33.7504200000
33.7617300000
33.7726900000
33.7837200000
33.7949600000
33.8064500000
33.8171800000
33.8281900000
33.8392500000
33.8504300000
33.8614200000
33.8727100000
33.8836300000
33.8947700000
33.9059500000
33.9169700000
33.9282600000
33.9391500000
33.9507400000
33.9614400000
33.9725200000
33.9837500000
33.9947600000
34.0058400000
34.0169300000
34.0280300000
34.0391500000
34.0502200000
34.0613600000
34.0725100000
34.0836700000
34.0949200000
34.1058000000
34.1168700000
34.1279400000
34.1391300000
34.1505400000
34.1614000000
34.1723700000
34.1836900000
34.1946300000
34.2059400000
34.2168800000
34.2280100000
34.2391400000
34.2501800000
34.2614500000
34.2723900000
34.2841900000
34.2946700000
34.3056700000
34.3169500000
34.3278700000
34.3400900000
34.3503100000
34.3611800000
34.3723900000
34.3837900000
34.3945800000
34.4056500000
34.4170200000
34.4279400000
34.4390000000
34.4501900000
34.4613300000
34.4722700000
34.4835800000
34.4944700000
34.5055500000
34.5166900000
34.5277700000
34.5391100000
34.5501700000
34.5611600000
34.5721900000
34.5837700000
34.5945100000
34.6056600000
34.6166100000
34.6277300000
34.6389600000
34.6501400000
34.6610200000
34.6721300000
34.6835600000
34.6943700000
34.7057400000
34.7165600000
34.7277000000
34.7387900000
34.7505500000
34.7610100000
34.7720700000
34.7835800000
34.7943600000
34.8054000000
34.8166000000
34.8276500000
34.8387800000
34.8500100000
34.8613400000
34.8721500000
34.8835200000
34.8943100000
34.9054900000
34.9165000000
34.9276400000
34.9389200000
34.9498700000
34.9608500000
34.9721000000
34.9834700000
34.9942100000
35.0053100000
35.0167500000
35.0276500000
35.0386900000
35.0499200000
35.0608900000
35.0719200000
35.0834400000
35.0942500000
35.1052800000
35.1163700000
35.1274900000
35.1385600000
35.1496900000
35.1608500000
35.1719900000
35.1835200000
35.1941000000
35.2052600000
35.2163000000
35.2274300000
35.2386400000
35.2497100000
35.2607100000
35.2718500000
35.2831900000
35.2943500000
35.3052400000
35.3163100000
35.3275500000
35.3384700000
35.3496300000
35.3606900000
35.3717900000
35.3831100000
35.3940100000
35.4052400000
35.4162700000
35.4273300000
35.4387400000
35.4495500000
35.4606300000
35.4718800000
35.4832000000
35.4939600000
35.5050800000
35.5171400000
35.5273000000
35.5384300000
35.5494500000
35.5605400000
35.5716700000
35.5832300000
35.5940200000
35.6050500000
35.6162900000
35.6275400000
35.6383900000
35.6495000000
35.6605100000
35.6722200000
35.6829500000
35.6938700000
35.7050400000
35.7161900000
35.7271700000
35.7384100000
35.7493700000
35.7604800000
35.7715700000
35.7833500000
35.7939000000
35.8049700000
35.8160900000
35.8271400000
35.8382500000
35.8495200000
35.8604200000
35.8716000000
35.8828100000
35.8937500000
35.9048800000
35.9159400000
35.9271400000
35.9381600000
35.9493700000
35.9605800000
35.9714800000
35.9828300000
35.9937400000
36.0048900000
36.0160100000
36.0269500000
36.0381900000
36.0491800000
36.0603800000
36.0715600000
36.0835400000
36.0937100000
36.1049100000
36.1159800000
36.1269800000
36.1381100000
36.1492000000
36.1603700000
36.1715000000
36.1828800000
36.1936300000
36.2047700000
36.2158000000
36.2269900000
36.2380400000
36.2491000000
36.2603600000
36.2713500000
36.2826400000
36.2937900000
36.3046900000
36.3158000000
36.3270200000
36.3381300000
36.3490400000
36.3601600000
36.3714400000
36.3825500000
36.3935400000
36.4047800000
36.4158300000
36.4268000000
36.4379300000
36.4492300000
36.4602700000
36.4714700000
36.4828300000
36.4937100000
36.5047500000
36.5158800000
36.5270500000
36.5380000000
36.5490100000
36.5601200000
36.5713700000
36.5824900000
36.5934600000
36.6045300000
36.6156900000
36.6268900000
36.6378400000
36.6491700000
36.6600200000
36.6712200000
36.6828900000
36.6933800000
36.7046100000
36.7156100000
36.7268000000
36.7379800000
36.7489300000
36.7600000000
36.7711100000
36.7823000000
36.7933600000
36.8044100000
36.8155900000
36.8266600000
36.8377900000
36.8491700000
36.8599700000
36.8710600000
36.8824700000
36.8932600000
36.9043600000
36.9154700000
36.9265900000
36.9376400000
36.9488000000
36.9600200000
36.9714100000
36.9821100000
36.9932200000
37.0044900000
37.0154900000
37.0267100000
37.0377600000
37.0487100000
37.0598800000
37.0711200000
37.0820000000
37.0932000000
37.1043100000
37.1153900000
37.1265300000
37.1376100000
37.1487200000
37.1598100000
37.1709300000
37.1821500000
37.1931800000
37.2042500000
37.2153700000
37.2264400000
37.2375100000
37.2487300000
37.2598100000
37.2708200000
37.2820400000
37.2931900000
37.3042300000
37.3153000000
37.3263300000
37.3375500000
37.3488300000
37.3597800000
37.3708600000
37.3819500000
37.3930200000
37.4043600000
37.4152100000
37.4263600000
37.4380300000
37.4485200000
37.4598100000
37.4707200000
37.4819000000
37.4930800000
37.5041500000
37.5153300000
37.5262600000
37.5374600000
37.5484500000
37.5595600000
37.5706600000
37.5818000000
37.5929600000
37.6040000000
37.6151800000
37.6263400000
37.6373100000
37.6485100000
37.6596900000
37.6706100000
37.6819100000
37.6931100000
37.7040900000
37.7154900000
37.7262700000
37.7374800000
37.7487800000
37.7597500000
37.7706300000
37.7820200000
37.7928700000
37.8040100000
37.8152800000
37.8263100000
37.8373300000
37.8485600000
37.8594900000
37.8706400000
37.8817600000
37.8928600000
37.9039100000
37.9150900000
37.9261500000
37.9380700000
37.9483800000
37.9595800000
37.9712200000
37.9815900000
37.9927500000
38.0038300000
38.0149900000
38.0260200000
38.0372100000
38.0484700000
38.0593900000
38.0706400000
38.0817000000
38.0927800000
38.1038000000
38.1148900000
38.1261400000
38.1370900000
38.1482400000
38.1593600000
38.1704700000
38.1816800000
38.1926400000
38.2037300000
38.2149500000
38.2258900000
38.2369800000
38.2481300000
38.2592600000
38.2704100000
38.2816100000
38.2927100000
38.3037500000
38.3150700000
38.3259600000
38.3370500000
38.3480500000
38.3592200000
38.3704200000
38.3814800000
38.3925100000
38.4038000000
38.4147400000
38.4258000000
38.4370300000
38.4480700000
38.4591300000
38.4704900000
38.4814200000
38.4924900000
38.5035900000
38.5147600000
38.5257400000
38.5369500000
38.5479800000
38.5590800000
38.5702100000
38.5814200000
38.5925300000
38.6035000000
38.6149300000
38.6260700000
38.6368600000
38.6480100000
38.6590700000
38.6701900000
38.6813500000
38.6923900000
38.7037400000
38.7146200000
38.7256500000
38.7368900000
38.7480900000
38.7590400000
38.7700500000
38.7813700000
38.7923500000
38.8034700000
38.8146800000
38.8256400000
38.8367800000
38.8479900000
38.8589700000
38.8701500000
38.8814900000
38.8923000000
38.9034700000
38.9144600000
38.9256500000
38.9366700000
38.9477700000
38.9590600000
38.9701700000
38.9812600000
38.9922600000
39.0033700000
39.0144900000
39.0254900000
39.0368600000
39.0480200000
39.0589400000
39.0700700000
39.0811000000
39.0923000000
39.1033900000
39.1144400000
39.1255100000
39.1365800000
39.1477300000
39.1588100000
39.1699400000
39.1813200000
39.1921200000
39.2032700000
39.2145700000
39.2254100000
39.2366300000
39.2475800000
39.2587600000
39.2699000000
39.2810400000
39.2921700000
39.3031800000
39.3142500000
39.3253800000
39.3366000000
39.3477400000
39.3586700000
39.3699300000
39.3809500000
39.3921700000
39.4033100000
39.4142200000
39.4254300000
39.4363900000
39.4478100000
39.4586600000
39.4698800000
39.4808700000
39.4920100000
39.5031100000
39.5143600000
39.5256800000
39.5363900000
39.5484800000
39.5586500000
39.5696400000
39.5808400000
39.5920000000
39.6030400000
39.6141400000
39.6254100000
39.6363500000
39.6479900000
39.6585900000
39.6696500000
39.6808800000
39.6919100000
39.7031800000
39.7140700000
39.7251700000
39.7364100000
39.7474900000
39.7585500000
39.7697400000
39.7809000000
39.7919200000
39.8030500000
39.8140600000
39.8251600000
39.8363300000
39.8482600000
39.8585100000
39.8695500000
39.8807200000
39.8921400000
39.9029500000
39.9142100000
39.9250800000
39.9363100000
39.9473500000
39.9585600000
39.9694900000
39.9806100000
39.9920400000
40.0028100000
40.0140900000
40.0250500000
40.0362000000
40.0473100000
40.0583100000
40.0696400000
40.0806200000
40.0919000000
40.1027600000
40.1140500000
40.1249900000
40.1361500000
40.1474000000
40.1583400000
40.1694600000
40.1806500000
40.1918100000
40.2027200000
40.2137900000
40.2250100000
40.2360200000
40.2473400000
40.2582900000
40.2694000000
40.2804500000
40.2920300000
40.3029400000
40.3137700000
40.3250200000
40.3359600000
40.3481100000
40.3582300000
40.3692800000
40.3803800000
40.3917900000
40.4027900000
40.4137200000
40.4251700000
40.4359700000
40.4471000000
40.4584300000
40.4692200000
40.4804000000
40.4919100000
40.5025400000
40.5142300000
40.5250400000
40.5359000000
40.5470500000
40.5583200000
40.5692100000
40.5808800000
40.5915600000
40.6024900000
40.6138600000
40.6251000000
40.6358600000
40.6470000000
40.6582100000
40.6692600000
40.6802700000
40.6916600000
40.7024800000
40.7136300000
40.7247700000
40.7359600000
40.7470700000
40.7580000000
40.7691900000
40.7803000000
40.7914700000
40.8024400000
40.8135500000
40.8248400000
40.8358400000
40.8470600000
40.8580000000
40.8691200000
40.8803200000
40.8914600000
40.9024100000
40.9135200000
40.9248500000
40.9356500000
40.9468000000
40.9580900000
40.9690500000
40.9805300000
40.9911800000
41.0023500000
41.0134500000
41.0245700000
41.0356400000
41.0467800000
41.0578300000
41.0690500000
41.0801200000
41.0912100000
41.1023400000
41.1134300000
41.1245300000
41.1356100000
41.1468000000
41.1579500000
41.1688800000
41.1803600000
41.1911000000
41.2023700000
41.2133300000
41.2246100000
41.2356000000
41.2466900000
41.2580600000
41.2688900000
41.2799700000
41.2912900000
41.3022300000
41.3134300000
41.3243800000
41.3354500000
41.3466400000
41.3577300000
41.3688600000
41.3799000000
41.3913100000
41.4022400000
41.4133000000
41.4243900000
41.4354400000
41.4467000000
41.4577700000
41.4688000000
41.4800000000
41.4909300000
41.5022900000
41.5133900000
41.5243000000
41.5354500000
41.5465900000
41.5576100000
41.5687900000
41.5798300000
41.5909400000
41.6021600000
41.6131100000
41.6243600000
41.6353000000
41.6465100000
41.6575600000
41.6686400000
41.6797700000
41.6908400000
41.7020700000
41.7132100000
41.7241900000
41.7353900000
41.7465700000
41.7575300000
41.7687300000
41.7797100000
41.7907800000
41.8018700000
41.8136100000
41.8241700000
41.8352400000
41.8464700000
41.8577000000
41.8685600000
41.8798300000
41.8907500000
41.9020200000
41.9130200000
41.9241900000
41.9352800000
41.9463400000
41.9576100000
41.9685700000
41.9797400000
41.9909300000
42.0018900000
42.0130200000
42.0240600000
42.0352700000
42.0462900000
42.0574000000
42.0685800000
42.0795800000
42.0907500000
42.1021000000
42.1129800000
42.1240400000
42.1350800000
42.1464600000
42.1573300000
42.1685400000
42.1796400000
42.1907800000
42.2018100000
42.2128300000
42.2239000000
42.2350400000
42.2461900000
42.2572600000
42.2683400000
42.2795400000
42.2910100000
42.3016600000
42.3127600000
42.3239800000
42.3351400000
42.3461300000
42.3571900000
42.3682900000
42.3795700000
42.3905300000
42.4019500000
42.4127700000
42.4238300000
42.4350700000
42.4460600000
42.4571600000
42.4682700000
42.4795300000
42.4905700000
42.5015500000
42.5127900000
42.5237200000
42.5349800000
42.5462200000
42.5570900000
42.5681600000
42.5793800000
42.5906400000
42.6017000000
42.6126800000
42.6238700000
42.6350100000
42.6461000000
42.6579600000
42.6682600000
42.6792700000
42.6904700000
42.7015300000
42.7127200000
42.7237100000
42.7349700000
42.7459700000
42.7570300000
42.7681200000
42.7792300000
42.7904800000
42.8014500000
42.8126100000
42.8238600000
42.8347700000
42.8461100000
42.8570100000
42.8681400000
42.8792400000
42.8903900000
42.9013900000
42.9125700000
42.9236500000
42.9350500000
42.9459100000
42.9570700000
42.9679700000
42.9792400000
42.9902700000
43.0013000000
43.0125000000
43.0236100000
43.0346500000
43.0457700000
43.0569000000
43.0681800000
43.0791800000
43.0901800000
43.1013600000
43.1124200000
43.1236200000
43.1345900000
43.1458000000
43.1568600000
43.1678600000
43.1790900000
43.1902200000
43.2012100000
43.2123000000
43.2235700000
43.2345000000
43.2456800000
43.2569500000
43.2679100000
43.2789400000
43.2902100000
43.3011500000
43.3123700000
43.3235500000
43.3347700000
43.3455800000
43.3568200000
43.3682800000
43.3789800000
43.3901600000
43.4012500000
43.4124100000
43.4236000000
43.4345200000
43.4455500000
43.4566900000
43.4677700000
43.4789800000
43.4900300000
43.5010900000
43.5123800000
43.5234100000
43.5344400000
43.5455000000
43.5567400000
43.5678000000
43.5788000000
43.5898900000
43.6010200000
43.6121700000
43.6237500000
43.6344500000
43.6454400000
43.6565100000
43.6677800000
43.6787800000
43.6898700000
43.7011200000
43.7121700000
43.7233800000
43.7344100000
43.7456700000
43.7570500000
43.7675900000
43.7787100000
43.7899000000
43.8009500000
43.8121800000
43.8233600000
43.8347400000
43.8453500000
43.8564100000
43.8676900000
43.8787700000
43.8897900000
43.9008700000
43.9120700000
43.9231300000
43.9345400000
43.9454200000
43.9564600000
43.9674700000
43.9786500000
43.9898000000
44.0011300000
44.0120800000
44.0230100000
44.0342400000
44.0455100000
44.0563900000
44.0680100000
44.0787100000
44.0898000000
44.1010700000
44.1118900000
44.1231500000
44.1342500000
44.1452700000
44.1568000000
44.1674200000
44.1785100000
44.1897100000
44.2009300000
44.2119800000
44.2229200000
44.2340200000
44.2450800000
44.2562200000
44.2674600000
44.2787500000
44.2896300000
44.3010100000
44.3119400000
44.3228500000
44.3339500000
44.3452100000
44.3561900000
44.3673700000
44.3785400000
44.3895100000
44.4008300000
44.4117500000
44.4228300000
44.4339900000
44.4450500000
44.4561600000
44.4672300000
44.4784100000
44.4896400000
44.5010800000
44.5117100000
44.5230300000
44.5339100000
44.5451600000
44.5560800000
44.5672900000
44.5783000000
44.5894700000
44.6011300000
44.6116500000
44.6226800000
44.6339000000
44.6450600000
44.6563400000
44.6671100000
44.6782600000
44.6894600000
44.7005300000
44.7119700000
44.7226800000
44.7340400000
44.7449800000
44.7560200000
44.7671700000
44.7782400000
44.7892900000
44.8007100000
44.8119000000
44.8228600000
44.8337300000
44.8448300000
44.8559200000
44.8670400000
44.8782700000
44.8892800000
44.9004400000
44.9114600000
44.9227300000
44.9337600000
44.9447900000
44.9559000000
44.9672800000
44.9782500000
44.9893500000
45.0005100000
45.0114500000
45.0225100000
45.0336600000
45.0449300000
45.0558800000
45.0671300000
45.0780400000
45.0892400000
45.1002300000
45.1114200000
45.1225700000
45.1337700000
45.1447800000
45.1560000000
45.1669300000
45.1779900000
45.1890800000
45.2010500000
45.2113300000
45.2225600000
45.2335100000
45.2446300000
45.2557400000
45.2670800000
45.2780600000
45.2891200000
45.3001200000
45.3115300000
45.3223400000
45.3335300000
45.3445800000
45.3556600000
45.3669900000
45.3780200000
45.3890500000
45.4002100000
45.4112000000
45.4224200000
45.4335400000
45.4447700000
45.4556700000
45.4669100000
45.4779200000
45.4891200000
45.5001100000
45.5112800000
45.5223500000
45.5336000000
45.5445100000
45.5555500000
45.5667100000
45.5778000000
45.5892400000
45.6001300000
45.6112500000
45.6222200000
45.6333200000
45.6445400000
45.6555300000
45.6667700000
45.6777500000
45.6889400000
45.7001700000
45.7112900000
45.7222000000
45.7332700000
45.7446400000
45.7556000000
45.7665800000
45.7778500000
45.7888000000
45.7999000000
45.8112200000
45.8222800000
45.8334100000
45.8444000000
45.8556900000
45.8666300000
45.8776700000
45.8888800000
45.8999700000
45.9109800000
45.9224800000
45.9332500000
45.9442900000
45.9553700000
45.9665400000
45.9776900000
45.9889200000
45.9998200000
46.0109400000
46.0220300000
46.0333200000
46.0442200000
46.0556000000
46.0664800000
46.0775600000
46.0888100000
46.0998300000
46.1109500000
46.1219400000
46.1335600000
46.1442700000
46.1552700000
46.1666500000
46.1775800000
46.1886300000
46.1997500000
46.2109700000
46.2219200000
46.2330600000
46.2442800000
46.2553100000
46.2670400000
46.2774500000
46.2885900000
46.2996300000
46.3109300000
46.3224600000
46.3330000000
46.3442600000
46.3554000000
46.3663900000
46.3774400000
46.3886100000
46.3996100000
46.4107600000
46.4218800000
46.4330500000
46.4440400000
46.4554500000
46.4662300000
46.4773500000
46.4884400000
46.4996200000
46.5107000000
46.5219200000
46.5330400000
46.5440600000
46.5551300000
46.5663900000
46.5773400000
46.5884100000
46.5995100000
46.6106800000
46.6218300000
46.6329000000
46.6440400000
46.6550400000
46.6661300000
46.6780000000
46.6888500000
46.6995800000
46.7105600000
46.7216800000
46.7327700000
46.7438900000
46.7551800000
46.7660800000
46.7772800000
46.7884600000
46.7993900000
46.8106200000
46.8218800000
46.8327900000
46.8438200000
46.8549500000
46.8661800000
46.8778000000
46.8882300000
46.8994500000
46.9104700000
46.9216800000
46.9328600000
46.9438900000
46.9549500000
46.9660300000
46.9772200000
46.9884400000
46.9995900000
47.0105700000
47.0215100000
47.0326500000
47.0438000000
47.0548400000
47.0663600000
47.0771000000
47.0881900000
47.0993300000
47.1104900000
47.1217300000
47.1325600000
47.1438100000
47.1548300000
47.1659400000
47.1771500000
47.1882100000
47.1992800000
47.2103800000
47.2215000000
47.2326700000
47.2438500000
47.2548100000
47.2658500000
47.2770200000
47.2880900000
47.2993200000
47.3102800000
47.3214100000
47.3325300000
47.3437200000
47.3547700000
47.3660400000
47.3770600000
47.3880200000
47.3992000000
47.4102200000
47.4213900000
47.4324400000
47.4436100000
47.4549400000
47.4657700000
47.4770000000
47.4880100000
47.4990300000
47.5101600000
47.5215300000
47.5323600000
47.5435700000
47.5547400000
47.5659300000
47.5769300000
47.5881000000
47.5991200000
47.6102600000
47.6212300000
47.6325000000
47.6435100000
47.6545400000
47.6656700000
47.6769000000
47.6879500000
47.6990500000
47.7101400000
47.7213000000
47.7323800000
47.7438800000
47.7549100000
47.7658700000
47.7767800000
47.7880900000
47.7989300000
47.8102400000
47.8212400000
47.8324700000
47.8435200000
47.8545000000
47.8656700000
47.8767700000
47.8879700000
47.8989800000
47.9100400000
47.9213600000
47.9322200000
47.9433600000
47.9547700000
47.9654800000
47.9766800000
47.9878100000
47.9987900000
48.0104900000
48.0210600000
48.0321300000
48.0433300000
48.0544100000
48.0654500000
48.0770000000
48.0878000000
48.0987900000
48.1100200000
48.1212200000
48.1320900000
48.1432200000
48.1550000000
48.1655100000
48.1765100000
48.1876600000
48.1986800000
48.2098500000
48.2208800000
48.2326500000
48.2433000000
48.2542600000
48.2652900000
48.2764600000
48.2877600000
48.2986600000
48.3098000000
48.3210000000
48.3319300000
48.3432600000
48.3542700000
48.3653500000
48.3763900000
48.3878400000
48.3985700000
48.4098800000
48.4208600000
48.4319200000
48.4430500000
48.4544100000
48.4652300000
48.4764100000
48.4875800000
48.4985700000
48.5101400000
48.5207700000
48.5319200000
48.5431000000
48.5541600000
