3599.5690000000
3599.5790000000
3599.5910000000
3599.6020000000
3599.6130000000
3599.6240000000
3599.6350000000
3599.6460000000
3599.6570000000
3599.6680000000
3599.6790000000
3599.6900000000
3599.7010000000
3599.7130000000
3599.7240000000
3599.7350000000
3599.7460000000
3599.7570000000
3599.7680000000
3599.7790000000
3599.7900000000
3599.8020000000
3599.8130000000
3599.8230000000
3599.8350000000
3599.8460000000
3599.8570000000
3599.8680000000
3599.8800000000
3599.8900000000
3599.9010000000
3599.9130000000
3599.9240000000
3599.9350000000
3599.9460000000
3599.9570000000
3599.9680000000
3599.9790000000
3599.9900000000
3600.0010000000
3600.0130000000
3600.0240000000
3600.0350000000
3600.0460000000
3600.0570000000
3600.0680000000
3600.0790000000
3600.0900000000
3600.1020000000
3600.1120000000
3600.1230000000
3600.1350000000
3600.1460000000
3600.1570000000
3600.1680000000
3600.1790000000
3600.1900000000
3600.2010000000
3600.2120000000
3600.2230000000
3600.2350000000
3600.2460000000
3600.2570000000
3600.2680000000
3600.2790000000
3600.2900000000
3600.3010000000
3600.3130000000
3600.3230000000
3600.3340000000
3600.3460000000
3600.3570000000
3600.3680000000
3600.3790000000
3600.3900000000
3600.4010000000
3600.4120000000
3600.4230000000
3600.4350000000
3600.4460000000
3600.4570000000
3600.4680000000
3600.4790000000
3600.4900000000
3600.5010000000
3600.5130000000
3600.5230000000
3600.5340000000
3600.5460000000
3600.5570000000
3600.5680000000
3600.5790000000
3600.5900000000
3600.6010000000
3600.6120000000
3600.6230000000
3600.6340000000
3600.6460000000
3600.6570000000
3600.6680000000
3600.6790000000
3600.6900000000
3600.7010000000
3600.7120000000
3600.7230000000
3600.7340000000
3600.7460000000
3600.7570000000
3600.7680000000
3600.7790000000
3600.7900000000
3600.8010000000
3600.8120000000
3600.8230000000
3600.8340000000
3600.8450000000
3600.8560000000
3600.8680000000
3600.8790000000
3600.8900000000
3600.9010000000
3600.9120000000
3600.9230000000
3600.9340000000
3600.9450000000
3600.9560000000
3600.9680000000
3600.9790000000
3600.9900000000
3601.0010000000
3601.0120000000
3601.0230000000
3601.0340000000
3601.0450000000
3601.0560000000
3601.0680000000
3601.0790000000
3601.0900000000
3601.1010000000
3601.1120000000
3601.1230000000
3601.1340000000
3601.1450000000
3601.1560000000
3601.1670000000
3601.1790000000
3601.1890000000
3601.2010000000
3601.2120000000
3601.2230000000
3601.2340000000
3601.2450000000
3601.2560000000
3601.2670000000
3601.2790000000
3601.2900000000
3601.3010000000
3601.3120000000
3601.3230000000
3601.3340000000
3601.3450000000
3601.3560000000
3601.3680000000
3601.3780000000
3601.3890000000
3601.4010000000
3601.4120000000
3601.4230000000
3601.4340000000
3601.4450000000
3601.4560000000
3601.4680000000
3601.4780000000
3601.4900000000
3601.5000000000
3601.5120000000
3601.5230000000
3601.5340000000
3601.5450000000
3601.5560000000
3601.5670000000
3601.5780000000
3601.5900000000
3601.6010000000
3601.6120000000
3601.6230000000
3601.6340000000
3601.6450000000
3601.6560000000
3601.6670000000
3601.6780000000
3601.6890000000
3601.7010000000
3601.7120000000
3601.7230000000
3601.7340000000
3601.7450000000
3601.7560000000
3601.7670000000
3601.7780000000
3601.7890000000
3601.8010000000
3601.8120000000
3601.8230000000
3601.8340000000
3601.8450000000
3601.8560000000
3601.8670000000
3601.8780000000
3601.8890000000
3601.9000000000
3601.9110000000
3601.9230000000
3601.9340000000
3601.9450000000
3601.9560000000
3601.9670000000
3601.9780000000
3601.9890000000
3602.0000000000
3602.0110000000
3602.0220000000
3602.0340000000
3602.0450000000
3602.0560000000
3602.0670000000
3602.0780000000
3602.0890000000
3602.1000000000
3602.1120000000
3602.1220000000
3602.1340000000
3602.1450000000
3602.1560000000
3602.1670000000
3602.1780000000
3602.1900000000
3602.2000000000
3602.2120000000
3602.2230000000
3602.2330000000
3602.2450000000
3602.2560000000
3602.2670000000
3602.2780000000
3602.2890000000
3602.3000000000
3602.3110000000
3602.3230000000
3602.3340000000
3602.3440000000
3602.3560000000
3602.3670000000
3602.3780000000
3602.3890000000
3602.4000000000
3602.4110000000
3602.4220000000
3602.4340000000
3602.4450000000
3602.4560000000
3602.4670000000
3602.4780000000
3602.4890000000
3602.5000000000
3602.5110000000
3602.5220000000
3602.5330000000
3602.5440000000
3602.5560000000
3602.5670000000
3602.5780000000
3602.5890000000
3602.6000000000
3602.6110000000
3602.6220000000
3602.6340000000
3602.6450000000
3602.6560000000
3602.6670000000
3602.6780000000
3602.6890000000
3602.7000000000
3602.7110000000
3602.7220000000
3602.7330000000
3602.7440000000
3602.7560000000
3602.7670000000
3602.7780000000
3602.7890000000
3602.8000000000
3602.8110000000
3602.8220000000
3602.8330000000
3602.8440000000
3602.8560000000
3602.8660000000
3602.8780000000
3602.8890000000
3602.9000000000
3602.9110000000
3602.9220000000
3602.9330000000
3602.9450000000
3602.9560000000
3602.9670000000
3602.9780000000
3602.9890000000
3603.0000000000
3603.0110000000
3603.0220000000
3603.0330000000
3603.0440000000
3603.0550000000
3603.0660000000
3603.0770000000
3603.0890000000
3603.1000000000
3603.1110000000
3603.1220000000
3603.1330000000
3603.1440000000
3603.1550000000
3603.1670000000
3603.1770000000
3603.1880000000
3603.2000000000
3603.2110000000
3603.2220000000
3603.2330000000
3603.2440000000
3603.2550000000
3603.2660000000
3603.2780000000
3603.2890000000
3603.3000000000
3603.3110000000
3603.3220000000
3603.3330000000
3603.3440000000
3603.3550000000
3603.3660000000
3603.3770000000
3603.3880000000
3603.4000000000
3603.4110000000
3603.4220000000
3603.4330000000
3603.4440000000
3603.4550000000
3603.4660000000
3603.4780000000
3603.4890000000
3603.5000000000
3603.5110000000
3603.5220000000
3603.5330000000
3603.5440000000
3603.5550000000
3603.5660000000
3603.5770000000
3603.5880000000
3603.6000000000
3603.6110000000
3603.6220000000
3603.6330000000
3603.6440000000
3603.6550000000
3603.6660000000
3603.6770000000
3603.6880000000
3603.6990000000
3603.7100000000
3603.7220000000
3603.7330000000
3603.7440000000
3603.7550000000
3603.7660000000
3603.7770000000
3603.7890000000
3603.7990000000
3603.8110000000
3603.8220000000
3603.8330000000
3603.8440000000
3603.8550000000
3603.8660000000
3603.8770000000
3603.8880000000
3603.8990000000
3603.9100000000
3603.9220000000
3603.9330000000
3603.9440000000
3603.9550000000
3603.9660000000
3603.9770000000
3603.9880000000
3603.9990000000
3604.0100000000
3604.0210000000
3604.0330000000
3604.0440000000
3604.0550000000
3604.0660000000
3604.0770000000
3604.0880000000
3604.0990000000
3604.1110000000
3604.1210000000
3604.1330000000
3604.1440000000
3604.1550000000
3604.1660000000
3604.1770000000
3604.1880000000
3604.1990000000
3604.2100000000
3604.2210000000
3604.2320000000
3604.2440000000
3604.2550000000
3604.2660000000
3604.2770000000
3604.2880000000
3604.2990000000
3604.3100000000
3604.3220000000
3604.3330000000
3604.3440000000
3604.3550000000
3604.3660000000
3604.3770000000
3604.3880000000
3604.3990000000
3604.4100000000
3604.4220000000
3604.4320000000
3604.4440000000
3604.4550000000
3604.4660000000
3604.4770000000
3604.4880000000
3604.4990000000
3604.5110000000
3604.5210000000
3604.5320000000
3604.5440000000
3604.5550000000
3604.5660000000
3604.5770000000
3604.5880000000
3604.5990000000
3604.6100000000
3604.6210000000
3604.6320000000
3604.6440000000
3604.6550000000
3604.6660000000
3604.6770000000
3604.6880000000
3604.6990000000
3604.7100000000
3604.7210000000
3604.7320000000
3604.7430000000
3604.7550000000
3604.7660000000
3604.7770000000
3604.7880000000
3604.7990000000
3604.8100000000
3604.8210000000
3604.8330000000
3604.8440000000
3604.8550000000
3604.8650000000
3604.8770000000
3604.8880000000
3604.8990000000
3604.9100000000
3604.9210000000
3604.9330000000
3604.9440000000
3604.9550000000
3604.9690000000
3604.9790000000
3604.9890000000
3604.9990000000
3605.0090000000
3605.0210000000
3605.0310000000
3605.0430000000
3605.0550000000
3605.0650000000
3605.0760000000
3605.0870000000
3605.1030000000
3605.1130000000
3605.1220000000
3605.1320000000
3605.1420000000
3605.1520000000
3605.1630000000
3605.1740000000
3605.1860000000
3605.2010000000
3605.2150000000
3605.2290000000
3605.2440000000
3605.2540000000
3605.2630000000
3605.2730000000
3605.2830000000
3605.2940000000
3605.3050000000
3605.3160000000
3605.3280000000
3605.3390000000
3605.3500000000
3605.3610000000
3605.3720000000
3605.3830000000
3605.3940000000
3605.4050000000
3605.4160000000
3605.4270000000
3605.4380000000
3605.4490000000
3605.4610000000
3605.4720000000
3605.4830000000
3605.4940000000
3605.5050000000
3605.5160000000
3605.5270000000
3605.5380000000
3605.5490000000
3605.5610000000
3605.5720000000
3605.5830000000
3605.5940000000
3605.6060000000
3605.6170000000
3605.6280000000
3605.6400000000
3605.6510000000
3605.6620000000
3605.6740000000
3605.6850000000
3605.6970000000
3605.7080000000
3605.7190000000
3605.7310000000
3605.7420000000
3605.7530000000
3605.7650000000
3605.7810000000
3605.7910000000
3605.8020000000
3605.8110000000
3605.8210000000
3605.8310000000
3605.8410000000
3605.8520000000
3605.8620000000
3605.8740000000
3605.8850000000
3605.8960000000
3605.9070000000
3605.9180000000
3605.9290000000
3605.9400000000
3605.9510000000
3605.9620000000
3605.9730000000
3605.9850000000
3605.9960000000
3606.0070000000
3606.0180000000
3606.0290000000
3606.0400000000
3606.0510000000
3606.0660000000
3606.0770000000
3606.0880000000
3606.0980000000
3606.1080000000
3606.1190000000
3606.1290000000
3606.1400000000
3606.1520000000
3606.1630000000
3606.1740000000
3606.1850000000
3606.1960000000
3606.2070000000
3606.2180000000
3606.2290000000
3606.2400000000
3606.2520000000
3606.2630000000
3606.2740000000
3606.2850000000
3606.2960000000
3606.3070000000
3606.3180000000
3606.3290000000
3606.3400000000
3606.3520000000
3606.3630000000
3606.3740000000
3606.3850000000
3606.3960000000
3606.4070000000
3606.4180000000
3606.4290000000
3606.4400000000
3606.4520000000
3606.4630000000
3606.4740000000
3606.4860000000
3606.4970000000
3606.5080000000
3606.5190000000
3606.5310000000
3606.5420000000
3606.5530000000
3606.5640000000
3606.5750000000
3606.5870000000
3606.5980000000
3606.6090000000
3606.6200000000
3606.6320000000
3606.6430000000
3606.6540000000
3606.6650000000
3606.6760000000
3606.6870000000
3606.6980000000
3606.7090000000
3606.7200000000
3606.7310000000
3606.7420000000
3606.7540000000
3606.7650000000
3606.7760000000
3606.7870000000
3606.7980000000
3606.8090000000
3606.8200000000
3606.8310000000
3606.8420000000
3606.8530000000
3606.8650000000
3606.8750000000
3606.8870000000
3606.8980000000
3606.9090000000
3606.9200000000
3606.9310000000
3606.9420000000
3606.9530000000
3606.9640000000
3606.9760000000
3606.9870000000
3606.9980000000
3607.0090000000
3607.0200000000
3607.0310000000
3607.0420000000
3607.0530000000
3607.0640000000
3607.0760000000
3607.0870000000
3607.0980000000
3607.1090000000
3607.1200000000
3607.1310000000
3607.1420000000
3607.1540000000
3607.1640000000
3607.1760000000
3607.1870000000
3607.1980000000
3607.2090000000
3607.2200000000
3607.2310000000
3607.2420000000
3607.2530000000
3607.2640000000
3607.2750000000
3607.2870000000
3607.2980000000
3607.3090000000
3607.3200000000
3607.3310000000
3607.3420000000
3607.3530000000
3607.3640000000
3607.3750000000
3607.3860000000
3607.3970000000
3607.4090000000
3607.4200000000
3607.4310000000
3607.4420000000
3607.4530000000
3607.4640000000
3607.4760000000
3607.4860000000
3607.4980000000
3607.5090000000
3607.5200000000
3607.5310000000
3607.5420000000
3607.5530000000
3607.5640000000
3607.5750000000
3607.5860000000
3607.5980000000
3607.6090000000
3607.6200000000
3607.6310000000
3607.6430000000
3607.6530000000
3607.6640000000
3607.6750000000
3607.6860000000
3607.6980000000
3607.7080000000
3607.7200000000
3607.7310000000
3607.7420000000
3607.7530000000
3607.7640000000
3607.7750000000
3607.7860000000
3607.7970000000
3607.8090000000
3607.8200000000
3607.8310000000
3607.8420000000
3607.8530000000
3607.8640000000
3607.8750000000
3607.8860000000
3607.8970000000
3607.9080000000
3607.9190000000
3607.9310000000
3607.9420000000
3607.9530000000
3607.9640000000
3607.9750000000
3607.9860000000
3607.9970000000
3608.0080000000
3608.0200000000
3608.0310000000
3608.0420000000
3608.0530000000
3608.0640000000
3608.0750000000
3608.0860000000
3608.0970000000
3608.1080000000
3608.1190000000
3608.1310000000
3608.1420000000
3608.1530000000
3608.1640000000
3608.1750000000
3608.1860000000
3608.1970000000
3608.2080000000
3608.2190000000
3608.2300000000
3608.2420000000
3608.2530000000
3608.2640000000
3608.2750000000
3608.2860000000
3608.2970000000
3608.3090000000
3608.3190000000
3608.3310000000
3608.3420000000
3608.3530000000
3608.3640000000
3608.3750000000
3608.3860000000
3608.3970000000
3608.4080000000
3608.4190000000
3608.4300000000
3608.4420000000
3608.4530000000
3608.4640000000
3608.4750000000
3608.4860000000
3608.4970000000
3608.5080000000
3608.5190000000
3608.5300000000
3608.5420000000
3608.5530000000
3608.5640000000
3608.5750000000
3608.5860000000
3608.5970000000
3608.6080000000
3608.6190000000
3608.6300000000
3608.6410000000
3608.6530000000
3608.6640000000
3608.6750000000
3608.6860000000
3608.6970000000
3608.7080000000
3608.7190000000
3608.7300000000
3608.7410000000
3608.7530000000
3608.7630000000
3608.7750000000
3608.7860000000
3608.7970000000
3608.8080000000
3608.8190000000
3608.8300000000
3608.8410000000
3608.8530000000
3608.8640000000
3608.8750000000
3608.8860000000
3608.8970000000
3608.9080000000
3608.9190000000
3608.9300000000
3608.9420000000
3608.9520000000
3608.9640000000
3608.9750000000
3608.9860000000
3608.9970000000
3609.0080000000
3609.0190000000
3609.0300000000
3609.0410000000
3609.0520000000
3609.0630000000
3609.0750000000
3609.0860000000
3609.0970000000
3609.1080000000
3609.1190000000
3609.1300000000
3609.1420000000
3609.1530000000
3609.1640000000
3609.1750000000
3609.1860000000
3609.2000000000
3609.2130000000
3609.2270000000
3609.2400000000
3609.2520000000
3609.2650000000
3609.2780000000
3609.2920000000
3609.3040000000
3609.3170000000
3609.3300000000
3609.3430000000
3609.3560000000
3609.3690000000
3609.3820000000
3609.3950000000
3609.4080000000
3609.4210000000
3609.4350000000
3609.4470000000
3609.4600000000
3609.4730000000
3609.4860000000
3609.5270000000
3609.5400000000
3609.5510000000
3609.5630000000
3609.5750000000
3609.5870000000
3609.5980000000
3609.6070000000
3609.6170000000
3609.6270000000
3609.6370000000
3609.6470000000
3609.6580000000
3609.6690000000
3609.6800000000
3609.6910000000
3609.7030000000
3609.7140000000
3609.7250000000
3609.7360000000
3609.7470000000
3609.7580000000
3609.7690000000
3609.7800000000
3609.7910000000
3609.8020000000
3609.8130000000
3609.8250000000
3609.8360000000
3609.8470000000
3609.8580000000
3609.8690000000
3609.8800000000
3609.8910000000
3609.9030000000
3609.9140000000
3609.9250000000
3609.9360000000
3609.9470000000
3609.9580000000
3609.9690000000
3609.9800000000
3609.9920000000
3610.0040000000
3610.0150000000
3610.0270000000
3610.0380000000
3610.0490000000
3610.0600000000
3610.0720000000
3610.0830000000
3610.0940000000
3610.1060000000
3610.1170000000
3610.1280000000
3610.1400000000
3610.1510000000
3610.1630000000
3610.1740000000
3610.1860000000
3610.1960000000
3610.2070000000
3610.2190000000
3610.2290000000
3610.2400000000
3610.2520000000
3610.2630000000
3610.2740000000
3610.2850000000
3610.2960000000
3610.3070000000
3610.3190000000
3610.3290000000
3610.3410000000
3610.3520000000
3610.3630000000
3610.3740000000
3610.3850000000
3610.3960000000
3610.4070000000
3610.4180000000
3610.4290000000
3610.4410000000
3610.4520000000
3610.4630000000
3610.4740000000
3610.4850000000
3610.4960000000
3610.5070000000
3610.5180000000
3610.5300000000
3610.5410000000
3610.5520000000
3610.5630000000
3610.5740000000
3610.5850000000
3610.5960000000
3610.6070000000
3610.6180000000
3610.6290000000
3610.6400000000
3610.6520000000
3610.6630000000
3610.6740000000
3610.6850000000
3610.6960000000
3610.7070000000
3610.7180000000
3610.7290000000
3610.7400000000
3610.7520000000
3610.7630000000
3610.7740000000
3610.7850000000
3610.7960000000
3610.8070000000
3610.8180000000
3610.8290000000
3610.8400000000
3610.8510000000
3610.8630000000
3610.8740000000
3610.8850000000
3610.8960000000
3610.9070000000
3610.9180000000
3610.9290000000
3610.9400000000
3610.9510000000
3610.9620000000
3610.9740000000
3610.9850000000
3610.9960000000
3611.0070000000
3611.0180000000
3611.0290000000
3611.0400000000
3611.0520000000
3611.0630000000
3611.0730000000
3611.0850000000
3611.0960000000
3611.1070000000
3611.1180000000
3611.1290000000
3611.1400000000
3611.1510000000
3611.1620000000
3611.1730000000
3611.1850000000
3611.1960000000
3611.2070000000
3611.2180000000
3611.2290000000
3611.2400000000
3611.2510000000
3611.2620000000
3611.2740000000
3611.2850000000
3611.2960000000
3611.3070000000
3611.3180000000
3611.3290000000
3611.3400000000
3611.3510000000
3611.3620000000
3611.3740000000
3611.3850000000
3611.3960000000
3611.4070000000
3611.4180000000
3611.4290000000
3611.4400000000
3611.4510000000
3611.4630000000
3611.4740000000
3611.4850000000
3611.4960000000
3611.5070000000
3611.5180000000
3611.5290000000
3611.5400000000
3611.5510000000
3611.5630000000
3611.5730000000
3611.5840000000
3611.5960000000
3611.6070000000
3611.6180000000
3611.6290000000
3611.6400000000
3611.6510000000
3611.6620000000
3611.6730000000
3611.6850000000
3611.6950000000
3611.7070000000
3611.7180000000
3611.7290000000
3611.7400000000
3611.7510000000
3611.7620000000
3611.7730000000
3611.7840000000
3611.7950000000
3611.8060000000
3611.8180000000
3611.8290000000
3611.8400000000
3611.8510000000
3611.8620000000
3611.8730000000
3611.8850000000
3611.8960000000
3611.9060000000
3611.9170000000
3611.9290000000
3611.9400000000
3611.9510000000
3611.9620000000
3611.9730000000
3611.9840000000
3611.9950000000
3612.0060000000
3612.0180000000
3612.0290000000
3612.0400000000
3612.0510000000
3612.0620000000
3612.0730000000
3612.0840000000
3612.0960000000
3612.1060000000
3612.1180000000
3612.1290000000
3612.1400000000
3612.1510000000
3612.1620000000
3612.1730000000
3612.1840000000
3612.1950000000
3612.2070000000
3612.2180000000
3612.2290000000
3612.2400000000
3612.2510000000
3612.2620000000
3612.2730000000
3612.2840000000
3612.2960000000
3612.3060000000
3612.3170000000
3612.3290000000
3612.3400000000
3612.3510000000
3612.3620000000
3612.3730000000
3612.3840000000
3612.3950000000
3612.4060000000
3612.4170000000
3612.4290000000
3612.4400000000
3612.4510000000
3612.4620000000
3612.4730000000
3612.4840000000
3612.4950000000
3612.5060000000
3612.5170000000
3612.5280000000
3612.5400000000
3612.5510000000
3612.5620000000
3612.5730000000
3612.5840000000
3612.5950000000
3612.6070000000
3612.6170000000
3612.6280000000
3612.6390000000
3612.6510000000
3612.6620000000
3612.6730000000
3612.6840000000
3612.6950000000
3612.7060000000
3612.7180000000
3612.7280000000
3612.7390000000
3612.7500000000
3612.7620000000
3612.7730000000
3612.7840000000
3612.7950000000
3612.8060000000
3612.8170000000
3612.8280000000
3612.8390000000
3612.8500000000
3612.8620000000
3612.8730000000
3612.8840000000
3612.8950000000
3612.9060000000
3612.9170000000
3612.9280000000
3612.9390000000
3612.9500000000
3612.9620000000
3612.9730000000
3612.9840000000
3612.9950000000
3613.0060000000
3613.0170000000
3613.0280000000
3613.0390000000
3613.0500000000
3613.0610000000
3613.0730000000
3613.0840000000
3613.0950000000
3613.1060000000
3613.1170000000
3613.1280000000
3613.1390000000
3613.1500000000
3613.1610000000
3613.1730000000
3613.1840000000
3613.1950000000
3613.2060000000
3613.2170000000
3613.2280000000
3613.2390000000
3613.2500000000
3613.2610000000
3613.2730000000
3613.2840000000
3613.2950000000
3613.3060000000
3613.3170000000
3613.3280000000
3613.3390000000
3613.3500000000
3613.3610000000
3613.3720000000
3613.3830000000
3613.3950000000
3613.4060000000
3613.4170000000
3613.4280000000
3613.4390000000
3613.4500000000
3613.4610000000
3613.4720000000
3613.4840000000
3613.4950000000
3613.5060000000
3613.5170000000
3613.5280000000
3613.5390000000
3613.5500000000
3613.5610000000
3613.5720000000
3613.5830000000
3613.5940000000
3613.6060000000
3613.6170000000
3613.6280000000
3613.6390000000
3613.6500000000
3613.6610000000
3613.6720000000
3613.6840000000
3613.6940000000
3613.7060000000
3613.7170000000
3613.7280000000
3613.7390000000
3613.7500000000
3613.7610000000
3613.7720000000
3613.7840000000
3613.7940000000
3613.8060000000
3613.8170000000
3613.8280000000
3613.8390000000
3613.8500000000
3613.8610000000
3613.8720000000
3613.8840000000
3613.8940000000
3613.9050000000
3613.9170000000
3613.9280000000
3613.9390000000
3613.9500000000
3613.9610000000
3613.9720000000
3613.9830000000
3613.9940000000
3614.0050000000
3614.0170000000
3614.0280000000
3614.0390000000
3614.0500000000
3614.0610000000
3614.0720000000
3614.0830000000
3614.0940000000
3614.1050000000
3614.1160000000
3614.1280000000
3614.1390000000
3614.1500000000
3614.1610000000
3614.1720000000
3614.1830000000
3614.1940000000
3614.2050000000
3614.2170000000
3614.2280000000
3614.2390000000
3614.2500000000
3614.2610000000
3614.2720000000
3614.2830000000
3614.2940000000
3614.3050000000
3614.3160000000
3614.3270000000
3614.3390000000
3614.3500000000
3614.3610000000
3614.3720000000
3614.3830000000
3614.3940000000
3614.4050000000
3614.4160000000
3614.4270000000
3614.4380000000
3614.4500000000
3614.4610000000
3614.4720000000
3614.4830000000
3614.4940000000
3614.5050000000
3614.5160000000
3614.5280000000
3614.5380000000
3614.5500000000
3614.5610000000
3614.5720000000
3614.5830000000
3614.5940000000
3614.6050000000
3614.6160000000
3614.6270000000
3614.6380000000
3614.6500000000
3614.6610000000
3614.6720000000
3614.6830000000
3614.6940000000
3614.7050000000
3614.7160000000
3614.7280000000
3614.7380000000
3614.7490000000
3614.7610000000
3614.7720000000
3614.7830000000
3614.7940000000
3614.8050000000
3614.8160000000
3614.8270000000
3614.8380000000
3614.8500000000
3614.8610000000
3614.8720000000
3614.8830000000
3614.8940000000
3614.9050000000
3614.9160000000
3614.9270000000
3614.9380000000
3614.9490000000
3614.9600000000
3614.9720000000
3614.9830000000
3614.9940000000
3615.0050000000
3615.0160000000
3615.0270000000
3615.0380000000
3615.0490000000
3615.0600000000
3615.0720000000
3615.0830000000
3615.0940000000
3615.1050000000
3615.1160000000
3615.1270000000
3615.1380000000
3615.1490000000
3615.1610000000
3615.1710000000
3615.1830000000
3615.1940000000
3615.2050000000
3615.2160000000
3615.2270000000
3615.2380000000
3615.2490000000
3615.2600000000
3615.2720000000
3615.2830000000
3615.2940000000
3615.3050000000
3615.3160000000
3615.3270000000
3615.3380000000
3615.3490000000
3615.3610000000
3615.3710000000
3615.3830000000
3615.3940000000
3615.4050000000
3615.4160000000
3615.4270000000
3615.4380000000
3615.4490000000
3615.4600000000
3615.4710000000
3615.4820000000
3615.4940000000
3615.5050000000
3615.5160000000
3615.5270000000
3615.5380000000
3615.5490000000
3615.5600000000
3615.5710000000
3615.5830000000
3615.5940000000
3615.6050000000
3615.6160000000
3615.6270000000
3615.6380000000
3615.6490000000
3615.6600000000
3615.6710000000
3615.6820000000
3615.6940000000
3615.7050000000
3615.7160000000
3615.7270000000
3615.7380000000
3615.7490000000
3615.7600000000
3615.7710000000
3615.7820000000
3615.7940000000
3615.8040000000
3615.8160000000
3615.8270000000
3615.8380000000
3615.8490000000
3615.8600000000
3615.8710000000
3615.8820000000
3615.8940000000
3615.9040000000
3615.9160000000
3615.9270000000
3615.9380000000
3615.9490000000
3615.9600000000
3615.9710000000
3615.9820000000
3615.9930000000
3616.0040000000
3616.0150000000
3616.0270000000
3616.0380000000
3616.0490000000
3616.0600000000
3616.0710000000
3616.0820000000
3616.0940000000
3616.1040000000
3616.1160000000
3616.1270000000
3616.1380000000
3616.1490000000
3616.1600000000
3616.1710000000
3616.1820000000
3616.1930000000
3616.2040000000
3616.2160000000
3616.2270000000
3616.2380000000
3616.2490000000
3616.2600000000
3616.2710000000
3616.2820000000
3616.2930000000
3616.3040000000
3616.3150000000
3616.3260000000
3616.3370000000
3616.3490000000
3616.3600000000
3616.3710000000
3616.3820000000
3616.3930000000
3616.4040000000
3616.4150000000
3616.4270000000
3616.4380000000
3616.4490000000
3616.4600000000
3616.4710000000
3616.4820000000
3616.4930000000
3616.5040000000
3616.5150000000
3616.5260000000
3616.5380000000
3616.5490000000
3616.5600000000
3616.5710000000
3616.5820000000
3616.5940000000
3616.6040000000
3616.6150000000
3616.6260000000
3616.6370000000
3616.6490000000
3616.6600000000
3616.6710000000
3616.6820000000
3616.6930000000
3616.7040000000
3616.7150000000
3616.7260000000
3616.7370000000
3616.7490000000
3616.7600000000
3616.7710000000
3616.7820000000
3616.7930000000
3616.8040000000
3616.8150000000
3616.8260000000
3616.8370000000
3616.8490000000
3616.8600000000
3616.8710000000
3616.8820000000
3616.8930000000
3616.9040000000
3616.9150000000
3616.9260000000
3616.9380000000
3616.9480000000
3616.9590000000
3616.9700000000
3616.9820000000
3616.9930000000
3617.0040000000
3617.0150000000
3617.0260000000
3617.0370000000
3617.0480000000
3617.0600000000
3617.0710000000
3617.0820000000
3617.0930000000
3617.1040000000
3617.1150000000
3617.1260000000
3617.1370000000
3617.1480000000
3617.1590000000
3617.1700000000
3617.1820000000
3617.1930000000
3617.2040000000
3617.2150000000
3617.2260000000
3617.2370000000
3617.2480000000
3617.2590000000
3617.2710000000
3617.2820000000
3617.2930000000
3617.3040000000
3617.3150000000
3617.3260000000
3617.3370000000
3617.3480000000
3617.3590000000
3617.3710000000
3617.3820000000
3617.3930000000
3617.4040000000
3617.4150000000
3617.4260000000
3617.4370000000
3617.4480000000
3617.4590000000
3617.4700000000
3617.4810000000
3617.4930000000
3617.5040000000
3617.5150000000
3617.5260000000
3617.5370000000
3617.5480000000
3617.5590000000
3617.5710000000
3617.5820000000
3617.5930000000
3617.6040000000
3617.6150000000
3617.6260000000
3617.6370000000
3617.6480000000
3617.6590000000
3617.6700000000
3617.6820000000
3617.6930000000
3617.7040000000
3617.7150000000
3617.7260000000
3617.7370000000
3617.7480000000
3617.7600000000
3617.7700000000
3617.7810000000
3617.7920000000
3617.8030000000
3617.8150000000
3617.8260000000
3617.8370000000
3617.8480000000
3617.8590000000
3617.8700000000
3617.8810000000
3617.8920000000
3617.9030000000
3617.9150000000
3617.9260000000
3617.9370000000
3617.9480000000
3617.9590000000
3617.9700000000
3617.9810000000
3617.9920000000
3618.0030000000
3618.0140000000
3618.0260000000
3618.0370000000
3618.0480000000
3618.0590000000
3618.0700000000
3618.0810000000
3618.0930000000
3618.1040000000
3618.1140000000
3618.1250000000
3618.1370000000
3618.1480000000
3618.1590000000
3618.1700000000
3618.1810000000
3618.1920000000
3618.2030000000
3618.2150000000
3618.2260000000
3618.2370000000
3618.2480000000
3618.2590000000
3618.2700000000
3618.2810000000
3618.2920000000
3618.3030000000
3618.3140000000
3618.3260000000
3618.3360000000
3618.3480000000
3618.3590000000
3618.3700000000
3618.3810000000
3618.3920000000
3618.4030000000
3618.4140000000
3618.4260000000
3618.4370000000
3618.4480000000
3618.4590000000
3618.4700000000
3618.4810000000
3618.4920000000
3618.5030000000
3618.5140000000
3618.5250000000
3618.5360000000
3618.5480000000
3618.5590000000
3618.5700000000
3618.5810000000
3618.5920000000
3618.6030000000
3618.6140000000
3618.6250000000
3618.6360000000
3618.6480000000
3618.6590000000
3618.6700000000
3618.6810000000
3618.6920000000
3618.7030000000
3618.7140000000
3618.7250000000
3618.7360000000
3618.7480000000
3618.7590000000
3618.7700000000
3618.7810000000
3618.7920000000
3618.8030000000
3618.8140000000
3618.8250000000
3618.8360000000
3618.8470000000
3618.8580000000
3618.8700000000
3618.8810000000
3618.8920000000
3618.9030000000
3618.9140000000
3618.9250000000
3618.9360000000
3618.9480000000
3618.9590000000
3618.9690000000
3618.9810000000
3618.9920000000
3619.0030000000
3619.0140000000
3619.0250000000
3619.0360000000
3619.0480000000
3619.0580000000
3619.0700000000
3619.0810000000
3619.0920000000
3619.1030000000
3619.1140000000
3619.1250000000
3619.1360000000
3619.1470000000
3619.1580000000
3619.1690000000
3619.1810000000
3619.1920000000
3619.2030000000
3619.2140000000
3619.2250000000
3619.2360000000
3619.2470000000
3619.2580000000
3619.2700000000
3619.2810000000
3619.2920000000
3619.3030000000
3619.3140000000
3619.3250000000
3619.3360000000
3619.3470000000
3619.3580000000
3619.3700000000
3619.3810000000
3619.3920000000
3619.4030000000
3619.4140000000
3619.4250000000
3619.4360000000
3619.4470000000
3619.4580000000
3619.4690000000
3619.4800000000
3619.4910000000
3619.5030000000
3619.5140000000
3619.5250000000
3619.5360000000
3619.5470000000
3619.5580000000
3619.5690000000
3619.5800000000
3619.5920000000
3619.6030000000
3619.6140000000
3619.6250000000
3619.6360000000
3619.6470000000
3619.6580000000
3619.6690000000
3619.6800000000
3619.6920000000
3619.7030000000
3619.7140000000
3619.7250000000
3619.7360000000
3619.7470000000
3619.7580000000
3619.7690000000
3619.7800000000
3619.7920000000
3619.8020000000
3619.8140000000
3619.8250000000
3619.8360000000
3619.8470000000
3619.8580000000
3619.8690000000
3619.8800000000
3619.8910000000
3619.9020000000
3619.9140000000
3619.9250000000
3619.9360000000
3619.9470000000
3619.9580000000
3619.9690000000
3619.9800000000
3619.9910000000
3620.0020000000
3620.0130000000
3620.0240000000
3620.0360000000
3620.0470000000
3620.0580000000
3620.0690000000
3620.0800000000
3620.0910000000
3620.1020000000
3620.1140000000
3620.1250000000
3620.1350000000
3620.1470000000
3620.1580000000
3620.1690000000
3620.1800000000
3620.1910000000
3620.2020000000
3620.2130000000
3620.2240000000
3620.2360000000
3620.2470000000
3620.2580000000
3620.2690000000
3620.2800000000
3620.2910000000
3620.3020000000
3620.3130000000
3620.3240000000
3620.3350000000
3620.3470000000
3620.3580000000
3620.3690000000
3620.3800000000
3620.3910000000
3620.4020000000
3620.4140000000
3620.4240000000
3620.4360000000
3620.4470000000
3620.4580000000
3620.4690000000
3620.4800000000
3620.4910000000
3620.5020000000
3620.5130000000
3620.5250000000
3620.5350000000
3620.5470000000
3620.5580000000
3620.5690000000
3620.5800000000
3620.5910000000
3620.6020000000
3620.6130000000
3620.6240000000
3620.6350000000
3620.6460000000
3620.6580000000
3620.6690000000
3620.6800000000
3620.6910000000
3620.7020000000
3620.7130000000
3620.7240000000
3620.7350000000
3620.7470000000
3620.7580000000
3620.7690000000
3620.7800000000
3620.7910000000
3620.8020000000
3620.8130000000
3620.8240000000
3620.8350000000
3620.8470000000
3620.8570000000
3620.8690000000
3620.8800000000
3620.8910000000
3620.9020000000
3620.9130000000
3620.9240000000
3620.9350000000
3620.9460000000
3620.9580000000
3620.9690000000
3620.9800000000
3620.9910000000
3621.0020000000
3621.0130000000
3621.0240000000
3621.0350000000
3621.0460000000
3621.0580000000
3621.0680000000
3621.0800000000
3621.0910000000
3621.1020000000
3621.1130000000
3621.1240000000
3621.1350000000
3621.1460000000
3621.1570000000
3621.1680000000
3621.1800000000
3621.1910000000
3621.2020000000
3621.2130000000
3621.2240000000
3621.2350000000
3621.2460000000
3621.2580000000
3621.2680000000
3621.2800000000
3621.2910000000
3621.3020000000
3621.3130000000
3621.3240000000
3621.3350000000
3621.3460000000
3621.3570000000
3621.3680000000
3621.3790000000
3621.3910000000
3621.4020000000
3621.4130000000
3621.4240000000
3621.4350000000
3621.4460000000
3621.4570000000
3621.4680000000
3621.4790000000
3621.4900000000
3621.5020000000
3621.5130000000
3621.5240000000
3621.5350000000
3621.5460000000
3621.5570000000
3621.5680000000
3621.5790000000
3621.5910000000
3621.6020000000
3621.6130000000
3621.6240000000
3621.6350000000
3621.6460000000
3621.6570000000
3621.6680000000
3621.6790000000
3621.6900000000
3621.7020000000
3621.7130000000
3621.7240000000
3621.7350000000
3621.7460000000
3621.7570000000
3621.7680000000
3621.7790000000
3621.7900000000
3621.8020000000
3621.8130000000
3621.8240000000
3621.8350000000
3621.8460000000
3621.8570000000
3621.8680000000
3621.8790000000
3621.8900000000
3621.9020000000
3621.9130000000
3621.9240000000
3621.9350000000
3621.9460000000
3621.9570000000
3621.9680000000
3621.9790000000
3621.9900000000
3622.0010000000
3622.0120000000
3622.0230000000
3622.0350000000
3622.0460000000
3622.0570000000
3622.0680000000
3622.0790000000
3622.0900000000
3622.1010000000
3622.1120000000
3622.1240000000
3622.1350000000
3622.1460000000
3622.1570000000
3622.1680000000
3622.1790000000
3622.1900000000
3622.2010000000
3622.2120000000
3622.2240000000
3622.2340000000
3622.2460000000
3622.2570000000
3622.2680000000
3622.2790000000
3622.2900000000
3622.3010000000
3622.3130000000
3622.3230000000
3622.3340000000
3622.3460000000
3622.3570000000
3622.3680000000
3622.3790000000
3622.3900000000
3622.4010000000
3622.4120000000
3622.4230000000
3622.4350000000
3622.4460000000
3622.4570000000
3622.4680000000
3622.4790000000
3622.4900000000
3622.5010000000
3622.5120000000
3622.5230000000
3622.5350000000
3622.5450000000
3622.5570000000
3622.5680000000
3622.5790000000
3622.5900000000
3622.6010000000
3622.6130000000
3622.6230000000
3622.6340000000
3622.6460000000
3622.6570000000
3622.6680000000
3622.6790000000
3622.6900000000
3622.7010000000
3622.7120000000
3622.7240000000
3622.7340000000
3622.7450000000
3622.7570000000
3622.7680000000
3622.7790000000
3622.7900000000
3622.8010000000
3622.8120000000
3622.8230000000
3622.8340000000
3622.8450000000
3622.8570000000
3622.8670000000
3622.8790000000
3622.8900000000
3622.9010000000
3622.9120000000
3622.9230000000
3622.9340000000
3622.9450000000
3622.9570000000
3622.9680000000
3622.9790000000
3622.9900000000
3623.0010000000
3623.0120000000
3623.0230000000
3623.0340000000
3623.0450000000
3623.0560000000
3623.0680000000
3623.0790000000
3623.0900000000
3623.1010000000
3623.1120000000
3623.1230000000
3623.1340000000
3623.1450000000
3623.1560000000
3623.1670000000
3623.1780000000
3623.1900000000
3623.2010000000
3623.2120000000
3623.2230000000
3623.2340000000
3623.2450000000
3623.2560000000
3623.2670000000
3623.2790000000
3623.2900000000
3623.3010000000
3623.3120000000
3623.3230000000
3623.3340000000
3623.3450000000
3623.3560000000
3623.3670000000
3623.3780000000
3623.3890000000
3623.4010000000
3623.4120000000
3623.4230000000
3623.4340000000
3623.4450000000
3623.4560000000
3623.4670000000
3623.4790000000
3623.4900000000
3623.5010000000
3623.5120000000
3623.5230000000
3623.5340000000
3623.5450000000
3623.5560000000
3623.5670000000
3623.5780000000
3623.5900000000
3623.6010000000
3623.6120000000
3623.6230000000
3623.6340000000
3623.6450000000
3623.6560000000
3623.6670000000
3623.6780000000
3623.6900000000
3623.7000000000
3623.7120000000
3623.7230000000
3623.7340000000
3623.7450000000
3623.7560000000
3623.7670000000
3623.7780000000
3623.7890000000
3623.8010000000
3623.8120000000
3623.8230000000
3623.8340000000
3623.8450000000
3623.8560000000
3623.8670000000
3623.8780000000
3623.8890000000
3623.9000000000
3623.9110000000
3623.9230000000
3623.9340000000
3623.9450000000
3623.9560000000
3623.9670000000
3623.9780000000
3623.9890000000
3624.0000000000
3624.0110000000
3624.0220000000
3624.0340000000
3624.0450000000
3624.0560000000
3624.0670000000
3624.0780000000
3624.0890000000
3624.1010000000
3624.1120000000
3624.1230000000
3624.1340000000
3624.1450000000
3624.1560000000
3624.1670000000
3624.1780000000
3624.1890000000
3624.2000000000
3624.2120000000
3624.2220000000
3624.2340000000
3624.2450000000
3624.2560000000
3624.2670000000
3624.2780000000
3624.2890000000
3624.3000000000
3624.3110000000
3624.3220000000
3624.3330000000
3624.3450000000
3624.3560000000
3624.3670000000
3624.3780000000
3624.3890000000
3624.4000000000
3624.4110000000
3624.4220000000
3624.4340000000
3624.4450000000
3624.4560000000
3624.4670000000
3624.4780000000
3624.4890000000
3624.5000000000
3624.5110000000
3624.5220000000
3624.5330000000
3624.5440000000
3624.5560000000
3624.5670000000
3624.5780000000
3624.5890000000
3624.6000000000
3624.6110000000
3624.6220000000
3624.6340000000
3624.6450000000
3624.6560000000
3624.6670000000
3624.6780000000
3624.6890000000
3624.7000000000
3624.7110000000
3624.7220000000
3624.7330000000
3624.7440000000
3624.7550000000
3624.7670000000
3624.7780000000
3624.7890000000
3624.8000000000
3624.8110000000
3624.8220000000
3624.8330000000
3624.8440000000
3624.8550000000
3624.8660000000
3624.8780000000
3624.8890000000
3624.9000000000
3624.9110000000
3624.9220000000
3624.9330000000
3624.9450000000
3624.9550000000
3624.9670000000
3624.9780000000
3624.9890000000
3625.0000000000
3625.0110000000
3625.0220000000
3625.0330000000
3625.0440000000
3625.0550000000
3625.0660000000
3625.0780000000
3625.0890000000
3625.1000000000
3625.1110000000
3625.1220000000
3625.1330000000
3625.1450000000
3625.1550000000
3625.1660000000
3625.1780000000
3625.1890000000
3625.2000000000
3625.2110000000
3625.2220000000
3625.2330000000
3625.2440000000
3625.2550000000
3625.2670000000
3625.2770000000
3625.2890000000
3625.3000000000
3625.3110000000
3625.3220000000
3625.3330000000
3625.3440000000
3625.3550000000
3625.3660000000
3625.3780000000
3625.3880000000
3625.4000000000
3625.4110000000
3625.4220000000
3625.4330000000
3625.4440000000
3625.4550000000
3625.4660000000
3625.4770000000
3625.4890000000
3625.5000000000
3625.5110000000
3625.5220000000
3625.5330000000
3625.5440000000
3625.5550000000
3625.5660000000
3625.5770000000
3625.5890000000
3625.6000000000
3625.6110000000
3625.6220000000
3625.6330000000
3625.6440000000
3625.6550000000
3625.6660000000
3625.6770000000
3625.6880000000
3625.6990000000
3625.7110000000
3625.7220000000
3625.7330000000
3625.7440000000
3625.7550000000
3625.7660000000
3625.7770000000
3625.7890000000
3625.7990000000
3625.8110000000
3625.8220000000
3625.8330000000
3625.8440000000
3625.8550000000
3625.8660000000
3625.8770000000
3625.8880000000
3625.8990000000
3625.9100000000
3625.9220000000
3625.9330000000
3625.9440000000
3625.9550000000
3625.9660000000
3625.9770000000
3625.9890000000
3626.0000000000
3626.0100000000
3626.0220000000
3626.0330000000
3626.0440000000
3626.0550000000
3626.0660000000
3626.0770000000
3626.0880000000
3626.0990000000
3626.1100000000
3626.1220000000
3626.1330000000
3626.1440000000
3626.1550000000
3626.1660000000
3626.1770000000
3626.1880000000
3626.1990000000
3626.2100000000
3626.2210000000
3626.2330000000
3626.2440000000
3626.2550000000
3626.2660000000
3626.2770000000
3626.2880000000
3626.2990000000
3626.3100000000
3626.3210000000
3626.3330000000
3626.3440000000
3626.3550000000
3626.3660000000
3626.3770000000
3626.3880000000
3626.3990000000
3626.4110000000
3626.4210000000
3626.4330000000
3626.4440000000
3626.4550000000
3626.4660000000
3626.4770000000
3626.4880000000
3626.4990000000
3626.5100000000
3626.5210000000
3626.5320000000
3626.5430000000
3626.5550000000
3626.5660000000
3626.5770000000
3626.5880000000
3626.5990000000
3626.6100000000
3626.6210000000
3626.6320000000
3626.6430000000
3626.6550000000
3626.6660000000
3626.6770000000
3626.6880000000
3626.6990000000
3626.7100000000
3626.7210000000
3626.7320000000
3626.7430000000
3626.7540000000
3626.7660000000
3626.7770000000
3626.7880000000
3626.7990000000
3626.8110000000
3626.8210000000
3626.8330000000
3626.8430000000
3626.8550000000
3626.8660000000
3626.8770000000
3626.8880000000
3626.8990000000
3626.9110000000
3626.9210000000
3626.9320000000
3626.9430000000
3626.9550000000
3626.9660000000
3626.9770000000
3626.9880000000
3626.9990000000
3627.0100000000
3627.0210000000
3627.0320000000
3627.0430000000
3627.0540000000
3627.0660000000
3627.0760000000
3627.0880000000
3627.0990000000
3627.1100000000
3627.1210000000
3627.1320000000
3627.1430000000
3627.1540000000
3627.1660000000
3627.1770000000
3627.1880000000
3627.1990000000
3627.2100000000
3627.2210000000
3627.2320000000
3627.2430000000
3627.2540000000
3627.2650000000
3627.2760000000
3627.2880000000
3627.2990000000
3627.3100000000
3627.3210000000
3627.3320000000
3627.3430000000
3627.3540000000
3627.3650000000
3627.3760000000
3627.3880000000
3627.3990000000
3627.4100000000
3627.4210000000
3627.4320000000
3627.4430000000
3627.4540000000
3627.4650000000
3627.4760000000
3627.4880000000
3627.4990000000
3627.5100000000
3627.5210000000
3627.5320000000
3627.5430000000
3627.5540000000
3627.5650000000
3627.5760000000
3627.5870000000
3627.5990000000
3627.6100000000
3627.6210000000
3627.6320000000
3627.6430000000
3627.6540000000
3627.6650000000
3627.6760000000
3627.6880000000
3627.6980000000
3627.7100000000
3627.7210000000
3627.7320000000
3627.7430000000
3627.7540000000
3627.7650000000
3627.7760000000
3627.7880000000
3627.7990000000
3627.8100000000
3627.8210000000
3627.8320000000
3627.8430000000
3627.8540000000
3627.8650000000
3627.8760000000
3627.8870000000
3627.8980000000
3627.9100000000
3627.9210000000
3627.9320000000
3627.9430000000
3627.9540000000
3627.9650000000
3627.9760000000
3627.9870000000
3627.9980000000
3628.0100000000
3628.0210000000
3628.0320000000
3628.0430000000
3628.0540000000
3628.0650000000
3628.0760000000
3628.0870000000
3628.0990000000
3628.1100000000
3628.1200000000
3628.1320000000
3628.1430000000
3628.1540000000
3628.1650000000
3628.1760000000
3628.1870000000
3628.1980000000
3628.2090000000
3628.2200000000
3628.2310000000
3628.2430000000
3628.2540000000
3628.2650000000
3628.2760000000
3628.2870000000
3628.2980000000
3628.3090000000
3628.3210000000
3628.3320000000
3628.3430000000
3628.3540000000
3628.3650000000
3628.3760000000
3628.3870000000
3628.3980000000
3628.4090000000
3628.4200000000
3628.4320000000
3628.4430000000
3628.4540000000
3628.4650000000
3628.4760000000
3628.4870000000
3628.4980000000
3628.5090000000
3628.5200000000
3628.5310000000
3628.5420000000
3628.5540000000
3628.5650000000
3628.5760000000
3628.5870000000
3628.5980000000
3628.6090000000
3628.6200000000
3628.6310000000
3628.6420000000
3628.6540000000
3628.6650000000
3628.6760000000
3628.6870000000
3628.6980000000
3628.7090000000
3628.7200000000
3628.7310000000
3628.7420000000
3628.7540000000
3628.7650000000
3628.7760000000
3628.7870000000
3628.7980000000
3628.8090000000
3628.8200000000
3628.8310000000
3628.8430000000
3628.8540000000
3628.8650000000
3628.8760000000
3628.8870000000
3628.8980000000
3628.9090000000
3628.9200000000
3628.9310000000
3628.9420000000
3628.9540000000
3628.9650000000
3628.9760000000
3628.9870000000
3628.9980000000
3629.0090000000
3629.0200000000
3629.0310000000
3629.0420000000
3629.0530000000
3629.0640000000
3629.0760000000
3629.0870000000
3629.0980000000
3629.1090000000
3629.1200000000
3629.1310000000
3629.1430000000
3629.1530000000
3629.1640000000
3629.1760000000
3629.1870000000
3629.1980000000
3629.2090000000
3629.2200000000
3629.2310000000
3629.2420000000
3629.2530000000
3629.2640000000
3629.2750000000
3629.2870000000
3629.2980000000
3629.3090000000
3629.3200000000
3629.3310000000
3629.3420000000
3629.3530000000
3629.3640000000
3629.3750000000
3629.3860000000
3629.3970000000
3629.4090000000
3629.4200000000
3629.4310000000
3629.4430000000
3629.4530000000
3629.4640000000
3629.4750000000
3629.4870000000
3629.4980000000
3629.5090000000
3629.5200000000
3629.5310000000
3629.5420000000
3629.5530000000
3629.5640000000
3629.5750000000
3629.5860000000
3629.5980000000
3629.6090000000
3629.6200000000
3629.6310000000
3629.6420000000
3629.6540000000
3629.6640000000
3629.6750000000
3629.6860000000
3629.6980000000
3629.7090000000
3629.7200000000
3629.7310000000
3629.7420000000
3629.7530000000
3629.7650000000
3629.7750000000
3629.7860000000
3629.7970000000
3629.8090000000
3629.8200000000
3629.8310000000
3629.8420000000
3629.8530000000
3629.8640000000
3629.8750000000
3629.8860000000
3629.8970000000
3629.9080000000
3629.9200000000
3629.9310000000
3629.9420000000
3629.9530000000
3629.9640000000
3629.9750000000
3629.9860000000
3629.9970000000
3630.0080000000
3630.0220000000
3630.0320000000
3630.0420000000
3630.0520000000
3630.0630000000
3630.0740000000
3630.0850000000
3630.0960000000
3630.1070000000
3630.1180000000
3630.1290000000
3630.1400000000
3630.1510000000
3630.1630000000
3630.1740000000
3630.1850000000
3630.1960000000
3630.2070000000
3630.2180000000
3630.2290000000
3630.2400000000
3630.2510000000
3630.2620000000
3630.2740000000
3630.2850000000
3630.2960000000
3630.3070000000
3630.3180000000
3630.3290000000
3630.3400000000
3630.3510000000
3630.3620000000
3630.3740000000
3630.3850000000
3630.3960000000
3630.4070000000
3630.4180000000
3630.4300000000
3630.4410000000
3630.4520000000
3630.4640000000
3630.4750000000
3630.4860000000
3630.4970000000
3630.5080000000
3630.5190000000
3630.5310000000
3630.5420000000
3630.5520000000
3630.5640000000
3630.5750000000
3630.5860000000
3630.5970000000
3630.6080000000
3630.6190000000
3630.6300000000
3630.6420000000
3630.6530000000
3630.6640000000
3630.6750000000
3630.6860000000
3630.6970000000
3630.7080000000
3630.7190000000
3630.7300000000
3630.7410000000
3630.7520000000
3630.7640000000
3630.7750000000
3630.7860000000
3630.7970000000
3630.8080000000
3630.8190000000
3630.8300000000
3630.8410000000
3630.8530000000
3630.8640000000
3630.8750000000
3630.8860000000
3630.8970000000
3630.9080000000
3630.9190000000
3630.9300000000
3630.9410000000
3630.9520000000
3630.9630000000
3630.9750000000
3630.9860000000
3630.9970000000
3631.0080000000
3631.0190000000
3631.0300000000
3631.0410000000
3631.0520000000
3631.0630000000
3631.0740000000
3631.0860000000
3631.0970000000
3631.1080000000
3631.1190000000
3631.1300000000
3631.1410000000
3631.1520000000
3631.1630000000
3631.1750000000
3631.1860000000
3631.1970000000
3631.2080000000
3631.2190000000
3631.2300000000
3631.2410000000
3631.2520000000
3631.2630000000
3631.2740000000
3631.2850000000
3631.2970000000
3631.3080000000
3631.3190000000
3631.3300000000
3631.3410000000
3631.3530000000
3631.3640000000
3631.3740000000
3631.3850000000
3631.3970000000
3631.4080000000
3631.4190000000
3631.4300000000
3631.4410000000
3631.4520000000
3631.4630000000
3631.4740000000
3631.4860000000
3631.4970000000
3631.5080000000
3631.5190000000
3631.5300000000
3631.5410000000
3631.5520000000
3631.5630000000
3631.5740000000
3631.5850000000
3631.5970000000
3631.6080000000
3631.6190000000
3631.6300000000
3631.6410000000
3631.6520000000
3631.6630000000
3631.6750000000
3631.6850000000
3631.6970000000
3631.7080000000
3631.7190000000
3631.7300000000
3631.7410000000
3631.7520000000
3631.7630000000
3631.7740000000
3631.7850000000
3631.7960000000
3631.8070000000
3631.8190000000
3631.8300000000
3631.8410000000
3631.8520000000
3631.8630000000
3631.8740000000
3631.8850000000
3631.8960000000
3631.9070000000
3631.9190000000
3631.9300000000
3631.9410000000
3631.9520000000
3631.9630000000
3631.9740000000
3631.9860000000
3631.9960000000
3632.0070000000
3632.0190000000
3632.0300000000
3632.0410000000
3632.0520000000
3632.0630000000
3632.0740000000
3632.0850000000
3632.0960000000
3632.1070000000
3632.1180000000
3632.1300000000
3632.1410000000
3632.1520000000
3632.1630000000
3632.1740000000
3632.1850000000
3632.1960000000
3632.2070000000
3632.2190000000
3632.2290000000
3632.2410000000
3632.2520000000
3632.2630000000
3632.2740000000
3632.2850000000
3632.2960000000
3632.3070000000
3632.3180000000
3632.3290000000
3632.3410000000
3632.3520000000
3632.3630000000
3632.3740000000
3632.3850000000
3632.3960000000
3632.4070000000
3632.4180000000
3632.4290000000
3632.4410000000
3632.4520000000
3632.4630000000
3632.4740000000
3632.4850000000
3632.4960000000
3632.5070000000
3632.5180000000
3632.5290000000
3632.5410000000
3632.5520000000
3632.5630000000
3632.5740000000
3632.5850000000
3632.5960000000
3632.6070000000
3632.6180000000
3632.6290000000
3632.6400000000
3632.6520000000
3632.6630000000
3632.6740000000
3632.6850000000
3632.6960000000
3632.7070000000
3632.7180000000
3632.7290000000
3632.7400000000
3632.7520000000
3632.7630000000
3632.7740000000
3632.7850000000
3632.7960000000
3632.8070000000
3632.8180000000
3632.8290000000
3632.8400000000
3632.8510000000
3632.8630000000
3632.8740000000
3632.8850000000
3632.8960000000
3632.9070000000
3632.9180000000
3632.9290000000
3632.9400000000
3632.9510000000
3632.9630000000
3632.9740000000
3632.9850000000
3632.9960000000
3633.0070000000
3633.0180000000
3633.0290000000
3633.0400000000
3633.0510000000
3633.0630000000
3633.0730000000
3633.0850000000
3633.0960000000
3633.1070000000
3633.1180000000
3633.1290000000
3633.1400000000
3633.1510000000
3633.1620000000
3633.1740000000
3633.1850000000
3633.1960000000
3633.2070000000
3633.2180000000
3633.2290000000
3633.2400000000
3633.2510000000
3633.2620000000
3633.2730000000
3633.2850000000
3633.2960000000
3633.3070000000
3633.3180000000
3633.3290000000
3633.3400000000
3633.3510000000
3633.3620000000
3633.3730000000
3633.3850000000
3633.3960000000
3633.4070000000
3633.4180000000
3633.4290000000
3633.4400000000
3633.4510000000
3633.4620000000
3633.4730000000
3633.4840000000
3633.4960000000
3633.5070000000
3633.5180000000
3633.5290000000
3633.5400000000
3633.5510000000
3633.5620000000
3633.5730000000
3633.5840000000
3633.5960000000
3633.6070000000
3633.6180000000
3633.6290000000
3633.6400000000
3633.6510000000
3633.6620000000
3633.6730000000
3633.6840000000
3633.6960000000
3633.7070000000
3633.7180000000
3633.7290000000
3633.7400000000
3633.7510000000
3633.7620000000
3633.7730000000
3633.7840000000
3633.7950000000
3633.8060000000
3633.8180000000
3633.8290000000
3633.8400000000
3633.8510000000
3633.8620000000
3633.8730000000
3633.8850000000
3633.8950000000
3633.9060000000
3633.9170000000
3633.9290000000
3633.9400000000
3633.9510000000
3633.9620000000
3633.9730000000
3633.9840000000
3633.9950000000
3634.0060000000
3634.0180000000
3634.0290000000
3634.0400000000
3634.0510000000
3634.0620000000
3634.0730000000
3634.0840000000
3634.0950000000
3634.1060000000
3634.1170000000
3634.1290000000
3634.1400000000
3634.1510000000
3634.1620000000
3634.1730000000
3634.1840000000
3634.1950000000
3634.2060000000
3634.2180000000
3634.2290000000
3634.2400000000
3634.2510000000
3634.2620000000
3634.2730000000
3634.2840000000
3634.2950000000
3634.3060000000
3634.3170000000
3634.3290000000
3634.3400000000
3634.3510000000
3634.3620000000
3634.3730000000
3634.3840000000
3634.3950000000
3634.4060000000
3634.4170000000
3634.4280000000
3634.4400000000
3634.4510000000
3634.4620000000
3634.4730000000
3634.4840000000
3634.4950000000
3634.5060000000
3634.5170000000
3634.5280000000
3634.5400000000
3634.5510000000
3634.5620000000
3634.5730000000
3634.5840000000
3634.5950000000
3634.6060000000
3634.6170000000
3634.6280000000
3634.6390000000
3634.6510000000
3634.6620000000
3634.6730000000
3634.6840000000
3634.6950000000
3634.7060000000
3634.7170000000
3634.7290000000
3634.7390000000
3634.7500000000
3634.7620000000
3634.7730000000
3634.7840000000
3634.7950000000
3634.8060000000
3634.8170000000
3634.8280000000
3634.8390000000
3634.8510000000
3634.8620000000
3634.8730000000
3634.8840000000
3634.8950000000
3634.9060000000
3634.9170000000
3634.9290000000
3634.9390000000
3634.9500000000
3634.9620000000
3634.9730000000
3634.9840000000
3634.9950000000
3635.0060000000
3635.0170000000
3635.0280000000
3635.0400000000
3635.0510000000
3635.0620000000
3635.0730000000
3635.0830000000
3635.0950000000
3635.1060000000
3635.1170000000
3635.1280000000
3635.1390000000
3635.1500000000
3635.1610000000
3635.1720000000
3635.1840000000
3635.1950000000
3635.2060000000
3635.2170000000
3635.2280000000
3635.2390000000
3635.2500000000
3635.2610000000
3635.2720000000
3635.2840000000
3635.2950000000
3635.3060000000
3635.3170000000
3635.3280000000
3635.3390000000
3635.3500000000
3635.3610000000
3635.3730000000
3635.3840000000
3635.3950000000
3635.4060000000
3635.4170000000
3635.4280000000
3635.4390000000
3635.4500000000
3635.4610000000
3635.4720000000
3635.4830000000
3635.4950000000
3635.5060000000
3635.5170000000
3635.5280000000
3635.5390000000
3635.5500000000
3635.5620000000
3635.5720000000
3635.5830000000
3635.5940000000
3635.6060000000
3635.6170000000
3635.6280000000
3635.6390000000
3635.6500000000
3635.6610000000
3635.6720000000
3635.6840000000
3635.6950000000
3635.7060000000
3635.7170000000
3635.7280000000
3635.7390000000
3635.7500000000
3635.7620000000
3635.7720000000
3635.7830000000
3635.7940000000
3635.8060000000
3635.8170000000
3635.8280000000
3635.8390000000
3635.8500000000
3635.8610000000
3635.8720000000
3635.8840000000
3635.8940000000
3635.9050000000
3635.9170000000
3635.9280000000
3635.9390000000
3635.9500000000
3635.9610000000
3635.9720000000
3635.9830000000
3635.9940000000
3636.0050000000
3636.0170000000
3636.0280000000
3636.0390000000
3636.0500000000
3636.0610000000
3636.0720000000
3636.0830000000
3636.0940000000
3636.1050000000
3636.1170000000
3636.1280000000
3636.1390000000
3636.1500000000
3636.1610000000
3636.1720000000
3636.1830000000
3636.1940000000
3636.2050000000
3636.2170000000
3636.2280000000
3636.2390000000
3636.2500000000
3636.2610000000
3636.2720000000
3636.2830000000
3636.2940000000
3636.3050000000
3636.3160000000
3636.3280000000
3636.3390000000
3636.3500000000
3636.3610000000
3636.3720000000
3636.3830000000
3636.3940000000
3636.4050000000
3636.4170000000
3636.4280000000
3636.4380000000
3636.4500000000
3636.4610000000
3636.4720000000
3636.4830000000
3636.4940000000
3636.5050000000
3636.5160000000
3636.5270000000
3636.5390000000
3636.5500000000
3636.5610000000
3636.5720000000
3636.5830000000
3636.5940000000
3636.6050000000
3636.6160000000
3636.6280000000
3636.6380000000
3636.6500000000
3636.6610000000
3636.6720000000
3636.6830000000
3636.6940000000
3636.7050000000
3636.7160000000
3636.7270000000
3636.7380000000
3636.7500000000
3636.7600000000
3636.7720000000
3636.7830000000
3636.7940000000
3636.8050000000
3636.8160000000
3636.8280000000
3636.8380000000
3636.8490000000
3636.8610000000
3636.8720000000
3636.8830000000
3636.8940000000
3636.9050000000
3636.9160000000
3636.9270000000
3636.9380000000
3636.9490000000
3636.9610000000
3636.9710000000
3636.9830000000
3636.9940000000
3637.0050000000
3637.0160000000
3637.0270000000
3637.0380000000
3637.0490000000
3637.0610000000
3637.0720000000
3637.0830000000
3637.0940000000
3637.1050000000
3637.1160000000
3637.1270000000
3637.1380000000
3637.1490000000
3637.1600000000
3637.1720000000
3637.1830000000
3637.1940000000
3637.2050000000
3637.2160000000
3637.2270000000
3637.2380000000
3637.2490000000
3637.2600000000
3637.2710000000
3637.2820000000
3637.2940000000
3637.3050000000
3637.3160000000
3637.3270000000
3637.3380000000
3637.3490000000
3637.3600000000
3637.3720000000
3637.3820000000
3637.3940000000
3637.4050000000
3637.4160000000
3637.4270000000
3637.4380000000
3637.4490000000
3637.4600000000
3637.4710000000
3637.4820000000
3637.4930000000
3637.5050000000
3637.5160000000
3637.5270000000
3637.5380000000
3637.5490000000
3637.5600000000
3637.5710000000
3637.5830000000
3637.5940000000
3637.6040000000
3637.6160000000
3637.6270000000
3637.6380000000
3637.6490000000
3637.6600000000
3637.6710000000
3637.6820000000
3637.6930000000
3637.7050000000
3637.7160000000
3637.7270000000
3637.7380000000
3637.7490000000
3637.7600000000
3637.7710000000
3637.7830000000
3637.7930000000
3637.8040000000
3637.8160000000
3637.8270000000
3637.8380000000
3637.8490000000
3637.8600000000
3637.8710000000
3637.8820000000
3637.8940000000
3637.9050000000
3637.9160000000
3637.9270000000
3637.9380000000
3637.9490000000
3637.9600000000
3637.9710000000
3637.9820000000
3637.9930000000
3638.0040000000
3638.0150000000
3638.0270000000
3638.0380000000
3638.0490000000
3638.0600000000
3638.0710000000
3638.0820000000
3638.0930000000
3638.1040000000
3638.1150000000
3638.1260000000
3638.1380000000
3638.1490000000
3638.1600000000
3638.1710000000
3638.1820000000
3638.1930000000
3638.2040000000
3638.2160000000
3638.2270000000
3638.2380000000
3638.2490000000
3638.2600000000
3638.2710000000
3638.2820000000
3638.2930000000
3638.3040000000
3638.3150000000
3638.3260000000
3638.3380000000
3638.3490000000
3638.3600000000
3638.3710000000
3638.3820000000
3638.3930000000
3638.4040000000
3638.4150000000
3638.4270000000
3638.4380000000
3638.4490000000
3638.4600000000
3638.4710000000
3638.4820000000
3638.4930000000
3638.5040000000
3638.5150000000
3638.5260000000
3638.5380000000
3638.5490000000
3638.5600000000
3638.5710000000
3638.5820000000
3638.5930000000
3638.6040000000
3638.6150000000
3638.6260000000
3638.6370000000
3638.6490000000
3638.6600000000
3638.6710000000
3638.6820000000
3638.6930000000
3638.7040000000
3638.7150000000
3638.7260000000
3638.7370000000
3638.7490000000
3638.7600000000
3638.7710000000
3638.7820000000
3638.7930000000
3638.8040000000
3638.8150000000
3638.8260000000
3638.8370000000
3638.8480000000
3638.8600000000
3638.8710000000
3638.8820000000
3638.8930000000
3638.9040000000
3638.9150000000
3638.9260000000
3638.9370000000
3638.9480000000
3638.9590000000
3638.9710000000
3638.9820000000
3638.9930000000
3639.0040000000
3639.0150000000
3639.0260000000
3639.0370000000
3639.0480000000
3639.0600000000
3639.0710000000
3639.0820000000
3639.0930000000
3639.1040000000
3639.1150000000
3639.1260000000
3639.1370000000
3639.1480000000
3639.1590000000
3639.1700000000
3639.1820000000
3639.1930000000
3639.2040000000
3639.2150000000
3639.2260000000
3639.2370000000
3639.2480000000
3639.2590000000
3639.2710000000
3639.2810000000
3639.2930000000
3639.3040000000
3639.3150000000
3639.3260000000
3639.3370000000
3639.3480000000
3639.3590000000
3639.3700000000
3639.3810000000
3639.3930000000
3639.4040000000
3639.4150000000
3639.4260000000
3639.4370000000
3639.4480000000
3639.4590000000
3639.4700000000
3639.4810000000
3639.4930000000
3639.5040000000
3639.5150000000
3639.5260000000
3639.5370000000
3639.5480000000
3639.5590000000
