1595.4120000000
1595.4230000000
1595.4340000000
1595.4460000000
1595.4570000000
1595.4690000000
1595.4800000000
1595.4910000000
1595.5020000000
1595.5130000000
1595.5250000000
1595.5360000000
1595.5460000000
1595.5570000000
1595.5680000000
1595.5800000000
1595.5910000000
1595.6020000000
1595.6130000000
1595.6240000000
1595.6350000000
1595.6460000000
1595.6570000000
1595.6680000000
1595.6800000000
1595.6910000000
1595.7020000000
1595.7130000000
1595.7240000000
1595.7350000000
1595.7460000000
1595.7570000000
1595.7680000000
1595.7800000000
1595.7910000000
1595.8020000000
1595.8130000000
1595.8240000000
1595.8350000000
1595.8460000000
1595.8570000000
1595.8680000000
1595.8790000000
1595.8910000000
1595.9020000000
1595.9130000000
1595.9240000000
1595.9350000000
1595.9460000000
1595.9570000000
1595.9680000000
1595.9790000000
1595.9910000000
1596.0020000000
1596.0130000000
1596.0240000000
1596.0350000000
1596.0460000000
1596.0570000000
1596.0680000000
1596.0790000000
1596.0910000000
1596.1020000000
1596.1130000000
1596.1240000000
1596.1350000000
1596.1460000000
1596.1570000000
1596.1680000000
1596.1790000000
1596.1900000000
1596.2020000000
1596.2130000000
1596.2240000000
1596.2350000000
1596.2460000000
1596.2570000000
1596.2680000000
1596.2790000000
1596.2900000000
1596.3020000000
1596.3130000000
1596.3240000000
1596.3350000000
1596.3460000000
1596.3570000000
1596.3680000000
1596.3790000000
1596.3900000000
1596.4010000000
1596.4130000000
1596.4240000000
1596.4350000000
1596.4460000000
1596.4570000000
1596.4680000000
1596.4790000000
1596.4900000000
1596.5020000000
1596.5130000000
1596.5240000000
1596.5350000000
1596.5460000000
1596.5570000000
1596.5680000000
1596.5790000000
1596.5900000000
1596.6020000000
1596.6130000000
1596.6240000000
1596.6350000000
1596.6460000000
1596.6570000000
1596.6680000000
1596.6790000000
1596.6900000000
1596.7020000000
1596.7120000000
1596.7240000000
1596.7350000000
1596.7460000000
1596.7570000000
1596.7680000000
1596.7790000000
1596.7900000000
1596.8020000000
1596.8130000000
1596.8240000000
1596.8350000000
1596.8460000000
1596.8570000000
1596.8680000000
1596.8790000000
1596.8900000000
1596.9010000000
1596.9130000000
1596.9230000000
1596.9350000000
1596.9460000000
1596.9570000000
1596.9680000000
1596.9790000000
1596.9900000000
1597.0010000000
1597.0120000000
1597.0240000000
1597.0340000000
1597.0460000000
1597.0570000000
1597.0680000000
1597.0790000000
1597.0900000000
1597.1010000000
1597.1120000000
1597.1240000000
1597.1340000000
1597.1460000000
1597.1570000000
1597.1680000000
1597.1790000000
1597.1900000000
1597.2010000000
1597.2120000000
1597.2230000000
1597.2340000000
1597.2460000000
1597.2570000000
1597.2680000000
1597.2790000000
1597.2900000000
1597.3010000000
1597.3120000000
1597.3230000000
1597.3340000000
1597.3460000000
1597.3570000000
1597.3680000000
1597.3790000000
1597.3900000000
1597.4010000000
1597.4120000000
1597.4230000000
1597.4340000000
1597.4450000000
1597.4570000000
1597.4680000000
1597.4790000000
1597.4900000000
1597.5010000000
1597.5120000000
1597.5230000000
1597.5340000000
1597.5460000000
1597.5570000000
1597.5680000000
1597.5790000000
1597.5900000000
1597.6010000000
1597.6120000000
1597.6230000000
1597.6340000000
1597.6450000000
1597.6560000000
1597.6670000000
1597.6790000000
1597.6900000000
1597.7010000000
1597.7130000000
1597.7230000000
1597.7340000000
1597.7450000000
1597.7570000000
1597.7670000000
1597.7790000000
1597.7900000000
1597.8010000000
1597.8120000000
1597.8230000000
1597.8340000000
1597.8460000000
1597.8560000000
1597.8670000000
1597.8790000000
1597.8900000000
1597.9010000000
1597.9120000000
1597.9230000000
1597.9340000000
1597.9450000000
1597.9560000000
1597.9670000000
1597.9790000000
1597.9900000000
1598.0010000000
1598.0120000000
1598.0230000000
1598.0340000000
1598.0450000000
1598.0560000000
1598.0670000000
1598.0790000000
1598.0900000000
1598.1010000000
1598.1120000000
1598.1230000000
1598.1340000000
1598.1450000000
1598.1560000000
1598.1670000000
1598.1790000000
1598.1900000000
1598.2010000000
1598.2120000000
1598.2230000000
1598.2340000000
1598.2450000000
1598.2560000000
1598.2670000000
1598.2780000000
1598.2890000000
1598.3010000000
1598.3120000000
1598.3230000000
1598.3340000000
1598.3450000000
1598.3560000000
1598.3670000000
1598.3780000000
1598.3890000000
1598.4010000000
1598.4120000000
1598.4230000000
1598.4340000000
1598.4450000000
1598.4560000000
1598.4670000000
1598.4780000000
1598.4900000000
1598.5000000000
1598.5120000000
1598.5230000000
1598.5340000000
1598.5450000000
1598.5560000000
1598.5670000000
1598.5780000000
1598.5890000000
1598.6000000000
1598.6120000000
1598.6230000000
1598.6340000000
1598.6450000000
1598.6560000000
1598.6670000000
1598.6780000000
1598.6890000000
1598.7000000000
1598.7120000000
1598.7230000000
1598.7340000000
1598.7450000000
1598.7560000000
1598.7670000000
1598.7780000000
1598.7900000000
1598.8000000000
1598.8120000000
1598.8230000000
1598.8340000000
1598.8450000000
1598.8560000000
1598.8670000000
1598.8780000000
1598.8890000000
1598.9000000000
1598.9110000000
1598.9220000000
1598.9330000000
1598.9450000000
1598.9560000000
1598.9670000000
1598.9780000000
1598.9890000000
1599.0000000000
1599.0110000000
1599.0230000000
1599.0330000000
1599.0450000000
1599.0560000000
1599.0670000000
1599.0780000000
1599.0890000000
1599.1000000000
1599.1110000000
1599.1220000000
1599.1330000000
1599.1450000000
1599.1560000000
1599.1670000000
1599.1780000000
1599.1890000000
1599.2000000000
1599.2110000000
1599.2220000000
1599.2330000000
1599.2450000000
1599.2560000000
1599.2670000000
1599.2780000000
1599.2890000000
1599.3000000000
1599.3110000000
1599.3230000000
1599.3330000000
1599.3440000000
1599.3560000000
1599.3670000000
1599.3780000000
1599.3890000000
1599.4000000000
1599.4110000000
1599.4220000000
1599.4330000000
1599.4440000000
1599.4560000000
1599.4670000000
1599.4780000000
1599.4890000000
1599.5000000000
1599.5110000000
1599.5220000000
1599.5330000000
1599.5440000000
1599.5560000000
1599.5670000000
1599.5780000000
1599.5890000000
1599.6000000000
1599.6110000000
1599.6220000000
1599.6330000000
1599.6440000000
1599.6560000000
1599.6670000000
1599.6780000000
1599.6890000000
1599.7000000000
1599.7110000000
1599.7220000000
1599.7330000000
1599.7440000000
1599.7550000000
1599.7660000000
1599.7780000000
1599.7890000000
1599.8000000000
1599.8110000000
1599.8220000000
1599.8330000000
1599.8440000000
1599.8550000000
1599.8660000000
1599.8780000000
1599.8890000000
1599.9000000000
1599.9110000000
1599.9220000000
1599.9330000000
1599.9440000000
1599.9550000000
1599.9660000000
1599.9770000000
1599.9890000000
1600.0000000000
1600.0110000000
1600.0220000000
1600.0330000000
1600.0440000000
1600.0550000000
1600.0660000000
1600.0780000000
1600.0890000000
1600.1000000000
1600.1110000000
1600.1220000000
1600.1330000000
1600.1440000000
1600.1550000000
1600.1660000000
1600.1770000000
1600.1890000000
1600.2000000000
1600.2110000000
1600.2220000000
1600.2330000000
1600.2440000000
1600.2550000000
1600.2660000000
1600.2770000000
1600.2880000000
1600.3000000000
1600.3110000000
1600.3220000000
1600.3330000000
1600.3440000000
1600.3550000000
1600.3660000000
1600.3770000000
1600.3880000000
1600.3990000000
1600.4110000000
1600.4220000000
1600.4330000000
1600.4440000000
1600.4550000000
1600.4660000000
1600.4770000000
1600.4880000000
1600.5000000000
1600.5110000000
1600.5220000000
1600.5330000000
1600.5440000000
1600.5550000000
1600.5660000000
1600.5770000000
1600.5880000000
1600.5990000000
1600.6110000000
1600.6220000000
1600.6330000000
1600.6440000000
1600.6550000000
1600.6660000000
1600.6770000000
1600.6880000000
1600.6990000000
1600.7110000000
1600.7220000000
1600.7330000000
1600.7440000000
1600.7550000000
1600.7660000000
1600.7770000000
1600.7880000000
1600.7990000000
1600.8110000000
1600.8210000000
1600.8330000000
1600.8440000000
1600.8550000000
1600.8660000000
1600.8770000000
1600.8880000000
1600.8990000000
1600.9110000000
1600.9220000000
1600.9320000000
1600.9440000000
1600.9550000000
1600.9660000000
1600.9770000000
1600.9880000000
1600.9990000000
1601.0110000000
1601.0220000000
1601.0330000000
1601.0440000000
1601.0550000000
1601.0660000000
1601.0770000000
1601.0880000000
1601.0990000000
1601.1100000000
1601.1220000000
1601.1320000000
1601.1440000000
1601.1550000000
1601.1660000000
1601.1770000000
1601.1880000000
1601.1990000000
1601.2100000000
1601.2220000000
1601.2330000000
1601.2440000000
1601.2550000000
1601.2660000000
1601.2770000000
1601.2880000000
1601.2990000000
1601.3100000000
1601.3210000000
1601.3330000000
1601.3440000000
1601.3550000000
1601.3660000000
1601.3770000000
1601.3880000000
1601.3990000000
1601.4100000000
1601.4210000000
1601.4320000000
1601.4430000000
1601.4540000000
1601.4660000000
1601.4770000000
1601.4880000000
1601.4990000000
1601.5100000000
1601.5210000000
1601.5320000000
1601.5430000000
1601.5540000000
1601.5660000000
1601.5770000000
1601.5880000000
1601.5990000000
1601.6100000000
1601.6210000000
1601.6320000000
1601.6430000000
1601.6550000000
1601.6660000000
1601.6770000000
1601.6880000000
1601.6990000000
1601.7100000000
1601.7210000000
1601.7320000000
1601.7440000000
1601.7540000000
1601.7660000000
1601.7760000000
1601.7880000000
1601.7990000000
1601.8100000000
1601.8210000000
1601.8320000000
1601.8430000000
1601.8550000000
1601.8650000000
1601.8770000000
1601.8880000000
1601.8990000000
1601.9100000000
1601.9210000000
1601.9320000000
1601.9430000000
1601.9540000000
1601.9650000000
1601.9760000000
1601.9880000000
1601.9990000000
1602.0100000000
1602.0210000000
1602.0320000000
1602.0430000000
1602.0540000000
1602.0650000000
1602.0770000000
1602.0880000000
1602.0990000000
1602.1100000000
1602.1210000000
1602.1320000000
1602.1430000000
1602.1540000000
1602.1650000000
1602.1770000000
1602.1870000000
1602.1990000000
1602.2100000000
1602.2210000000
1602.2320000000
1602.2430000000
1602.2540000000
1602.2650000000
1602.2760000000
1602.2870000000
1602.2990000000
1602.3100000000
1602.3210000000
1602.3320000000
1602.3430000000
1602.3540000000
1602.3650000000
1602.3760000000
1602.3870000000
1602.3980000000
1602.4100000000
1602.4210000000
1602.4320000000
1602.4430000000
1602.4540000000
1602.4650000000
1602.4760000000
1602.4870000000
1602.4980000000
1602.5100000000
1602.5210000000
1602.5320000000
1602.5430000000
1602.5540000000
1602.5650000000
1602.5760000000
1602.5870000000
1602.5990000000
1602.6090000000
1602.6210000000
1602.6320000000
1602.6430000000
1602.6540000000
1602.6650000000
1602.6760000000
1602.6870000000
1602.6980000000
1602.7090000000
1602.7210000000
1602.7320000000
1602.7430000000
1602.7540000000
1602.7650000000
1602.7760000000
1602.7870000000
1602.7980000000
1602.8090000000
1602.8200000000
1602.8320000000
1602.8430000000
1602.8540000000
1602.8650000000
1602.8760000000
1602.8870000000
1602.8980000000
1602.9100000000
1602.9200000000
1602.9320000000
1602.9430000000
1602.9540000000
1602.9650000000
1602.9760000000
1602.9870000000
1602.9980000000
1603.0090000000
1603.0200000000
1603.0310000000
1603.0430000000
1603.0540000000
1603.0650000000
1603.0760000000
1603.0870000000
1603.0980000000
1603.1090000000
1603.1200000000
1603.1310000000
1603.1430000000
1603.1540000000
1603.1650000000
1603.1760000000
1603.1870000000
1603.1980000000
1603.2090000000
1603.2200000000
1603.2320000000
1603.2420000000
1603.2540000000
1603.2650000000
1603.2760000000
1603.2870000000
1603.2980000000
1603.3090000000
1603.3200000000
1603.3310000000
1603.3430000000
1603.3540000000
1603.3650000000
1603.3760000000
1603.3870000000
1603.3980000000
1603.4090000000
1603.4200000000
1603.4310000000
1603.4430000000
1603.4540000000
1603.4650000000
1603.4760000000
1603.4870000000
1603.4980000000
1603.5090000000
1603.5200000000
1603.5310000000
1603.5420000000
1603.5530000000
1603.5640000000
1603.5760000000
1603.5870000000
1603.5980000000
1603.6090000000
1603.6200000000
1603.6310000000
1603.6420000000
1603.6530000000
1603.6640000000
1603.6760000000
1603.6870000000
1603.6980000000
1603.7090000000
1603.7200000000
1603.7310000000
1603.7420000000
1603.7530000000
1603.7650000000
1603.7760000000
1603.7870000000
1603.7980000000
1603.8090000000
1603.8200000000
1603.8310000000
1603.8420000000
1603.8530000000
1603.8640000000
1603.8760000000
1603.8870000000
1603.8980000000
1603.9090000000
1603.9200000000
1603.9310000000
1603.9420000000
1603.9530000000
1603.9640000000
1603.9750000000
1603.9870000000
1603.9980000000
1604.0090000000
1604.0200000000
1604.0310000000
1604.0420000000
1604.0530000000
1604.0640000000
1604.0760000000
1604.0870000000
1604.0980000000
1604.1090000000
1604.1200000000
1604.1310000000
1604.1420000000
1604.1530000000
1604.1640000000
1604.1750000000
1604.1860000000
1604.1980000000
1604.2090000000
1604.2200000000
1604.2310000000
1604.2420000000
1604.2530000000
1604.2640000000
1604.2750000000
1604.2870000000
1604.2970000000
1604.3090000000
1604.3200000000
1604.3310000000
1604.3420000000
1604.3530000000
1604.3640000000
1604.3750000000
1604.3860000000
1604.3980000000
1604.4090000000
1604.4200000000
1604.4310000000
1604.4420000000
1604.4530000000
1604.4640000000
1604.4750000000
1604.4860000000
1604.4970000000
1604.5090000000
1604.5200000000
1604.5310000000
1604.5420000000
1604.5530000000
1604.5640000000
1604.5750000000
1604.5860000000
1604.5970000000
1604.6090000000
1604.6200000000
1604.6310000000
1604.6420000000
1604.6530000000
1604.6640000000
1604.6750000000
1604.6860000000
1604.6980000000
1604.7080000000
1604.7200000000
1604.7310000000
1604.7420000000
1604.7530000000
1604.7640000000
1604.7750000000
1604.7860000000
1604.7970000000
1604.8080000000
1604.8200000000
1604.8310000000
1604.8420000000
1604.8530000000
1604.8640000000
1604.8750000000
1604.8860000000
1604.8970000000
1604.9080000000
1604.9200000000
1604.9310000000
1604.9420000000
1604.9530000000
1604.9640000000
1604.9750000000
1604.9860000000
1604.9970000000
1605.0080000000
1605.0200000000
1605.0300000000
1605.0420000000
1605.0530000000
1605.0640000000
1605.0750000000
1605.0860000000
1605.0970000000
1605.1090000000
1605.1200000000
1605.1300000000
1605.1410000000
1605.1530000000
1605.1640000000
1605.1750000000
1605.1860000000
1605.1970000000
1605.2080000000
1605.2200000000
1605.2300000000
1605.2410000000
1605.2530000000
1605.2640000000
1605.2750000000
1605.2860000000
1605.2970000000
1605.3080000000
1605.3200000000
1605.3300000000
1605.3410000000
1605.3530000000
1605.3640000000
1605.3750000000
1605.3860000000
1605.3970000000
1605.4080000000
1605.4190000000
1605.4300000000
1605.4410000000
1605.4530000000
1605.4640000000
1605.4750000000
1605.4860000000
1605.4970000000
1605.5080000000
1605.5190000000
1605.5300000000
1605.5410000000
1605.5520000000
1605.5640000000
1605.5750000000
1605.5860000000
1605.5970000000
1605.6080000000
1605.6190000000
1605.6300000000
1605.6410000000
1605.6520000000
1605.6640000000
1605.6750000000
1605.6860000000
1605.6970000000
1605.7080000000
1605.7190000000
1605.7300000000
1605.7410000000
1605.7520000000
1605.7640000000
1605.7740000000
1605.7860000000
1605.7970000000
1605.8080000000
1605.8190000000
1605.8300000000
1605.8410000000
1605.8520000000
1605.8630000000
1605.8750000000
1605.8860000000
1605.8970000000
1605.9080000000
1605.9190000000
1605.9300000000
1605.9410000000
1605.9520000000
1605.9630000000
1605.9750000000
1605.9860000000
1605.9970000000
1606.0080000000
1606.0190000000
1606.0300000000
1606.0410000000
1606.0520000000
1606.0630000000
1606.0740000000
1606.0850000000
1606.0970000000
1606.1080000000
1606.1190000000
1606.1300000000
1606.1410000000
1606.1520000000
1606.1630000000
1606.1740000000
1606.1850000000
1606.1970000000
1606.2080000000
1606.2190000000
1606.2300000000
1606.2410000000
1606.2520000000
1606.2630000000
1606.2740000000
1606.2860000000
1606.2970000000
1606.3080000000
1606.3190000000
1606.3300000000
1606.3410000000
1606.3520000000
1606.3630000000
1606.3740000000
1606.3850000000
1606.3960000000
1606.4080000000
1606.4190000000
1606.4300000000
1606.4410000000
1606.4520000000
1606.4630000000
1606.4740000000
1606.4850000000
1606.4960000000
1606.5080000000
1606.5190000000
1606.5300000000
1606.5410000000
1606.5520000000
1606.5630000000
1606.5740000000
1606.5850000000
1606.5960000000
1606.6070000000
1606.6190000000
1606.6300000000
1606.6410000000
1606.6520000000
1606.6630000000
1606.6740000000
1606.6850000000
1606.6970000000
1606.7070000000
1606.7190000000
1606.7300000000
1606.7410000000
1606.7520000000
1606.7630000000
1606.7740000000
1606.7850000000
1606.7960000000
1606.8070000000
1606.8180000000
1606.8290000000
1606.8410000000
1606.8520000000
1606.8630000000
1606.8740000000
1606.8850000000
1606.8960000000
1606.9070000000
1606.9180000000
1606.9300000000
1606.9410000000
1606.9520000000
1606.9630000000
1606.9740000000
1606.9850000000
1606.9960000000
1607.0070000000
1607.0180000000
1607.0300000000
1607.0410000000
1607.0520000000
1607.0630000000
1607.0740000000
1607.0850000000
1607.0960000000
1607.1070000000
1607.1180000000
1607.1290000000
1607.1410000000
1607.1520000000
1607.1630000000
1607.1740000000
1607.1850000000
1607.1960000000
1607.2070000000
1607.2180000000
1607.2290000000
1607.2400000000
1607.2520000000
1607.2630000000
1607.2740000000
1607.2850000000
1607.2960000000
1607.3070000000
1607.3180000000
1607.3290000000
1607.3410000000
1607.3510000000
1607.3630000000
1607.3740000000
1607.3850000000
1607.3960000000
1607.4070000000
1607.4180000000
1607.4290000000
1607.4400000000
1607.4510000000
1607.4630000000
1607.4740000000
1607.4850000000
1607.4960000000
1607.5070000000
1607.5180000000
1607.5290000000
1607.5400000000
1607.5510000000
1607.5630000000
1607.5740000000
1607.5850000000
1607.5960000000
1607.6070000000
1607.6180000000
1607.6290000000
1607.6400000000
1607.6510000000
1607.6620000000
1607.6740000000
1607.6850000000
1607.6960000000
1607.7070000000
1607.7180000000
1607.7290000000
1607.7400000000
1607.7510000000
1607.7620000000
1607.7740000000
1607.7850000000
1607.7960000000
1607.8070000000
1607.8180000000
1607.8290000000
1607.8400000000
1607.8510000000
1607.8620000000
1607.8740000000
1607.8850000000
1607.8960000000
1607.9070000000
1607.9180000000
1607.9290000000
1607.9400000000
1607.9510000000
1607.9620000000
1607.9730000000
1607.9840000000
1607.9960000000
1608.0070000000
1608.0180000000
1608.0300000000
1608.0400000000
1608.0520000000
1608.0620000000
1608.0730000000
1608.0840000000
1608.0960000000
1608.1070000000
1608.1180000000
1608.1290000000
1608.1400000000
1608.1510000000
1608.1620000000
1608.1730000000
1608.1840000000
1608.1960000000
1608.2070000000
1608.2180000000
1608.2290000000
1608.2400000000
1608.2510000000
1608.2620000000
1608.2730000000
1608.2840000000
1608.2960000000
1608.3070000000
1608.3180000000
1608.3290000000
1608.3400000000
1608.3510000000
1608.3620000000
1608.3730000000
1608.3850000000
1608.3960000000
1608.4060000000
1608.4180000000
1608.4290000000
1608.4400000000
1608.4510000000
1608.4620000000
1608.4730000000
1608.4840000000
1608.4950000000
1608.5070000000
1608.5180000000
1608.5290000000
1608.5400000000
1608.5510000000
1608.5620000000
1608.5730000000
1608.5840000000
1608.5950000000
1608.6060000000
1608.6180000000
1608.6290000000
1608.6400000000
1608.6510000000
1608.6620000000
1608.6730000000
1608.6840000000
1608.6950000000
1608.7070000000
1608.7180000000
1608.7290000000
1608.7400000000
1608.7510000000
1608.7620000000
1608.7730000000
1608.7840000000
1608.7950000000
1608.8060000000
1608.8170000000
1608.8280000000
1608.8400000000
1608.8510000000
1608.8620000000
1608.8730000000
1608.8840000000
1608.8950000000
1608.9060000000
1608.9170000000
1608.9290000000
1608.9400000000
1608.9510000000
1608.9620000000
1608.9730000000
1608.9840000000
1608.9950000000
1609.0060000000
1609.0170000000
1609.0290000000
1609.0400000000
1609.0510000000
1609.0620000000
1609.0730000000
1609.0840000000
1609.0950000000
1609.1060000000
1609.1170000000
1609.1290000000
1609.1400000000
1609.1510000000
1609.1620000000
1609.1730000000
1609.1840000000
1609.1950000000
1609.2060000000
1609.2170000000
1609.2280000000
1609.2390000000
1609.2500000000
1609.2620000000
1609.2730000000
1609.2840000000
1609.2950000000
1609.3060000000
1609.3170000000
1609.3280000000
1609.3390000000
1609.3510000000
1609.3620000000
1609.3730000000
1609.3840000000
1609.3950000000
1609.4060000000
1609.4170000000
1609.4280000000
1609.4390000000
1609.4510000000
1609.4620000000
1609.4730000000
1609.4840000000
1609.4950000000
1609.5060000000
1609.5170000000
1609.5280000000
1609.5390000000
1609.5510000000
1609.5620000000
1609.5730000000
1609.5840000000
1609.5950000000
1609.6060000000
1609.6170000000
1609.6280000000
1609.6390000000
1609.6510000000
1609.6620000000
1609.6730000000
1609.6840000000
1609.6950000000
1609.7060000000
1609.7170000000
1609.7280000000
1609.7390000000
1609.7500000000
1609.7620000000
1609.7720000000
1609.7840000000
1609.7950000000
1609.8060000000
1609.8170000000
1609.8280000000
1609.8390000000
1609.8500000000
1609.8610000000
1609.8720000000
1609.8840000000
1609.8950000000
1609.9060000000
1609.9170000000
1609.9280000000
1609.9390000000
1609.9500000000
1609.9610000000
1609.9730000000
1609.9840000000
1609.9950000000
1610.0060000000
1610.0170000000
1610.0280000000
1610.0390000000
1610.0500000000
1610.0610000000
1610.0730000000
1610.0830000000
1610.0950000000
1610.1060000000
1610.1170000000
1610.1280000000
1610.1390000000
1610.1500000000
1610.1610000000
1610.1720000000
1610.1830000000
1610.1950000000
1610.2060000000
1610.2170000000
1610.2280000000
1610.2390000000
1610.2500000000
1610.2610000000
1610.2720000000
1610.2850000000
1610.2950000000
1610.3060000000
1610.3170000000
1610.3280000000
1610.3390000000
1610.3500000000
1610.3610000000
1610.3720000000
1610.3830000000
1610.3950000000
1610.4060000000
1610.4170000000
1610.4280000000
1610.4390000000
1610.4500000000
1610.4610000000
1610.4720000000
1610.4830000000
1610.4940000000
1610.5060000000
1610.5170000000
1610.5280000000
1610.5390000000
1610.5500000000
1610.5610000000
1610.5720000000
1610.5830000000
1610.5940000000
1610.6060000000
1610.6170000000
1610.6280000000
1610.6390000000
1610.6500000000
1610.6610000000
1610.6720000000
1610.6830000000
1610.6940000000
1610.7050000000
1610.7170000000
1610.7280000000
1610.7390000000
1610.7500000000
1610.7610000000
1610.7720000000
1610.7830000000
1610.7950000000
1610.8050000000
1610.8170000000
1610.8280000000
1610.8390000000
1610.8500000000
1610.8610000000
1610.8720000000
1610.8830000000
1610.8940000000
1610.9060000000
1610.9170000000
1610.9270000000
1610.9390000000
1610.9500000000
1610.9610000000
1610.9720000000
1610.9830000000
1610.9940000000
1611.0050000000
1611.0160000000
1611.0280000000
1611.0390000000
1611.0500000000
1611.0610000000
1611.0720000000
1611.0830000000
1611.0940000000
1611.1050000000
1611.1160000000
1611.1280000000
1611.1390000000
1611.1500000000
1611.1610000000
1611.1720000000
1611.1830000000
1611.1940000000
1611.2050000000
1611.2160000000
1611.2280000000
1611.2390000000
1611.2500000000
1611.2610000000
1611.2720000000
1611.2830000000
1611.2940000000
1611.3050000000
1611.3160000000
1611.3270000000
1611.3390000000
1611.3500000000
1611.3610000000
1611.3720000000
1611.3830000000
1611.3940000000
1611.4050000000
1611.4160000000
1611.4270000000
1611.4390000000
1611.4490000000
1611.4600000000
1611.4720000000
1611.4830000000
1611.4940000000
1611.5050000000
1611.5160000000
1611.5270000000
1611.5390000000
1611.5490000000
1611.5610000000
1611.5720000000
1611.5830000000
1611.5940000000
1611.6050000000
1611.6160000000
1611.6270000000
1611.6380000000
1611.6490000000
1611.6610000000
1611.6720000000
1611.6830000000
1611.6940000000
1611.7050000000
1611.7160000000
1611.7270000000
1611.7390000000
1611.7490000000
1611.7600000000
1611.7720000000
1611.7830000000
1611.7940000000
1611.8050000000
1611.8160000000
1611.8270000000
1611.8380000000
1611.8490000000
1611.8600000000
1611.8710000000
1611.8820000000
1611.8940000000
1611.9050000000
1611.9160000000
1611.9270000000
1611.9380000000
1611.9490000000
1611.9600000000
1611.9710000000
1611.9820000000
1611.9940000000
1612.0050000000
1612.0160000000
1612.0270000000
1612.0380000000
1612.0490000000
1612.0600000000
1612.0720000000
1612.0820000000
1612.0940000000
1612.1050000000
1612.1160000000
1612.1270000000
1612.1380000000
1612.1490000000
1612.1600000000
1612.1710000000
1612.1820000000
1612.1930000000
1612.2050000000
1612.2160000000
1612.2270000000
1612.2380000000
1612.2490000000
1612.2600000000
1612.2710000000
1612.2820000000
1612.2930000000
1612.3050000000
1612.3160000000
1612.3270000000
1612.3380000000
1612.3490000000
1612.3600000000
1612.3710000000
1612.3820000000
1612.3940000000
1612.4050000000
1612.4160000000
1612.4270000000
1612.4380000000
1612.4490000000
1612.4600000000
1612.4710000000
1612.4820000000
1612.4940000000
1612.5050000000
1612.5160000000
1612.5270000000
1612.5380000000
1612.5490000000
1612.5600000000
1612.5710000000
1612.5820000000
1612.5930000000
1612.6040000000
1612.6160000000
1612.6270000000
1612.6380000000
1612.6490000000
1612.6600000000
1612.6710000000
1612.6820000000
1612.6930000000
1612.7040000000
1612.7160000000
1612.7270000000
1612.7380000000
1612.7490000000
1612.7600000000
1612.7710000000
1612.7820000000
1612.7930000000
1612.8040000000
1612.8150000000
1612.8270000000
1612.8380000000
1612.8490000000
1612.8600000000
1612.8710000000
1612.8820000000
1612.8930000000
1612.9040000000
1612.9160000000
1612.9270000000
1612.9380000000
1612.9490000000
1612.9600000000
1612.9710000000
1612.9820000000
1612.9930000000
1613.0040000000
1613.0150000000
1613.0260000000
1613.0380000000
1613.0490000000
1613.0600000000
1613.0710000000
1613.0820000000
1613.0930000000
1613.1040000000
1613.1150000000
1613.1260000000
1613.1380000000
1613.1490000000
1613.1600000000
1613.1710000000
1613.1820000000
1613.1930000000
1613.2040000000
1613.2150000000
1613.2260000000
1613.2370000000
1613.2490000000
1613.2600000000
1613.2710000000
1613.2820000000
1613.2930000000
1613.3040000000
1613.3150000000
1613.3260000000
1613.3370000000
1613.3490000000
1613.3600000000
1613.3710000000
1613.3820000000
1613.3930000000
1613.4040000000
1613.4150000000
1613.4260000000
1613.4380000000
1613.4480000000
1613.4590000000
1613.4710000000
1613.4820000000
1613.4930000000
1613.5040000000
1613.5150000000
1613.5260000000
1613.5370000000
1613.5480000000
1613.5600000000
1613.5710000000
1613.5820000000
1613.5930000000
1613.6040000000
1613.6150000000
1613.6260000000
1613.6370000000
1613.6480000000
1613.6590000000
1613.6710000000
1613.6820000000
1613.6930000000
1613.7040000000
1613.7150000000
1613.7260000000
1613.7370000000
1613.7480000000
1613.7590000000
1613.7710000000
1613.7820000000
1613.7930000000
1613.8040000000
1613.8150000000
1613.8260000000
1613.8370000000
1613.8480000000
1613.8590000000
1613.8710000000
1613.8810000000
1613.8930000000
1613.9040000000
1613.9150000000
1613.9260000000
1613.9370000000
1613.9480000000
1613.9600000000
1613.9700000000
1613.9820000000
1613.9930000000
1614.0040000000
1614.0150000000
1614.0260000000
1614.0370000000
1614.0480000000
1614.0590000000
1614.0700000000
1614.0820000000
1614.0930000000
1614.1040000000
1614.1150000000
1614.1260000000
1614.1370000000
1614.1480000000
1614.1600000000
1614.1700000000
1614.1820000000
1614.1920000000
1614.2030000000
1614.2150000000
1614.2260000000
1614.2370000000
1614.2480000000
1614.2590000000
1614.2700000000
1614.2810000000
1614.2920000000
1614.3040000000
1614.3150000000
1614.3260000000
1614.3370000000
1614.3480000000
1614.3590000000
1614.3700000000
1614.3810000000
1614.3920000000
1614.4030000000
1614.4150000000
1614.4260000000
1614.4370000000
1614.4480000000
1614.4590000000
1614.4700000000
1614.4820000000
1614.4920000000
1614.5040000000
1614.5150000000
1614.5260000000
1614.5370000000
1614.5480000000
1614.5590000000
1614.5700000000
1614.5810000000
1614.5930000000
1614.6040000000
1614.6150000000
1614.6260000000
1614.6370000000
1614.6480000000
1614.6590000000
1614.6700000000
1614.6810000000
1614.6920000000
1614.7030000000
1614.7150000000
1614.7260000000
1614.7370000000
1614.7480000000
1614.7590000000
1614.7700000000
1614.7810000000
1614.7920000000
1614.8030000000
1614.8140000000
1614.8260000000
1614.8370000000
1614.8480000000
1614.8590000000
1614.8700000000
1614.8810000000
1614.8920000000
1614.9030000000
1614.9140000000
1614.9260000000
1614.9370000000
1614.9480000000
1614.9590000000
1614.9700000000
1614.9810000000
1614.9920000000
1615.0030000000
1615.0140000000
1615.0260000000
1615.0360000000
1615.0480000000
1615.0590000000
1615.0700000000
1615.0810000000
1615.0920000000
1615.1030000000
1615.1150000000
1615.1250000000
1615.1360000000
1615.1480000000
1615.1590000000
1615.1700000000
1615.1810000000
1615.1920000000
1615.2030000000
1615.2140000000
1615.2250000000
1615.2360000000
1615.2480000000
1615.2590000000
1615.2700000000
1615.2810000000
1615.2920000000
1615.3030000000
1615.3140000000
1615.3250000000
1615.3370000000
1615.3480000000
1615.3590000000
1615.3700000000
1615.3810000000
1615.3920000000
1615.4030000000
1615.4140000000
1615.4250000000
1615.4360000000
1615.4470000000
1615.4590000000
1615.4700000000
1615.4810000000
1615.4920000000
1615.5030000000
1615.5140000000
1615.5250000000
1615.5360000000
1615.5470000000
1615.5580000000
1615.5700000000
1615.5810000000
1615.5920000000
1615.6030000000
1615.6140000000
1615.6250000000
1615.6360000000
1615.6470000000
1615.6580000000
1615.6700000000
1615.6810000000
1615.6920000000
1615.7030000000
1615.7140000000
1615.7250000000
1615.7360000000
1615.7470000000
1615.7580000000
1615.7700000000
1615.7810000000
1615.7920000000
1615.8030000000
1615.8140000000
1615.8250000000
1615.8360000000
1615.8470000000
1615.8580000000
1615.8690000000
1615.8800000000
1615.8920000000
1615.9030000000
1615.9140000000
1615.9250000000
1615.9360000000
1615.9470000000
1615.9580000000
1615.9690000000
1615.9810000000
1615.9920000000
1616.0030000000
1616.0140000000
1616.0250000000
1616.0360000000
1616.0470000000
1616.0580000000
1616.0690000000
1616.0800000000
1616.0920000000
1616.1030000000
1616.1140000000
1616.1250000000
1616.1360000000
1616.1470000000
1616.1580000000
1616.1690000000
1616.1800000000
1616.1920000000
1616.2030000000
1616.2140000000
1616.2250000000
1616.2360000000
1616.2470000000
1616.2580000000
1616.2690000000
1616.2800000000
1616.2920000000
1616.3030000000
1616.3140000000
1616.3250000000
1616.3360000000
1616.3470000000
1616.3580000000
1616.3690000000
1616.3800000000
1616.3910000000
1616.4020000000
1616.4140000000
1616.4250000000
1616.4360000000
1616.4470000000
1616.4580000000
1616.4690000000
1616.4800000000
1616.4910000000
1616.5020000000
1616.5140000000
1616.5250000000
1616.5360000000
1616.5470000000
1616.5580000000
1616.5690000000
1616.5800000000
1616.5910000000
1616.6030000000
1616.6140000000
1616.6250000000
1616.6360000000
1616.6470000000
1616.6580000000
1616.6690000000
1616.6800000000
1616.6920000000
1616.7030000000
1616.7140000000
1616.7250000000
1616.7360000000
1616.7470000000
1616.7580000000
1616.7690000000
1616.7800000000
1616.7910000000
1616.8020000000
1616.8140000000
1616.8250000000
1616.8360000000
1616.8470000000
1616.8580000000
1616.8690000000
1616.8800000000
1616.8910000000
1616.9020000000
1616.9130000000
1616.9250000000
1616.9360000000
1616.9470000000
1616.9580000000
1616.9690000000
1616.9800000000
1616.9910000000
1617.0020000000
1617.0130000000
1617.0250000000
1617.0360000000
1617.0470000000
1617.0580000000
1617.0690000000
1617.0800000000
1617.0910000000
1617.1020000000
1617.1130000000
1617.1240000000
1617.1360000000
1617.1470000000
1617.1580000000
1617.1690000000
1617.1800000000
1617.1910000000
1617.2020000000
1617.2140000000
1617.2240000000
1617.2350000000
1617.2470000000
1617.2580000000
1617.2690000000
1617.2800000000
1617.2910000000
1617.3020000000
1617.3130000000
1617.3240000000
1617.3350000000
1617.3470000000
1617.3580000000
1617.3690000000
1617.3800000000
1617.3910000000
1617.4020000000
1617.4130000000
1617.4240000000
1617.4350000000
1617.4470000000
1617.4580000000
1617.4690000000
1617.4800000000
1617.4910000000
1617.5020000000
1617.5130000000
1617.5240000000
1617.5350000000
1617.5460000000
1617.5570000000
1617.5690000000
1617.5800000000
1617.5910000000
1617.6020000000
1617.6130000000
1617.6240000000
1617.6350000000
1617.6460000000
1617.6580000000
1617.6680000000
1617.6800000000
1617.6910000000
1617.7020000000
1617.7130000000
1617.7240000000
1617.7350000000
1617.7460000000
1617.7570000000
1617.7690000000
1617.7800000000
1617.7910000000
1617.8020000000
1617.8130000000
1617.8240000000
1617.8350000000
1617.8460000000
1617.8570000000
1617.8680000000
1617.8800000000
1617.8910000000
1617.9020000000
1617.9130000000
1617.9240000000
1617.9350000000
1617.9460000000
1617.9570000000
1617.9680000000
1617.9790000000
1617.9910000000
1618.0020000000
1618.0130000000
1618.0240000000
1618.0350000000
1618.0460000000
1618.0570000000
1618.0680000000
1618.0790000000
1618.0910000000
1618.1020000000
1618.1130000000
1618.1240000000
1618.1350000000
1618.1460000000
1618.1570000000
1618.1680000000
1618.1800000000
1618.1910000000
1618.2020000000
1618.2130000000
1618.2240000000
1618.2350000000
1618.2460000000
1618.2570000000
1618.2680000000
1618.2800000000
1618.2910000000
1618.3020000000
1618.3130000000
1618.3240000000
1618.3350000000
1618.3460000000
1618.3570000000
1618.3680000000
1618.3800000000
1618.3900000000
1618.4020000000
1618.4130000000
1618.4240000000
1618.4350000000
1618.4460000000
1618.4570000000
1618.4680000000
1618.4790000000
1618.4900000000
1618.5020000000
1618.5130000000
1618.5240000000
1618.5350000000
1618.5460000000
1618.5570000000
1618.5680000000
1618.5790000000
1618.5900000000
1618.6010000000
1618.6130000000
1618.6240000000
1618.6350000000
1618.6460000000
1618.6570000000
1618.6680000000
1618.6790000000
1618.6910000000
1618.7010000000
1618.7120000000
1618.7240000000
1618.7350000000
1618.7460000000
1618.7570000000
1618.7680000000
1618.7790000000
1618.7900000000
1618.8010000000
1618.8120000000
1618.8240000000
1618.8350000000
1618.8460000000
1618.8570000000
1618.8680000000
1618.8790000000
1618.8900000000
1618.9010000000
1618.9120000000
1618.9230000000
1618.9350000000
1618.9460000000
1618.9570000000
1618.9680000000
1618.9790000000
1618.9900000000
1619.0010000000
1619.0120000000
1619.0230000000
1619.0340000000
1619.0460000000
1619.0570000000
1619.0680000000
1619.0790000000
1619.0900000000
1619.1010000000
1619.1120000000
1619.1240000000
1619.1350000000
1619.1460000000
1619.1570000000
1619.1680000000
1619.1790000000
1619.1900000000
1619.2010000000
1619.2120000000
1619.2240000000
1619.2350000000
1619.2460000000
1619.2570000000
1619.2680000000
1619.2790000000
1619.2900000000
1619.3010000000
1619.3120000000
1619.3230000000
1619.3340000000
1619.3460000000
1619.3570000000
1619.3680000000
1619.3790000000
1619.3900000000
1619.4010000000
1619.4120000000
1619.4230000000
1619.4340000000
1619.4460000000
1619.4570000000
1619.4680000000
1619.4790000000
1619.4900000000
1619.5010000000
1619.5120000000
1619.5230000000
1619.5340000000
1619.5450000000
1619.5570000000
1619.5680000000
1619.5790000000
1619.5900000000
1619.6010000000
1619.6120000000
1619.6230000000
1619.6340000000
1619.6450000000
1619.6570000000
1619.6680000000
1619.6790000000
1619.6900000000
1619.7010000000
1619.7120000000
1619.7230000000
1619.7340000000
1619.7450000000
1619.7570000000
1619.7680000000
1619.7790000000
1619.7900000000
1619.8010000000
1619.8120000000
1619.8230000000
1619.8340000000
1619.8450000000
1619.8570000000
1619.8670000000
1619.8790000000
1619.8900000000
1619.9010000000
1619.9120000000
1619.9230000000
1619.9340000000
1619.9450000000
1619.9570000000
1619.9670000000
1619.9790000000
1619.9900000000
1620.0010000000
1620.0120000000
1620.0230000000
1620.0340000000
1620.0450000000
1620.0570000000
1620.0670000000
1620.0780000000
1620.0900000000
1620.1010000000
1620.1120000000
1620.1230000000
1620.1340000000
1620.1450000000
1620.1560000000
1620.1670000000
1620.1780000000
1620.1900000000
1620.2010000000
1620.2120000000
1620.2230000000
1620.2340000000
1620.2450000000
1620.2560000000
1620.2670000000
1620.2780000000
1620.2900000000
1620.3010000000
1620.3120000000
1620.3230000000
1620.3340000000
1620.3450000000
1620.3560000000
1620.3670000000
1620.3780000000
1620.3890000000
1620.4010000000
1620.4120000000
1620.4230000000
1620.4340000000
1620.4450000000
1620.4560000000
1620.4670000000
1620.4780000000
1620.4900000000
1620.5000000000
1620.5110000000
1620.5230000000
1620.5340000000
1620.5450000000
1620.5560000000
1620.5670000000
1620.5780000000
1620.5890000000
1620.6000000000
1620.6120000000
1620.6230000000
1620.6340000000
1620.6450000000
1620.6560000000
1620.6670000000
1620.6780000000
1620.6890000000
1620.7000000000
1620.7120000000
1620.7230000000
1620.7340000000
1620.7450000000
1620.7560000000
1620.7670000000
1620.7780000000
1620.7890000000
1620.8000000000
1620.8110000000
1620.8230000000
1620.8330000000
1620.8450000000
1620.8560000000
1620.8670000000
1620.8780000000
1620.8890000000
1620.9000000000
1620.9110000000
1620.9220000000
1620.9330000000
1620.9450000000
1620.9560000000
1620.9670000000
1620.9780000000
1620.9890000000
1621.0000000000
1621.0110000000
1621.0220000000
1621.0330000000
1621.0450000000
1621.0560000000
1621.0670000000
1621.0780000000
1621.0890000000
1621.1000000000
1621.1110000000
1621.1220000000
1621.1330000000
1621.1450000000
1621.1560000000
1621.1670000000
1621.1780000000
1621.1890000000
1621.2000000000
1621.2110000000
1621.2220000000
1621.2340000000
1621.2450000000
1621.2560000000
1621.2670000000
1621.2780000000
1621.2890000000
1621.3000000000
1621.3110000000
1621.3220000000
1621.3340000000
1621.3440000000
1621.3560000000
1621.3670000000
1621.3780000000
1621.3890000000
1621.4000000000
1621.4110000000
1621.4220000000
1621.4330000000
1621.4450000000
1621.4560000000
1621.4670000000
1621.4780000000
1621.4890000000
1621.5000000000
1621.5110000000
1621.5220000000
1621.5330000000
1621.5440000000
1621.5550000000
1621.5670000000
1621.5780000000
1621.5890000000
1621.6000000000
1621.6110000000
1621.6220000000
1621.6330000000
1621.6440000000
1621.6550000000
1621.6670000000
1621.6780000000
1621.6890000000
1621.7000000000
1621.7110000000
1621.7220000000
1621.7330000000
1621.7440000000
1621.7550000000
1621.7660000000
1621.7780000000
1621.7890000000
1621.8000000000
1621.8110000000
1621.8220000000
1621.8340000000
1621.8440000000
1621.8550000000
1621.8670000000
1621.8770000000
1621.8890000000
1621.9000000000
1621.9110000000
1621.9220000000
1621.9330000000
1621.9440000000
1621.9550000000
1621.9660000000
1621.9780000000
1621.9890000000
1622.0000000000
1622.0110000000
1622.0220000000
1622.0330000000
1622.0440000000
1622.0550000000
1622.0660000000
1622.0770000000
1622.0890000000
1622.1000000000
1622.1110000000
1622.1220000000
1622.1330000000
1622.1440000000
1622.1550000000
1622.1660000000
1622.1770000000
1622.1890000000
1622.2000000000
1622.2110000000
1622.2220000000
1622.2330000000
1622.2440000000
1622.2550000000
1622.2660000000
1622.2770000000
1622.2890000000
1622.3010000000
1622.3110000000
1622.3220000000
1622.3330000000
1622.3440000000
1622.3550000000
1622.3660000000
1622.3770000000
1622.3890000000
1622.3990000000
1622.4110000000
1622.4220000000
1622.4330000000
1622.4440000000
1622.4550000000
1622.4660000000
1622.4770000000
1622.4880000000
1622.5000000000
1622.5100000000
1622.5220000000
1622.5330000000
1622.5440000000
1622.5550000000
1622.5660000000
1622.5770000000
1622.5880000000
1622.5990000000
1622.6100000000
1622.6220000000
1622.6330000000
1622.6440000000
1622.6550000000
1622.6660000000
1622.6770000000
1622.6880000000
1622.6990000000
1622.7100000000
1622.7220000000
1622.7330000000
1622.7440000000
1622.7550000000
1622.7660000000
1622.7770000000
1622.7880000000
1622.7990000000
1622.8100000000
1622.8210000000
1622.8330000000
1622.8440000000
1622.8550000000
1622.8660000000
1622.8770000000
1622.8880000000
1622.8990000000
1622.9100000000
1622.9220000000
1622.9320000000
1622.9440000000
1622.9550000000
1622.9660000000
1622.9770000000
1622.9880000000
1622.9990000000
1623.0100000000
1623.0210000000
1623.0330000000
1623.0440000000
1623.0550000000
1623.0660000000
1623.0770000000
1623.0880000000
1623.0990000000
1623.1100000000
1623.1210000000
1623.1320000000
1623.1440000000
1623.1550000000
1623.1660000000
1623.1770000000
1623.1880000000
1623.1990000000
1623.2100000000
1623.2210000000
1623.2320000000
1623.2440000000
1623.2550000000
1623.2660000000
1623.2770000000
1623.2880000000
1623.2990000000
1623.3100000000
1623.3210000000
1623.3320000000
1623.3430000000
1623.3550000000
1623.3660000000
1623.3770000000
1623.3880000000
1623.3990000000
1623.4100000000
1623.4210000000
1623.4320000000
1623.4430000000
1623.4550000000
1623.4660000000
1623.4770000000
1623.4880000000
1623.4990000000
1623.5100000000
1623.5210000000
1623.5320000000
1623.5430000000
1623.5550000000
1623.5660000000
1623.5770000000
1623.5880000000
1623.5990000000
1623.6100000000
1623.6210000000
1623.6320000000
1623.6430000000
1623.6550000000
1623.6660000000
1623.6770000000
1623.6880000000
1623.6990000000
1623.7100000000
1623.7210000000
1623.7320000000
1623.7430000000
1623.7540000000
1623.7660000000
1623.7770000000
1623.7880000000
1623.7990000000
1623.8100000000
1623.8210000000
1623.8320000000
1623.8430000000
1623.8540000000
1623.8660000000
1623.8770000000
1623.8880000000
1623.8990000000
1623.9100000000
1623.9210000000
1623.9320000000
1623.9440000000
1623.9540000000
1623.9660000000
1623.9770000000
1623.9880000000
1623.9990000000
1624.0100000000
1624.0210000000
1624.0320000000
1624.0430000000
1624.0540000000
1624.0650000000
1624.0760000000
1624.0880000000
1624.0990000000
1624.1100000000
1624.1210000000
1624.1320000000
1624.1430000000
1624.1540000000
1624.1650000000
1624.1770000000
1624.1880000000
1624.1990000000
1624.2100000000
1624.2210000000
1624.2320000000
1624.2430000000
1624.2540000000
1624.2650000000
1624.2760000000
1624.2870000000
1624.2980000000
1624.3100000000
1624.3210000000
1624.3320000000
1624.3430000000
1624.3540000000
1624.3650000000
1624.3760000000
1624.3880000000
1624.3990000000
1624.4100000000
1624.4210000000
1624.4370000000
1624.4500000000
1624.4630000000
1624.4760000000
1624.4890000000
1624.5020000000
1624.5150000000
1624.5280000000
1624.5420000000
1624.5550000000
1624.5680000000
1624.5820000000
1624.5940000000
1624.6080000000
1624.6210000000
1624.6340000000
1624.6470000000
1624.6850000000
1624.6980000000
1624.7090000000
1624.7210000000
1624.7320000000
1624.7410000000
1624.7500000000
1624.7610000000
1624.7710000000
1624.7820000000
1624.7930000000
1624.8040000000
1624.8160000000
1624.8270000000
1624.8380000000
1624.8490000000
1624.8600000000
1624.8710000000
1624.8820000000
1624.8930000000
1624.9040000000
1624.9160000000
1624.9270000000
1624.9380000000
1624.9490000000
1624.9600000000
1624.9710000000
1624.9820000000
1624.9930000000
1625.0040000000
1625.0150000000
1625.0270000000
1625.0380000000
1625.0490000000
1625.0600000000
1625.0710000000
1625.0820000000
1625.0930000000
1625.1040000000
1625.1150000000
1625.1270000000
1625.1380000000
1625.1500000000
1625.1610000000
1625.1730000000
1625.1840000000
1625.1950000000
1625.2070000000
1625.2180000000
1625.2300000000
1625.2410000000
1625.2520000000
1625.2640000000
1625.2750000000
1625.2870000000
1625.2980000000
1625.3090000000
1625.3200000000
1625.3310000000
1625.3420000000
1625.3540000000
1625.3650000000
1625.3760000000
1625.3870000000
1625.3980000000
1625.4090000000
1625.4200000000
1625.4320000000
1625.4420000000
1625.4530000000
1625.4650000000
1625.4760000000
1625.4870000000
1625.4980000000
1625.5090000000
1625.5200000000
1625.5310000000
1625.5420000000
1625.5530000000
1625.5650000000
1625.5760000000
1625.5870000000
1625.5980000000
1625.6090000000
1625.6200000000
1625.6310000000
1625.6420000000
1625.6530000000
1625.6650000000
1625.6760000000
1625.6870000000
1625.6980000000
1625.7090000000
1625.7200000000
1625.7310000000
1625.7420000000
1625.7530000000
1625.7650000000
1625.7760000000
1625.7870000000
1625.7980000000
1625.8090000000
1625.8200000000
1625.8310000000
1625.8420000000
1625.8530000000
1625.8650000000
1625.8750000000
1625.8870000000
1625.8980000000
1625.9090000000
1625.9200000000
1625.9310000000
1625.9420000000
1625.9530000000
1625.9640000000
1625.9750000000
1625.9870000000
1625.9980000000
1626.0090000000
1626.0200000000
1626.0310000000
1626.0420000000
1626.0530000000
1626.0640000000
1626.0750000000
1626.0870000000
1626.0980000000
1626.1090000000
1626.1200000000
1626.1310000000
1626.1420000000
1626.1530000000
1626.1640000000
1626.1750000000
1626.1870000000
1626.1980000000
1626.2090000000
1626.2200000000
1626.2310000000
1626.2420000000
1626.2530000000
1626.2640000000
1626.2750000000
1626.2860000000
1626.2980000000
1626.3090000000
1626.3200000000
1626.3310000000
1626.3420000000
1626.3530000000
1626.3640000000
1626.3750000000
1626.3860000000
1626.3980000000
1626.4090000000
1626.4200000000
1626.4310000000
1626.4420000000
1626.4530000000
1626.4640000000
1626.4750000000
1626.4860000000
1626.4970000000
1626.5090000000
1626.5200000000
1626.5310000000
1626.5420000000
1626.5530000000
1626.5640000000
1626.5750000000
1626.5860000000
1626.5970000000
1626.6080000000
1626.6200000000
1626.6310000000
1626.6420000000
1626.6530000000
1626.6640000000
1626.6750000000
1626.6860000000
1626.6970000000
1626.7080000000
1626.7190000000
1626.7310000000
1626.7420000000
1626.7530000000
1626.7640000000
1626.7750000000
1626.7860000000
1626.7970000000
1626.8080000000
1626.8190000000
1626.8310000000
1626.8420000000
1626.8530000000
1626.8640000000
1626.8750000000
1626.8860000000
1626.8970000000
1626.9090000000
1626.9190000000
1626.9310000000
1626.9420000000
1626.9530000000
1626.9640000000
1626.9750000000
1626.9860000000
1626.9970000000
1627.0080000000
1627.0200000000
1627.0310000000
1627.0420000000
1627.0530000000
1627.0640000000
1627.0750000000
1627.0860000000
1627.0970000000
1627.1080000000
1627.1200000000
1627.1300000000
1627.1410000000
1627.1530000000
1627.1640000000
1627.1750000000
1627.1860000000
1627.1970000000
1627.2080000000
1627.2190000000
1627.2300000000
1627.2410000000
1627.2530000000
1627.2640000000
1627.2750000000
1627.2860000000
1627.2970000000
1627.3080000000
1627.3190000000
1627.3300000000
1627.3410000000
1627.3530000000
1627.3640000000
1627.3750000000
1627.3860000000
1627.3970000000
1627.4080000000
1627.4190000000
1627.4300000000
1627.4410000000
1627.4530000000
1627.4640000000
1627.4750000000
1627.4860000000
1627.4970000000
1627.5080000000
1627.5190000000
1627.5300000000
1627.5410000000
1627.5520000000
1627.5640000000
1627.5750000000
1627.5860000000
1627.5970000000
1627.6080000000
1627.6190000000
1627.6300000000
1627.6410000000
1627.6520000000
1627.6640000000
1627.6750000000
1627.6860000000
1627.6970000000
1627.7080000000
1627.7190000000
1627.7300000000
1627.7410000000
1627.7520000000
1627.7630000000
1627.7750000000
1627.7860000000
1627.7970000000
1627.8080000000
1627.8190000000
1627.8300000000
1627.8410000000
1627.8520000000
1627.8640000000
1627.8750000000
1627.8860000000
1627.8970000000
1627.9080000000
1627.9190000000
1627.9300000000
1627.9410000000
1627.9520000000
1627.9640000000
1627.9740000000
1627.9860000000
1627.9970000000
1628.0080000000
1628.0190000000
1628.0300000000
1628.0410000000
1628.0520000000
1628.0630000000
1628.0740000000
1628.0850000000
1628.0970000000
1628.1080000000
1628.1190000000
1628.1300000000
1628.1410000000
1628.1520000000
1628.1640000000
1628.1740000000
1628.1860000000
1628.1970000000
1628.2080000000
1628.2190000000
1628.2300000000
1628.2410000000
1628.2520000000
1628.2630000000
1628.2740000000
1628.2850000000
1628.2970000000
1628.3080000000
1628.3190000000
1628.3300000000
1628.3410000000
1628.3520000000
1628.3630000000
1628.3740000000
1628.3850000000
1628.3960000000
1628.4080000000
1628.4190000000
1628.4300000000
1628.4410000000
1628.4520000000
1628.4630000000
1628.4740000000
1628.4850000000
1628.4970000000
1628.5070000000
1628.5190000000
1628.5300000000
1628.5410000000
1628.5520000000
1628.5630000000
1628.5740000000
1628.5850000000
1628.5960000000
1628.6080000000
1628.6190000000
1628.6300000000
1628.6410000000
1628.6520000000
1628.6630000000
1628.6740000000
1628.6850000000
1628.6960000000
1628.7070000000
1628.7190000000
1628.7300000000
1628.7410000000
1628.7520000000
1628.7630000000
1628.7740000000
1628.7860000000
1628.7960000000
1628.8070000000
1628.8180000000
1628.8300000000
1628.8410000000
1628.8520000000
1628.8630000000
1628.8740000000
1628.8850000000
1628.8960000000
1628.9070000000
1628.9180000000
1628.9300000000
1628.9410000000
1628.9520000000
1628.9630000000
1628.9740000000
1628.9850000000
1628.9960000000
1629.0070000000
1629.0180000000
1629.0300000000
1629.0410000000
1629.0520000000
1629.0630000000
1629.0740000000
1629.0850000000
1629.0960000000
1629.1080000000
1629.1190000000
1629.1300000000
1629.1410000000
1629.1520000000
1629.1630000000
1629.1740000000
1629.1850000000
1629.1960000000
1629.2070000000
1629.2180000000
1629.2290000000
1629.2410000000
1629.2510000000
1629.2630000000
1629.2740000000
1629.2850000000
1629.2960000000
1629.3070000000
1629.3180000000
1629.3290000000
1629.3400000000
1629.3520000000
1629.3630000000
1629.3740000000
1629.3850000000
1629.3960000000
1629.4070000000
1629.4180000000
1629.4290000000
1629.4410000000
1629.4520000000
1629.4630000000
1629.4740000000
1629.4850000000
1629.4960000000
1629.5070000000
1629.5180000000
1629.5290000000
1629.5400000000
1629.5520000000
1629.5630000000
1629.5740000000
1629.5850000000
1629.5960000000
1629.6070000000
1629.6180000000
1629.6300000000
1629.6400000000
1629.6510000000
1629.6620000000
1629.6740000000
1629.6850000000
1629.6960000000
1629.7070000000
1629.7180000000
1629.7290000000
1629.7400000000
1629.7510000000
1629.7630000000
1629.7730000000
1629.7850000000
1629.7960000000
1629.8070000000
1629.8180000000
1629.8290000000
1629.8400000000
1629.8510000000
1629.8620000000
1629.8740000000
1629.8850000000
1629.8960000000
1629.9070000000
1629.9180000000
1629.9290000000
1629.9400000000
1629.9510000000
1629.9630000000
1629.9730000000
1629.9850000000
1629.9960000000
1630.0070000000
1630.0180000000
1630.0290000000
1630.0400000000
1630.0510000000
1630.0630000000
1630.0730000000
1630.0840000000
1630.0960000000
1630.1070000000
1630.1180000000
1630.1290000000
1630.1400000000
1630.1510000000
1630.1620000000
1630.1730000000
1630.1840000000
1630.1960000000
1630.2070000000
1630.2180000000
1630.2290000000
1630.2400000000
1630.2510000000
1630.2620000000
1630.2730000000
1630.2850000000
1630.2960000000
1630.3070000000
1630.3180000000
1630.3290000000
1630.3400000000
1630.3510000000
1630.3620000000
1630.3730000000
1630.3850000000
1630.3960000000
1630.4060000000
1630.4180000000
1630.4290000000
1630.4400000000
1630.4510000000
1630.4620000000
1630.4730000000
1630.4840000000
1630.4950000000
1630.5070000000
1630.5180000000
1630.5290000000
1630.5400000000
1630.5510000000
1630.5620000000
1630.5730000000
1630.5850000000
1630.5950000000
1630.6060000000
1630.6180000000
1630.6290000000
1630.6400000000
1630.6510000000
1630.6620000000
1630.6730000000
1630.6840000000
1630.6950000000
1630.7060000000
1630.7180000000
1630.7290000000
1630.7400000000
1630.7510000000
1630.7620000000
1630.7730000000
1630.7850000000
1630.7950000000
1630.8070000000
1630.8180000000
1630.8290000000
1630.8400000000
1630.8510000000
1630.8620000000
1630.8730000000
1630.8840000000
1630.8950000000
1630.9060000000
1630.9180000000
1630.9290000000
1630.9400000000
1630.9510000000
1630.9620000000
1630.9730000000
1630.9840000000
1630.9950000000
1631.0060000000
1631.0170000000
1631.0290000000
1631.0400000000
1631.0510000000
1631.0620000000
1631.0730000000
1631.0840000000
1631.0950000000
1631.1060000000
1631.1170000000
1631.1290000000
1631.1400000000
1631.1510000000
1631.1620000000
1631.1730000000
1631.1840000000
1631.1950000000
1631.2060000000
1631.2170000000
1631.2290000000
1631.2400000000
1631.2510000000
1631.2620000000
1631.2730000000
1631.2840000000
1631.2950000000
1631.3060000000
1631.3170000000
1631.3280000000
1631.3390000000
1631.3510000000
1631.3620000000
1631.3730000000
1631.3840000000
1631.3950000000
1631.4060000000
1631.4170000000
1631.4280000000
1631.4390000000
1631.4510000000
1631.4620000000
1631.4730000000
1631.4840000000
1631.4950000000
1631.5060000000
1631.5170000000
1631.5280000000
1631.5390000000
1631.5500000000
1631.5620000000
1631.5730000000
1631.5840000000
1631.5950000000
1631.6060000000
1631.6170000000
1631.6280000000
1631.6390000000
1631.6500000000
1631.6610000000
1631.6730000000
1631.6840000000
1631.6950000000
1631.7060000000
1631.7170000000
1631.7280000000
1631.7390000000
1631.7500000000
1631.7620000000
1631.7730000000
1631.7840000000
1631.7950000000
1631.8060000000
1631.8170000000
1631.8280000000
1631.8390000000
1631.8500000000
1631.8610000000
1631.8730000000
1631.8840000000
1631.8950000000
1631.9060000000
1631.9170000000
1631.9280000000
1631.9390000000
1631.9500000000
1631.9610000000
1631.9730000000
1631.9840000000
1631.9950000000
1632.0060000000
1632.0170000000
1632.0280000000
1632.0390000000
1632.0500000000
1632.0610000000
1632.0720000000
1632.0830000000
1632.0950000000
1632.1060000000
1632.1170000000
1632.1280000000
1632.1390000000
1632.1500000000
1632.1610000000
1632.1720000000
1632.1830000000
1632.1950000000
1632.2060000000
1632.2170000000
1632.2280000000
1632.2390000000
1632.2500000000
1632.2610000000
1632.2720000000
1632.2830000000
1632.2940000000
1632.3060000000
1632.3170000000
1632.3280000000
1632.3390000000
1632.3500000000
1632.3610000000
1632.3720000000
1632.3830000000
1632.3950000000
1632.4060000000
1632.4170000000
1632.4280000000
1632.4390000000
1632.4500000000
1632.4610000000
1632.4720000000
1632.4830000000
1632.4940000000
1632.5060000000
1632.5170000000
1632.5280000000
1632.5390000000
1632.5500000000
1632.5610000000
1632.5720000000
1632.5830000000
1632.5940000000
1632.6060000000
1632.6170000000
1632.6280000000
1632.6390000000
1632.6500000000
1632.6610000000
1632.6720000000
1632.6830000000
1632.6940000000
1632.7060000000
1632.7160000000
1632.7280000000
1632.7390000000
1632.7500000000
1632.7610000000
1632.7720000000
1632.7830000000
1632.7940000000
1632.8050000000
1632.8160000000
1632.8280000000
1632.8390000000
1632.8500000000
1632.8610000000
1632.8720000000
1632.8830000000
1632.8940000000
1632.9060000000
1632.9160000000
1632.9280000000
1632.9390000000
1632.9500000000
1632.9610000000
1632.9720000000
1632.9830000000
1632.9940000000
1633.0050000000
1633.0160000000
1633.0270000000
1633.0390000000
1633.0500000000
1633.0610000000
1633.0720000000
1633.0830000000
1633.0940000000
1633.1050000000
1633.1160000000
1633.1270000000
1633.1390000000
1633.1500000000
1633.1610000000
1633.1720000000
1633.1830000000
1633.1940000000
1633.2050000000
1633.2160000000
1633.2270000000
1633.2380000000
1633.2500000000
1633.2610000000
1633.2720000000
1633.2830000000
1633.2940000000
1633.3050000000
1633.3160000000
1633.3270000000
1633.3390000000
1633.3500000000
1633.3610000000
1633.3720000000
1633.3830000000
1633.3940000000
1633.4050000000
1633.4160000000
1633.4270000000
1633.4380000000
1633.4500000000
1633.4610000000
1633.4720000000
1633.4830000000
1633.4940000000
1633.5050000000
1633.5160000000
1633.5270000000
1633.5380000000
1633.5490000000
1633.5600000000
1633.5720000000
1633.5830000000
1633.5940000000
1633.6050000000
1633.6160000000
1633.6270000000
1633.6380000000
1633.6490000000
1633.6610000000
1633.6720000000
1633.6830000000
1633.6940000000
1633.7050000000
1633.7160000000
1633.7270000000
1633.7380000000
1633.7490000000
1633.7600000000
1633.7720000000
1633.7830000000
1633.7940000000
1633.8050000000
1633.8160000000
1633.8270000000
1633.8380000000
1633.8490000000
1633.8600000000
1633.8710000000
1633.8830000000
1633.8940000000
1633.9050000000
1633.9160000000
1633.9270000000
1633.9380000000
1633.9490000000
1633.9600000000
1633.9710000000
1633.9830000000
1633.9940000000
1634.0050000000
1634.0160000000
1634.0270000000
1634.0380000000
1634.0490000000
1634.0600000000
1634.0720000000
1634.0820000000
1634.0940000000
1634.1050000000
1634.1160000000
1634.1270000000
1634.1380000000
1634.1490000000
1634.1600000000
1634.1710000000
1634.1830000000
1634.1940000000
1634.2050000000
1634.2160000000
1634.2270000000
1634.2380000000
1634.2490000000
1634.2600000000
1634.2710000000
1634.2820000000
1634.2940000000
1634.3050000000
1634.3160000000
1634.3270000000
1634.3380000000
1634.3490000000
1634.3600000000
1634.3710000000
1634.3820000000
1634.3940000000
1634.4050000000
1634.4160000000
1634.4270000000
1634.4380000000
1634.4490000000
1634.4600000000
1634.4710000000
1634.4820000000
1634.4940000000
1634.5050000000
1634.5160000000
1634.5270000000
1634.5380000000
1634.5490000000
1634.5600000000
1634.5710000000
1634.5820000000
1634.5940000000
1634.6040000000
1634.6160000000
1634.6270000000
1634.6380000000
1634.6490000000
1634.6600000000
1634.6710000000
1634.6820000000
1634.6940000000
1634.7040000000
1634.7160000000
1634.7270000000
1634.7380000000
1634.7490000000
1634.7600000000
1634.7710000000
1634.7820000000
1634.7930000000
1634.8040000000
1634.8160000000
1634.8270000000
1634.8380000000
1634.8490000000
1634.8600000000
1634.8710000000
1634.8820000000
1634.8940000000
1634.9040000000
1634.9150000000
1634.9270000000
1634.9380000000
1634.9490000000
1634.9600000000
1634.9710000000
1634.9820000000
1634.9930000000
1635.0040000000
1635.0150000000
1635.0270000000
1635.0380000000
1635.0490000000
1635.0600000000
1635.0710000000
1635.0820000000
1635.0930000000
1635.1040000000
1635.1150000000
1635.1260000000
1635.1370000000
1635.1490000000
1635.1600000000
1635.1710000000
1635.1820000000
1635.1930000000
1635.2040000000
1635.2150000000
1635.2260000000
1635.2380000000
1635.2490000000
1635.2600000000
1635.2710000000
1635.2820000000
1635.2930000000
1635.3040000000
1635.3150000000
1635.3260000000
1635.3380000000
1635.3490000000
1635.3600000000
1635.3710000000
1635.3820000000
1635.3930000000
1635.4040000000
