(0.0000000000, 0.0000000000, 0.0000000000)
(0.0000000000, 0.0000000000, 0.0000000000)
(0.0000000000, 0.0000000000, 0.0000000000)
(0.0000000000, 0.0000000000, 0.0000000000)
(0.0000000000, 0.0000000000, 0.0000000000)
(0.0000000000, 0.0000000000, 0.0000000000)
(0.0000000000, 0.0000000000, 0.0000000000)
(0.0000000000, 0.0000000000, 0.0000000000)
(0.0000000000, 0.0000000000, 0.0000000000)
(0.0000000000, 0.0000000000, 0.0000000000)
(-0.4313763000, 0.6289905000, 0.6467362000)
(-0.4285553000, 0.6359981000, 0.6417523000)
(-0.4299947000, 0.6318251000, 0.6448922000)
(-0.4314377000, 0.6326209000, 0.6431442000)
(-0.4310379000, 0.6330562000, 0.6429973000)
(-0.4306704000, 0.6366912000, 0.6396386000)
(-0.4250810000, 0.6323686000, 0.6476193000)
(-0.4348049000, 0.6342141000, 0.6392867000)
(-0.4346587000, 0.6362360000, 0.6373938000)
(-0.4334617000, 0.6417993000, 0.6325975000)
(-0.4337505000, 0.6449429000, 0.6292031000)
(-0.4350246000, 0.6453254000, 0.6279219000)
(-0.4355321000, 0.6447179000, 0.6281909000)
(-0.4543851000, 0.6207078000, 0.6389452000)
(-0.4632309000, 0.6106730000, 0.6422555000)
(-0.4624830000, 0.6196419000, 0.6341343000)
(-0.4609565000, 0.6172470000, 0.6375858000)
(-0.4601997000, 0.6161280000, 0.6392092000)
(-0.4598696000, 0.6155394000, 0.6400164000)
(-0.4604373000, 0.6140482000, 0.6410425000)
(-0.4614395000, 0.6127883000, 0.6415111000)
(-0.4622694000, 0.6112499000, 0.6423923000)
(-0.4630176000, 0.6109395000, 0.6421381000)
(-0.4621251000, 0.6123899000, 0.6414169000)
(-0.4618876000, 0.6141287000, 0.6399125000)
(-0.4631936000, 0.6139559000, 0.6391317000)
(-0.4634359000, 0.6187553000, 0.6343158000)
(-0.4630262000, 0.6208676000, 0.6325496000)
(-0.4656940000, 0.6218393000, 0.6296374000)
(-0.4652925000, 0.6228943000, 0.6288716000)
(-0.4673919000, 0.6221666000, 0.6280529000)
(-0.4667244000, 0.6241636000, 0.6265615000)
(-0.4680419000, 0.6223764000, 0.6273440000)
(-0.4678476000, 0.6228846000, 0.6269996000)
(-0.4674983000, 0.6249889000, 0.6251542000)
(-0.4635871000, 0.6354357000, 0.6174994000)
(-0.4637868000, 0.6364920000, 0.6162453000)
(-0.4642172000, 0.6363080000, 0.6161185000)
(-0.4645605000, 0.6363763000, 0.6157853000)
(-0.4650133000, 0.6339186000, 0.6179640000)
(-0.4654033000, 0.6352686000, 0.6163001000)
(-0.4658196000, 0.6367013000, 0.6145092000)
(-0.4660613000, 0.6373295000, 0.6136584000)
(-0.4661275000, 0.6376821000, 0.6132545000)
(-0.4650677000, 0.6386786000, 0.6130062000)
(-0.4651427000, 0.6379135000, 0.6137550000)
(-0.4654506000, 0.6373810000, 0.6140677000)
(-0.4651628000, 0.6375626000, 0.6140913000)
(-0.4653517000, 0.6385788000, 0.6128972000)
(-0.4651008000, 0.6388672000, 0.6127940000)
(-0.4649416000, 0.6371745000, 0.6146663000)
(-0.4643878000, 0.6349626000, 0.6173720000)
(-0.4654104000, 0.6351185000, 0.6164477000)
(-0.4647515000, 0.6346069000, 0.6174616000)
(-0.4644550000, 0.6341652000, 0.6181484000)
(-0.4640449000, 0.6342504000, 0.6183690000)
(-0.4640126000, 0.6338099000, 0.6188340000)
(-0.4638227000, 0.6355854000, 0.6171528000)
(-0.4633392000, 0.6339805000, 0.6191794000)
(-0.4649070000, 0.6382601000, 0.6135733000)
(-0.4633808000, 0.6424732000, 0.6103122000)
(-0.4634084000, 0.6416749000, 0.6111259000)
(-0.4640600000, 0.6395087000, 0.6129071000)
(-0.4640005000, 0.6388137000, 0.6136846000)
(-0.4636400000, 0.6386965000, 0.6140832000)
(-0.4632682000, 0.6393100000, 0.6137167000)
(-0.4630027000, 0.6391348000, 0.6140944000)
(-0.4626210000, 0.6385908000, 0.6149573000)
(-0.4625752000, 0.6375185000, 0.6160875000)
(-0.4621422000, 0.6379079000, 0.6160178000)
(-0.4622293000, 0.6380913000, 0.6157688000)
(-0.4626395000, 0.6370573000, 0.6165252000)
(-0.4638555000, 0.6364737000, 0.6162277000)
(-0.4623929000, 0.6384460000, 0.6152841000)
(-0.4610879000, 0.6394367000, 0.6152305000)
(-0.4581020000, 0.6407564000, 0.6160730000)
(-0.4582156000, 0.6415211000, 0.6151944000)
(-0.4578183000, 0.6393065000, 0.6177863000)
(-0.4586281000, 0.6399468000, 0.6165388000)
(-0.4590173000, 0.6403689000, 0.6158048000)
(-0.4590889000, 0.6419899000, 0.6140622000)
(-0.4602511000, 0.6411395000, 0.6140748000)
(-0.4686905000, 0.6373145000, 0.6116779000)
(-0.4704034000, 0.6370394000, 0.6106484000)
(-0.4704096000, 0.6372564000, 0.6104038000)
(-0.4694068000, 0.6390676000, 0.6092988000)
(-0.4697134000, 0.6387439000, 0.6094023000)
(-0.4571774000, 0.6478819000, 0.6092895000)
(-0.4561159000, 0.6461632000, 0.6118903000)
(-0.4564581000, 0.6474581000, 0.6102726000)
(-0.4617128000, 0.6477481000, 0.6059971000)
(-0.4612608000, 0.6470914000, 0.6070323000)
(-0.4603590000, 0.6470824000, 0.6077232000)
(-0.4618679000, 0.6460519000, 0.6076936000)
(-0.4630209000, 0.6473522000, 0.6054240000)
(-0.4639756000, 0.6461098000, 0.6060070000)
(-0.4640679000, 0.6456414000, 0.6064487000)
(-0.4654918000, 0.6456917000, 0.6052855000)
(-0.4655018000, 0.6463874000, 0.6045540000)
(-0.4645340000, 0.6477008000, 0.6038862000)
(-0.4649942000, 0.6498354000, 0.6012222000)
(-0.4653204000, 0.6509544000, 0.5997629000)
(-0.4646888000, 0.6520782000, 0.5990400000)
(-0.4675724000, 0.6513011000, 0.5976228000)
(-0.4688822000, 0.6517138000, 0.5961506000)
(-0.4665694000, 0.6524189000, 0.5971943000)
(-0.4655947000, 0.6526291000, 0.5977409000)
(-0.4627451000, 0.6533388000, 0.5991569000)
(-0.4612468000, 0.6521316000, 0.6016288000)
(-0.4616137000, 0.6513847000, 0.6021466000)
(-0.4751149000, 0.6534440000, 0.5892842000)
(-0.4743756000, 0.6535261000, 0.5897804000)
(-0.4750194000, 0.6536047000, 0.5891818000)
(-0.4622564000, 0.6507381000, 0.6023738000)
(-0.4729320000, 0.6555128000, 0.5887345000)
(-0.4736629000, 0.6563684000, 0.5872004000)
(-0.4732527000, 0.6564736000, 0.5874095000)
(-0.4667215000, 0.6560029000, 0.5931531000)
(-0.4621472000, 0.6562666000, 0.5964246000)
(-0.4624159000, 0.6567243000, 0.5957074000)
(-0.4611750000, 0.6568506000, 0.5965232000)
(-0.4605254000, 0.6567584000, 0.5971265000)
(-0.4593816000, 0.6569403000, 0.5978073000)
(-0.4595793000, 0.6566517000, 0.5979806000)
(-0.4597226000, 0.6559915000, 0.5986036000)
(-0.4607851000, 0.6476474000, 0.6068161000)
(-0.4715119000, 0.6561784000, 0.5891330000)
(-0.4698885000, 0.6404606000, 0.6074563000)
(-0.4517280000, 0.6400447000, 0.6215142000)
(0.0000000000, 0.0000000000, 0.0000000000)
(0.0000000000, 0.0000000000, 0.0000000000)
(0.0000000000, 0.0000000000, 0.0000000000)
(0.0000000000, 0.0000000000, 0.0000000000)
(0.0000000000, 0.0000000000, 0.0000000000)
(0.0000000000, 0.0000000000, 0.0000000000)
(0.0000000000, 0.0000000000, 0.0000000000)
(0.0000000000, 0.0000000000, 0.0000000000)
(0.0000000000, 0.0000000000, 0.0000000000)
(-0.4531914000, 0.6360298000, 0.6245539000)
(-0.4619311000, 0.6429366000, 0.6109400000)
(-0.4503791000, 0.6398404000, 0.6226864000)
(-0.4544982000, 0.6493875000, 0.6096717000)
(-0.4577436000, 0.6523517000, 0.6040553000)
(-0.4453145000, 0.6483063000, 0.6175613000)
(-0.4474614000, 0.6444826000, 0.6200106000)
(-0.4470603000, 0.6510000000, 0.6134561000)
(-0.4460140000, 0.6515313000, 0.6136515000)
(-0.4484438000, 0.6510193000, 0.6124184000)
(-0.4505918000, 0.6434985000, 0.6187527000)
(-0.4519600000, 0.6443787000, 0.6168305000)
(-0.4497416000, 0.6483247000, 0.6143272000)
(-0.4497765000, 0.6488330000, 0.6137639000)
(-0.4549553000, 0.6560212000, 0.6021951000)
(-0.4532378000, 0.6537504000, 0.6059485000)
(-0.4526382000, 0.6538889000, 0.6062524000)
(-0.4529126000, 0.6531599000, 0.6068171000)
(-0.4533713000, 0.6538096000, 0.6057711000)
(-0.4588279000, 0.6565136000, 0.5987132000)
(-0.4585229000, 0.6581224000, 0.5971615000)
(-0.4529626000, 0.6152329000, 0.6452053000)
(-0.4464476000, 0.6168029000, 0.6482462000)
(-0.4494704000, 0.6151391000, 0.6477355000)
(-0.4455480000, 0.6129845000, 0.6524816000)
(-0.4458454000, 0.6124666000, 0.6527591000)
(-0.4460250000, 0.6127059000, 0.6524064000)
(-0.4453066000, 0.6109836000, 0.6545089000)
(-0.4454431000, 0.6102870000, 0.6550624000)
(-0.4453566000, 0.6094617000, 0.6558912000)
(-0.4451801000, 0.6093220000, 0.6561421000)
(-0.4459294000, 0.6080189000, 0.6568424000)
(-0.4449041000, 0.6089383000, 0.6566962000)
(-0.4440028000, 0.6122803000, 0.6541829000)
(-0.4435969000, 0.6135507000, 0.6532621000)
(-0.4435711000, 0.6132873000, 0.6535312000)
(-0.4431265000, 0.6116619000, 0.6553662000)
(-0.4441842000, 0.6106697000, 0.6555646000)
(-0.4425927000, 0.6115279000, 0.6558467000)
(-0.4426042000, 0.6112163000, 0.6561161000)
(-0.4419165000, 0.6120373000, 0.6558332000)
(-0.4420791000, 0.6126555000, 0.6551334000)
(-0.4416083000, 0.6113102000, 0.6567118000)
(-0.4417543000, 0.6122423000, 0.6557465000)
(-0.4409322000, 0.6134490000, 0.6551592000)
(-0.4398685000, 0.6133531000, 0.6559796000)
(-0.4400573000, 0.6112431000, 0.6578076000)
(-0.4398339000, 0.6109719000, 0.6582156000)
(-0.4397360000, 0.6129839000, 0.6563997000)
(-0.4391225000, 0.6176606000, 0.6524153000)
(-0.4372191000, 0.6193596000, 0.6520807000)
(-0.4369475000, 0.6161916000, 0.6552742000)
(-0.4365628000, 0.6162797000, 0.6554455000)
(-0.4368551000, 0.6151419000, 0.6563185000)
(-0.4369248000, 0.6155224000, 0.6559051000)
(-0.4365126000, 0.6151580000, 0.6565302000)
(-0.4361915000, 0.6136425000, 0.6581505000)
(-0.4357992000, 0.6134471000, 0.6585973000)
(-0.4356690000, 0.6111498000, 0.6608131000)
(-0.4353742000, 0.6126311000, 0.6596361000)
(-0.4361054000, 0.6134383000, 0.6584013000)
(-0.4362575000, 0.6148223000, 0.6569979000)
(-0.4355305000, 0.6139879000, 0.6582577000)
(-0.4357125000, 0.6148233000, 0.6573586000)
(-0.4357873000, 0.6149390000, 0.6572197000)
(-0.4351504000, 0.6146157000, 0.6579332000)
(-0.4349266000, 0.6149830000, 0.6577289000)
(-0.4361477000, 0.6181294000, 0.6539714000)
(-0.4358013000, 0.6157774000, 0.6564096000)
(-0.4346331000, 0.6157313000, 0.6572313000)
(-0.4344754000, 0.6158681000, 0.6572055000)
(-0.4342462000, 0.6169757000, 0.6563208000)
(-0.4339861000, 0.6160560000, 0.6573538000)
(-0.4340846000, 0.6162050000, 0.6571413000)
(-0.4348136000, 0.6164134000, 0.6564825000)
(-0.4347879000, 0.6166345000, 0.6562871000)
(-0.4358186000, 0.6191370000, 0.6532254000)
(-0.4359636000, 0.6210274000, 0.6513416000)
(-0.4363409000, 0.6210541000, 0.6510635000)
(-0.4366677000, 0.6194501000, 0.6523819000)
(-0.4371321000, 0.6170605000, 0.6543178000)
(-0.4372958000, 0.6165594000, 0.6546882000)
(-0.4368914000, 0.6167516000, 0.6547731000)
(-0.4372906000, 0.6164591000, 0.6547875000)
(-0.4379354000, 0.6165619000, 0.6542576000)
(-0.4376865000, 0.6156422000, 0.6552854000)
(-0.4375199000, 0.6162219000, 0.6548412000)
(-0.4376982000, 0.6157033000, 0.6552173000)
(-0.4376114000, 0.6165516000, 0.6544873000)
(-0.4371338000, 0.6170830000, 0.6542954000)
(-0.4373896000, 0.6166462000, 0.6545428000)
(-0.4366560000, 0.6177459000, 0.6540043000)
(-0.4367192000, 0.6186951000, 0.6530496000)
(-0.4362057000, 0.6202040000, 0.6519693000)
(-0.4361361000, 0.6199404000, 0.6522676000)
(-0.4346605000, 0.6203067000, 0.6528991000)
(-0.4344757000, 0.6193095000, 0.6539547000)
(-0.4347918000, 0.6198366000, 0.6532632000)
(-0.4332606000, 0.6198127000, 0.6543070000)
(-0.4334891000, 0.6192370000, 0.6546818000)
(-0.4335591000, 0.6198205000, 0.6540994000)
(-0.4333867000, 0.6187887000, 0.6551794000)
(-0.4328040000, 0.6185870000, 0.6557606000)
(-0.4326376000, 0.6186715000, 0.6557910000)
(-0.4324752000, 0.6182752000, 0.6562558000)
(-0.4318582000, 0.6186423000, 0.6563382000)
(-0.4323246000, 0.6188520000, 0.6558262000)
(-0.4322364000, 0.6184759000, 0.6562462000)
(-0.4327432000, 0.6167790000, 0.6574871000)
(-0.4330353000, 0.6147661000, 0.6591974000)
(-0.4335627000, 0.6147042000, 0.6589088000)
(-0.4335297000, 0.6149815000, 0.6586623000)
(-0.4329123000, 0.6153944000, 0.6586795000)
(-0.4332607000, 0.6142700000, 0.6595049000)
(-0.4331448000, 0.6149253000, 0.6589751000)
(-0.4283938000, 0.6173990000, 0.6597655000)
(-0.4290271000, 0.6176756000, 0.6590786000)
(-0.4292052000, 0.6181356000, 0.6585420000)
(-0.4383489000, 0.6114430000, 0.6587735000)
(-0.4368979000, 0.6128417000, 0.6584271000)
(-0.4352283000, 0.6152607000, 0.6572868000)
(-0.4224890000, 0.6188698000, 0.6621928000)
(-0.4290434000, 0.6155485000, 0.6610597000)
(-0.4227116000, 0.5968152000, 0.6819866000)
(0.0000000000, 0.0000000000, 0.0000000000)
(0.0000000000, 0.0000000000, 0.0000000000)
(0.0000000000, 0.0000000000, 0.0000000000)
(0.0000000000, 0.0000000000, 0.0000000000)
(0.0000000000, 0.0000000000, 0.0000000000)
(0.0000000000, 0.0000000000, 0.0000000000)
(0.0000000000, 0.0000000000, 0.0000000000)
(0.0000000000, 0.0000000000, 0.0000000000)
(0.0000000000, 0.0000000000, 0.0000000000)
(-0.4365563000, 0.5954161000, 0.6744422000)
(-0.4506993000, 0.5895526000, 0.6702940000)
(-0.4537359000, 0.5874856000, 0.6700495000)
(-0.4614826000, 0.5875555000, 0.6646804000)
(-0.4477026000, 0.5939255000, 0.6684359000)
(-0.4509910000, 0.5975766000, 0.6629521000)
(-0.4430780000, 0.6012596000, 0.6649541000)
(-0.4468234000, 0.5963116000, 0.6668968000)
(-0.4492772000, 0.5981288000, 0.6636091000)
(-0.4496916000, 0.5995057000, 0.6620823000)
(-0.4416177000, 0.6049288000, 0.6625916000)
(-0.4406812000, 0.6042612000, 0.6638082000)
(-0.4378313000, 0.6075186000, 0.6627231000)
(-0.4386307000, 0.6073857000, 0.6623189000)
(-0.4454889000, 0.5985820000, 0.6657422000)
(-0.4480444000, 0.5966862000, 0.6657444000)
(-0.4434377000, 0.6011961000, 0.6647727000)
(-0.4425558000, 0.6011814000, 0.6653681000)
(-0.4434555000, 0.5992095000, 0.6665419000)
(-0.4430898000, 0.5996071000, 0.6664315000)
(-0.4437467000, 0.5994781000, 0.6661178000)
(-0.4460064000, 0.5987191000, 0.6652690000)
(-0.4471050000, 0.6002041000, 0.6631911000)
(-0.4348473000, 0.6082518000, 0.6640295000)
(-0.4349462000, 0.6086349000, 0.6635947000)
(-0.4349825000, 0.6085731000, 0.6636274000)
(-0.4411272000, 0.6082368000, 0.6598882000)
(-0.4413132000, 0.6078891000, 0.6600717000)
(-0.4418335000, 0.6084662000, 0.6591951000)
(-0.4428004000, 0.6092580000, 0.6578171000)
(-0.4434053000, 0.6088545000, 0.6577749000)
(-0.4441808000, 0.6094134000, 0.6567392000)
(-0.4441667000, 0.6102628000, 0.6559620000)
(-0.4438576000, 0.6098564000, 0.6565386000)
(-0.4434619000, 0.6075805000, 0.6589137000)
(-0.4438218000, 0.6068884000, 0.6593065000)
(-0.4431902000, 0.6062613000, 0.6603036000)
(-0.4431177000, 0.6056786000, 0.6608920000)
(-0.4430814000, 0.6058866000, 0.6607240000)
(-0.4431124000, 0.6057255000, 0.6608484000)
(-0.4432119000, 0.6044926000, 0.6619180000)
(-0.4398830000, 0.6033497000, 0.6651658000)
(-0.4398244000, 0.6030528000, 0.6654923000)
(-0.4398486000, 0.6033651000, 0.6651737000)
(-0.4397206000, 0.6038990000, 0.6647787000)
(-0.4409056000, 0.6021636000, 0.6655796000)
(-0.4460795000, 0.6030522000, 0.6613049000)
(-0.4463297000, 0.6029719000, 0.6612132000)
(-0.4462684000, 0.6029787000, 0.6612445000)
(-0.4463825000, 0.6027330000, 0.6614022000)
(-0.4461816000, 0.6033703000, 0.6609516000)
(-0.4457096000, 0.6037654000, 0.6609102000)
(-0.4456948000, 0.6042576000, 0.6604747000)
(-0.4457201000, 0.6039339000, 0.6607448000)
(-0.4460238000, 0.6046582000, 0.6598704000)
(-0.4460293000, 0.6050276000, 0.6595313000)
(-0.4458167000, 0.6052753000, 0.6594607000)
(-0.4460447000, 0.6057439000, 0.6588622000)
(-0.4460222000, 0.6067339000, 0.6579753000)
(-0.4460057000, 0.6066693000, 0.6580430000)
(-0.4457664000, 0.6067655000, 0.6581118000)
(-0.4452340000, 0.6070164000, 0.6582480000)
(-0.4455757000, 0.6086510000, 0.6565011000)
(-0.4457968000, 0.6081946000, 0.6567675000)
(-0.4452531000, 0.6078039000, 0.6575068000)
(-0.4444320000, 0.6081609000, 0.6577336000)
(-0.4438927000, 0.6093808000, 0.6569685000)
(-0.4441044000, 0.6095151000, 0.6566988000)
(-0.4447954000, 0.6102888000, 0.6554981000)
(-0.4450947000, 0.6104254000, 0.6551672000)
(-0.4449026000, 0.6099935000, 0.6557088000)
(-0.4435328000, 0.6099675000, 0.6566665000)
(-0.4432030000, 0.6098844000, 0.6569685000)
(-0.4428844000, 0.6089298000, 0.6580701000)
(-0.4444183000, 0.6082313000, 0.6576702000)
(-0.4445779000, 0.6089092000, 0.6569365000)
(-0.4443935000, 0.6095980000, 0.6564256000)
(-0.4446064000, 0.6108785000, 0.6550800000)
(-0.4438964000, 0.6101583000, 0.6562457000)
(-0.4430546000, 0.6082575000, 0.6585767000)
(-0.4459003000, 0.6117642000, 0.6533672000)
(-0.4489971000, 0.6102273000, 0.6526857000)
(-0.4491807000, 0.6106673000, 0.6521623000)
(-0.4501349000, 0.6097005000, 0.6524096000)
(-0.4438739000, 0.6087080000, 0.6576028000)
(-0.4434898000, 0.6102171000, 0.6564519000)
(-0.4436581000, 0.6101040000, 0.6564506000)
(-0.4430855000, 0.6095834000, 0.6573092000)
(-0.4419029000, 0.6097891000, 0.6579186000)
(-0.4408974000, 0.6094847000, 0.6588855000)
(-0.4408234000, 0.6097004000, 0.6587219000)
(-0.4412157000, 0.6076710000, 0.6603305000)
(-0.4412690000, 0.6061308000, 0.6617280000)
(-0.4436038000, 0.6060767000, 0.6602066000)
(-0.4458425000, 0.6024731000, 0.6620012000)
(-0.4457506000, 0.6014736000, 0.6629519000)
(-0.4444093000, 0.6016811000, 0.6636690000)
(-0.4432009000, 0.6016425000, 0.6645280000)
(-0.4458115000, 0.6016647000, 0.6627457000)
(-0.4475293000, 0.5992514000, 0.6637720000)
(-0.4469433000, 0.6007628000, 0.6628120000)
(-0.4447270000, 0.6020355000, 0.6631341000)
(-0.4400513000, 0.6050064000, 0.6635489000)
(-0.4390911000, 0.6054488000, 0.6637806000)
(-0.4386198000, 0.6055467000, 0.6640043000)
(-0.4343014000, 0.6078686000, 0.6647225000)
(-0.4339050000, 0.6041135000, 0.6684040000)
(-0.4337453000, 0.6041447000, 0.6684732000)
(-0.4350561000, 0.6115150000, 0.6608679000)
(-0.4353276000, 0.6120012000, 0.6602480000)
(-0.4354349000, 0.6121523000, 0.6600323000)
(-0.4353066000, 0.6117429000, 0.6605071000)
(-0.4360783000, 0.6100709000, 0.6615493000)
(-0.4361348000, 0.6090145000, 0.6624767000)
(-0.4337945000, 0.6015641000, 0.6707683000)
(-0.4338549000, 0.6022647000, 0.6700971000)
(-0.4337052000, 0.6024264000, 0.6700439000)
(-0.4421333000, 0.6031063000, 0.6638992000)
(-0.4421123000, 0.6026039000, 0.6643698000)
(-0.4417483000, 0.6031353000, 0.6641322000)
(-0.4414466000, 0.6037434000, 0.6637713000)
(-0.4413002000, 0.6036938000, 0.6639335000)
(-0.4418414000, 0.6034756000, 0.6637589000)
(-0.4416835000, 0.6041141000, 0.6632861000)
(-0.4416647000, 0.6044360000, 0.6630061000)
(-0.4422522000, 0.6043945000, 0.6626573000)
(-0.4430526000, 0.6041813000, 0.6623105000)
(-0.4553159000, 0.6012443000, 0.6566492000)
(-0.4592503000, 0.6039923000, 0.6513544000)
(-0.4601485000, 0.6024850000, 0.6521304000)
(-0.4559184000, 0.6025735000, 0.6550067000)
(-0.4503055000, 0.6045781000, 0.6570270000)
(-0.4496958000, 0.6048906000, 0.6571551000)
(-0.4490799000, 0.6050359000, 0.6574548000)
(-0.4491499000, 0.6054113000, 0.6570686000)
(-0.4497054000, 0.6062843000, 0.6558692000)
(-0.4609715000, 0.6011494000, 0.6527714000)
(-0.4617493000, 0.5985364000, 0.6546080000)
(-0.4596993000, 0.5991608000, 0.6554955000)
(-0.4485477000, 0.6047116000, 0.6581209000)
(-0.4490198000, 0.6048372000, 0.6576670000)
(-0.4490793000, 0.6042138000, 0.6581986000)
(-0.4486585000, 0.6041394000, 0.6585711000)
(-0.4479378000, 0.6030249000, 0.6600765000)
(-0.4488197000, 0.6031674000, 0.6593490000)
(-0.4487841000, 0.6035665000, 0.6590129000)
(-0.4480088000, 0.6036770000, 0.6594404000)
(-0.4475893000, 0.6038641000, 0.6595419000)
(-0.4479693000, 0.6032767000, 0.6598318000)
(-0.4475927000, 0.6038897000, 0.6595142000)
(-0.4462767000, 0.6052841000, 0.6591290000)
(-0.4459319000, 0.6056585000, 0.6590270000)
(-0.4459899000, 0.6039358000, 0.6605692000)
(-0.4471439000, 0.6038029000, 0.6599025000)
(-0.4485384000, 0.6029841000, 0.6597099000)
(-0.4502142000, 0.6039495000, 0.6576765000)
(-0.4496625000, 0.6041754000, 0.6578507000)
(-0.4591665000, 0.6002138000, 0.6548970000)
(-0.4599208000, 0.5995783000, 0.6549561000)
(-0.4591638000, 0.5999275000, 0.6551682000)
(-0.4507143000, 0.6047521000, 0.6565959000)
(-0.4517592000, 0.6037720000, 0.6567669000)
(-0.4522300000, 0.6033612000, 0.6568280000)
(-0.4511994000, 0.6046309000, 0.6563632000)
(-0.4502878000, 0.6060312000, 0.6557041000)
(-0.4511484000, 0.6049764000, 0.6560925000)
(-0.4514247000, 0.6051620000, 0.6557330000)
(-0.4503564000, 0.6055768000, 0.6560736000)
(-0.4497936000, 0.6051527000, 0.6568523000)
(-0.4476631000, 0.6077296000, 0.6559209000)
(-0.4543173000, 0.6044969000, 0.6543496000)
(-0.4579476000, 0.6033826000, 0.6528339000)
(-0.4573843000, 0.6042084000, 0.6524612000)
(-0.4463183000, 0.6087580000, 0.6558962000)
(-0.4469113000, 0.6091903000, 0.6550885000)
(-0.4467077000, 0.6096427000, 0.6548146000)
(-0.4466328000, 0.6089973000, 0.6554580000)
(-0.4463125000, 0.6093071000, 0.6553940000)
(-0.4455868000, 0.6096212000, 0.6555862000)
(-0.4467527000, 0.6077576000, 0.6565249000)
(-0.4460088000, 0.6074688000, 0.6572955000)
(-0.4468900000, 0.6081615000, 0.6560651000)
(-0.4467229000, 0.6071491000, 0.6571008000)
(-0.4466812000, 0.6070887000, 0.6571872000)
(-0.4463111000, 0.6072411000, 0.6573102000)
(-0.4394740000, 0.6083659000, 0.6608506000)
(0.0000000000, 0.0000000000, 0.0000000000)
(0.0000000000, 0.0000000000, 0.0000000000)
(0.0000000000, 0.0000000000, 0.0000000000)
(0.0000000000, 0.0000000000, 0.0000000000)
(0.0000000000, 0.0000000000, 0.0000000000)
(0.0000000000, 0.0000000000, 0.0000000000)
(0.0000000000, 0.0000000000, 0.0000000000)
(0.0000000000, 0.0000000000, 0.0000000000)
(0.0000000000, 0.0000000000, 0.0000000000)
(0.0000000000, 0.0000000000, 0.0000000000)
(0.0000000000, 0.0000000000, 0.0000000000)
(0.0000000000, 0.0000000000, 0.0000000000)
(-0.4604625000, 0.5855677000, 0.6671324000)
(-0.4632707000, 0.5828343000, 0.6675886000)
(-0.4431615000, 0.6033423000, 0.6629982000)
(-0.4399082000, 0.6045277000, 0.6640853000)
(-0.4399685000, 0.6038205000, 0.6646886000)
(-0.4398053000, 0.6037828000, 0.6648340000)
(-0.4472209000, 0.6047336000, 0.6589894000)
(-0.4474747000, 0.6052213000, 0.6583747000)
(-0.4392877000, 0.6090000000, 0.6603976000)
(-0.4405516000, 0.6103555000, 0.6582984000)
(-0.4346816000, 0.6142614000, 0.6585665000)
(-0.4343579000, 0.6143408000, 0.6587029000)
(-0.4345310000, 0.6138400000, 0.6590666000)
(-0.4358562000, 0.6134210000, 0.6585866000)
(-0.4423214000, 0.6128107000, 0.6548182000)
(-0.4408780000, 0.6129452000, 0.6556715000)
(-0.4395199000, 0.6126058000, 0.6569059000)
(-0.4370611000, 0.6113107000, 0.6597434000)
(-0.4349071000, 0.6124874000, 0.6600644000)
(-0.4343596000, 0.6127084000, 0.6602199000)
(-0.4348703000, 0.6117899000, 0.6607569000)
(-0.4359968000, 0.6118087000, 0.6599935000)
(-0.4460819000, 0.6068967000, 0.6577719000)
(-0.4440981000, 0.6084799000, 0.6576477000)
(-0.4389077000, 0.6114014000, 0.6584411000)
(-0.4391801000, 0.6111827000, 0.6584488000)
(-0.4417345000, 0.6111168000, 0.6568093000)
(-0.4434171000, 0.6089057000, 0.6577203000)
(-0.4429928000, 0.6095988000, 0.6573571000)
(-0.4429913000, 0.6100038000, 0.6569945000)
(-0.4426614000, 0.6061245000, 0.6607955000)
(-0.4444884000, 0.6059082000, 0.6597592000)
(-0.4459783000, 0.6043442000, 0.6602016000)
(-0.4452640000, 0.6055754000, 0.6595414000)
(-0.4395496000, 0.6085500000, 0.6606329000)
(-0.4382503000, 0.6084668000, 0.6615758000)
(-0.4387702000, 0.6082649000, 0.6614261000)
(-0.4400592000, 0.6062880000, 0.6623695000)
(-0.4406059000, 0.6048085000, 0.6633782000)
(-0.4426721000, 0.6028134000, 0.6638181000)
(-0.4418077000, 0.6028810000, 0.6643301000)
(-0.4425236000, 0.6019589000, 0.6646787000)
(-0.4424908000, 0.6012058000, 0.6653764000)
(-0.4415101000, 0.6002289000, 0.6669144000)
(-0.4413171000, 0.6001696000, 0.6671046000)
(-0.4407096000, 0.5990855000, 0.6684750000)
(-0.4413998000, 0.5969474000, 0.6699266000)
(-0.4451768000, 0.5971550000, 0.6672304000)
(-0.4495334000, 0.5942625000, 0.6668965000)
(-0.4495057000, 0.5946580000, 0.6665602000)
(-0.4495419000, 0.5949795000, 0.6662666000)
(-0.4441488000, 0.5978667000, 0.6672900000)
(-0.4440244000, 0.5969414000, 0.6682082000)
(-0.4350539000, 0.6011744000, 0.6702898000)
(-0.4350710000, 0.6013845000, 0.6701019000)
(-0.4348716000, 0.6025599000, 0.6691733000)
(-0.4406928000, 0.6051934000, 0.6629552000)
(-0.4403069000, 0.6030626000, 0.6651630000)
(-0.4399215000, 0.6033148000, 0.6651773000)
(-0.4452891000, 0.6071488000, 0.6580892000)
(-0.4460330000, 0.6052249000, 0.6593429000)
(-0.4456123000, 0.6048578000, 0.6599755000)
(-0.4424014000, 0.6060408000, 0.6610517000)
(-0.4397149000, 0.6070105000, 0.6619359000)
(-0.4395801000, 0.6073525000, 0.6617180000)
(-0.4388174000, 0.6073453000, 0.6622344000)
(-0.4417247000, 0.6073152000, 0.6603282000)
(-0.4475643000, 0.6075249000, 0.6561890000)
(-0.4482693000, 0.6051915000, 0.6578593000)
(-0.4468184000, 0.6038328000, 0.6600822000)
(-0.4404796000, 0.6027402000, 0.6653287000)
(-0.4403574000, 0.6019168000, 0.6661471000)
(-0.4422181000, 0.6019819000, 0.6648672000)
(-0.4426742000, 0.6013457000, 0.6651288000)
(-0.4419066000, 0.6027598000, 0.6643782000)
(-0.4427219000, 0.6035662000, 0.6630842000)
(-0.4418494000, 0.6053523000, 0.6620537000)
(-0.4422283000, 0.6066425000, 0.6606147000)
(-0.4433981000, 0.6063538000, 0.6600901000)
(-0.4426864000, 0.6083896000, 0.6586841000)
(-0.4416989000, 0.6079758000, 0.6597357000)
(-0.4411075000, 0.6074911000, 0.6605684000)
(-0.4407766000, 0.6076264000, 0.6606631000)
(-0.4437038000, 0.6068624000, 0.6594235000)
(-0.4438953000, 0.6072343000, 0.6589392000)
(-0.4428853000, 0.6071367000, 0.6597044000)
(-0.4396332000, 0.6079189000, 0.6611713000)
(-0.4301219000, 0.6107370000, 0.6648087000)
(-0.4295185000, 0.6100659000, 0.6658270000)
(-0.4296832000, 0.6094680000, 0.6662684000)
(-0.4299441000, 0.6098230000, 0.6657793000)
(-0.4437141000, 0.5987503000, 0.6667834000)
(-0.4399183000, 0.6030671000, 0.6654139000)
(-0.4351403000, 0.6064167000, 0.6655045000)
(-0.4349969000, 0.6052886000, 0.6666176000)
(-0.4411322000, 0.6028647000, 0.6647831000)
(-0.4487399000, 0.5968779000, 0.6651018000)
(-0.4373146000, 0.6079339000, 0.6626784000)
(-0.4364630000, 0.6079713000, 0.6632119000)
(-0.4356283000, 0.6082072000, 0.6635401000)
(-0.4350928000, 0.6103553000, 0.6619340000)
(-0.4317350000, 0.6140378000, 0.6607101000)
(-0.4318629000, 0.6154454000, 0.6593233000)
(-0.4489859000, 0.6014132000, 0.6608246000)
(-0.4391320000, 0.6126426000, 0.6571184000)
(-0.4395626000, 0.6052372000, 0.6636667000)
(0.0000000000, 0.0000000000, 0.0000000000)
(0.0000000000, 0.0000000000, 0.0000000000)
(0.0000000000, 0.0000000000, 0.0000000000)
(0.0000000000, 0.0000000000, 0.0000000000)
(0.0000000000, 0.0000000000, 0.0000000000)
(0.0000000000, 0.0000000000, 0.0000000000)
(0.0000000000, 0.0000000000, 0.0000000000)
(0.0000000000, 0.0000000000, 0.0000000000)
(0.0000000000, 0.0000000000, 0.0000000000)
(0.0000000000, 0.0000000000, 0.0000000000)
(-0.4358926000, 0.6015011000, 0.6694646000)
(-0.4418313000, 0.5980636000, 0.6686563000)
(-0.4615605000, 0.5934191000, 0.6593897000)
(-0.4581379000, 0.5982230000, 0.6574373000)
(-0.4709204000, 0.5878785000, 0.6577249000)
(-0.4399533000, 0.6115167000, 0.6576296000)
(-0.4457432000, 0.6051568000, 0.6596146000)
(-0.4627824000, 0.5934259000, 0.6585249000)
(-0.4529378000, 0.6010512000, 0.6584699000)
(-0.4530852000, 0.6026855000, 0.6568611000)
(-0.4389670000, 0.6117190000, 0.6580957000)
(-0.4376747000, 0.6120093000, 0.6586792000)
(-0.4374089000, 0.6125493000, 0.6583603000)
(-0.4373826000, 0.6132665000, 0.6577165000)
(-0.4379823000, 0.6127411000, 0.6577974000)
(-0.4350271000, 0.6135771000, 0.6589881000)
(-0.4341342000, 0.6150141000, 0.6582308000)
(-0.4416957000, 0.6094891000, 0.6583430000)
(-0.4502933000, 0.6018783000, 0.6595171000)
(-0.4466891000, 0.6027778000, 0.6611438000)
(-0.4466758000, 0.6036432000, 0.6603526000)
(-0.4464376000, 0.6045379000, 0.6596969000)
(-0.4464194000, 0.6053671000, 0.6589642000)
(-0.4464280000, 0.6051802000, 0.6591346000)
(-0.4460878000, 0.6056195000, 0.6589493000)
(-0.4464708000, 0.6049564000, 0.6593076000)
(-0.4486290000, 0.6032839000, 0.6593714000)
(-0.4515026000, 0.6026347000, 0.6579925000)
(-0.4527216000, 0.6019382000, 0.6577936000)
(-0.4477596000, 0.6036134000, 0.6596672000)
(-0.4462390000, 0.6059041000, 0.6585957000)
(-0.4457145000, 0.6061125000, 0.6587447000)
(-0.4460421000, 0.6069047000, 0.6577925000)
(-0.4469698000, 0.6073726000, 0.6567239000)
(-0.4470983000, 0.6063727000, 0.6575724000)
(-0.4465209000, 0.6057023000, 0.6585792000)
(-0.4460154000, 0.6061195000, 0.6585375000)
(-0.4435780000, 0.6070579000, 0.6593112000)
(-0.4409653000, 0.6068994000, 0.6612273000)
(-0.4381569000, 0.6098607000, 0.6603519000)
(-0.4377541000, 0.6090854000, 0.6613390000)
(-0.4442191000, 0.6063219000, 0.6595685000)
(-0.4470663000, 0.6051787000, 0.6586912000)
(-0.4436600000, 0.6097698000, 0.6567692000)
(-0.4434309000, 0.6086090000, 0.6579848000)
(-0.4441834000, 0.6074604000, 0.6585360000)
(-0.4459137000, 0.6066672000, 0.6580982000)
(-0.4437733000, 0.6083844000, 0.6579748000)
(-0.4427524000, 0.6095189000, 0.6576101000)
(-0.4416105000, 0.6103412000, 0.6576059000)
(-0.4426842000, 0.6095062000, 0.6576676000)
(-0.4441777000, 0.6078185000, 0.6582181000)
(-0.4442213000, 0.6075622000, 0.6584118000)
(-0.4446015000, 0.6068664000, 0.6588030000)
(-0.4446568000, 0.6068670000, 0.6587678000)
(-0.4456439000, 0.6073039000, 0.6576927000)
(-0.4459365000, 0.6073386000, 0.6574618000)
(-0.4463465000, 0.6068709000, 0.6576115000)
(-0.4468870000, 0.6069134000, 0.6572093000)
(-0.4475259000, 0.6076177000, 0.6561296000)
(-0.4477435000, 0.6090274000, 0.6546828000)
(-0.4473886000, 0.6077765000, 0.6560678000)
(-0.4476955000, 0.6072014000, 0.6563953000)
(-0.4478256000, 0.6069514000, 0.6565472000)
(-0.4482535000, 0.6064469000, 0.6567182000)
(-0.4476231000, 0.6065897000, 0.6570059000)
(-0.4469879000, 0.6062752000, 0.6577463000)
(-0.4466789000, 0.6056447000, 0.6585372000)
(-0.4466898000, 0.6061463000, 0.6580508000)
(-0.4464858000, 0.6057144000, 0.6586005000)
(-0.4450914000, 0.6054447000, 0.6597853000)
(-0.4450591000, 0.6053540000, 0.6598958000)
(-0.4457159000, 0.6064716000, 0.6584111000)
(-0.4456841000, 0.6065767000, 0.6583542000)
(-0.4453360000, 0.6068857000, 0.6582870000)
(-0.4459773000, 0.6068229000, 0.6579254000)
(-0.4464635000, 0.6076831000, 0.6567977000)
(-0.4466314000, 0.6075944000, 0.6567689000)
(-0.4467780000, 0.6072947000, 0.6569330000)
(-0.4461623000, 0.6078140000, 0.6568710000)
(-0.4456138000, 0.6081779000, 0.6569124000)
(-0.4340555000, 0.6202583000, 0.6533466000)
(-0.4330316000, 0.6213974000, 0.6529377000)
(-0.4333583000, 0.6209784000, 0.6531202000)
(-0.4335623000, 0.6216946000, 0.6522993000)
(-0.4348551000, 0.6213327000, 0.6517846000)
(-0.4346405000, 0.6213241000, 0.6519356000)
(-0.4362065000, 0.6214572000, 0.6507649000)
(-0.4506816000, 0.6118975000, 0.6499701000)
(-0.4519642000, 0.6120756000, 0.6488997000)
(-0.4627348000, 0.6050605000, 0.6478817000)
(-0.4636912000, 0.6051201000, 0.6471422000)
(-0.4595453000, 0.6055269000, 0.6497238000)
(-0.4468907000, 0.6137233000, 0.6508699000)
(-0.4377895000, 0.6221967000, 0.6490021000)
(-0.4366900000, 0.6227008000, 0.6492516000)
(-0.4459758000, 0.6144523000, 0.6508003000)
(-0.4550452000, 0.6083931000, 0.6502148000)
(-0.4423991000, 0.6176443000, 0.6502200000)
(-0.4356968000, 0.6195821000, 0.6529009000)
(-0.4388614000, 0.6176337000, 0.6526121000)
(-0.4512668000, 0.6095853000, 0.6517316000)
(-0.4504246000, 0.6092144000, 0.6526659000)
(-0.4500624000, 0.6096126000, 0.6525271000)
(-0.4502693000, 0.6093227000, 0.6526640000)
(-0.4499751000, 0.6092892000, 0.6528955000)
(-0.4484577000, 0.6108474000, 0.6524822000)
(-0.4482509000, 0.6108738000, 0.6525943000)
(-0.4489003000, 0.6110263000, 0.6520165000)
(-0.4498424000, 0.6097564000, 0.6525595000)
(-0.4500044000, 0.6087700000, 0.6533505000)
(-0.4499408000, 0.6084839000, 0.6536677000)
(-0.4478074000, 0.6101202000, 0.6536133000)
(-0.4471575000, 0.6100332000, 0.6541292000)
(-0.4485406000, 0.6092067000, 0.6539501000)
(-0.4485872000, 0.6090834000, 0.6540404000)
(-0.4485429000, 0.6095889000, 0.6536093000)
(-0.4486727000, 0.6089617000, 0.6541001000)
(-0.4481446000, 0.6086644000, 0.6547391000)
(-0.4479355000, 0.6092342000, 0.6543546000)
(-0.4479993000, 0.6088437000, 0.6546683000)
(-0.4488329000, 0.6074528000, 0.6553962000)
(-0.4477278000, 0.6081132000, 0.6555409000)
(-0.4478813000, 0.6086715000, 0.6549039000)
(-0.4481359000, 0.6086113000, 0.6547942000)
(-0.4481235000, 0.6088428000, 0.6545834000)
(-0.4481139000, 0.6083032000, 0.6551024000)
(-0.4481513000, 0.6080001000, 0.6553491000)
(-0.4474206000, 0.6081738000, 0.6556892000)
(-0.4470156000, 0.6090409000, 0.6551502000)
(-0.4461930000, 0.6097606000, 0.6550581000)
(-0.4457648000, 0.6101450000, 0.6549731000)
(-0.4459638000, 0.6106015000, 0.6544288000)
(-0.4475098000, 0.6102749000, 0.6536601000)
(-0.4486917000, 0.6095881000, 0.6534898000)
(-0.4496194000, 0.6097376000, 0.6527293000)
(-0.4499343000, 0.6109067000, 0.6514204000)
(-0.4488588000, 0.6099828000, 0.6530210000)
(-0.4490746000, 0.6123919000, 0.6506179000)
(-0.4494935000, 0.6122229000, 0.6504760000)
(-0.4497518000, 0.6124728000, 0.6500683000)
(-0.4486773000, 0.6134676000, 0.6498736000)
(-0.4475443000, 0.6150779000, 0.6491333000)
(-0.4496846000, 0.6128367000, 0.6497615000)
(-0.4520298000, 0.6136200000, 0.6474032000)
(-0.4525190000, 0.6148844000, 0.6458631000)
(-0.4434355000, 0.6130004000, 0.6538855000)
(-0.4372991000, 0.6211812000, 0.6503006000)
(0.0000000000, 0.0000000000, 0.0000000000)
(0.0000000000, 0.0000000000, 0.0000000000)
(0.0000000000, 0.0000000000, 0.0000000000)
(0.0000000000, 0.0000000000, 0.0000000000)
(0.0000000000, 0.0000000000, 0.0000000000)
(0.0000000000, 0.0000000000, 0.0000000000)
(0.0000000000, 0.0000000000, 0.0000000000)
(0.0000000000, 0.0000000000, 0.0000000000)
(0.0000000000, 0.0000000000, 0.0000000000)
(0.0000000000, 0.0000000000, 0.0000000000)
(0.0000000000, 0.0000000000, 0.0000000000)
(0.0000000000, 0.0000000000, 0.0000000000)
(-0.4576387000, 0.5854064000, 0.6692236000)
(-0.4626673000, 0.5907596000, 0.6609938000)
(-0.4644544000, 0.5847083000, 0.6651137000)
(-0.4690111000, 0.5849395000, 0.6617202000)
(-0.4640553000, 0.5935128000, 0.6575488000)
(-0.4499820000, 0.5970368000, 0.6641115000)
(-0.4627291000, 0.5910796000, 0.6606851000)
(-0.4578042000, 0.5957521000, 0.6599200000)
(-0.4611749000, 0.5947933000, 0.6584323000)
(-0.4582210000, 0.5975307000, 0.6580094000)
(-0.4479128000, 0.6008617000, 0.6620608000)
(-0.4421125000, 0.6022263000, 0.6647229000)
(-0.4365912000, 0.6057501000, 0.6651593000)
(-0.4378849000, 0.6041557000, 0.6657566000)
(-0.4432664000, 0.6024433000, 0.6637480000)
(-0.4458805000, 0.6021752000, 0.6622349000)
(-0.4472281000, 0.6008428000, 0.6625367000)
(-0.4480079000, 0.5996791000, 0.6630716000)
(-0.4492942000, 0.6007491000, 0.6612244000)
(-0.4498778000, 0.6005450000, 0.6610066000)
(-0.4506700000, 0.5994882000, 0.6614431000)
(-0.4493795000, 0.5989902000, 0.6627579000)
(-0.4490865000, 0.5997661000, 0.6622537000)
(-0.4472050000, 0.6011612000, 0.6622654000)
(-0.4471382000, 0.6024008000, 0.6611744000)
(-0.4502852000, 0.6021079000, 0.6593032000)
(-0.4549444000, 0.6015899000, 0.6565763000)
(-0.4549717000, 0.6014320000, 0.6567132000)
(-0.4481058000, 0.6001704000, 0.6625482000)
(-0.4460590000, 0.6001995000, 0.6639198000)
(-0.4456896000, 0.6006795000, 0.6637275000)
(-0.4453461000, 0.6022143000, 0.6625581000)
(-0.4450423000, 0.6012512000, 0.6636338000)
(-0.4441266000, 0.6007074000, 0.6647443000)
(-0.4442625000, 0.6021749000, 0.6633145000)
(-0.4457249000, 0.6017922000, 0.6626812000)
(-0.4463255000, 0.6020514000, 0.6620594000)
(-0.4458359000, 0.6022353000, 0.6622051000)
(-0.4467304000, 0.6030673000, 0.6608618000)
(-0.4486706000, 0.6033455000, 0.6592816000)
(-0.4469100000, 0.6020231000, 0.6616732000)
(-0.4446799000, 0.6024436000, 0.6628004000)
(-0.4429381000, 0.6014944000, 0.6648235000)
(-0.4427594000, 0.6020235000, 0.6644633000)
(-0.4429204000, 0.6018130000, 0.6645554000)
(-0.4442616000, 0.6007022000, 0.6646514000)
(-0.4441128000, 0.6015710000, 0.6639841000)
(-0.4539737000, 0.6010596000, 0.6577360000)
(-0.4403401000, 0.6055048000, 0.6628996000)
(-0.4372755000, 0.6097198000, 0.6610665000)
(-0.4373461000, 0.6077499000, 0.6628371000)
(-0.4375664000, 0.6063238000, 0.6640073000)
(-0.4334585000, 0.6071177000, 0.6659545000)
(-0.4330632000, 0.6081398000, 0.6652846000)
(-0.4412156000, 0.6031138000, 0.6645133000)
(-0.4409626000, 0.6014914000, 0.6661461000)
(-0.4422385000, 0.6011710000, 0.6655816000)
(-0.4467541000, 0.5983235000, 0.6651310000)
(-0.4473782000, 0.5977939000, 0.6651997000)
(-0.4452721000, 0.5992612000, 0.6652902000)
(-0.4421066000, 0.6025321000, 0.6644313000)
(-0.4427334000, 0.6006112000, 0.6657616000)
(-0.4439751000, 0.5980256000, 0.6672663000)
(-0.4438625000, 0.5996144000, 0.6658983000)
(-0.4424079000, 0.6012236000, 0.6654222000)
(-0.4428962000, 0.6022102000, 0.6642179000)
(-0.4441568000, 0.6012595000, 0.6642221000)
(-0.4444416000, 0.6009125000, 0.6643383000)
(-0.4446374000, 0.6010739000, 0.6640796000)
(-0.4477370000, 0.5983013000, 0.6644832000)
(-0.4477402000, 0.5971621000, 0.6655188000)
(-0.4463401000, 0.5980710000, 0.6656294000)
(-0.4439099000, 0.6006866000, 0.6649067000)
(-0.4441181000, 0.6007245000, 0.6647346000)
(-0.4446625000, 0.5992051000, 0.6657337000)
(-0.4458073000, 0.5982274000, 0.6658625000)
(-0.4457060000, 0.5982361000, 0.6659211000)
(-0.4469391000, 0.5976816000, 0.6655802000)
(-0.4465502000, 0.5980815000, 0.6654909000)
(-0.4464989000, 0.5983017000, 0.6653356000)
(-0.4450741000, 0.5993702000, 0.6653270000)
(-0.4439648000, 0.5999015000, 0.6655734000)
(-0.4442219000, 0.6003669000, 0.6649883000)
(-0.4464124000, 0.5993237000, 0.6644617000)
(-0.4449582000, 0.6008087000, 0.6641079000)
(-0.4434883000, 0.6022339000, 0.6637875000)
(-0.4418746000, 0.6030592000, 0.6641191000)
(-0.4445121000, 0.6026243000, 0.6627561000)
(-0.4462846000, 0.6012025000, 0.6628435000)
(-0.4503880000, 0.5991678000, 0.6619213000)
(-0.4477934000, 0.6007984000, 0.6622045000)
(-0.4457188000, 0.6013137000, 0.6631190000)
(-0.4466732000, 0.6016152000, 0.6622143000)
(-0.4466394000, 0.6016623000, 0.6621956000)
(-0.4453501000, 0.6023812000, 0.6624120000)
(-0.4447054000, 0.6005006000, 0.6645412000)
(-0.4412982000, 0.6061354000, 0.6616978000)
(-0.4381627000, 0.6035910000, 0.6660814000)
(-0.4448297000, 0.6003321000, 0.6646185000)
(-0.4515100000, 0.5964357000, 0.6636268000)
(-0.4552320000, 0.5943912000, 0.6628994000)
(-0.4560301000, 0.5938849000, 0.6628029000)
(-0.4562885000, 0.5938732000, 0.6626471000)
(-0.4551380000, 0.5934703000, 0.6637986000)
(-0.4537226000, 0.5948343000, 0.6635481000)
(-0.4536822000, 0.5944417000, 0.6639256000)
(-0.4568963000, 0.5908200000, 0.6649511000)
(-0.4579074000, 0.5900468000, 0.6649508000)
(-0.4626259000, 0.5885927000, 0.6629710000)
(0.0000000000, 0.0000000000, 0.0000000000)
(0.0000000000, 0.0000000000, 0.0000000000)
(0.0000000000, 0.0000000000, 0.0000000000)
(0.0000000000, 0.0000000000, 0.0000000000)
(0.0000000000, 0.0000000000, 0.0000000000)
(0.0000000000, 0.0000000000, 0.0000000000)
(0.0000000000, 0.0000000000, 0.0000000000)
(0.0000000000, 0.0000000000, 0.0000000000)
(0.0000000000, 0.0000000000, 0.0000000000)
(0.0000000000, 0.0000000000, 0.0000000000)
(0.0000000000, 0.0000000000, 0.0000000000)
(0.0000000000, 0.0000000000, 0.0000000000)
(-0.4585890000, 0.5973005000, 0.6579531000)
(-0.4750089000, 0.5801669000, 0.6616349000)
(-0.4769151000, 0.5847993000, 0.6561512000)
(-0.4558184000, 0.5903363000, 0.6661176000)
(-0.4536672000, 0.6014473000, 0.6575853000)
(-0.4737307000, 0.5943573000, 0.6498509000)
(-0.4597927000, 0.5985174000, 0.6560095000)
(-0.4563828000, 0.6015602000, 0.6556202000)
(-0.4455768000, 0.6024155000, 0.6622248000)
(-0.4450290000, 0.6035147000, 0.6615970000)
(-0.4406247000, 0.6035838000, 0.6644601000)
(-0.4407121000, 0.6052604000, 0.6628865000)
(-0.4615443000, 0.6031733000, 0.6504959000)
(-0.4694281000, 0.6058502000, 0.6423131000)
(-0.4695030000, 0.6057425000, 0.6423650000)
(-0.4676518000, 0.6037496000, 0.6455731000)
(-0.4535235000, 0.6069174000, 0.6526476000)
(-0.4546238000, 0.6079587000, 0.6509233000)
(-0.4557904000, 0.6075643000, 0.6504745000)
(-0.4667948000, 0.6097297000, 0.6405582000)
(-0.4709585000, 0.6093082000, 0.6379117000)
(-0.4703550000, 0.6094747000, 0.6381974000)
(-0.4413017000, 0.6151685000, 0.6533065000)
(-0.4376405000, 0.6156509000, 0.6553025000)
(-0.4455523000, 0.6146658000, 0.6508849000)
(-0.4508582000, 0.6134712000, 0.6483563000)
(-0.4517603000, 0.6121162000, 0.6490154000)
(-0.4535124000, 0.6107907000, 0.6490424000)
(-0.4534546000, 0.6113284000, 0.6485710000)
(-0.4532032000, 0.6109116000, 0.6491319000)
(-0.4528493000, 0.6107858000, 0.6494908000)
(-0.4536691000, 0.6092489000, 0.6503727000)
(-0.4535250000, 0.6104860000, 0.6493016000)
(-0.4544502000, 0.6095621000, 0.6495265000)
(-0.4556169000, 0.6092973000, 0.6489586000)
(-0.4405842000, 0.6169162000, 0.6521318000)
(-0.4408420000, 0.6170502000, 0.6518341000)
(-0.4407642000, 0.6168656000, 0.6520593000)
(-0.4407324000, 0.6164354000, 0.6524926000)
(-0.4406486000, 0.6172231000, 0.6517962000)
(-0.4526894000, 0.6100153000, 0.6503333000)
(-0.4527780000, 0.6089047000, 0.6513140000)
(-0.4523851000, 0.6083696000, 0.6520908000)
(-0.4519354000, 0.6074209000, 0.6532775000)
(-0.4511587000, 0.6069521000, 0.6542584000)
(-0.4564579000, 0.6045518000, 0.6528063000)
(-0.4614156000, 0.6038985000, 0.6499115000)
(-0.4610372000, 0.6048159000, 0.6493362000)
(-0.4609527000, 0.6064710000, 0.6478515000)
(-0.4626133000, 0.6044172000, 0.6485863000)
(-0.4644582000, 0.6016842000, 0.6497958000)
(-0.4634978000, 0.6039296000, 0.6483991000)
(-0.4622431000, 0.6022820000, 0.6508327000)
(-0.4599921000, 0.6004354000, 0.6541192000)
(-0.4549219000, 0.6035788000, 0.6547720000)
(-0.4456304000, 0.6093638000, 0.6557952000)
(-0.4433793000, 0.6096968000, 0.6570201000)
(-0.4446381000, 0.6092173000, 0.6565984000)
(-0.4464543000, 0.6091194000, 0.6554632000)
(-0.4471172000, 0.6084709000, 0.6556120000)
(-0.4484183000, 0.6077602000, 0.6553819000)
(-0.4501655000, 0.6080943000, 0.6538710000)
(-0.4496362000, 0.6083214000, 0.6540333000)
(-0.4476674000, 0.6098100000, 0.6539884000)
(-0.4469795000, 0.6100563000, 0.6542360000)
(-0.4471734000, 0.6094449000, 0.6546668000)
(-0.4471137000, 0.6104575000, 0.6537589000)
(-0.4472661000, 0.6104423000, 0.6536704000)
(-0.4463394000, 0.6102051000, 0.6545418000)
(-0.4451118000, 0.6108601000, 0.6547561000)
(-0.4447208000, 0.6102222000, 0.6556253000)
(-0.4447928000, 0.6106004000, 0.6552151000)
(-0.4444861000, 0.6113009000, 0.6547720000)
(-0.4438525000, 0.6121618000, 0.6543896000)
(-0.4437904000, 0.6101151000, 0.6563473000)
(-0.4445878000, 0.6100509000, 0.6558740000)
(-0.4441626000, 0.6100555000, 0.6561554000)
(-0.4440544000, 0.6103089000, 0.6559862000)
(-0.4440713000, 0.6104075000, 0.6558973000)
(-0.4431059000, 0.6108272000, 0.6561413000)
(-0.4428603000, 0.6108682000, 0.6562859000)
(-0.4428892000, 0.6100531000, 0.6570056000)
(-0.4446760000, 0.6090980000, 0.6567026000)
(-0.4451047000, 0.6067209000, 0.6586006000)
(-0.4430595000, 0.6094090000, 0.6575066000)
(-0.4398802000, 0.6107802000, 0.6583565000)
(-0.4402283000, 0.6100673000, 0.6587847000)
(-0.4405918000, 0.6098904000, 0.6587126000)
(-0.4402489000, 0.6098404000, 0.6589893000)
(-0.4394988000, 0.6099787000, 0.6593572000)
(-0.4404270000, 0.6107653000, 0.6580042000)
(-0.4400863000, 0.6103210000, 0.6586393000)
(-0.4392273000, 0.6109045000, 0.6586707000)
(-0.4410662000, 0.6031716000, 0.6645484000)
(-0.4409643000, 0.6059411000, 0.6621019000)
(-0.4397850000, 0.6067930000, 0.6620969000)
(-0.4391146000, 0.6072804000, 0.6621013000)
(-0.4385898000, 0.6070843000, 0.6626141000)
(-0.4382957000, 0.6064552000, 0.6633868000)
(-0.4379390000, 0.6092759000, 0.6610424000)
(-0.4396223000, 0.6081067000, 0.6609948000)
(-0.4417259000, 0.6071661000, 0.6604697000)
(-0.4436482000, 0.6070719000, 0.6592593000)
(-0.4422064000, 0.6089979000, 0.6584469000)
(-0.4409845000, 0.6096932000, 0.6586372000)
(-0.4431759000, 0.6099919000, 0.6568725000)
(-0.4464536000, 0.6082567000, 0.6562793000)
(-0.4468716000, 0.6081623000, 0.6560678000)
(-0.4432165000, 0.6097441000, 0.6570843000)
(-0.4421213000, 0.6100288000, 0.6575593000)
(-0.4429843000, 0.6108178000, 0.6562305000)
(-0.4450523000, 0.6095275000, 0.6560417000)
(-0.4451064000, 0.6093678000, 0.6561582000)
(-0.4441175000, 0.6105527000, 0.6557318000)
(-0.4436502000, 0.6121227000, 0.6545833000)
(-0.4417598000, 0.6130236000, 0.6550016000)
(-0.4389754000, 0.6134712000, 0.6564516000)
(-0.4402553000, 0.6122696000, 0.6567295000)
(-0.4430100000, 0.6130612000, 0.6541365000)
(-0.4426304000, 0.6123578000, 0.6550378000)
(-0.4405530000, 0.6123478000, 0.6564518000)
(-0.4410484000, 0.6124024000, 0.6560715000)
(-0.4435365000, 0.6124825000, 0.6543176000)
(-0.4442561000, 0.6139889000, 0.6524190000)
(-0.4440847000, 0.6146362000, 0.6519127000)
(-0.4427901000, 0.6152746000, 0.6521860000)
(-0.4425347000, 0.6157458000, 0.6519280000)
(-0.4430205000, 0.6158513000, 0.6515043000)
(-0.4303012000, 0.6200699000, 0.6560035000)
(-0.4296292000, 0.6191751000, 0.6572830000)
(-0.4295525000, 0.6194645000, 0.6570598000)
(-0.4308451000, 0.6192356000, 0.6564415000)
(-0.4398132000, 0.6197096000, 0.6500157000)
(-0.4391970000, 0.6198671000, 0.6502753000)
(-0.4383364000, 0.6199439000, 0.6507756000)
(-0.4383085000, 0.6204129000, 0.6503432000)
(-0.4387972000, 0.6208392000, 0.6496085000)
(-0.4404029000, 0.6202091000, 0.6491209000)
(-0.4425724000, 0.6198733000, 0.6479761000)
(-0.4414375000, 0.6208016000, 0.6478652000)
(-0.4380171000, 0.6215220000, 0.6494990000)
(-0.4376222000, 0.6223513000, 0.6489670000)
(-0.4390662000, 0.6219000000, 0.6484135000)
(-0.4385425000, 0.6212697000, 0.6493663000)
(-0.4420112000, 0.6213512000, 0.6469305000)
(-0.4463708000, 0.6215175000, 0.6437928000)
(-0.4470821000, 0.6213406000, 0.6434664000)
(-0.4461876000, 0.6209683000, 0.6444480000)
(-0.4468553000, 0.6211364000, 0.6438161000)
(-0.4454938000, 0.6203326000, 0.6455384000)
(-0.4395025000, 0.6195915000, 0.6503363000)
(-0.4395282000, 0.6192571000, 0.6506380000)
(-0.4390115000, 0.6201583000, 0.6501195000)
(-0.4388890000, 0.6198486000, 0.6504972000)
(-0.4305906000, 0.6209822000, 0.6549392000)
(0.0000000000, 0.0000000000, 0.0000000000)
(0.0000000000, 0.0000000000, 0.0000000000)
(0.0000000000, 0.0000000000, 0.0000000000)
(0.0000000000, 0.0000000000, 0.0000000000)
(0.0000000000, 0.0000000000, 0.0000000000)
(0.0000000000, 0.0000000000, 0.0000000000)
(0.0000000000, 0.0000000000, 0.0000000000)
(0.0000000000, 0.0000000000, 0.0000000000)
(0.0000000000, 0.0000000000, 0.0000000000)
(-0.4435285000, 0.5871148000, 0.6771613000)
(-0.4600135000, 0.5852520000, 0.6677170000)
(-0.4589057000, 0.5918213000, 0.6626790000)
(-0.4603276000, 0.5924891000, 0.6610913000)
(-0.4606896000, 0.5918414000, 0.6614092000)
(-0.4566822000, 0.5924169000, 0.6636781000)
(-0.4578615000, 0.5977654000, 0.6580501000)
(-0.4617905000, 0.5969293000, 0.6560594000)
(-0.4601215000, 0.5980107000, 0.6562544000)
(-0.4473712000, 0.6017495000, 0.6616163000)
(-0.4481983000, 0.6034182000, 0.6595337000)
(-0.4458286000, 0.6033174000, 0.6612362000)
(-0.4376962000, 0.6070619000, 0.6632285000)
(-0.4340098000, 0.6078589000, 0.6649230000)
(-0.4318257000, 0.6075055000, 0.6666671000)
(-0.4356277000, 0.6073670000, 0.6643220000)
(-0.4366017000, 0.6104330000, 0.6608504000)
(-0.4439180000, 0.6105317000, 0.6558788000)
(-0.4447597000, 0.6091469000, 0.6565972000)
(-0.4444748000, 0.6085825000, 0.6573070000)
(-0.4441575000, 0.6068870000, 0.6590925000)
(-0.4364177000, 0.6063432000, 0.6647363000)
(-0.4361699000, 0.6065189000, 0.6647390000)
(-0.4364079000, 0.6059874000, 0.6650680000)
(-0.4464636000, 0.6014515000, 0.6625077000)
(-0.4465808000, 0.6016441000, 0.6622413000)
(-0.4471313000, 0.6017916000, 0.6617529000)
(-0.4507681000, 0.5992787000, 0.6615646000)
(-0.4513952000, 0.5975577000, 0.6626796000)
(-0.4467642000, 0.6004325000, 0.6632237000)
(-0.4419096000, 0.6028115000, 0.6643215000)
(-0.4433747000, 0.6025698000, 0.6635497000)
(-0.4452536000, 0.6021297000, 0.6626929000)
(-0.4445569000, 0.6017079000, 0.6635460000)
(-0.4434835000, 0.6025423000, 0.6635032000)
(-0.4441222000, 0.6022501000, 0.6633573000)
(-0.4435672000, 0.6026187000, 0.6633978000)
(-0.4410202000, 0.6026418000, 0.6650544000)
(-0.4397961000, 0.6038218000, 0.6648058000)
(-0.4387856000, 0.6056072000, 0.6638465000)
(-0.4408118000, 0.6050324000, 0.6630227000)
(-0.4459336000, 0.6014838000, 0.6628232000)
(-0.4468698000, 0.6011018000, 0.6625397000)
(-0.4442032000, 0.6031058000, 0.6625124000)
(-0.4433278000, 0.6033872000, 0.6628444000)
(-0.4428393000, 0.6014096000, 0.6649713000)
(-0.4460605000, 0.6043706000, 0.6601098000)
(-0.4481963000, 0.6041827000, 0.6588478000)
(-0.4450646000, 0.6062692000, 0.6590515000)
(-0.4426870000, 0.6074583000, 0.6595501000)
(-0.4420594000, 0.6074307000, 0.6599963000)
(-0.4420330000, 0.5916161000, 0.6742368000)
(-0.4409228000, 0.5954219000, 0.6715906000)
(-0.4416215000, 0.5941104000, 0.6723022000)
(-0.4385548000, 0.5956924000, 0.6729063000)
(-0.4378657000, 0.5961419000, 0.6729555000)
(-0.4366778000, 0.5966231000, 0.6733105000)
(-0.4355901000, 0.5980716000, 0.6727222000)
(-0.4354089000, 0.5980783000, 0.6728299000)
(-0.4352929000, 0.5972877000, 0.6736004000)
(-0.4347700000, 0.5977191000, 0.6735592000)
(-0.4359203000, 0.5977001000, 0.6728327000)
(-0.4386686000, 0.5962597000, 0.6723347000)
(-0.4393780000, 0.5963701000, 0.6717628000)
(-0.4385822000, 0.5954370000, 0.6731080000)
(-0.4372941000, 0.5959321000, 0.6735048000)
(-0.4375323000, 0.5957046000, 0.6735545000)
(-0.4387477000, 0.5950821000, 0.6733124000)
(-0.4387700000, 0.5957857000, 0.6726953000)
(-0.4383230000, 0.5951690000, 0.6735215000)
(-0.4389066000, 0.5949532000, 0.6733324000)
(-0.4389785000, 0.5955939000, 0.6727266000)
(-0.4389792000, 0.5960476000, 0.6723270000)
(-0.4392491000, 0.5956077000, 0.6725223000)
(-0.4391423000, 0.5947783000, 0.6733378000)
(-0.4388363000, 0.5943358000, 0.6739225000)
(-0.4397210000, 0.5946288000, 0.6730780000)
(-0.4418505000, 0.5917771000, 0.6741991000)
(-0.4427860000, 0.5903228000, 0.6748704000)
(-0.4472464000, 0.5881409000, 0.6738326000)
(-0.4466600000, 0.5886781000, 0.6737394000)
(-0.4442392000, 0.5897255000, 0.6744421000)
(-0.4440314000, 0.5897328000, 0.6745661000)
(-0.4434846000, 0.5901026000, 0.6746001000)
(-0.4424604000, 0.5909135000, 0.6745687000)
(-0.4429055000, 0.5922087000, 0.6731348000)
(-0.4422525000, 0.5925741000, 0.6732447000)
(-0.4424368000, 0.5933313000, 0.6724528000)
(-0.4423373000, 0.5945697000, 0.6714201000)
(-0.4419734000, 0.5953834000, 0.6709377000)
(-0.4379555000, 0.5960004000, 0.6730168000)
(-0.4350622000, 0.5995204000, 0.6717639000)
(-0.4364041000, 0.5989212000, 0.6714409000)
(-0.4416743000, 0.5962387000, 0.6703774000)
(-0.4420776000, 0.5964406000, 0.6699243000)
(-0.4416712000, 0.5970276000, 0.6696745000)
(-0.4445908000, 0.5965866000, 0.6681312000)
(-0.4492185000, 0.5963890000, 0.6652063000)
(-0.4472670000, 0.5978338000, 0.6652269000)
(-0.4432535000, 0.5994343000, 0.6664808000)
(-0.4408594000, 0.5991719000, 0.6682868000)
(-0.4398978000, 0.6001865000, 0.6680250000)
(-0.4406806000, 0.5996425000, 0.6679824000)
(-0.4410015000, 0.5995447000, 0.6678636000)
(-0.4420674000, 0.5989354000, 0.6677086000)
(-0.4384031000, 0.6003283000, 0.6688842000)
(-0.4373586000, 0.6004877000, 0.6694112000)
(-0.4391795000, 0.5998152000, 0.6688163000)
(-0.4420661000, 0.5994623000, 0.6672337000)
(-0.4404612000, 0.6001183000, 0.6677186000)
(-0.4406141000, 0.6008965000, 0.6668975000)
(-0.4408403000, 0.6010971000, 0.6665782000)
(-0.4412328000, 0.6014991000, 0.6659601000)
(-0.4414454000, 0.6022106000, 0.6651715000)
(-0.4409988000, 0.6022429000, 0.6654397000)
(-0.4402614000, 0.6022153000, 0.6659565000)
(-0.4403933000, 0.6026189000, 0.6655075000)
(-0.4405665000, 0.6020312000, 0.6659095000)
(-0.4388866000, 0.6035114000, 0.6656820000)
(-0.4380641000, 0.6047169000, 0.6651434000)
(-0.4386407000, 0.6039594000, 0.6654328000)
(-0.4409652000, 0.6014149000, 0.6662111000)
(-0.4421371000, 0.6020639000, 0.6648351000)
(-0.4432134000, 0.6011120000, 0.6649802000)
(-0.4429996000, 0.6006380000, 0.6655532000)
(-0.4426707000, 0.6001987000, 0.6661704000)
(-0.4432549000, 0.6007099000, 0.6653168000)
(-0.4428738000, 0.6009623000, 0.6653510000)
(-0.4415601000, 0.6031238000, 0.6642743000)
(-0.4274142000, 0.6109506000, 0.6663626000)
(-0.4281939000, 0.6093644000, 0.6673133000)
(-0.4292518000, 0.6071007000, 0.6686876000)
(-0.4346397000, 0.6059519000, 0.6662639000)
(-0.4366655000, 0.6042761000, 0.6664481000)
(-0.4289138000, 0.6102509000, 0.6660371000)
(-0.4280107000, 0.6072822000, 0.6693388000)
(-0.4277052000, 0.6073243000, 0.6694955000)
(-0.4326040000, 0.6058719000, 0.6676474000)
(-0.4371357000, 0.6068643000, 0.6637939000)
(-0.4370411000, 0.6071035000, 0.6636258000)
(-0.4371998000, 0.6079601000, 0.6627510000)
(-0.4377109000, 0.6082615000, 0.6621185000)
(-0.4382914000, 0.6088299000, 0.6612091000)
(-0.4376850000, 0.6087211000, 0.6617163000)
(-0.4386282000, 0.6097317000, 0.6601656000)
(-0.4384466000, 0.6109764000, 0.6591242000)
(-0.4391046000, 0.6114308000, 0.6582741000)
(-0.4275894000, 0.6158921000, 0.6616933000)
(-0.4294360000, 0.6097497000, 0.6661551000)
(-0.4319727000, 0.6029455000, 0.6707067000)
(0.0000000000, 0.0000000000, 0.0000000000)
(0.0000000000, 0.0000000000, 0.0000000000)
(0.0000000000, 0.0000000000, 0.0000000000)
(0.0000000000, 0.0000000000, 0.0000000000)
(0.0000000000, 0.0000000000, 0.0000000000)
(0.0000000000, 0.0000000000, 0.0000000000)
(0.0000000000, 0.0000000000, 0.0000000000)
(0.0000000000, 0.0000000000, 0.0000000000)
(0.0000000000, 0.0000000000, 0.0000000000)
(0.0000000000, 0.0000000000, 0.0000000000)
(0.0000000000, 0.0000000000, 0.0000000000)
(0.0000000000, 0.0000000000, 0.0000000000)
(-0.4414052000, 0.5972130000, 0.6696951000)
(-0.4395686000, 0.6004855000, 0.6679747000)
(-0.4418590000, 0.6000682000, 0.6668220000)
(-0.4413545000, 0.6020905000, 0.6653507000)
(-0.4437533000, 0.6015838000, 0.6642053000)
(-0.4268716000, 0.6084421000, 0.6690015000)
(-0.4293414000, 0.6063017000, 0.6693568000)
(-0.4310578000, 0.6051292000, 0.6693149000)
(-0.4298970000, 0.6060008000, 0.6692796000)
(-0.4321688000, 0.6042556000, 0.6693952000)
(-0.4352187000, 0.6034037000, 0.6681800000)
(-0.4394056000, 0.6010708000, 0.6675588000)
(-0.4397959000, 0.6020101000, 0.6664459000)
(-0.4342280000, 0.6061149000, 0.6663834000)
(-0.4332712000, 0.6071898000, 0.6660209000)
(-0.4381495000, 0.6045337000, 0.6652431000)
(-0.4403980000, 0.6032080000, 0.6649665000)
(-0.4286035000, 0.6055571000, 0.6704999000)
(-0.4238229000, 0.6094186000, 0.6700547000)
(-0.4234661000, 0.6096829000, 0.6700421000)
(-0.4253784000, 0.6086265000, 0.6697766000)
(-0.4391655000, 0.6009708000, 0.6677936000)
(-0.4211664000, 0.6062265000, 0.6745955000)
(-0.4208491000, 0.6080050000, 0.6732015000)
(-0.4176110000, 0.6147189000, 0.6691094000)
(-0.4372703000, 0.6155837000, 0.6556168000)
(-0.4367207000, 0.6142898000, 0.6572022000)
(-0.4368631000, 0.6175901000, 0.6540127000)
(-0.4281772000, 0.6167692000, 0.6604870000)
(-0.4278342000, 0.6165496000, 0.6609077000)
(-0.4390145000, 0.6140774000, 0.6558772000)
(-0.4411891000, 0.6176353000, 0.6510413000)
(-0.4409618000, 0.6163540000, 0.6524228000)
(-0.4326845000, 0.6126686000, 0.6613708000)
(-0.4329399000, 0.6117235000, 0.6620849000)
(-0.4334032000, 0.6133997000, 0.6602166000)
(-0.4329600000, 0.6135082000, 0.6604091000)
(-0.4328050000, 0.6136771000, 0.6603498000)
(-0.4330095000, 0.6134381000, 0.6604405000)
(-0.4331627000, 0.6137862000, 0.6600053000)
(-0.4338446000, 0.6140280000, 0.6593421000)
(-0.4336714000, 0.6138954000, 0.6595877000)
(-0.4324740000, 0.6140557000, 0.6602268000)
(-0.4313866000, 0.6138072000, 0.6611689000)
(-0.4318078000, 0.6135147000, 0.6611477000)
(-0.4315906000, 0.6145194000, 0.6603749000)
(-0.4323435000, 0.6131818000, 0.6611071000)
(-0.4330189000, 0.6136103000, 0.6602691000)
(-0.4334198000, 0.6139636000, 0.6596898000)
(-0.4350211000, 0.6137400000, 0.6588344000)
(-0.4358335000, 0.6140016000, 0.6580655000)
(-0.4359014000, 0.6138521000, 0.6581413000)
(-0.4349110000, 0.6146968000, 0.6580176000)
(-0.4344004000, 0.6147788000, 0.6582789000)
(-0.4349236000, 0.6142545000, 0.6584306000)
(-0.4348076000, 0.6145982000, 0.6581793000)
(-0.4334708000, 0.6147823000, 0.6588954000)
(-0.4394759000, 0.6168012000, 0.6530060000)
(-0.4392892000, 0.6161813000, 0.6537002000)
(-0.4388435000, 0.6164452000, 0.6537645000)
(-0.4316822000, 0.6173299000, 0.6576880000)
(-0.4379225000, 0.6075053000, 0.6626917000)
(-0.4229337000, 0.6123893000, 0.6678972000)
(-0.4223534000, 0.6098093000, 0.6706164000)
(-0.4228669000, 0.6104042000, 0.6697537000)
(-0.4370013000, 0.6032221000, 0.6671976000)
(-0.4335026000, 0.6049990000, 0.6678516000)
(-0.4359776000, 0.6040484000, 0.6671108000)
(-0.4377339000, 0.6036159000, 0.6663558000)
(-0.4386907000, 0.6041887000, 0.6651928000)
(-0.4389411000, 0.6046134000, 0.6646416000)
(-0.4410096000, 0.6041926000, 0.6636670000)
(-0.4402516000, 0.6039307000, 0.6643928000)
(-0.4378123000, 0.6045638000, 0.6654382000)
(-0.4372313000, 0.6046842000, 0.6657037000)
(-0.4374689000, 0.6046736000, 0.6655561000)
(-0.4372948000, 0.6049098000, 0.6654671000)
(-0.4374274000, 0.6050470000, 0.6652507000)
(-0.4381596000, 0.6052091000, 0.6646338000)
(-0.4382637000, 0.6050910000, 0.6646503000)
(-0.4382672000, 0.6051716000, 0.6645885000)
(-0.4385443000, 0.6045509000, 0.6649777000)
(-0.4384038000, 0.6043985000, 0.6651990000)
(-0.4386411000, 0.6046162000, 0.6648515000)
(-0.4399061000, 0.6039960000, 0.6645770000)
(-0.4398832000, 0.6036341000, 0.6649166000)
(-0.4399796000, 0.6039034000, 0.6645969000)
(-0.4385255000, 0.6048804000, 0.6646745000)
(-0.4385378000, 0.6047469000, 0.6647959000)
(-0.4387603000, 0.6052048000, 0.6642308000)
(-0.4381416000, 0.6045077000, 0.6652635000)
(-0.4378963000, 0.6043913000, 0.6655359000)
(-0.4364925000, 0.6038761000, 0.6669194000)
(-0.4355387000, 0.6047503000, 0.6667662000)
(-0.4342112000, 0.6046001000, 0.6677666000)
(-0.4346814000, 0.6050540000, 0.6670417000)
(-0.4367125000, 0.6051613000, 0.6656156000)
(-0.4373617000, 0.6052644000, 0.6651034000)
(-0.4366838000, 0.6053538000, 0.6654644000)
(-0.4374581000, 0.6052659000, 0.6650408000)
(-0.4382819000, 0.6041806000, 0.6654792000)
(-0.4383667000, 0.6041935000, 0.6654069000)
(-0.4370064000, 0.6050415000, 0.6655313000)
(-0.4355852000, 0.6060482000, 0.6655557000)
(-0.4369764000, 0.6026024000, 0.6677647000)
(-0.4373899000, 0.6031083000, 0.6670309000)
(-0.4378566000, 0.6038106000, 0.6661008000)
(-0.4374395000, 0.6034871000, 0.6666579000)
(-0.4361013000, 0.6049966000, 0.6661728000)
(-0.4348670000, 0.6069376000, 0.6652079000)
(-0.4367853000, 0.6054567000, 0.6653052000)
(-0.4385520000, 0.6050825000, 0.6644822000)
(-0.4374094000, 0.6061125000, 0.6643032000)
(-0.4350003000, 0.6068308000, 0.6652176000)
(-0.4361830000, 0.6057543000, 0.6654341000)
(-0.4137750000, 0.6160726000, 0.6702404000)
(-0.4176567000, 0.6198906000, 0.6642836000)
(-0.4166720000, 0.6209118000, 0.6639611000)
(-0.4158359000, 0.6197262000, 0.6655782000)
(-0.4174695000, 0.6184204000, 0.6657696000)
(-0.4293250000, 0.6104881000, 0.6655654000)
(-0.4299881000, 0.6106375000, 0.6650032000)
(-0.4302232000, 0.6100346000, 0.6654024000)
(-0.4307627000, 0.6101725000, 0.6649106000)
(-0.4293621000, 0.6117997000, 0.6643280000)
(-0.4299461000, 0.6120310000, 0.6637446000)
(-0.4305948000, 0.6116312000, 0.6636963000)
(-0.4305554000, 0.6101127000, 0.6651067000)
(-0.4302624000, 0.6106061000, 0.6648529000)
(-0.4289540000, 0.6113323000, 0.6650302000)
(-0.4275909000, 0.6116911000, 0.6655706000)
(-0.4140011000, 0.6181957000, 0.6681482000)
(-0.4125463000, 0.6205162000, 0.6668923000)
(-0.4120582000, 0.6209675000, 0.6667678000)
(-0.4129747000, 0.6223822000, 0.6648897000)
(-0.4266605000, 0.6172202000, 0.6610560000)
(-0.4122487000, 0.6232028000, 0.6645662000)
(-0.4131923000, 0.6222119000, 0.6649106000)
(-0.4129734000, 0.6222799000, 0.6649945000)
(-0.4287621000, 0.6150227000, 0.6617423000)
(-0.4295187000, 0.6150052000, 0.6612548000)
(-0.4292352000, 0.6156002000, 0.6608971000)
(-0.4287933000, 0.6154131000, 0.6613474000)
(-0.4289823000, 0.6154381000, 0.6611968000)
(-0.4277700000, 0.6156012000, 0.6618427000)
(-0.4281888000, 0.6154849000, 0.6616791000)
(-0.4280573000, 0.6166613000, 0.6606615000)
(-0.4283559000, 0.6165090000, 0.6606086000)
(-0.4302747000, 0.6160327000, 0.6598141000)
(-0.4301207000, 0.6167140000, 0.6592870000)
(-0.4328418000, 0.6161208000, 0.6580459000)
(-0.4330128000, 0.6158801000, 0.6581609000)
(-0.4328785000, 0.6170390000, 0.6571646000)
(-0.4208850000, 0.6195794000, 0.6625456000)
(-0.4216064000, 0.6216419000, 0.6601378000)
(-0.4193984000, 0.5998949000, 0.6813319000)
(0.0000000000, 0.0000000000, 0.0000000000)
(0.0000000000, 0.0000000000, 0.0000000000)
(0.0000000000, 0.0000000000, 0.0000000000)
(0.0000000000, 0.0000000000, 0.0000000000)
(0.0000000000, 0.0000000000, 0.0000000000)
(0.0000000000, 0.0000000000, 0.0000000000)
(0.0000000000, 0.0000000000, 0.0000000000)
(0.0000000000, 0.0000000000, 0.0000000000)
(0.0000000000, 0.0000000000, 0.0000000000)
(0.0000000000, 0.0000000000, 0.0000000000)
(-0.4323070000, 0.6223157000, 0.6525399000)
(-0.4433823000, 0.6028774000, 0.6632751000)
(-0.4471627000, 0.6028773000, 0.6607344000)
(-0.4437082000, 0.6021718000, 0.6636944000)
(-0.4439596000, 0.6050441000, 0.6609074000)
(-0.4331380000, 0.6161381000, 0.6578371000)
(-0.4402765000, 0.6142216000, 0.6548731000)
(-0.4400277000, 0.6160517000, 0.6533311000)
(-0.4384222000, 0.6180168000, 0.6525646000)
(-0.4291122000, 0.6236880000, 0.6533517000)
(-0.4256301000, 0.6282481000, 0.6512539000)
(-0.4590763000, 0.5902194000, 0.6639749000)
(-0.4522479000, 0.6042429000, 0.6560197000)
(-0.4487320000, 0.6014792000, 0.6609552000)
(-0.4368973000, 0.6039231000, 0.6666133000)
(-0.4361133000, 0.6041947000, 0.6668839000)
(-0.4359995000, 0.6038737000, 0.6672552000)
(-0.4364890000, 0.6033778000, 0.6673856000)
(-0.4455466000, 0.6049356000, 0.6599546000)
(-0.4467388000, 0.6036485000, 0.6603253000)
(-0.4443763000, 0.6018002000, 0.6635959000)
(-0.4380991000, 0.6029093000, 0.6667430000)
(-0.4383392000, 0.6043189000, 0.6653191000)
(-0.4381467000, 0.6047800000, 0.6650277000)
(-0.4455344000, 0.6009228000, 0.6635980000)
(-0.4456527000, 0.6025956000, 0.6620151000)
(-0.4454496000, 0.6040143000, 0.6608593000)
(-0.4455378000, 0.6043179000, 0.6605110000)
(-0.4453366000, 0.6058664000, 0.6592262000)
(-0.4455579000, 0.6052733000, 0.6596235000)
(-0.4454501000, 0.6043969000, 0.6605117000)
(-0.4456041000, 0.6047707000, 0.6600498000)
(-0.4456655000, 0.6049098000, 0.6598981000)
(-0.4451632000, 0.6053536000, 0.6598101000)
(-0.4455357000, 0.6064741000, 0.6585279000)
(-0.4452315000, 0.6064913000, 0.6587228000)
(-0.4452029000, 0.6062014000, 0.6590195000)
(-0.4445966000, 0.6073861000, 0.6583347000)
(-0.4448347000, 0.6118317000, 0.6540326000)
(-0.4452295000, 0.6098921000, 0.6555743000)
(-0.4442209000, 0.6086380000, 0.6574256000)
(-0.4438185000, 0.6088781000, 0.6574877000)
(-0.4442427000, 0.6065413000, 0.6593531000)
(-0.4449045000, 0.6070397000, 0.6584331000)
(-0.4435481000, 0.6082313000, 0.6582628000)
(-0.4412799000, 0.6091364000, 0.6589509000)
(-0.4413162000, 0.6093290000, 0.6587466000)
(-0.4413274000, 0.6092952000, 0.6587743000)
(-0.4412858000, 0.6095804000, 0.6585236000)
(-0.4406401000, 0.6122993000, 0.6564456000)
(-0.4408915000, 0.6111636000, 0.6573161000)
(-0.4397773000, 0.6117525000, 0.6575185000)
(-0.4375492000, 0.6126592000, 0.6581573000)
(-0.4288054000, 0.6163323000, 0.6604828000)
(-0.4292222000, 0.6157668000, 0.6607470000)
(-0.4277546000, 0.6167264000, 0.6608030000)
(-0.4337780000, 0.6187537000, 0.6549486000)
(-0.4332226000, 0.6195237000, 0.6546041000)
(-0.4332917000, 0.6196011000, 0.6544848000)
(-0.4328356000, 0.6186349000, 0.6556890000)
(-0.4324278000, 0.6183289000, 0.6562518000)
(-0.4338964000, 0.6178912000, 0.6556946000)
(-0.4346476000, 0.6179035000, 0.6551821000)
(-0.4349092000, 0.6196917000, 0.6533199000)
(-0.4360951000, 0.6194677000, 0.6527445000)
(-0.4361691000, 0.6190565000, 0.6530889000)
(-0.4362723000, 0.6192748000, 0.6528119000)
(-0.4369672000, 0.6176348000, 0.6538946000)
(-0.4371226000, 0.6174895000, 0.6539285000)
(-0.4379344000, 0.6190529000, 0.6518925000)
(-0.4384405000, 0.6214764000, 0.6492355000)
(-0.4377203000, 0.6203333000, 0.6508335000)
(-0.4374534000, 0.6196156000, 0.6516970000)
(-0.4374297000, 0.6199962000, 0.6513498000)
(-0.4374018000, 0.6203994000, 0.6509816000)
(-0.4368137000, 0.6210979000, 0.6507055000)
(-0.4356216000, 0.6215163000, 0.6510975000)
(-0.4346253000, 0.6209587000, 0.6522957000)
(-0.4323326000, 0.6199001000, 0.6548352000)
(-0.4313429000, 0.6180515000, 0.6572143000)
(-0.4322794000, 0.6188544000, 0.6558471000)
(-0.4351346000, 0.6199236000, 0.6529476000)
(-0.4355580000, 0.6200029000, 0.6525901000)
(-0.4372070000, 0.6211152000, 0.6504268000)
(-0.4374743000, 0.6217551000, 0.6496367000)
(-0.4376316000, 0.6206767000, 0.6505655000)
(-0.4381880000, 0.6200947000, 0.6507280000)
(-0.4381951000, 0.6200896000, 0.6507275000)
(-0.4385841000, 0.6203692000, 0.6501999000)
(-0.4385416000, 0.6204025000, 0.6501969000)
(-0.4383545000, 0.6210530000, 0.6496993000)
(-0.4382056000, 0.6214736000, 0.6494186000)
(-0.4172705000, 0.6131802000, 0.6707293000)
(-0.4214669000, 0.6156874000, 0.6658009000)
(-0.4205989000, 0.6152472000, 0.6667535000)
(-0.4208333000, 0.6152021000, 0.6666402000)
(-0.4267241000, 0.6156996000, 0.6624303000)
(-0.4275928000, 0.6164344000, 0.6611766000)
(-0.4281851000, 0.6172627000, 0.6600299000)
(-0.4284319000, 0.6185765000, 0.6586314000)
(-0.4289854000, 0.6185480000, 0.6582907000)
(-0.4289363000, 0.6199101000, 0.6570408000)
(-0.4318181000, 0.6173971000, 0.6575304000)
(-0.4269713000, 0.6183954000, 0.6597537000)
(-0.4254034000, 0.6178600000, 0.6612626000)
(-0.4227864000, 0.6146395000, 0.6659261000)
(-0.4229850000, 0.6156685000, 0.6648552000)
(-0.4315661000, 0.6271234000, 0.6484279000)
(-0.4331019000, 0.6218998000, 0.6524093000)
(0.0000000000, 0.0000000000, 0.0000000000)
(0.0000000000, 0.0000000000, 0.0000000000)
(0.0000000000, 0.0000000000, 0.0000000000)
(0.0000000000, 0.0000000000, 0.0000000000)
(0.0000000000, 0.0000000000, 0.0000000000)
(0.0000000000, 0.0000000000, 0.0000000000)
(0.0000000000, 0.0000000000, 0.0000000000)
(0.0000000000, 0.0000000000, 0.0000000000)
(0.0000000000, 0.0000000000, 0.0000000000)
(0.0000000000, 0.0000000000, 0.0000000000)
(-0.4369262000, 0.6112881000, 0.6598620000)
(-0.4421324000, 0.5896108000, 0.6759114000)
(-0.4437040000, 0.6116318000, 0.6549997000)
(-0.4430519000, 0.6069721000, 0.6597573000)
(-0.4705786000, 0.5966178000, 0.6500626000)
(-0.4454885000, 0.6093181000, 0.6559346000)
(-0.4268887000, 0.6302475000, 0.6484804000)
(-0.4264584000, 0.6312749000, 0.6477816000)
(-0.4250295000, 0.6335610000, 0.6464708000)
(-0.4249786000, 0.6324263000, 0.6476147000)
(-0.4245691000, 0.6388885000, 0.6415258000)
(-0.4305730000, 0.6287789000, 0.6474797000)
(-0.4326554000, 0.6252290000, 0.6495170000)
(-0.4298325000, 0.6309534000, 0.6458428000)
(-0.4225915000, 0.6404664000, 0.6412454000)
(-0.4220133000, 0.6410791000, 0.6410168000)
(-0.4220788000, 0.6425482000, 0.6394987000)
(-0.4296527000, 0.6340029000, 0.6429899000)
(-0.4308932000, 0.6322691000, 0.6438500000)
(-0.4310127000, 0.6328130000, 0.6432507000)
(-0.4293797000, 0.6369839000, 0.6402037000)
(-0.4270686000, 0.6425694000, 0.6361542000)
(-0.4254629000, 0.6451905000, 0.6345940000)
(-0.4276217000, 0.6473405000, 0.6309345000)
(-0.4313298000, 0.6442310000, 0.6315809000)
(-0.4357775000, 0.6414807000, 0.6313292000)
(-0.4364252000, 0.6422485000, 0.6300972000)
(-0.4369754000, 0.6045389000, 0.6660144000)
(-0.4408269000, 0.6105745000, 0.6579071000)
(-0.4398293000, 0.6094768000, 0.6596003000)
(-0.4343224000, 0.6124315000, 0.6605018000)
(-0.4358373000, 0.6104980000, 0.6612954000)
(-0.4351225000, 0.6107275000, 0.6615542000)
(-0.4349148000, 0.6110791000, 0.6613795000)
(-0.4304991000, 0.6135313000, 0.6619936000)
(-0.4289677000, 0.6137602000, 0.6627697000)
(-0.4250581000, 0.6134341000, 0.6655894000)
(-0.4358594000, 0.6179479000, 0.6543363000)
(-0.4367678000, 0.6193400000, 0.6523996000)
(-0.4334654000, 0.6175727000, 0.6562646000)
(-0.4300598000, 0.6169215000, 0.6591315000)
(-0.4304392000, 0.6165209000, 0.6592416000)
(-0.4297604000, 0.6147540000, 0.6613361000)
(-0.4296055000, 0.6151947000, 0.6610179000)
(-0.4284937000, 0.6149538000, 0.6619659000)
(-0.4265559000, 0.6192431000, 0.6592195000)
(-0.4254497000, 0.6184988000, 0.6606430000)
(-0.4250844000, 0.6185662000, 0.6607978000)
(-0.4262821000, 0.6171477000, 0.6613582000)
(-0.4266886000, 0.6168391000, 0.6613815000)
(-0.4274014000, 0.6161871000, 0.6615325000)
(-0.4281475000, 0.6161947000, 0.6610519000)
(-0.4278126000, 0.6162510000, 0.6612192000)
(-0.4277957000, 0.6173446000, 0.6602064000)
(-0.4295252000, 0.6170692000, 0.6593214000)
(-0.4302476000, 0.6155507000, 0.6602688000)
(-0.4289285000, 0.6177251000, 0.6591103000)
(-0.4294813000, 0.6180588000, 0.6584255000)
(-0.4291436000, 0.6169068000, 0.6597313000)
(-0.4413778000, 0.6046650000, 0.6629890000)
(-0.4352661000, 0.6114088000, 0.6608321000)
(-0.4333057000, 0.6149500000, 0.6588365000)
(-0.4336700000, 0.6160159000, 0.6575968000)
(-0.4353935000, 0.6150533000, 0.6573699000)
(-0.4356690000, 0.6152858000, 0.6569641000)
(-0.4362327000, 0.6150666000, 0.6567985000)
(-0.4363627000, 0.6151310000, 0.6566499000)
(-0.4363526000, 0.6148421000, 0.6569350000)
(-0.4364073000, 0.6146025000, 0.6571042000)
(-0.4370635000, 0.6145638000, 0.6567021000)
(-0.4330782000, 0.6214719000, 0.6528345000)
(-0.4281504000, 0.6122885000, 0.6646705000)
(-0.4263982000, 0.6191046000, 0.6594516000)
(-0.4315105000, 0.6112000000, 0.6634973000)
(-0.4371297000, 0.6059855000, 0.6645851000)
(-0.4419970000, 0.6033888000, 0.6637368000)
(-0.4346486000, 0.6084499000, 0.6639715000)
(-0.4341979000, 0.6083477000, 0.6643474000)
(-0.4340932000, 0.6088106000, 0.6639977000)
(-0.4328329000, 0.6091880000, 0.6644733000)
(-0.4322799000, 0.6092925000, 0.6647432000)
(-0.4386983000, 0.6038427000, 0.6654995000)
(-0.4412241000, 0.6022809000, 0.6652480000)
(-0.4391692000, 0.6045704000, 0.6645409000)
(-0.4307782000, 0.6112906000, 0.6638767000)
(-0.4305509000, 0.6122200000, 0.6631618000)
(-0.4299834000, 0.6127526000, 0.6630526000)
(-0.4305240000, 0.6118997000, 0.6634831000)
(-0.4337129000, 0.6112142000, 0.6620463000)
(-0.4354151000, 0.6109291000, 0.6611858000)
(-0.4351420000, 0.6107868000, 0.6615007000)
(-0.4336099000, 0.6130272000, 0.6604202000)
(-0.4334705000, 0.6126294000, 0.6608942000)
(-0.4354835000, 0.6099370000, 0.6620636000)
(-0.4363942000, 0.6105811000, 0.6608657000)
(-0.4424462000, 0.6083496000, 0.6588817000)
(-0.4427168000, 0.6084172000, 0.6586376000)
(-0.4384049000, 0.6112379000, 0.6589252000)
(-0.4366887000, 0.6098990000, 0.6613013000)
(-0.4381253000, 0.6151679000, 0.6554398000)
(-0.4383279000, 0.6133282000, 0.6570214000)
(-0.4208535000, 0.6218957000, 0.6603984000)
(-0.4201169000, 0.6228702000, 0.6599312000)
(-0.4207953000, 0.6222006000, 0.6601453000)
(-0.4276149000, 0.6225865000, 0.6553807000)
(-0.4146313000, 0.6215581000, 0.6646262000)
(-0.4216779000, 0.6080593000, 0.6726366000)
(-0.4206156000, 0.6101733000, 0.6713876000)
(-0.4217764000, 0.6104891000, 0.6703659000)
(-0.4366933000, 0.6046289000, 0.6661216000)
(-0.4404428000, 0.6034500000, 0.6647062000)
(-0.4445302000, 0.6029928000, 0.6623991000)
(-0.4425309000, 0.6049075000, 0.6619931000)
(-0.4371292000, 0.6077870000, 0.6629389000)
(-0.4372257000, 0.6073024000, 0.6633204000)
(-0.4370211000, 0.6075307000, 0.6632597000)
(-0.4365726000, 0.6078911000, 0.6632134000)
(-0.4360084000, 0.6082562000, 0.6632634000)
(-0.4362220000, 0.6078190000, 0.6635198000)
(-0.4339651000, 0.6093243000, 0.6636246000)
(-0.4311929000, 0.6111181000, 0.6637760000)
(-0.4248835000, 0.6139575000, 0.6652071000)
(-0.4211657000, 0.6172618000, 0.6645135000)
(-0.4207829000, 0.6192144000, 0.6629441000)
(-0.4305438000, 0.6159060000, 0.6597583000)
(-0.4336380000, 0.6125001000, 0.6608900000)
(-0.4213997000, 0.6207520000, 0.6611083000)
(-0.4214739000, 0.6201698000, 0.6616198000)
(-0.4278414000, 0.6160491000, 0.6613716000)
(-0.4321406000, 0.6121969000, 0.6621510000)
(-0.4248588000, 0.6183306000, 0.6611702000)
(-0.4228054000, 0.6197179000, 0.6611878000)
(-0.4269460000, 0.6171193000, 0.6609634000)
(-0.4332523000, 0.6144541000, 0.6593454000)
(-0.4332004000, 0.6147764000, 0.6590723000)
(-0.4326380000, 0.6139141000, 0.6602473000)
(-0.4322664000, 0.6140015000, 0.6604093000)
(-0.4324780000, 0.6142756000, 0.6600083000)
(-0.4333046000, 0.6141787000, 0.6595489000)
(-0.4336669000, 0.6135565000, 0.6599020000)
(-0.4329404000, 0.6166094000, 0.6575359000)
(-0.4334728000, 0.6158832000, 0.6578544000)
(-0.4355446000, 0.6145912000, 0.6576894000)
(-0.4447187000, 0.6058132000, 0.6597081000)
(-0.4446539000, 0.6056704000, 0.6598673000)
(-0.4456444000, 0.6063215000, 0.6586127000)
(-0.4395021000, 0.6139038000, 0.6556918000)
(-0.4394710000, 0.6140651000, 0.6555803000)
(-0.4391669000, 0.6143243000, 0.6555350000)
(-0.4398330000, 0.6142947000, 0.6551223000)
(-0.4398790000, 0.6143056000, 0.6550795000)
(-0.4403330000, 0.6147765000, 0.6543241000)
(-0.4368454000, 0.6174198000, 0.6541838000)
(-0.4335331000, 0.6208404000, 0.6531368000)
(-0.4346359000, 0.6207099000, 0.6525280000)
(-0.4366795000, 0.6189595000, 0.6528196000)
(-0.4434981000, 0.6089201000, 0.6576624000)
(-0.4467550000, 0.6051292000, 0.6589594000)
(-0.4442258000, 0.6093692000, 0.6567496000)
(-0.4408590000, 0.6144082000, 0.6543271000)
(-0.4397496000, 0.6168988000, 0.6527254000)
(-0.4390813000, 0.6176689000, 0.6524330000)
(-0.4385982000, 0.6184016000, 0.6520782000)
(-0.4373526000, 0.6195341000, 0.6518227000)
(-0.4305508000, 0.6237709000, 0.6523141000)
(-0.4283539000, 0.6277270000, 0.6499642000)
(-0.4314814000, 0.6254421000, 0.6500955000)
(0.0000000000, 0.0000000000, 0.0000000000)
(0.0000000000, 0.0000000000, 0.0000000000)
(0.0000000000, 0.0000000000, 0.0000000000)
(0.0000000000, 0.0000000000, 0.0000000000)
(0.0000000000, 0.0000000000, 0.0000000000)
(0.0000000000, 0.0000000000, 0.0000000000)
(0.0000000000, 0.0000000000, 0.0000000000)
(0.0000000000, 0.0000000000, 0.0000000000)
(0.0000000000, 0.0000000000, 0.0000000000)
(-0.4405199000, 0.5859745000, 0.6801170000)
(-0.4411018000, 0.5944405000, 0.6723569000)
(-0.4448245000, 0.5937293000, 0.6705207000)
(-0.4458177000, 0.5976710000, 0.6663561000)
(-0.4311734000, 0.6242462000, 0.6514451000)
(-0.4290141000, 0.6250705000, 0.6520918000)
(-0.4249618000, 0.6224372000, 0.6572394000)
(-0.4249154000, 0.6231581000, 0.6565811000)
(-0.4275299000, 0.6196271000, 0.6582223000)
(-0.4268295000, 0.6205484000, 0.6578063000)
(-0.4270234000, 0.6229421000, 0.6554318000)
(-0.4258082000, 0.6250792000, 0.6541716000)
(-0.4279831000, 0.6253117000, 0.6525246000)
(-0.4265455000, 0.6289657000, 0.6499602000)
(-0.4318086000, 0.6214110000, 0.6537372000)
(-0.4328955000, 0.6210897000, 0.6533211000)
(-0.4329354000, 0.6222435000, 0.6521899000)
(-0.4332582000, 0.6219928000, 0.6522154000)
(-0.4318119000, 0.6197198000, 0.6553303000)
(-0.4317962000, 0.6198888000, 0.6552014000)
(-0.4312451000, 0.6197574000, 0.6556710000)
(-0.4311126000, 0.6194013000, 0.6560988000)
(-0.4322129000, 0.6193756000, 0.6553925000)
(-0.4321247000, 0.6182324000, 0.6565450000)
(-0.4319018000, 0.6181732000, 0.6567497000)
(-0.4324053000, 0.6179016000, 0.6566737000)
(-0.4325801000, 0.6182948000, 0.6561788000)
(-0.4322626000, 0.6164716000, 0.6580902000)
(-0.4311079000, 0.6162712000, 0.6590499000)
(-0.4319367000, 0.6166152000, 0.6581698000)
(-0.4321339000, 0.6185808000, 0.6562052000)
(-0.4325384000, 0.6182730000, 0.6562304000)
(-0.4351549000, 0.6187134000, 0.6540678000)
(-0.4353240000, 0.6181882000, 0.6544570000)
(-0.4372615000, 0.6195195000, 0.6519188000)
(-0.4379410000, 0.6196298000, 0.6513366000)
(-0.4362882000, 0.6199974000, 0.6521096000)
(-0.4355388000, 0.6202939000, 0.6523243000)
(-0.4355371000, 0.6210126000, 0.6516367000)
(-0.4352496000, 0.6210197000, 0.6518213000)
(-0.4346787000, 0.6230248000, 0.6502821000)
(-0.4355406000, 0.6242583000, 0.6485273000)
(-0.4352519000, 0.6231411000, 0.6497892000)
(-0.4352415000, 0.6229867000, 0.6499442000)
(-0.4301760000, 0.6223567000, 0.6539178000)
(-0.4237891000, 0.6093483000, 0.6701283000)
(-0.4240296000, 0.6155811000, 0.6642609000)
(-0.4254130000, 0.6150349000, 0.6638807000)
(-0.4246441000, 0.6161381000, 0.6633411000)
(-0.4272061000, 0.6142656000, 0.6634512000)
(-0.4310178000, 0.6128671000, 0.6622754000)
(-0.4325421000, 0.6132146000, 0.6609525000)
(-0.4260174000, 0.6143039000, 0.6641765000)
(-0.4261531000, 0.6138373000, 0.6645122000)
(-0.4276092000, 0.6136330000, 0.6637600000)
(-0.4272599000, 0.6212276000, 0.6568898000)
(-0.4261932000, 0.6216974000, 0.6571491000)
(-0.4259762000, 0.6230838000, 0.6559690000)
(-0.4255800000, 0.6223617000, 0.6569018000)
(-0.4247828000, 0.6218305000, 0.6579383000)
(-0.4251783000, 0.6201113000, 0.6592997000)
(-0.4281560000, 0.6174699000, 0.6598437000)
(-0.4285943000, 0.6219592000, 0.6553270000)
(-0.4283907000, 0.6240502000, 0.6534845000)
(-0.4289135000, 0.6276647000, 0.6496541000)
(-0.4297364000, 0.6279833000, 0.6487998000)
(-0.4291115000, 0.6293966000, 0.6478388000)
(-0.4286306000, 0.6297719000, 0.6478027000)
(-0.4287972000, 0.6315740000, 0.6459408000)
(-0.4304937000, 0.6323312000, 0.6440637000)
(-0.4309376000, 0.6333066000, 0.6428098000)
(-0.4276147000, 0.6391543000, 0.6392345000)
(-0.4265944000, 0.6404061000, 0.6386483000)
(-0.4254397000, 0.6421447000, 0.6376776000)
(-0.4202362000, 0.6464339000, 0.6367989000)
(-0.4222324000, 0.6426582000, 0.6392958000)
(-0.4267962000, 0.6421230000, 0.6367953000)
(-0.4363908000, 0.6235762000, 0.6486155000)
(-0.4345683000, 0.6316090000, 0.6420222000)
(-0.4339996000, 0.6307237000, 0.6432934000)
(-0.4342527000, 0.6304105000, 0.6434236000)
(-0.4350560000, 0.6292604000, 0.6440160000)
(-0.4253045000, 0.6295852000, 0.6501684000)
(-0.4245568000, 0.6298664000, 0.6503963000)
(-0.4254090000, 0.6288059000, 0.6508664000)
(-0.4307227000, 0.6274733000, 0.6486549000)
(-0.4326259000, 0.6292899000, 0.6456020000)
(-0.4308459000, 0.6290404000, 0.6470506000)
(-0.4293660000, 0.6295625000, 0.6475112000)
(-0.4342706000, 0.6273350000, 0.6464027000)
(-0.4389286000, 0.6192164000, 0.6510797000)
(-0.4411540000, 0.6196174000, 0.6491911000)
(-0.4424250000, 0.6202916000, 0.6476776000)
(-0.4416021000, 0.6215455000, 0.6470255000)
(-0.4282688000, 0.6222774000, 0.6552382000)
(-0.4286527000, 0.6222897000, 0.6549703000)
(-0.4298933000, 0.6219333000, 0.6545108000)
(-0.4300398000, 0.6218530000, 0.6544905000)
(-0.4300580000, 0.6220929000, 0.6542476000)
(-0.4300757000, 0.6225207000, 0.6538274000)
(-0.4298231000, 0.6226114000, 0.6539080000)
(-0.4299797000, 0.6235742000, 0.6528820000)
(-0.4302654000, 0.6232721000, 0.6529812000)
(-0.4288250000, 0.6255368000, 0.6517701000)
(-0.4386212000, 0.6218697000, 0.6487435000)
(-0.4388294000, 0.6221164000, 0.6483681000)
(-0.4385207000, 0.6213079000, 0.6493480000)
(-0.4331973000, 0.6231808000, 0.6511421000)
(-0.4338601000, 0.6262535000, 0.6477352000)
(-0.4339218000, 0.6271102000, 0.6468496000)
(-0.4343915000, 0.6262054000, 0.6474272000)
(-0.4344545000, 0.6270003000, 0.6466011000)
(-0.4335858000, 0.6279721000, 0.6462501000)
(-0.4335290000, 0.6286036000, 0.6456807000)
(-0.4371156000, 0.6017076000, 0.6684685000)
(-0.4373576000, 0.6101941000, 0.6605770000)
(-0.4397255000, 0.6088426000, 0.6602518000)
(-0.4268490000, 0.6046539000, 0.6724527000)
(-0.4267243000, 0.6054457000, 0.6718034000)
(-0.4282575000, 0.6055413000, 0.6707429000)
(-0.4312780000, 0.6053068000, 0.6690255000)
(-0.4385289000, 0.6031964000, 0.6661969000)
(-0.4392082000, 0.6035744000, 0.6654062000)
(-0.4284122000, 0.6073480000, 0.6690205000)
(-0.4282069000, 0.6091931000, 0.6674622000)
(-0.4282311000, 0.6104060000, 0.6663339000)
(-0.4288846000, 0.6115921000, 0.6648355000)
(-0.4275384000, 0.6132671000, 0.6641479000)
(-0.4275065000, 0.6156267000, 0.6619810000)
(-0.4282173000, 0.6166463000, 0.6605774000)
(-0.4344602000, 0.6133531000, 0.6595559000)
(-0.4341693000, 0.6157125000, 0.6575565000)
(-0.4346904000, 0.6155462000, 0.6573715000)
(-0.4343916000, 0.6169081000, 0.6562886000)
(-0.4336933000, 0.6172510000, 0.6564234000)
(-0.4336946000, 0.6172420000, 0.6564330000)
(-0.4343590000, 0.6160918000, 0.6570699000)
(-0.4342631000, 0.6151342000, 0.6580266000)
(-0.4347118000, 0.6151563000, 0.6577287000)
(-0.4343954000, 0.6170865000, 0.6561152000)
(-0.4337957000, 0.6178243000, 0.6558081000)
(-0.4332559000, 0.6202415000, 0.6538976000)
(-0.4298925000, 0.6244268000, 0.6521245000)
(-0.4298876000, 0.6253798000, 0.6512150000)
(-0.4299567000, 0.6282855000, 0.6483622000)
(-0.4295861000, 0.6294792000, 0.6474651000)
(-0.4302875000, 0.6262925000, 0.6500739000)
(-0.4302130000, 0.6277531000, 0.6487017000)
(-0.4304079000, 0.6279554000, 0.6483766000)
(-0.4300173000, 0.6305329000, 0.6461450000)
(-0.4296282000, 0.6315501000, 0.6454048000)
(-0.4274592000, 0.6343160000, 0.6441288000)
(-0.4281609000, 0.6348900000, 0.6430895000)
(-0.4285025000, 0.6354021000, 0.6423758000)
(-0.4267243000, 0.6380392000, 0.6409401000)
(-0.4262430000, 0.6393703000, 0.6399386000)
(-0.4265634000, 0.6397694000, 0.6393201000)
(-0.4384107000, 0.6182141000, 0.6523811000)
(-0.4332371000, 0.6257669000, 0.6486158000)
(-0.4333784000, 0.6255282000, 0.6487502000)
(-0.4309322000, 0.6256804000, 0.6502317000)
(-0.4315884000, 0.6252983000, 0.6501614000)
(-0.4316222000, 0.6257703000, 0.6496868000)
(-0.4319783000, 0.6259797000, 0.6492494000)
(-0.4321992000, 0.6256255000, 0.6494414000)
(-0.4318870000, 0.6251118000, 0.6501404000)
(-0.4316157000, 0.6256999000, 0.6497586000)
(-0.4312468000, 0.6264924000, 0.6492453000)
(-0.4312855000, 0.6265144000, 0.6491988000)
(-0.4315547000, 0.6247996000, 0.6506618000)
(-0.4314883000, 0.6246157000, 0.6508819000)
(-0.4318315000, 0.6264331000, 0.6489132000)
(-0.4293468000, 0.6268504000, 0.6501665000)
(-0.4296939000, 0.6271512000, 0.6496488000)
(-0.4282814000, 0.6313648000, 0.6464837000)
(-0.4288292000, 0.6316029000, 0.6458901000)
(-0.4314305000, 0.6241780000, 0.6513398000)
(-0.4318199000, 0.6217716000, 0.6533850000)
(-0.4319661000, 0.6188043000, 0.6561043000)
(-0.4313053000, 0.6189675000, 0.6563884000)
(-0.4319569000, 0.6191196000, 0.6558079000)
(-0.4320268000, 0.6203892000, 0.6545700000)
(-0.4319848000, 0.6211916000, 0.6538306000)
(-0.4315797000, 0.6225010000, 0.6528459000)
(-0.4313453000, 0.6212843000, 0.6541666000)
(-0.4313722000, 0.6222619000, 0.6532131000)
(-0.4313100000, 0.6229326000, 0.6526126000)
(-0.4310414000, 0.6260688000, 0.6497880000)
(-0.4310897000, 0.6264004000, 0.6494372000)
(-0.4311834000, 0.6254838000, 0.6502538000)
