14.6514700000
14.6655800000
14.6760200000
14.6858800000
14.6958500000
14.7055700000
14.7150600000
14.7252600000
14.7367300000
14.7473800000
14.7585400000
14.7700700000
14.7821800000
14.7930500000
14.8030800000
14.8140100000
14.8249900000
14.8360900000
14.8471900000
14.8584300000
14.8694400000
14.8808100000
14.8916300000
14.9027200000
14.9139000000
14.9252300000
14.9360900000
14.9471300000
14.9582300000
14.9693900000
14.9806000000
14.9917300000
15.0026600000
15.0138100000
15.0251200000
15.0359600000
15.0472600000
15.0583200000
15.0692700000
15.0806300000
15.0915000000
15.1027700000
15.1138900000
15.1249900000
15.1364100000
15.1479100000
15.1593800000
15.1709100000
15.1822700000
15.1937400000
15.2054500000
15.2167000000
15.2282100000
15.2397100000
15.2511000000
15.2626100000
15.2741500000
15.2853700000
15.2965000000
15.3077800000
15.3187000000
15.3299000000
15.3410000000
15.3520900000
15.3631400000
15.3742800000
15.3853400000
15.3965000000
15.4075300000
15.4187900000
15.4297900000
15.4408600000
15.4519600000
15.4630700000
15.4742700000
15.4853600000
15.4967400000
15.5075800000
15.5185700000
15.5298500000
15.5408500000
15.5520700000
15.5631500000
15.5741000000
15.5852100000
15.5964600000
15.6076000000
15.6186400000
15.6297000000
15.6411200000
15.6518900000
15.6630100000
15.6740800000
15.6858800000
15.6962500000
15.7075800000
15.7185300000
15.7296800000
15.7407600000
15.7519600000
15.7631000000
15.7740100000
15.7852000000
15.7963200000
15.8073600000
15.8184800000
15.8296600000
15.8406600000
15.8517100000
15.8631400000
15.8740600000
15.8850500000
15.8961300000
15.9073400000
15.9184000000
15.9295000000
15.9407300000
15.9517100000
15.9628500000
15.9741200000
15.9851100000
15.9961100000
16.0072200000
16.0185000000
16.0294500000
16.0405600000
16.0516400000
16.0628500000
16.0738700000
16.0852000000
16.0961400000
16.1072100000
16.1182900000
16.1293800000
16.1405000000
16.1516700000
16.1627300000
16.1739300000
16.1850300000
16.1961600000
16.2071200000
16.2182200000
16.2293300000
16.2405200000
16.2517000000
16.2626400000
16.2737900000
16.2848900000
16.2961100000
16.3071700000
16.3182000000
16.3294700000
16.3404300000
16.3515100000
16.3626700000
16.3736900000
16.3848600000
16.3959500000
16.4072600000
16.4183900000
16.4295300000
16.4403300000
16.4520900000
16.4625700000
16.4736600000
16.4852200000
16.4959300000
16.5070600000
16.5182300000
16.5294200000
16.5404400000
16.5515000000
16.5632600000
16.5736600000
16.5850100000
16.5959500000
16.6071100000
16.6181700000
16.6293400000
16.6406400000
16.6515400000
16.6625300000
16.6736000000
16.6847400000
16.6957800000
16.7069200000
16.7180300000
16.7292400000
16.7402000000
16.7514900000
16.7624500000
16.7735100000
16.7846700000
16.7958900000
16.8068500000
16.8180000000
16.8290900000
16.8402800000
16.8517600000
16.8624100000
16.8737100000
16.8846700000
16.8957200000
16.9068500000
16.9179900000
16.9290800000
16.9402300000
16.9513500000
16.9625000000
16.9737300000
16.9846100000
16.9956600000
17.0071500000
17.0178600000
17.0289700000
17.0401100000
17.0512400000
17.0622800000
17.0735000000
17.0844800000
17.0955900000
17.1068400000
17.1181800000
17.1290800000
17.1400100000
17.1513400000
17.1622400000
17.1733600000
17.1846500000
17.1955100000
17.2066700000
17.2178500000
17.2289000000
17.2400700000
17.2512700000
17.2623100000
17.2732800000
17.2843800000
17.2956300000
17.3065700000
17.3177100000
17.3288500000
17.3403200000
17.3511000000
17.3622000000
17.3732600000
17.3843800000
17.3954600000
17.4070900000
17.4177200000
17.4287700000
17.4398700000
17.4510200000
17.4620500000
17.4732200000
17.4843500000
17.4953800000
17.5065000000
17.5178500000
17.5287300000
17.5398300000
17.5509600000
17.5620300000
17.5732000000
17.5842500000
17.5953800000
17.6065900000
17.6176600000
17.6291000000
17.6400000000
17.6510100000
17.6620300000
17.6731500000
17.6841900000
17.6953200000
17.7065500000
17.7179900000
17.7288100000
17.7398300000
17.7508000000
17.7620000000
17.7731100000
17.7841900000
17.7951900000
17.8064200000
17.8175300000
17.8285900000
17.8396700000
17.8509100000
17.8619300000
17.8730400000
17.8841600000
17.8952300000
17.9063200000
17.9174200000
17.9285700000
17.9397000000
17.9508000000
17.9620700000
17.9730100000
17.9841700000
17.9951800000
18.0062300000
18.0173400000
18.0284800000
18.0397400000
18.0506900000
18.0617500000
18.0729800000
18.0840300000
18.0950800000
18.1061900000
18.1172900000
18.1284400000
18.1394900000
18.1507300000
18.1617700000
18.1728100000
18.1842600000
18.1951700000
18.2062200000
18.2172300000
18.2283700000
18.2395800000
18.2513000000
18.2617500000
18.2727600000
18.2838600000
18.2951100000
18.3061700000
18.3171800000
18.3283200000
18.3396700000
18.3505500000
18.3616600000
18.3728100000
18.3838400000
18.3950100000
18.4062100000
18.4171200000
18.4284100000
18.4393900000
18.4504600000
18.4615800000
18.4727000000
18.4838400000
18.4948900000
18.5061100000
18.5172900000
18.5283100000
18.5393500000
18.5505300000
18.5615100000
18.5730400000
18.5837000000
18.5950500000
18.6060100000
18.6170600000
18.6284200000
18.6392600000
18.6504900000
18.6617800000
18.6726700000
18.6837000000
18.6948400000
18.7059100000
18.7170700000
18.7281600000
18.7393800000
18.7504000000
18.7614600000
18.7725700000
18.7836100000
18.7947900000
18.8059100000
18.8170500000
18.8280900000
18.8391700000
18.8503900000
18.8621700000
18.8727800000
18.8835700000
18.8947000000
18.9058500000
18.9170400000
18.9280400000
18.9391200000
18.9502300000
18.9615400000
18.9741900000
18.9841500000
18.9945700000
19.0054800000
19.0166600000
19.0277600000
19.0389100000
19.0500000000
19.0610500000
19.0722800000
19.0832200000
19.0943400000
19.1054000000
19.1165600000
19.1279300000
19.1388000000
19.1499500000
19.1610000000
19.1720500000
19.1833300000
19.1943300000
19.2054200000
19.2165400000
19.2277500000
19.2393800000
19.2509600000
19.2617600000
19.2723000000
19.2836700000
19.2950000000
19.3056700000
19.3170900000
19.3283000000
19.3390500000
19.3503600000
19.3614500000
19.3726500000
19.3841200000
19.3949000000
19.4058400000
19.4168800000
19.4286900000
19.4399000000
19.4506700000
19.4615800000
19.4724400000
19.4839600000
19.4950600000
19.5066000000
19.5173400000
19.5281900000
19.5398100000
19.5502300000
19.5610000000
19.5721900000
19.5832200000
19.5945100000
19.6057600000
19.6168000000
19.6282400000
19.6395000000
19.6502500000
19.6613300000
19.6724000000
19.6842000000
19.6964700000
19.7073200000
19.7182000000
19.7293700000
19.7398100000
19.7506400000
19.7614800000
19.7726200000
19.7830100000
19.7944400000
19.8058500000
19.8167200000
19.8275800000
19.8385500000
19.8500000000
19.8610000000
19.8721500000
19.8833200000
19.8946600000
19.9058400000
19.9169300000
19.9281500000
19.9401500000
19.9539100000
19.9647700000
19.9753500000
19.9863600000
19.9968900000
20.0073200000
20.0177300000
20.0281400000
20.0388200000
20.0492700000
20.0602100000
20.0711100000
20.0813100000
20.0915600000
20.1015000000
20.1125900000
20.1231200000
20.1336300000
20.1446100000
20.1558200000
20.1668300000
20.1779300000
20.1890300000
20.2002000000
20.2113400000
20.2224500000
20.2336600000
20.2447000000
20.2557000000
20.2668900000
20.2780700000
20.2890900000
20.3001300000
20.3112000000
20.3223900000
20.3335100000
20.3445000000
20.3556100000
20.3668300000
20.3782100000
20.3893900000
20.4007600000
20.4121700000
20.4236300000
20.4351900000
20.4461700000
20.4575100000
20.4688400000
20.4803300000
20.4917000000
20.5029500000
20.5142400000
20.5258100000
20.5370000000
20.5483400000
20.5597100000
20.5710400000
20.5825400000
20.5937600000
20.6049300000
20.6160600000
20.6272000000
20.6383100000
20.6494200000
20.6604900000
20.6715800000
20.6828400000
20.6939400000
20.7049300000
20.7163100000
20.7271800000
20.7384100000
20.7493400000
20.7608200000
20.7723400000
20.7839500000
20.7953200000
20.8065900000
20.8173300000
20.8282200000
20.8405400000
20.8520300000
20.8627500000
20.8739500000
20.8842000000
20.8950300000
20.9062100000
20.9164800000
20.9275300000
20.9385600000
20.9489700000
20.9594100000
20.9693600000
20.9809400000
20.9917900000
21.0027000000
21.0142200000
21.0249100000
21.0360300000
21.0471500000
21.0582200000
21.0694200000
21.0804000000
21.0914900000
21.1026600000
21.1137200000
21.1251000000
21.1364300000
21.1472200000
21.1581500000
21.1693400000
21.1804100000
21.1915200000
21.2026100000
21.2136500000
21.2248500000
21.2360600000
21.2470600000
21.2585000000
21.2695000000
21.2807900000
21.2920300000
21.3034200000
21.3145500000
21.3258100000
21.3372700000
21.3482700000
21.3595300000
21.3709000000
21.3821400000
21.3932800000
21.4045400000
21.4156500000
21.4267800000
21.4383100000
21.4492100000
21.4602700000
21.4711900000
21.4824600000
21.4934400000
21.5047100000
21.5161200000
21.5272400000
21.5396300000
21.5499100000
21.5612600000
21.5723700000
21.5830200000
21.5944500000
21.6053300000
21.6165900000
21.6276400000
21.6385400000
21.6500900000
21.6616400000
21.6726100000
21.6831600000
21.6940900000
21.7047100000
21.7153900000
21.7263700000
21.7377800000
21.7487200000
21.7600700000
21.7714600000
21.7831700000
21.7941200000
21.8053500000
21.8163700000
21.8275300000
21.8386400000
21.8497000000
21.8606500000
21.8711400000
21.8820700000
21.8929400000
21.9043000000
21.9154900000
21.9264300000
21.9374300000
21.9485800000
21.9600000000
21.9708600000
21.9818000000
21.9930300000
22.0042700000
22.0152900000
22.0263300000
22.0375800000
22.0487800000
22.0601100000
22.0711700000
22.0824900000
22.0939400000
22.1044200000
22.1158300000
22.1269900000
22.1380200000
22.1493600000
22.1597500000
22.1708000000
22.1819600000
22.1935300000
22.2045100000
22.2154400000
22.2264600000
22.2377500000
22.2485800000
22.2597700000
22.2707800000
22.2819200000
22.2934100000
22.3044600000
22.3153400000
22.3263200000
22.3378500000
22.3486100000
22.3596500000
22.3707700000
22.3821200000
22.3931800000
22.4040300000
22.4153300000
22.4262600000
22.4373700000
22.4484700000
22.4597500000
22.4707100000
22.4820300000
22.4935100000
22.5045400000
22.5158900000
22.5267000000
22.5381000000
22.5490900000
22.5602800000
22.5717600000
22.5826100000
22.5937100000
22.6039400000
22.6150700000
22.6262800000
22.6372600000
22.6486200000
22.6601000000
22.6711100000
22.6821300000
22.6931200000
22.7047700000
22.7160800000
22.7267400000
22.7379800000
22.7486300000
22.7599500000
22.7715100000
22.7823900000
22.7940200000
22.8049000000
22.8156000000
22.8260900000
22.8373600000
22.8482800000
22.8594700000
22.8709000000
22.8816000000
22.8927300000
22.9038200000
22.9150900000
22.9260100000
22.9370900000
22.9483700000
22.9594200000
22.9709300000
22.9815800000
22.9926400000
23.0037700000
23.0149800000
23.0259800000
23.0372000000
23.0486300000
23.0597000000
23.0710000000
23.0817600000
23.0927100000
23.1036800000
23.1148100000
23.1259300000
23.1370400000
23.1482500000
23.1598200000
23.1709200000
23.1820400000
23.1931400000
23.2040000000
23.2152600000
23.2260500000
23.2373500000
23.2483400000
23.2596600000
23.2708900000
23.2819200000
23.2933600000
23.3044200000
23.3153500000
23.3263600000
23.3373100000
23.3486300000
23.3596700000
23.3719400000
23.3831700000
23.3935500000
23.4043400000
23.4151300000
23.4261500000
23.4374100000
23.4482200000
23.4594100000
23.4704300000
23.4824200000
23.4928000000
23.5037200000
23.5147600000
23.5253600000
23.5366000000
23.5475100000
23.5590400000
23.5701300000
23.5816800000
23.5925300000
23.6034000000
23.6143800000
23.6254100000
23.6371400000
23.6477900000
23.6588000000
23.6696200000
23.6808900000
23.6923800000
23.7040600000
23.7147500000
23.7257900000
23.7372400000
23.7479400000
23.7589500000
23.7700900000
23.7811300000
23.7934200000
23.8045700000
23.8163500000
23.8271600000
23.8386000000
23.8503900000
23.8622100000
23.8739300000
23.8843200000
23.8950200000
23.9063400000
23.9181000000
23.9295400000
23.9406600000
23.9516100000
23.9626400000
23.9737400000
23.9845700000
23.9958800000
24.0066800000
24.0176200000
24.0289000000
24.0400300000
24.0517400000
24.0625800000
24.0737500000
24.0844700000
24.0958100000
24.1064900000
24.1187600000
24.1290200000
24.1404300000
24.1517800000
24.1624000000
24.1732800000
24.1847300000
24.1951400000
24.2063800000
24.2166400000
24.2275300000
24.2387500000
24.2495100000
24.2605500000
24.2714700000
24.2824700000
24.2938600000
24.3048200000
24.3160600000
24.3266300000
24.3380700000
24.3495600000
24.3611900000
24.3724300000
24.3835200000
24.3943400000
24.4060000000
24.4175000000
24.4285300000
24.4404900000
24.4516600000
24.4627300000
24.4744900000
24.4852700000
24.4964100000
24.5083800000
24.5190200000
24.5302600000
24.5409900000
24.5525800000
24.5643800000
24.5761000000
24.5868200000
24.5979700000
24.6092100000
24.6200900000
24.6312900000
24.6431900000
24.6548500000
24.6662200000
24.6780400000
24.6892100000
24.7003400000
24.7123900000
24.7230800000
24.7345000000
24.7458400000
24.7575000000
24.7683800000
24.7793800000
24.7902300000
24.8008300000
24.8125300000
24.8239800000
24.8353900000
24.8466000000
24.8589800000
24.8700200000
24.8812100000
24.8926000000
24.9044700000
24.9155000000
24.9262800000
24.9384400000
24.9495000000
24.9608300000
24.9719000000
24.9828000000
24.9936400000
25.0052800000
25.0166400000
25.0276800000
25.0394200000
25.0510000000
25.0626600000
25.0742400000
25.0857400000
25.0976400000
25.1087700000
25.1213300000
25.1326900000
25.1444000000
25.1558700000
25.1677100000
25.1796800000
25.1906400000
25.2017600000
25.2135900000
25.2248300000
25.2365200000
25.2477000000
25.2591900000
25.2695800000
25.2811500000
25.2925000000
25.3035100000
25.3143900000
25.3252500000
25.3364800000
25.3476300000
25.3596400000
25.3705200000
25.3825500000
25.3943900000
25.4054500000
25.4162300000
25.4270100000
25.4377100000
25.4492400000
25.4601700000
25.4713600000
25.4820800000
25.4932800000
25.5042200000
25.5152900000
25.5260300000
25.5372900000
25.5482800000
25.5601900000
25.5712200000
25.5822600000
25.5933800000
25.6044100000
25.6162200000
25.6273100000
25.6396300000
25.6508700000
25.6628500000
25.6746400000
25.6861500000
25.6977700000
25.7101600000
25.7217000000
25.7339200000
25.7452800000
25.7572400000
25.7681600000
25.7798300000
25.7915100000
25.8033900000
25.8153800000
25.8264400000
25.8387000000
25.8504300000
25.8620500000
25.8739800000
25.8849700000
25.8967200000
25.9085000000
25.9205700000
25.9324400000
25.9448900000
25.9563600000
25.9673500000
25.9794900000
25.9915200000
26.0029100000
26.0143600000
26.0260900000
26.0371700000
26.0488700000
26.0608200000
26.0726700000
26.0844900000
26.0967500000
26.1081200000
26.1199600000
26.1310700000
26.1429200000
26.1548200000
26.1657100000
26.1771700000
26.1882500000
26.2007000000
26.2125500000
26.2242400000
26.2361300000
26.2476200000
26.2592900000
26.2712000000
26.2831700000
26.2949400000
26.3063200000
26.3175400000
26.3290300000
26.3410200000
26.3531300000
26.3649100000
26.3766100000
26.3885300000
26.4005200000
26.4125600000
26.4236400000
26.4355600000
26.4475400000
26.4594000000
26.4706200000
26.4820800000
26.4940600000
26.5051000000
26.5168600000
26.5291100000
26.5409000000
26.5530400000
26.5656800000
26.5774700000
26.5889000000
26.6009400000
26.6126700000
26.6247400000
26.6363900000
26.6484900000
26.6602200000
26.6722000000
26.6838300000
26.6959000000
26.7077500000
26.7199500000
26.7325600000
26.7443700000
26.7565100000
26.7682200000
26.7801000000
26.7917800000
26.8037100000
26.8150200000
26.8271100000
26.8385700000
26.8499600000
26.8615100000
26.8733200000
26.8850500000
26.8969000000
26.9088400000
26.9209300000
26.9330700000
26.9451600000
26.9569900000
26.9690300000
26.9808600000
26.9927800000
27.0033700000
27.0151500000
27.0270400000
27.0385700000
27.0498600000
27.0617900000
27.0732700000
27.0850200000
27.0969200000
27.1086000000
27.1206100000
27.1320700000
27.1444400000
27.1557300000
27.1679500000
27.1798700000
27.1915700000
27.2036100000
27.2155200000
27.2273500000
27.2394600000
27.2510100000
27.2633400000
27.2751800000
27.2869800000
27.2989200000
27.3110500000
27.3230600000
27.3348600000
27.3471300000
27.3597500000
27.3709600000
27.3826500000
27.3945200000
27.4061300000
27.4177800000
27.4294600000
27.4420800000
27.4542400000
27.4661200000
27.4776200000
27.4895400000
27.5017900000
27.5136000000
27.5248100000
27.5366800000
27.5487400000
27.5604800000
27.5724200000
27.5847900000
27.5962800000
27.6080600000
27.6197200000
27.6313700000
27.6433100000
27.6550600000
27.6671700000
27.6791400000
27.6908600000
27.7026700000
27.7148500000
27.7263500000
27.7380400000
27.7502200000
27.7620100000
27.7743800000
27.7859200000
27.7980600000
27.8096700000
27.8217800000
27.8334200000
27.8455600000
27.8577600000
27.8693000000
27.8815300000
27.8931400000
27.9051300000
27.9171000000
27.9286400000
27.9401900000
27.9524300000
27.9640500000
27.9759400000
27.9883000000
28.0000600000
28.0121900000
28.0242700000
28.0362100000
28.0483400000
28.0600800000
28.0720200000
28.0831700000
28.0948300000
28.1058500000
28.1177100000
28.1296700000
28.1419600000
28.1541800000
28.1649300000
28.1766600000
28.1888600000
28.2004200000
28.2123400000
28.2247200000
28.2365000000
28.2483400000
28.2603200000
28.2721900000
28.2833400000
28.2952200000
28.3072300000
28.3193300000
28.3307100000
28.3427700000
28.3546600000
28.3665700000
28.3784000000
28.3906200000
28.4025000000
28.4145200000
28.4259700000
28.4382500000
28.4506600000
28.4631400000
28.4751200000
28.4870400000
28.4989900000
28.5107700000
28.5227700000
28.5341400000
28.5459200000
28.5584700000
28.5701000000
28.5814200000
28.5930200000
28.6048400000
28.6167900000
28.6281900000
28.6401100000
28.6515600000
28.6635800000
28.6751100000
28.6866700000
28.6982200000
28.7101200000
28.7212100000
28.7343300000
28.7464300000
28.7583700000
28.7705200000
28.7825700000
28.7944900000
28.8057500000
28.8177000000
28.8295800000
28.8419600000
28.8542500000
28.8659500000
28.8786800000
28.8908000000
28.9034700000
28.9153900000
28.9275400000
28.9395200000
28.9518900000
28.9631300000
28.9750100000
28.9871800000
29.0000000000
29.0114400000
29.0227000000
29.0345600000
29.0466900000
29.0589500000
29.0712200000
29.0831700000
29.0951400000
29.1066500000
29.1190500000
29.1310800000
29.1428600000
29.1552500000
29.1669100000
29.1793500000
29.1914300000
29.2034200000
29.2155900000
29.2277300000
29.2400100000
29.2518900000
29.2636100000
29.2752100000
29.2872000000
29.2988900000
29.3109600000
29.3234100000
29.3353200000
29.3474600000
29.3596000000
29.3706800000
29.3827000000
29.3948200000
29.4069900000
29.4197100000
29.4312800000
29.4426000000
29.4548300000
29.4664500000
29.4785200000
29.4907400000
29.5027200000
29.5148200000
29.5265200000
29.5390400000
29.5516800000
29.5631600000
29.5751000000
29.5867000000
29.5989400000
29.6113000000
29.6237700000
29.6358600000
29.6477900000
29.6597000000
29.6721600000
29.6849400000
29.6965300000
29.7085600000
29.7208300000
29.7327000000
29.7452600000
29.7580900000
29.7695300000
29.7821000000
29.7941100000
29.8067000000
29.8193100000
29.8314800000
29.8440400000
29.8565800000
29.8683400000
29.8801700000
29.8920100000
29.9031500000
29.9153000000
29.9275600000
29.9399900000
29.9522900000
29.9651600000
29.9778700000
29.9895500000
30.0021600000
30.0141500000
30.0259900000
30.0388700000
30.0508400000
30.0630000000
30.0756200000
30.0877700000
30.1004800000
30.1124500000
30.1245600000
30.1363900000
30.1475900000
30.1603500000
30.1719900000
30.1838200000
30.1957700000
30.2077900000
30.2197800000
30.2313500000
30.2436500000
30.2560200000
30.2673000000
30.2791900000
30.2913800000
30.3040100000
30.3160500000
30.3278900000
30.3404700000
30.3524300000
30.3645900000
30.3763500000
30.3884700000
30.4007200000
30.4131100000
30.4249300000
30.4362100000
30.4489700000
30.4612900000
30.4737500000
30.4858700000
30.4978300000
30.5104200000
30.5228700000
30.5344400000
30.5469600000
30.5600600000
30.5735800000
30.5861000000
30.5987000000
30.6103800000
30.6225600000
30.6344200000
30.6463800000
30.6590700000
30.6721500000
30.6847800000
30.6961500000
30.7078800000
30.7200300000
30.7316900000
30.7439400000
30.7563500000
30.7684700000
30.7812400000
30.7933100000
30.8050200000
30.8170000000
30.8287600000
30.8414500000
30.8537500000
30.8662700000
30.8782600000
30.8901800000
30.9020300000
30.9140600000
30.9263400000
30.9388700000
30.9510800000
30.9640300000
30.9766400000
30.9892900000
31.0008100000
31.0127300000
31.0247700000
31.0368500000
31.0486500000
31.0610500000
31.0730700000
31.0858200000
31.0982800000
31.1102400000
31.1220500000
31.1342800000
31.1467200000
31.1594200000
31.1723800000
31.1846100000
31.1966600000
31.2077200000
31.2200900000
31.2321200000
31.2445000000
31.2570000000
31.2688900000
31.2812900000
31.2939900000
31.3067800000
31.3195800000
31.3316400000
31.3438700000
31.3560800000
31.3688800000
31.3816900000
31.3943000000
31.4066700000
31.4185000000
31.4308100000
31.4430400000
31.4550900000
31.4670600000
31.4791100000
31.4919900000
31.5040600000
31.5177300000
31.5302700000
31.5424500000
31.5549200000
31.5678100000
31.5804700000
31.5937100000
31.6065400000
31.6192900000
31.6325200000
31.6448300000
31.6585500000
31.6709000000
31.6835600000
31.6968100000
31.7094600000
31.7224900000
31.7351700000
31.7479700000
31.7610800000
31.7736300000
31.7856600000
31.7987000000
31.8116300000
31.8245700000
31.8375700000
31.8503200000
31.8633400000
31.8758900000
31.8884100000
31.9011500000
31.9147000000
31.9267800000
31.9396700000
31.9516900000
31.9656500000
31.9788900000
31.9915900000
32.0038400000
32.0165400000
32.0283900000
32.0404100000
32.0535900000
32.0659600000
32.0789100000
32.0908400000
32.1029500000
32.1155200000
32.1283100000
32.1399800000
32.1528900000
32.1630300000
32.1727100000
32.1830600000
32.1941400000
32.2055900000
32.2162400000
32.2275700000
32.2387400000
32.2496600000
32.2607500000
32.2720800000
32.2829200000
32.2940200000
32.3052700000
32.3162100000
32.3273200000
32.3387600000
32.3496300000
32.3609200000
32.3719900000
32.3828700000
32.3940500000
32.4050700000
32.4162600000
32.4272700000
32.4384800000
32.4496200000
32.4606800000
32.4719400000
32.4828700000
32.4940400000
32.5051700000
32.5167200000
32.5272600000
32.5384700000
32.5496100000
32.5608000000
32.5717200000
32.5829500000
32.5941100000
32.6056100000
32.6172100000
32.6285000000
32.6399900000
32.6514400000
32.6631700000
32.6745100000
32.6857900000
32.6973300000
32.7087700000
32.7202500000
32.7316300000
32.7434100000
32.7544700000
32.7658000000
32.7767300000
32.7879800000
32.7989900000
32.8101200000
32.8212100000
32.8322500000
32.8432800000
32.8544200000
32.8656100000
32.8768000000
32.8879900000
32.8988000000
32.9099000000
32.9212100000
32.9321200000
32.9432000000
32.9544600000
32.9655200000
32.9767500000
32.9880500000
32.9988300000
33.0099500000
33.0209800000
33.0321100000
33.0431600000
33.0545300000
33.0654900000
33.0765500000
33.0876800000
33.0988500000
33.1097900000
33.1210400000
33.1323300000
33.1432800000
33.1543000000
33.1653300000
33.1764200000
33.1877600000
33.1987200000
33.2099400000
33.2208800000
33.2319100000
33.2431100000
33.2542900000
33.2652900000
33.2764000000
33.2875100000
33.2988400000
33.3097000000
33.3209600000
33.3318800000
33.3430100000
33.3541700000
33.3654300000
33.3763200000
33.3874100000
33.3986100000
33.4096400000
33.4207900000
33.4322400000
33.4429400000
33.4541700000
33.4652000000
33.4764200000
33.4874400000
33.4985000000
33.5097700000
33.5206800000
33.5318100000
33.5431300000
33.5539900000
33.5652400000
33.5762300000
33.5873500000
33.5984200000
33.6097100000
33.6207000000
33.6320800000
33.6429400000
33.6542100000
33.6650700000
33.6761800000
33.6873700000
33.6984200000
33.7095100000
33.7205900000
33.7317400000
33.7428000000
33.7539100000
33.7652900000
33.7761500000
33.7871900000
33.7983300000
33.8094800000
33.8206100000
33.8316500000
33.8428000000
33.8538500000
33.8650500000
33.8762400000
33.8871700000
33.8982800000
33.9094000000
33.9206100000
33.9315800000
33.9427000000
33.9538800000
33.9650700000
33.9760700000
33.9874100000
33.9983100000
34.0097500000
34.0204300000
34.0316400000
34.0427000000
34.0537900000
34.0648900000
34.0761200000
34.0871400000
34.0983600000
34.1093200000
34.1204600000
34.1314900000
34.1426400000
34.1537300000
34.1648900000
34.1759000000
34.1870800000
34.1982500000
34.2094300000
34.2204000000
34.2315500000
34.2429900000
34.2536800000
34.2648400000
34.2758800000
34.2869600000
34.2980400000
34.3092200000
34.3204500000
34.3313900000
34.3425100000
34.3536500000
34.3648500000
34.3758700000
34.3870800000
34.3980000000
34.4092000000
34.4203100000
34.4315500000
34.4424900000
34.4536300000
34.4646900000
34.4758700000
34.4868800000
34.4980000000
34.5091200000
34.5202600000
34.5313600000
34.5426600000
34.5535300000
34.5650900000
34.5757700000
34.5869000000
34.5980300000
34.6090600000
34.6203400000
34.6312400000
34.6423600000
34.6536900000
34.6646700000
34.6757000000
34.6868700000
34.6980900000
34.7090000000
34.7200500000
34.7314800000
34.7423600000
34.7536000000
34.7647800000
34.7763500000
34.7867200000
34.7978200000
34.8089700000
34.8200300000
34.8311700000
34.8422600000
34.8535100000
34.8647600000
34.8757200000
34.8866400000
34.8981500000
34.9088900000
34.9201200000
34.9311900000
34.9421800000
34.9533000000
34.9647600000
34.9756100000
34.9867900000
34.9977800000
35.0090600000
35.0200000000
35.0311700000
35.0421500000
35.0532500000
35.0647000000
35.0755000000
35.0867700000
35.0979100000
35.1089000000
35.1198900000
35.1311400000
35.1421800000
35.1532200000
35.1647300000
35.1756400000
35.1865100000
35.1977300000
35.2089200000
35.2198600000
35.2312300000
35.2420400000
35.2532800000
35.2648900000
35.2755000000
35.2865600000
35.2975800000
35.3087200000
35.3201400000
35.3308600000
35.3420300000
35.3531200000
35.3645800000
35.3753700000
35.3865100000
35.3975000000
35.4086600000
35.4197800000
35.4310400000
35.4419600000
35.4531400000
35.4644400000
35.4754700000
35.4863700000
35.4975000000
35.5086400000
35.5196900000
35.5308900000
35.5420800000
35.5530100000
35.5645100000
35.5752700000
35.5863500000
35.5974200000
35.6085800000
35.6198300000
35.6309100000
35.6420100000
35.6531400000
35.6644800000
35.6751900000
35.6862800000
35.6973900000
35.7085200000
35.7196200000
35.7306900000
35.7418500000
35.7529300000
35.7644000000
35.7751300000
35.7863600000
35.7973300000
35.8084700000
35.8195300000
35.8308800000
35.8418200000
35.8529100000
35.8641800000
35.8752500000
35.8862700000
35.8972500000
35.9084100000
35.9195300000
35.9306700000
35.9418800000
35.9528400000
35.9642400000
35.9750500000
35.9863600000
35.9973000000
36.0084100000
36.0194800000
36.0306100000
36.0416800000
36.0528000000
36.0640200000
36.0749700000
36.0861900000
36.0974400000
36.1082600000
36.1195800000
36.1305500000
36.1416900000
36.1527900000
36.1639600000
36.1750100000
36.1860100000
36.1971100000
36.2120300000
36.2230800000
36.2332800000
36.2430900000
36.2533000000
36.2630400000
36.2724300000
36.2828500000
36.2939400000
36.3050300000
36.3162600000
36.3273100000
36.3383300000
36.3494300000
36.3605900000
36.3716700000
36.3827900000
36.3939200000
36.4051200000
36.4161900000
36.4273400000
36.4384000000
36.4494000000
36.4605200000
36.4717100000
36.4827400000
36.4939200000
36.5049600000
36.5160900000
36.5273200000
36.5384600000
36.5494700000
36.5607600000
36.5716600000
36.5827600000
36.5941600000
36.6054000000
36.6167500000
36.6279800000
36.6393100000
36.6505000000
36.6619100000
36.6730500000
36.6845700000
36.6957000000
36.7071000000
36.7184400000
36.7295600000
36.7410600000
36.7522100000
36.7634500000
36.7746800000
36.7859200000
36.7969100000
36.8080000000
36.8190800000
36.8302600000
36.8412700000
36.8526600000
36.8637600000
36.8748400000
36.8857800000
36.8969800000
36.9079700000
36.9192200000
36.9301600000
36.9420300000
36.9523000000
36.9636600000
36.9746700000
36.9856900000
36.9968500000
37.0078900000
37.0189700000
37.0302000000
37.0413600000
37.0523700000
37.0633700000
37.0747300000
37.0856800000
37.0966700000
37.1078200000
37.1191600000
37.1299600000
37.1411100000
37.1532400000
37.1666400000
37.1791500000
37.1925500000
37.2049000000
37.2178000000
37.2305000000
37.2433200000
37.2561600000
37.2680300000
37.2804900000
37.2934300000
37.3056100000
37.3186500000
37.3308900000
37.3438600000
37.3558800000
37.3681900000
37.3811000000
37.3940600000
37.4069000000
37.4196100000
37.4311000000
37.4438100000
37.4560500000
37.4684600000
37.4809800000
37.4941000000
37.5067700000
37.5195700000
37.5325000000
37.5455300000
37.5584900000
37.5712700000
37.5837700000
37.5970500000
37.6093900000
37.6219600000
37.6352000000
37.6478100000
37.6605700000
37.6732100000
37.6858000000
37.6989400000
37.7117400000
37.7247500000
37.7373900000
37.7496100000
37.7625500000
37.7754600000
37.7882600000
37.8014600000
37.8137700000
37.8266800000
37.8394800000
37.8510700000
37.8640900000
37.8771600000
37.8901200000
37.9033600000
37.9166900000
37.9296700000
37.9430400000
37.9558100000
37.9691500000
37.9825200000
37.9956400000
38.0087200000
38.0221600000
38.0343500000
38.0465400000
38.0594600000
38.0725600000
38.0857700000
38.0985100000
38.1117400000
38.1247100000
38.1382100000
38.1510600000
38.1635800000
38.1764500000
38.1891400000
38.2015500000
38.2142200000
38.2274100000
38.2402400000
38.2531700000
38.2659000000
38.2790500000
38.2915500000
38.3044400000
38.3169500000
38.3300400000
38.3431700000
38.3560200000
38.3694300000
38.3822100000
38.3950800000
38.4079400000
38.4211300000
38.4340500000
38.4471400000
38.4598000000
38.4724100000
38.4853800000
38.4982200000
38.5112300000
38.5243100000
38.5370600000
38.5499200000
38.5638200000
38.5770400000
38.5897300000
38.6025000000
38.6156000000
38.6286400000
38.6413100000
38.6540300000
38.6672400000
38.6799900000
38.6929500000
38.7057700000
38.7189400000
38.7316200000
38.7444300000
38.7573700000
38.7706900000
38.7837100000
38.7972800000
38.8098200000
38.8233800000
38.8361200000
38.8489500000
38.8613400000
38.8745000000
38.8876300000
38.9005400000
38.9133100000
38.9262800000
38.9392400000
38.9521700000
38.9654800000
38.9786800000
38.9914900000
39.0044600000
39.0175500000
39.0302700000
39.0435000000
39.0563500000
39.0695400000
39.0839200000
39.0981600000
39.1116500000
39.1242800000
39.1374300000
39.1509500000
39.1637800000
39.1773100000
39.1906500000
39.2043300000
39.2172900000
39.2302400000
39.2433100000
39.2569000000
39.2704800000
39.2833300000
39.2961700000
39.3088000000
39.3216300000
39.3344000000
39.3475800000
39.3606600000
39.3741000000
39.3869200000
39.3998500000
39.4133500000
39.4270900000
39.4402800000
39.4532600000
39.4664300000
39.4795500000
39.4925200000
39.5054100000
39.5177600000
39.5308300000
39.5437600000
39.5567400000
39.5698500000
39.5835300000
39.5961500000
39.6090300000
39.6227000000
39.6356800000
39.6487000000
39.6615700000
39.6755000000
39.6883400000
39.7012400000
39.7147900000
39.7281600000
39.7416000000
39.7544300000
39.7673000000
39.7807300000
39.7938000000
39.8066100000
39.8198200000
39.8329100000
39.8465500000
39.8595500000
39.8733300000
39.8871500000
39.9003500000
39.9143300000
39.9282900000
39.9417000000
39.9546700000
39.9680900000
39.9812500000
39.9948100000
40.0084900000
40.0215100000
40.0340800000
40.0469900000
40.0601100000
40.0736600000
40.0870400000
40.1002000000
40.1145900000
40.1277800000
40.1415900000
40.1547000000
40.1675400000
40.1815000000
40.1951300000
40.2086300000
40.2217500000
40.2346300000
40.2477600000
40.2608600000
40.2743900000
40.2875200000
40.3011600000
40.3144700000
40.3282600000
40.3421800000
40.3562800000
40.3696600000
40.3836000000
40.3974800000
40.4107800000
40.4240000000
40.4379900000
40.4504800000
40.4639600000
40.4785300000
40.4922600000
40.5062000000
40.5197800000
40.5330000000
40.5465100000
40.5603400000
40.5746700000
40.5883300000
40.6023300000
40.6158000000
40.6287900000
40.6422900000
40.6561400000
40.6699300000
40.6834000000
40.6976700000
40.7109200000
40.7238200000
40.7376900000
40.7519000000
40.7657700000
40.7803200000
40.7939800000
40.8077800000
40.8214600000
40.8356400000
40.8489900000
40.8625100000
40.8773300000
40.8911400000
40.9051600000
40.9191800000
40.9330700000
40.9468500000
40.9606100000
40.9745200000
40.9880600000
41.0022900000
41.0161200000
41.0291100000
41.0431200000
41.0567700000
41.0699100000
41.0840800000
41.0977700000
41.1112800000
41.1253800000
41.1392400000
41.1532800000
41.1671300000
41.1809700000
41.1952400000
41.2089000000
41.2229500000
41.2371600000
41.2506000000
41.2639500000
41.2779000000
41.2918700000
41.3059100000
41.3196300000
41.3342200000
41.3484000000
41.3621300000
41.3770200000
41.3914400000
41.4049600000
41.4191200000
41.4330900000
41.4474500000
41.4610600000
41.4753600000
41.4892000000
41.5032600000
41.5173700000
41.5313500000
41.5452900000
41.5595800000
41.5736600000
41.5879600000
41.6018000000
41.6157900000
41.6298300000
41.6434100000
41.6577100000
41.6721500000
41.6864800000
41.7010600000
41.7162100000
41.7302400000
41.7442100000
41.7582400000
41.7721100000
41.7862100000
41.8004200000
41.8135800000
41.8272700000
41.8412700000
41.8552700000
41.8692400000
41.8830000000
41.8973400000
41.9112400000
41.9251500000
41.9393400000
41.9539100000
41.9680200000
41.9823600000
41.9964100000
42.0103800000
42.0244800000
42.0388500000
42.0522100000
42.0662000000
42.0807300000
42.0947200000
42.1083100000
42.1220000000
42.1351300000
42.1494900000
42.1635100000
42.1774900000
42.1912800000
42.2058200000
42.2197800000
42.2340400000
42.2483900000
42.2623300000
42.2767400000
42.2909700000
42.3045700000
42.3180400000
42.3314400000
42.3449800000
42.3589500000
42.3736700000
42.3882300000
42.4020900000
42.4160300000
42.4299400000
42.4433300000
42.4574600000
42.4714000000
42.4852000000
42.4989800000
42.5139200000
42.5284500000
42.5424700000
42.5559900000
42.5696500000
42.5834700000
42.5971600000
42.6112100000
42.6253100000
42.6395400000
42.6536700000
42.6676800000
42.6817100000
42.6959800000
42.7093800000
42.7234900000
42.7375000000
42.7519200000
42.7664000000
42.7812400000
42.7953400000
42.8093300000
42.8234600000
42.8379700000
42.8526300000
42.8670000000
42.8816300000
42.8953300000
42.9091800000
42.9237200000
42.9375500000
42.9517000000
42.9658900000
42.9809600000
42.9953000000
43.0095200000
43.0231600000
43.0375400000
43.0509700000
43.0643100000
43.0787300000
43.0927300000
43.1064600000
43.1204800000
43.1349900000
43.1494400000
43.1640400000
43.1792900000
43.1935500000
43.2074300000
43.2213700000
43.2353600000
43.2495600000
43.2633100000
43.2770100000
43.2908500000
43.3048400000
43.3181600000
43.3327400000
43.3472300000
43.3611800000
43.3756800000
43.3895300000
43.4036500000
43.4178500000
43.4324700000
43.4460600000
43.4602700000
43.4745100000
43.4893600000
43.5031900000
43.5172500000
43.5316700000
43.5463400000
43.5605200000
43.5738400000
43.5877400000
43.6024200000
43.6167100000
43.6305300000
43.6446300000
43.6581200000
43.6730200000
43.6880300000
43.7027500000
43.7167900000
43.7302700000
43.7444000000
43.7587200000
43.7728700000
43.7876500000
43.8018800000
43.8157800000
43.8298100000
43.8438600000
43.8567400000
43.8706200000
43.8846700000
43.8990100000
43.9133300000
43.9273700000
43.9411900000
43.9552600000
43.9698400000
43.9841500000
43.9982100000
44.0121100000
44.0266900000
44.0406700000
44.0552400000
44.0693100000
44.0838300000
44.0986700000
44.1124600000
44.1270200000
44.1417800000
44.1557600000
44.1701800000
44.1841900000
44.1989400000
44.2132000000
44.2277900000
44.2420500000
44.2563800000
44.2700900000
44.2840500000
44.2980500000
44.3130200000
44.3276100000
44.3424600000
44.3568400000
44.3709200000
44.3852700000
44.3999700000
44.4152000000
44.4295700000
44.4435300000
44.4574600000
44.4710500000
44.4857400000
44.5000400000
44.5139200000
44.5273700000
44.5415600000
44.5558100000
44.5702600000
44.5848100000
44.5996800000
44.6140100000
44.6294000000
44.6440500000
44.6590100000
44.6728500000
44.6881200000
44.7025600000
44.7164200000
44.7304000000
44.7438900000
44.7580100000
44.7721400000
44.7864200000
44.8008800000
44.8158100000
44.8295300000
44.8437300000
44.8587700000
44.8731300000
44.8881600000
44.9027800000
44.9168700000
44.9312400000
44.9459500000
44.9605500000
44.9751500000
44.9902300000
45.0038400000
45.0173900000
45.0316900000
45.0457700000
45.0602100000
45.0746800000
45.0893500000
45.1037700000
45.1172800000
45.1322600000
45.1466900000
45.1611100000
45.1757500000
45.1900600000
45.2043500000
45.2195300000
45.2346700000
45.2494000000
45.2643400000
45.2791300000
45.2933100000
45.3076300000
45.3222800000
45.3360600000
45.3499800000
45.3638300000
45.3787100000
45.3930100000
45.4084200000
45.4227000000
45.4362000000
45.4508900000
45.4662900000
45.4813600000
45.4959600000
45.5110000000
45.5255800000
45.5404100000
45.5550100000
45.5688000000
45.5831000000
45.5979300000
45.6126300000
45.6275300000
45.6425900000
45.6574500000
45.6706400000
45.6848000000
45.6998400000
45.7140400000
45.7287400000
45.7439300000
45.7581400000
45.7721400000
45.7869400000
45.8018200000
45.8159100000
45.8305000000
45.8448600000
45.8588500000
45.8731400000
45.8877700000
45.9025300000
45.9178600000
45.9325400000
45.9472500000
45.9623500000
45.9770100000
45.9918300000
46.0072700000
46.0223700000
46.0364800000
46.0504300000
46.0657200000
46.0798700000
46.0944600000
46.1089300000
46.1239200000
46.1387100000
46.1529500000
46.1674400000
46.1823400000
46.1975300000
46.2121400000
46.2269600000
46.2423800000
46.2571900000
46.2718200000
46.2866100000
46.3012500000
46.3158000000
46.3307300000
46.3446800000
46.3594800000
46.3741500000
46.3896100000
46.4042600000
46.4191000000
46.4337000000
46.4478500000
46.4623900000
46.4769200000
46.4913700000
46.5061700000
46.5209000000
46.5362800000
46.5513800000
46.5666200000
46.5823100000
46.5976700000
46.6129800000
46.6281500000
46.6429900000
46.6577700000
46.6723500000
46.6867500000
46.7024500000
46.7176800000
46.7327800000
46.7477200000
46.7620000000
46.7771400000
46.7923600000
46.8070500000
46.8217600000
46.8367400000
46.8516600000
46.8666600000
46.8820700000
46.8968300000
46.9113300000
46.9261400000
46.9420500000
46.9565800000
46.9718300000
46.9864000000
47.0017900000
47.0162300000
47.0311300000
47.0462900000
47.0611800000
47.0761100000
47.0914100000
47.1059600000
47.1205400000
47.1358500000
47.1503000000
47.1651500000
47.1792800000
47.1944700000
47.2091300000
47.2236500000
47.2384300000
47.2533200000
47.2683600000
47.2829600000
47.2978000000
47.3126300000
47.3274000000
47.3424600000
47.3571100000
47.3719100000
47.3866300000
47.4015100000
47.4158200000
47.4308700000
47.4448100000
47.4601000000
47.4750500000
47.4897400000
47.5047400000
47.5194200000
47.5346800000
47.5490000000
47.5647500000
47.5789500000
47.5943100000
47.6088600000
47.6234900000
47.6392400000
47.6540800000
47.6691600000
47.6842300000
47.6994300000
47.7132300000
47.7280200000
47.7432200000
47.7580600000
47.7731600000
47.7879100000
47.8018900000
47.8170400000
47.8319700000
47.8464300000
47.8613300000
47.8760500000
47.8907300000
47.9053700000
47.9200200000
47.9345900000
47.9494200000
47.9646100000
47.9792900000
47.9943100000
48.0086300000
48.0238000000
48.0386300000
48.0531700000
48.0681000000
48.0832700000
48.0980100000
48.1122700000
48.1274900000
48.1417700000
48.1563900000
48.1713900000
48.1866000000
48.2015200000
48.2155600000
48.2305200000
48.2446300000
48.2600400000
48.2749300000
48.2900400000
48.3054400000
48.3201600000
48.3352800000
48.3502900000
48.3655200000
48.3801600000
48.3950900000
48.4097700000
48.4243900000
48.4393800000
48.4545100000
48.4699700000
48.4851200000
48.5005300000
48.5152500000
48.5303700000
48.5453500000
48.5603000000
48.5759400000
48.5900300000
48.6052400000
48.6196200000
48.6341300000
48.6489100000
48.6641400000
48.6790600000
48.6942300000
48.7095600000
48.7239900000
48.7390600000
48.7539900000
48.7694800000
48.7842300000
48.7984700000
48.8137200000
48.8283800000
48.8432400000
48.8578400000
48.8727000000
48.8877400000
48.9028400000
48.9183900000
48.9332400000
48.9481800000
48.9631200000
48.9779600000
48.9930300000
49.0081000000
49.0229900000
49.0381700000
49.0530400000
49.0680600000
49.0833500000
49.0988800000
49.1131900000
49.1286200000
49.1433400000
49.1576200000
49.1730000000
49.1881000000
49.2028200000
49.2183800000
49.2333000000
49.2481200000
49.2632900000
49.2782200000
49.2943200000
49.3096700000
49.3244800000
49.3399100000
49.3548500000
49.3689200000
49.3839700000
49.3987800000
49.4131100000
49.4279800000
49.4432000000
49.4583100000
49.4729300000
49.4882200000
49.5041300000
49.5192800000
49.5343600000
49.5493300000
49.5647500000
49.5796500000
49.5946000000
49.6094200000
49.6242600000
49.6390800000
49.6546600000
49.6690300000
49.6844700000
49.7002200000
49.7155100000
49.7303800000
49.7452700000
49.7605700000
49.7752200000
49.7903900000
49.8052800000
49.8204200000
49.8353100000
49.8501900000
49.8654100000
49.8802300000
49.8951800000
49.9108200000
49.9261200000
49.9410600000
49.9569400000
49.9715700000
49.9862400000
50.0017300000
50.0170300000
50.0314400000
50.0467500000
50.0613200000
50.0760500000
50.0914000000
50.1062600000
50.1212400000
50.1364000000
50.1512800000
50.1662600000
50.1813200000
50.1958800000
50.2106400000
50.2255800000
50.2403700000
50.2548400000
50.2705700000
50.2861400000
50.3013100000
50.3166800000
50.3323900000
50.3480100000
50.3626900000
50.3778500000
50.3929100000
50.4081500000
50.4234800000
50.4387700000
50.4535000000
50.4694400000
50.4840500000
50.4992200000
50.5143200000
50.5294200000
50.5441400000
50.5589300000
50.5738400000
50.5883500000
50.6039900000
50.6189800000
50.6335100000
50.6485900000
50.6634800000
50.6783400000
50.6935000000
50.7094600000
50.7246700000
50.7401400000
50.7557300000
50.7707100000
50.7860900000
50.8014600000
50.8169100000
50.8319100000
50.8469700000
50.8612700000
50.8763800000
50.8916400000
50.9070700000
50.9234700000
50.9388300000
50.9533200000
50.9689900000
50.9849400000
51.0000600000
51.0161200000
51.0309200000
51.0451400000
51.0600400000
51.0749900000
51.0903700000
51.1055300000
51.1205200000
51.1360200000
51.1515200000
51.1664100000
51.1814800000
51.1969500000
51.2116200000
51.2265200000
51.2420300000
51.2575100000
51.2723500000
51.2873300000
51.3033200000
51.3185300000
51.3337300000
51.3498000000
51.3649400000
51.3799600000
51.3950400000
51.4102500000
51.4251100000
51.4398300000
51.4555000000
51.4698300000
51.4846200000
51.5002400000
51.5156700000
51.5308700000
51.5466100000
51.5623300000
51.5790200000
51.5945600000
51.6107600000
51.6264200000
51.6419600000
51.6573500000
51.6739000000
51.6893500000
51.7047400000
51.7207100000
51.7361700000
51.7517700000
51.7677000000
51.7833400000
51.7989700000
51.8153200000
51.8307400000
51.8458700000
51.8615100000
51.8767500000
51.8918800000
51.9083000000
51.9239200000
51.9397900000
51.9547500000
51.9708100000
51.9864700000
52.0020300000
52.0175800000
52.0324700000
52.0477300000
52.0630000000
52.0781200000
52.0932100000
52.1098400000
52.1252600000
52.1407900000
52.1562900000
52.1708800000
52.1864700000
52.2022400000
52.2173600000
52.2323700000
52.2476700000
52.2632200000
52.2787000000
52.2937700000
52.3091200000
52.3247200000
52.3405000000
52.3554000000
52.3710900000
52.3867700000
52.4028600000
52.4188400000
52.4347100000
52.4502600000
52.4654000000
52.4806500000
52.4956900000
52.5121100000
52.5281300000
52.5438600000
52.5599900000
52.5757200000
52.5915500000
52.6071600000
52.6225900000
52.6381000000
52.6526500000
52.6676900000
52.6829300000
52.6987100000
52.7144100000
52.7293400000
52.7450300000
52.7609600000
52.7768900000
52.7929500000
52.8086200000
52.8239600000
52.8397300000
52.8555000000
52.8715100000
52.8862800000
52.9013600000
52.9169800000
52.9317600000
52.9466000000
52.9617300000
52.9776900000
52.9935500000
53.0097500000
53.0250200000
53.0405500000
53.0554600000
53.0710700000
53.0861900000
53.1023600000
53.1181800000
53.1336600000
53.1488300000
53.1639300000
53.1801600000
53.1956500000
53.2108900000
53.2266400000
53.2421600000
53.2575800000
53.2724600000
53.2876200000
53.3035900000
53.3190000000
53.3337100000
53.3488100000
53.3637400000
53.3789500000
53.3955700000
53.4112400000
53.4268800000
53.4424500000
53.4583700000
53.4727900000
53.4882400000
53.5034800000
53.5186500000
53.5340800000
53.5501100000
53.5656700000
53.5814500000
53.5976100000
53.6137100000
53.6293700000
53.6451500000
53.6608400000
53.6766800000
53.6915000000
53.7082400000
53.7241600000
53.7400500000
53.7557300000
53.7710300000
53.7862400000
53.8016000000
53.8181100000
53.8335800000
53.8494000000
53.8650000000
53.8810400000
53.8970600000
53.9131500000
53.9288400000
53.9446700000
53.9602500000
53.9759800000
53.9917400000
54.0078100000
54.0231400000
54.0389900000
54.0543500000
54.0700400000
54.0858600000
54.1019200000
54.1179400000
54.1327900000
54.1487800000
54.1652600000
54.1807400000
54.1959100000
54.2110700000
54.2268300000
54.2424900000
54.2580500000
54.2736000000
54.2888500000
54.3046100000
54.3197300000
54.3346300000
54.3502900000
54.3659000000
54.3812700000
54.3973800000
54.4135000000
54.4289200000
54.4448100000
54.4606600000
54.4765300000
54.4916200000
54.5075900000
54.5228300000
54.5386400000
54.5537000000
54.5700900000
54.5857400000
54.6017300000
54.6179700000
54.6332800000
