11.5221100000
11.5433700000
11.5551700000
11.5649000000
11.5749900000
11.5844300000
11.5952100000
11.6046500000
11.6147000000
11.6248800000
11.6354700000
11.6466400000
11.6577000000
11.6687900000
11.6800200000
11.6911000000
11.7023400000
11.7132500000
11.7245900000
11.7356400000
11.7466800000
11.7576400000
11.7688700000
11.7798800000
11.7911900000
11.8020600000
11.8131800000
11.8242600000
11.8356400000
11.8466100000
11.8577700000
11.8686700000
11.8801300000
11.8909000000
11.9022100000
11.9131100000
11.9242300000
11.9356400000
11.9463700000
11.9577400000
11.9689200000
11.9797100000
11.9909900000
12.0020700000
12.0134500000
12.0249600000
12.0364700000
12.0480500000
12.0594300000
12.0707700000
12.0822300000
12.0938200000
12.1052000000
12.1167400000
12.1281000000
12.1397400000
12.1511900000
12.1626900000
12.1736500000
12.1847500000
12.1958300000
12.2070300000
12.2186700000
12.2291800000
12.2402300000
12.2517500000
12.2626900000
12.2736900000
12.2847700000
12.2957600000
12.3070900000
12.3180000000
12.3290800000
12.3402300000
12.3514500000
12.3624100000
12.3735400000
12.3848700000
12.3957800000
12.4070300000
12.4179400000
12.4290400000
12.4403200000
12.4512800000
12.4628100000
12.4735100000
12.4846500000
12.4958300000
12.5070000000
12.5179000000
12.5290800000
12.5400900000
12.5512100000
12.5623300000
12.5736100000
12.5845700000
12.5955800000
12.6069800000
12.6179800000
12.6289300000
12.6400900000
12.6512000000
12.6622100000
12.6733900000
12.6845500000
12.6955800000
12.7067000000
12.7180300000
12.7288700000
12.7399600000
12.7510800000
12.7623100000
12.7737300000
12.7845300000
12.7956600000
12.8066800000
12.8178100000
12.8290000000
12.8401900000
12.8511300000
12.8622900000
12.8733500000
12.8844000000
12.8954800000
12.9067800000
12.9177300000
12.9289000000
12.9401500000
12.9510500000
12.9620600000
12.9732800000
12.9844600000
12.9955900000
13.0066600000
13.0179800000
13.0288500000
13.0400800000
13.0512600000
13.0620300000
13.0731900000
13.0843700000
13.0953300000
13.1064700000
13.1175800000
13.1286700000
13.1400000000
13.1511000000
13.1621900000
13.1731200000
13.1843100000
13.1953800000
13.2064800000
13.2176000000
13.2286100000
13.2399900000
13.2508300000
13.2619100000
13.2732400000
13.2842900000
13.2952400000
13.3069500000
13.3174600000
13.3285900000
13.3396300000
13.3510400000
13.3619400000
13.3730800000
13.3842500000
13.3953400000
13.4064400000
13.4175300000
13.4285400000
13.4397300000
13.4508100000
13.4618000000
13.4730000000
13.4842300000
13.4956500000
13.5062600000
13.5174000000
13.5284800000
13.5395900000
13.5507600000
13.5617800000
13.5729200000
13.5839600000
13.5951200000
13.6063900000
13.6174200000
13.6284100000
13.6395200000
13.6506100000
13.6617400000
13.6728500000
13.6840200000
13.6950200000
13.7062800000
13.7174400000
13.7283300000
13.7395700000
13.7506300000
13.7617000000
13.7728200000
13.7839500000
13.7950200000
13.8062100000
13.8173000000
13.8285300000
13.8394700000
13.8507100000
13.8618200000
13.8726800000
13.8838800000
13.8949700000
13.9060900000
13.9171400000
13.9282700000
13.9395800000
13.9505500000
13.9615700000
13.9726800000
13.9839700000
13.9949100000
14.0060500000
14.0173900000
14.0282900000
14.0394000000
14.0505800000
14.0617600000
14.0726600000
14.0838700000
14.0949100000
14.1059500000
14.1172000000
14.1281900000
14.1392700000
14.1504500000
14.1620800000
14.1727100000
14.1837200000
14.1948500000
14.2059000000
14.2171500000
14.2281400000
14.2398700000
14.2503700000
14.2614400000
14.2727300000
14.2840000000
14.2948300000
14.3059200000
14.3169600000
14.3282100000
14.3393500000
14.3504800000
14.3614300000
14.3725000000
14.3865500000
14.3965800000
14.4071700000
14.4173100000
14.4273200000
14.4378100000
14.4490500000
14.4600500000
14.4711500000
14.4825000000
14.4935300000
14.5047900000
14.5156000000
14.5268400000
14.5378200000
14.5490900000
14.5600100000
14.5710900000
14.5823800000
14.5933200000
14.6047000000
14.6156200000
14.6266300000
14.6378600000
14.6488300000
14.6599400000
14.6710200000
14.6821200000
14.6934200000
14.7050000000
14.7154300000
14.7265600000
14.7376800000
14.7489300000
14.7599000000
14.7711300000
14.7823800000
14.7938400000
14.8051600000
14.8163200000
14.8275300000
14.8386100000
14.8498200000
14.8611000000
14.8722300000
14.8834200000
14.8945400000
14.9058300000
14.9169600000
14.9277700000
14.9389100000
14.9501800000
14.9610700000
14.9722300000
14.9833500000
14.9944100000
15.0058000000
15.0166100000
15.0278800000
15.0388700000
15.0500800000
15.0610400000
15.0721900000
15.0833700000
15.0943500000
15.1058600000
15.1172500000
15.1276900000
15.1391000000
15.1499000000
15.1610500000
15.1721100000
15.1833000000
15.1943800000
15.2056700000
15.2165500000
15.2276500000
15.2387200000
15.2499800000
15.2610400000
15.2720700000
15.2834100000
15.2942800000
15.3054100000
15.3164800000
15.3276100000
15.3387100000
15.3499300000
15.3610500000
15.3720500000
15.3831300000
15.3942200000
15.4053900000
15.4165700000
15.4275900000
15.4386700000
15.4498500000
15.4608500000
15.4721600000
15.4831000000
15.4941800000
15.5053300000
15.5165600000
15.5276000000
15.5386400000
15.5498900000
15.5608100000
15.5721100000
15.5833300000
15.5941400000
15.6051800000
15.6164600000
15.6274600000
15.6385200000
15.6496300000
15.6608000000
15.6721700000
15.6829700000
15.6941900000
15.7052000000
15.7162700000
15.7276600000
15.7384900000
15.7498400000
15.7607300000
15.7719500000
15.7829300000
15.7940500000
15.8052500000
15.8163000000
15.8274900000
15.8385700000
15.8495800000
15.8607300000
15.8717600000
15.8830400000
15.8940100000
15.9050900000
15.9164600000
15.9273100000
15.9384100000
15.9496000000
15.9606700000
15.9717800000
15.9830600000
15.9939700000
16.0050500000
16.0163300000
16.0274300000
16.0384400000
16.0494600000
16.0608100000
16.0716700000
16.0828000000
16.0938700000
16.1049600000
16.1161400000
16.1272600000
16.1384500000
16.1494700000
16.1606500000
16.1716000000
16.1828600000
16.1939800000
16.2049200000
16.2161000000
16.2271300000
16.2383300000
16.2495600000
16.2605100000
16.2716700000
16.2829100000
16.2938500000
16.3049900000
16.3160000000
16.3271700000
16.3381800000
16.3495200000
16.3607900000
16.3715300000
16.3827600000
16.3938200000
16.4048800000
16.4159300000
16.4271200000
16.4381600000
16.4493300000
16.4604500000
16.4718300000
16.4826500000
16.4937300000
16.5049400000
16.5162000000
16.5270300000
16.5381000000
16.5492200000
16.5605200000
16.5719300000
16.5892300000
16.6048900000
16.6159200000
16.6271000000
16.6381100000
16.6491900000
16.6607700000
16.6713800000
16.6828800000
16.6935900000
16.7048000000
16.7158900000
16.7268900000
16.7379600000
16.7491600000
16.7602400000
16.7714100000
16.7829700000
16.7941200000
16.8050900000
16.8162700000
16.8271400000
16.8386200000
16.8494700000
16.8609100000
16.8716000000
16.8826900000
16.8942900000
16.9049600000
16.9159800000
16.9272800000
16.9381500000
16.9492300000
16.9603700000
16.9716900000
16.9826200000
16.9936900000
17.0048400000
17.0160600000
17.0270600000
17.0383800000
17.0492700000
17.0603500000
17.0714100000
17.0826700000
17.0936600000
17.1046800000
17.1159500000
17.1274400000
17.1378100000
17.1491700000
17.1602900000
17.1713700000
17.1825900000
17.1934600000
17.2044400000
17.2159300000
17.2267600000
17.2379400000
17.2488200000
17.2599800000
17.2710200000
17.2824500000
17.2933300000
17.3044400000
17.3156000000
17.3265800000
17.3378800000
17.3490900000
17.3602500000
17.3710400000
17.3825200000
17.3932800000
17.4043000000
17.4155600000
17.4266400000
17.4379600000
17.4487200000
17.4601500000
17.4709600000
17.4820700000
17.4932300000
17.5042800000
17.5154600000
17.5266100000
17.5376900000
17.5488400000
17.5598900000
17.5710200000
17.5820200000
17.5932600000
17.6042500000
17.6153800000
17.6264700000
17.6376000000
17.6487800000
17.6598000000
17.6708600000
17.6821300000
17.6931000000
17.7043600000
17.7153200000
17.7263900000
17.7377400000
17.7488900000
17.7597100000
17.7709600000
17.7819000000
17.7932300000
17.8042600000
17.8153900000
17.8264000000
17.8374800000
17.8486500000
17.8596900000
17.8711200000
17.8819000000
17.8932100000
17.9045300000
17.9152100000
17.9265900000
17.9374000000
17.9485700000
17.9595800000
17.9707200000
17.9818200000
17.9930500000
18.0040900000
18.0154300000
18.0264900000
18.0373800000
18.0486700000
18.0598100000
18.0706500000
18.0819400000
18.0930600000
18.1039600000
18.1151000000
18.1265000000
18.1373000000
18.1484900000
18.1596100000
18.1706800000
18.1817700000
18.1933000000
18.2040700000
18.2151600000
18.2262700000
18.2374400000
18.2483400000
18.2594000000
18.2706700000
18.2816900000
18.2929700000
18.3041000000
18.3150200000
18.3261600000
18.3372700000
18.3485400000
18.3593800000
18.3709400000
18.3816200000
18.3928500000
18.4038400000
18.4149900000
18.4262000000
18.4375600000
18.4482400000
18.4595800000
18.4704900000
18.4816400000
18.4926200000
18.5036900000
18.5148700000
18.5261400000
18.5371800000
18.5482200000
18.5592800000
18.5707100000
18.5815000000
18.5926300000
18.6038600000
18.6150900000
18.6258900000
18.6370500000
18.6481300000
18.6592100000
18.6703500000
18.6817900000
18.6925800000
18.7036700000
18.7153300000
18.7258700000
18.7369800000
18.7488600000
18.7592500000
18.7703200000
18.7814100000
18.7929300000
18.8037900000
18.8150300000
18.8258800000
18.8372000000
18.8481400000
18.8593900000
18.8704300000
18.8815100000
18.8924900000
18.9037800000
18.9150600000
18.9259900000
18.9369000000
18.9480100000
18.9591100000
18.9702500000
18.9813600000
18.9925600000
19.0035200000
19.0150300000
19.0259400000
19.0368600000
19.0479500000
19.0591100000
19.0701300000
19.0813800000
19.0928200000
19.1035800000
19.1151400000
19.1259000000
19.1368600000
19.1481300000
19.1589800000
19.1700900000
19.1812300000
19.1924400000
19.2034900000
19.2149100000
19.2256400000
19.2369100000
19.2478600000
19.2594200000
19.2700200000
19.2812500000
19.2924400000
19.3034900000
19.3147400000
19.3258300000
19.3366600000
19.3480400000
19.3591100000
19.3700600000
19.3811300000
19.3922100000
19.4033400000
19.4147900000
19.4255800000
19.4366000000
19.4478400000
19.4592000000
19.4700400000
19.4810800000
19.4924000000
19.5032600000
19.5145300000
19.5256000000
19.5367400000
19.5477100000
19.5588600000
19.5700000000
19.5810400000
19.5921500000
19.6034300000
19.6146900000
19.6257100000
19.6365300000
19.6476600000
19.6589200000
19.6698700000
19.6811300000
19.6920400000
19.7033600000
19.7145000000
19.7254000000
19.7364800000
19.7476700000
19.7589400000
19.7701800000
19.7810100000
19.7923100000
19.8032600000
19.8144000000
19.8253800000
19.8364600000
19.8475700000
19.8587600000
19.8698200000
19.8809100000
19.8921700000
19.9032600000
19.9142300000
19.9254800000
19.9363900000
19.9475600000
19.9586200000
19.9697800000
19.9808800000
19.9920200000
20.0030500000
20.0142700000
20.0255600000
20.0363900000
20.0476100000
20.0585400000
20.0696400000
20.0809100000
20.0919100000
20.1029700000
20.1140900000
20.1259300000
20.1363600000
20.1474500000
20.1586500000
20.1695800000
20.1807200000
20.1919200000
20.2030200000
20.2142500000
20.2252100000
20.2364800000
20.2474200000
20.2586400000
20.2695800000
20.2806500000
20.2920200000
20.3029100000
20.3140500000
20.3253800000
20.3361900000
20.3475200000
20.3585100000
20.3696700000
20.3806700000
20.3918500000
20.4028300000
20.4139800000
20.4251900000
20.4361400000
20.4473100000
20.4588300000
20.4694600000
20.4807700000
20.4917400000
20.5028100000
20.5138900000
20.5250700000
20.5361100000
20.5473200000
20.5583400000
20.5695100000
20.5805900000
20.5917700000
20.6027300000
20.6138600000
20.6249200000
20.6364900000
20.6471700000
20.6583700000
20.6694100000
20.6808200000
20.6915500000
20.7027900000
20.7139700000
20.7250300000
20.7359800000
20.7472200000
20.7581900000
20.7692900000
20.7804100000
20.7917300000
20.8025900000
20.8138500000
20.8248500000
20.8359800000
20.8470400000
20.8583200000
20.8693000000
20.8803800000
20.8915400000
20.9028200000
20.9137300000
20.9248700000
20.9359400000
20.9470400000
20.9583700000
20.9692300000
20.9803700000
20.9915800000
21.0026300000
21.0139400000
21.0249700000
21.0359000000
21.0469900000
21.0584900000
21.0691900000
21.0802600000
21.0915400000
21.1025300000
21.1136000000
21.1249400000
21.1358700000
21.1469300000
21.1582300000
21.1692000000
21.1802300000
21.1912900000
21.2026700000
21.2135300000
21.2247100000
21.2360700000
21.2469000000
21.2579900000
21.2690400000
21.2801500000
21.2912900000
21.3027400000
21.3135100000
21.3246700000
21.3357500000
21.3469600000
21.3579500000
21.3691300000
21.3810600000
21.3912700000
21.4024400000
21.4134500000
21.4245500000
21.4358300000
21.4467900000
21.4581000000
21.4693900000
21.4802300000
21.4913900000
21.5024700000
21.5133800000
21.5246300000
21.5356300000
21.5468400000
21.5578400000
21.5690500000
21.5801400000
21.5911800000
21.6023100000
21.6133700000
21.6245300000
21.6356900000
21.6466400000
21.6578700000
21.6689100000
21.6801100000
21.6911700000
21.7023400000
21.7133000000
21.7244600000
21.7356300000
21.7467700000
21.7577500000
21.7688400000
21.7801000000
21.7921800000
21.8021600000
21.8132700000
21.8244300000
21.8356100000
21.8465900000
21.8576900000
21.8688200000
21.8799800000
21.8910200000
21.9022700000
21.9132900000
21.9243900000
21.9354500000
21.9467100000
21.9576600000
21.9687300000
21.9799700000
21.9909200000
22.0021000000
22.0133200000
22.0245000000
22.0354300000
22.0465700000
22.0580700000
22.0687300000
22.0797700000
22.0910300000
22.1021000000
22.1131200000
22.1244400000
22.1353100000
22.1465200000
22.1576100000
22.1686600000
22.1797400000
22.1908400000
22.2021500000
22.2130300000
22.2242000000
22.2354200000
22.2464500000
22.2576000000
22.2685300000
22.2796800000
22.2907900000
22.3018600000
22.3131000000
22.3241400000
22.3352000000
22.3464900000
22.3574300000
22.3686500000
22.3796100000
22.3907000000
22.4018800000
22.4130600000
22.4243900000
22.4352000000
22.4462600000
22.4575100000
22.4684200000
22.4796500000
22.4909300000
22.5017800000
22.5130600000
22.5242600000
22.5351200000
22.5463300000
22.5573900000
22.5689500000
22.5795800000
22.5906200000
22.6017600000
22.6128900000
22.6242800000
22.6352800000
22.6462900000
22.6572600000
22.6684000000
22.6796600000
22.6906200000
22.7016800000
22.7128900000
22.7243300000
22.7349500000
22.7461000000
22.7572600000
22.7683500000
22.7794800000
22.7908400000
22.8016600000
22.8128500000
22.8241900000
22.8350200000
22.8460800000
22.8572000000
22.8683300000
22.8795100000
22.8905000000
22.9017800000
22.9127300000
22.9241900000
22.9348800000
22.9460500000
22.9572000000
22.9683300000
22.9793500000
22.9905000000
23.0015100000
23.0128400000
23.0238700000
23.0351100000
23.0459700000
23.0571400000
23.0681600000
23.0792400000
23.0908300000
23.1014700000
23.1125900000
23.1239200000
23.1349100000
23.1460200000
23.1570300000
23.1681100000
23.1792900000
23.1906100000
23.2019100000
23.2126000000
23.2237000000
23.2348800000
23.2458600000
23.2570600000
23.2680300000
23.2792300000
23.2906500000
23.3014200000
23.3124900000
23.3238900000
23.3348500000
23.3460400000
23.3570300000
23.3681300000
23.3795500000
23.3902100000
23.4014100000
23.4124600000
23.4235900000
23.4348100000
23.4457100000
23.4570200000
23.4680300000
23.4790900000
23.4901700000
23.5013600000
23.5123500000
23.5235000000
23.5347100000
23.5458000000
23.5568000000
23.5680400000
23.5790500000
23.5901400000
23.6013600000
23.6123500000
23.6234200000
23.6345200000
23.6456500000
23.6569000000
23.6678400000
23.6792300000
23.6901600000
23.7012500000
23.7122400000
23.7234300000
23.7345400000
23.7456400000
23.7568000000
23.7680400000
23.7789200000
23.7902500000
23.8011500000
23.8123600000
23.8234500000
23.8344500000
23.8457800000
23.8566700000
23.8677700000
23.8789700000
23.8900900000
23.9012600000
23.9121600000
23.9233500000
23.9344400000
23.9454800000
23.9566100000
23.9680100000
23.9790200000
23.9900400000
24.0010900000
24.0122800000
24.0232900000
24.0344200000
24.0455200000
24.0568800000
24.0676900000
24.0788100000
24.0898800000
24.1010200000
24.1120900000
24.1236500000
24.1343700000
24.1455500000
24.1565700000
24.1677000000
24.1787400000
24.1898900000
24.2009000000
24.2122200000
24.2232200000
24.2344500000
24.2453500000
24.2565900000
24.2676200000
24.2788300000
24.2898800000
24.3009900000
24.3119700000
24.3231400000
24.3349100000
24.3453200000
24.3563700000
24.3676000000
24.3786300000
24.3897900000
24.4008200000
24.4119100000
24.4232300000
24.4343300000
24.4458600000
24.4564700000
24.4677700000
24.4786500000
24.4896500000
24.5010400000
24.5119000000
24.5230800000
24.5342100000
24.5454300000
24.5565400000
24.5675900000
24.5785400000
24.5898700000
24.6007500000
24.6118900000
24.6229900000
24.6342700000
24.6453400000
24.6563600000
24.6676700000
24.6785000000
24.6898100000
24.7007100000
24.7118100000
24.7229200000
24.7341600000
24.7452700000
24.7562300000
24.7673300000
24.7785600000
24.7896600000
24.8007300000
24.8117900000
24.8229200000
24.8343000000
24.8450600000
24.8561700000
24.8673700000
24.8785500000
24.8899500000
24.9007300000
24.9117200000
24.9229400000
24.9340500000
24.9450900000
24.9561700000
24.9673600000
24.9783600000
24.9895500000
25.0007700000
25.0116200000
25.0227900000
25.0338700000
25.0449900000
25.0562200000
25.0671900000
25.0782500000
25.0894900000
25.1008400000
25.1115600000
25.1226900000
25.1337900000
25.1449500000
25.1561900000
25.1677900000
25.1789400000
25.1894200000
25.2008700000
25.2118100000
25.2226700000
25.2339000000
25.2449400000
25.2563500000
25.2672100000
25.2781700000
25.2893600000
25.3005300000
25.3115400000
25.3229800000
25.3336800000
25.3447800000
25.3559500000
25.3675400000
25.3781400000
25.3892300000
25.4006900000
25.4114300000
25.4226400000
25.4338900000
25.4448100000
25.4559100000
25.4671200000
25.4781500000
25.4891400000
25.5010100000
25.5114200000
25.5226300000
25.5339200000
25.5449200000
25.5559100000
25.5670800000
25.5780500000
25.5891500000
25.6007800000
25.6113900000
25.6225300000
25.6336300000
25.6447100000
25.6559300000
25.6671500000
25.6781200000
25.6890600000
25.7004200000
25.7113500000
25.7223800000
25.7336700000
25.7445800000
25.7558200000
25.7672300000
25.7779000000
25.7891500000
25.8005400000
25.8117900000
25.8223300000
25.8335800000
25.8445500000
25.8556400000
25.8668200000
25.8780200000
25.8890300000
25.9000700000
25.9112200000
25.9225200000
25.9335100000
25.9445500000
25.9556200000
25.9667900000
25.9778500000
25.9891400000
26.0002300000
26.0112500000
26.0222800000
26.0338800000
26.0445800000
26.0555700000
26.0667000000
26.0779300000
26.0889100000
26.1004000000
26.1111100000
26.1224100000
26.1337700000
26.1445900000
26.1556200000
26.1668700000
26.1778200000
26.1888300000
46.8354400000
46.8524600000
46.8642100000
46.8746400000
46.8849600000
46.8954500000
46.9053700000
46.9154400000
46.9265000000
46.9379900000
46.9487800000
46.9598500000
46.9710100000
46.9820800000
46.9933200000
47.0042700000
47.0153700000
47.0266400000
47.0375900000
47.0489000000
47.0599800000
47.0708500000
47.0821900000
47.0932800000
47.1043300000
47.1153000000
47.1265400000
47.1376800000
47.1487800000
47.1601100000
47.1708400000
47.1820200000
47.1930700000
47.2042900000
47.2152800000
47.2264800000
47.2374900000
47.2487700000
47.2602800000
47.2716800000
47.2830500000
47.2944900000
47.3057600000
47.3173800000
47.3284100000
47.3397900000
47.3515300000
47.3625600000
47.3742100000
47.3854800000
47.3967200000
47.4081300000
47.4194500000
47.4307700000
47.4421800000
47.4535800000
47.4648400000
47.4761200000
47.4868900000
47.4980000000
47.5091100000
47.5202300000
47.5314600000
47.5424700000
47.5534700000
47.5646100000
47.5757000000
47.5869800000
47.5981300000
47.6093700000
47.6202200000
47.6312900000
47.6423200000
47.6534700000
47.6647400000
47.6756700000
47.6867600000
47.6981400000
47.7091300000
47.7201200000
47.7311600000
47.7423700000
47.7534000000
47.7645300000
47.7757500000
47.7866900000
47.7988700000
47.8090300000
47.8200800000
47.8313300000
47.8423300000
47.8533400000
47.8645200000
47.8755700000
47.8866800000
47.8981900000
47.9091100000
47.9200400000
47.9313700000
47.9422300000
47.9533100000
47.9644100000
47.9755600000
47.9866100000
47.9978800000
48.0088700000
48.0202400000
48.0310300000
48.0424200000
48.0534200000
48.0643300000
48.0754800000
48.0867500000
48.0976700000
48.1088800000
48.1199000000
48.1317000000
48.1421200000
48.1532300000
48.1644000000
48.1754800000
48.1864900000
48.1976200000
48.2087200000
48.2198600000
48.2310300000
48.2427500000
48.2531500000
48.2643100000
48.2753700000
48.2867200000
48.2976600000
48.3087800000
48.3197900000
48.3311200000
48.3420900000
48.3532800000
48.3646000000
48.3752900000
48.3866500000
48.3976900000
48.4089100000
48.4197100000
48.4308400000
48.4419800000
48.4530300000
48.4644800000
48.4752800000
48.4867400000
48.4975700000
48.5086400000
48.5196800000
48.5309300000
48.5419000000
48.5531300000
48.5641400000
48.5753700000
48.5865500000
48.5975800000
48.6085700000
48.6196600000
48.6307400000
48.6418700000
48.6529600000
48.6641000000
48.6751500000
48.6866900000
48.6974700000
48.7086800000
48.7196300000
48.7307200000
48.7417900000
48.7528800000
48.7641800000
48.7752200000
48.7864900000
48.7974700000
48.8085300000
48.8195200000
48.8307100000
48.8417800000
48.8528700000
48.8642200000
48.8750300000
48.8864200000
48.8973200000
48.9086800000
48.9195500000
48.9306400000
48.9417300000
48.9527700000
48.9640000000
48.9751700000
48.9861200000
48.9972800000
49.0083100000
49.0198200000
49.0305100000
49.0416100000
49.0527200000
49.0638500000
49.0755200000
49.0861100000
49.0971600000
49.1084300000
49.1194000000
49.1306500000
49.1415400000
49.1526900000
49.1640100000
49.1750800000
49.1860400000
49.1975800000
49.2084000000
49.2193300000
49.2304300000
49.2418600000
49.2526600000
49.2648800000
49.2748600000
49.2859700000
49.2970800000
49.3082700000
49.3192900000
49.3305700000
49.3414900000
49.3527900000
49.3637300000
49.3748100000
49.3859100000
49.3970200000
49.4083000000
49.4192100000
49.4304200000
49.4415100000
49.4525400000
49.4638600000
49.4748200000
49.4860600000
49.4970300000
49.5085600000
49.5192600000
49.5302900000
49.5413600000
49.5526400000
49.5635700000
49.5748400000
49.5862300000
49.5969100000
49.6080400000
49.6191300000
49.6303100000
49.6414700000
49.6524200000
49.6636800000
49.6746900000
49.6862900000
49.6969200000
49.7079800000
49.7191800000
49.7302400000
49.7418400000
49.7523800000
49.7637100000
49.7747100000
49.7858100000
49.7971100000
49.8079300000
49.8190000000
49.8303200000
49.8414900000
49.8525400000
49.8634200000
49.8745600000
49.8856700000
49.8967600000
49.9080500000
49.9194000000
49.9301100000
49.9412100000
49.9524800000
49.9634900000
49.9746700000
49.9856200000
49.9968200000
50.0078900000
50.0190500000
50.0300100000
50.0413900000
50.0522200000
50.0633500000
50.0746500000
50.0855700000
50.0968100000
50.1079600000
50.1188600000
50.1302900000
50.1413200000
50.1522800000
50.1635800000
50.1744400000
50.1856800000
50.1966400000
50.2078000000
50.2188800000
50.2300000000
50.2413400000
50.2521200000
50.2633600000
50.2745600000
50.2855000000
50.2965700000
50.3077400000
50.3187700000
50.3300600000
50.3411100000
50.3522600000
50.3632500000
50.3743500000
50.3854000000
50.3965600000
50.4076900000
50.4188700000
50.4298700000
50.4415300000
50.4522400000
50.4634100000
50.4743000000
50.4854000000
50.4964900000
50.5077400000
50.5186900000
50.5299000000
50.5410400000
50.5520100000
50.5631100000
50.5745500000
50.5853300000
50.5964300000
50.6075900000
50.6186400000
50.6299300000
50.6409000000
50.6519500000
50.6631800000
50.6741700000
50.6854200000
50.6964200000
50.7076100000
50.7186000000
50.7298300000
50.7408100000
50.7519300000
50.7631200000
50.7742600000
50.7852600000
50.7964800000
50.8075800000
50.8186100000
50.8300600000
50.8407900000
50.8518100000
50.8629500000
50.8742300000
50.8855700000
50.8963000000
50.9075700000
50.9184900000
50.9296000000
50.9415300000
50.9517900000
50.9629900000
50.9740000000
50.9851700000
50.9962700000
51.0075700000
51.0186000000
51.0295300000
51.0409900000
51.0517500000
51.0628300000
51.0740100000
51.0851100000
51.0962300000
51.1073500000
51.1184700000
51.1296300000
51.1407000000
51.1518100000
51.1628500000
51.1739800000
51.1850300000
51.1962700000
51.2072100000
51.2186100000
51.2294500000
51.2406600000
51.2516600000
51.2628600000
51.2739600000
51.2851100000
51.2960500000
51.3071800000
51.3183500000
51.3294300000
51.3406100000
51.3518600000
51.3630800000
51.3738100000
51.3849600000
51.3965600000
51.4071500000
51.4182400000
51.4293500000
51.4406800000
51.4515500000
51.4628100000
51.4739200000
51.4848500000
51.4963800000
51.5073400000
51.5182100000
51.5295000000
51.5404000000
51.5515100000
51.5626100000
51.5741300000
51.5848200000
51.5963600000
51.6070500000
51.6182700000
51.6292300000
51.6404100000
51.6514700000
51.6626800000
51.6737900000
51.6849700000
51.6962000000
51.7070000000
51.7184500000
51.7292500000
51.7402700000
51.7514300000
51.7625500000
51.7737700000
51.7847400000
51.7963300000
51.8069500000
51.8181800000
51.8294300000
51.8403000000
51.8513600000
51.8625600000
51.8739800000
51.8846500000
51.8959000000
51.9071800000
51.9183900000
51.9291200000
51.9402500000
51.9512900000
51.9624700000
51.9749600000
51.9846400000
51.9965700000
52.0068500000
52.0181000000
52.0290300000
52.0402200000
52.0515400000
52.0623900000
52.0738500000
52.0845300000
52.0956500000
52.1069500000
52.1179500000
52.1296700000
52.1401500000
52.1512200000
52.1623200000
52.1735300000
52.1845100000
52.1956900000
52.2067100000
52.2178800000
52.2289200000
52.2401700000
52.2511100000
52.2622600000
52.2733800000
52.2847100000
52.2956600000
52.3068100000
52.3178400000
52.3290400000
52.3401100000
52.3512400000
52.3621900000
52.3734900000
52.3846100000
52.3956600000
52.4067700000
52.4179000000
52.4290600000
52.4403000000
52.4512100000
52.4623700000
52.4734500000
52.4844900000
52.4956900000
52.5067700000
52.5179400000
52.5291700000
52.5405700000
52.5512200000
52.5622900000
52.5734600000
52.5844800000
52.5956300000
52.6066700000
52.6176700000
52.6287600000
52.6399200000
52.6509700000
52.6621000000
52.6732300000
52.6844400000
52.6953300000
52.7065300000
52.7177700000
52.7287300000
52.7398300000
52.7516700000
52.7619900000
52.7731200000
52.7842600000
52.7954900000
52.8065500000
52.8175400000
52.8286200000
52.8398300000
52.8508600000
52.8620900000
52.8731100000
52.8842200000
52.8954200000
52.9067800000
52.9174800000
52.9286200000
52.9398200000
52.9508100000
52.9619400000
52.9731300000
52.9841900000
52.9953500000
53.0064200000
53.0177300000
53.0286800000
53.0397300000
53.0507800000
53.0622200000
53.0729500000
53.0841400000
53.0952300000
53.1063700000
53.1174500000
53.1287100000
53.1396600000
53.1507400000
53.1619700000
53.1731000000
53.1841600000
53.1951400000
53.2062700000
53.2176100000
53.2284300000
53.2397200000
53.2507000000
53.2617600000
53.2729700000
53.2840300000
53.2950900000
53.3062600000
53.3174700000
53.3284700000
53.3395400000
53.3508000000
53.3616800000
53.3731600000
53.3839400000
53.3951000000
53.4062200000
53.4172900000
53.4283700000
53.4395000000
53.4506800000
53.4619000000
53.4728000000
53.4839800000
53.4949900000
53.5063700000
53.5172400000
53.5285000000
53.5394500000
53.5505400000
53.5618900000
53.5729400000
53.5839200000
53.5949500000
53.6067000000
53.6171200000
53.6282000000
53.6395300000
53.6505100000
53.6615500000
53.6726500000
53.6840200000
53.6949200000
53.7061300000
53.7172500000
53.7282900000
53.7394100000
53.7506100000
53.7615100000
53.7728400000
53.7841000000
53.7950800000
53.8060200000
53.8171700000
53.8283000000
53.8396400000
53.8503700000
53.8614900000
53.8729300000
53.8838500000
53.8949700000
53.9061900000
53.9170800000
53.9282600000
53.9393200000
53.9503900000
53.9614500000
53.9725100000
53.9836400000
53.9949000000
54.0059500000
54.0171800000
54.0280400000
54.0391800000
54.0503100000
54.0614600000
54.0725200000
54.0837600000
54.0950200000
54.1057900000
54.1170700000
54.1284200000
54.1391500000
54.1505000000
54.1613500000
54.1724200000
54.1836500000
54.1946300000
54.2057800000
54.2169500000
54.2279800000
54.2392600000
54.2504500000
54.2614600000
54.2724200000
54.2835800000
54.2946000000
54.3058100000
54.3168400000
54.3280600000
54.3390400000
54.3504400000
54.3613300000
54.3724300000
54.3837400000
54.3945800000
54.4057400000
54.4168000000
54.4278600000
54.4390100000
54.4501100000
54.4616700000
54.4724800000
54.4834400000
54.4944800000
54.5056300000
54.5167300000
54.5278200000
54.5388800000
54.5502100000
54.5612000000
54.5725100000
54.5836100000
54.5944700000
54.6056400000
54.6168900000
54.6277700000
54.6389000000
54.6502300000
54.6611000000
54.6721800000
54.6834500000
54.6944900000
54.7055300000
54.7166700000
54.7279000000
54.7388100000
54.7499900000
54.7610700000
54.7722100000
54.7832700000
54.7944800000
54.8054300000
54.8166800000
54.8277000000
54.8387800000
54.8498500000
54.8610200000
54.8721300000
54.8831900000
54.8942900000
54.9055900000
54.9166200000
54.9278200000
54.9388300000
54.9498200000
54.9608900000
54.9721900000
54.9831000000
54.9942400000
55.0053500000
55.0166400000
55.0276300000
55.0387800000
55.0498300000
55.0609100000
55.0720100000
55.0832100000
55.0941800000
55.1053300000
55.1165100000
55.1276600000
55.1386600000
55.1497500000
55.1608500000
55.1720800000
55.1832100000
55.1944000000
55.2053000000
55.2166300000
55.2274700000
55.2388100000
55.2496600000
55.2607600000
55.2722400000
55.2831200000
55.2941500000
55.3052200000
55.3163200000
55.3277400000
55.3385800000
55.3498600000
55.3607600000
55.3718400000
55.3831300000
55.3942200000
55.4052200000
55.4163700000
55.4273000000
55.4386100000
55.4496100000
55.4610400000
55.4718300000
55.4830800000
55.4939900000
55.5053900000
55.5161900000
55.5273300000
55.5384700000
55.5496900000
55.5606400000
55.5719000000
55.5828500000
55.5941000000
55.6055000000
55.6161200000
55.6273400000
55.6384100000
55.6494400000
55.6607400000
55.6720600000
55.6829100000
55.6939400000
55.7055500000
55.7161300000
55.7272000000
55.7384700000
55.7495400000
55.7605700000
55.7717200000
55.7827900000
55.7940600000
55.8052200000
55.8162800000
55.8272400000
55.8383100000
55.8493600000
55.8606500000
55.8717200000
55.8827900000
55.8938400000
55.9054300000
55.9160100000
55.9273600000
55.9383100000
55.9494900000
55.9605100000
55.9715300000
55.9828100000
55.9937700000
56.0052200000
56.0162400000
56.0272400000
56.0381700000
56.0494400000
56.0603300000
56.0714900000
56.0825700000
56.0942700000
56.1052800000
56.1159300000
56.1272600000
56.1382200000
56.1492200000
56.1604500000
56.1715900000
56.1825200000
56.1936500000
56.2050400000
56.2159100000
56.2269600000
56.2383200000
56.2492800000
56.2603100000
56.2716200000
56.2824400000
56.2936100000
56.3049300000
56.3160600000
56.3272600000
56.3381200000
56.3493000000
56.3605100000
56.3713200000
56.3825300000
56.3937000000
56.4049500000
56.4157800000
56.4271300000
56.4381100000
56.4490900000
56.4604100000
56.4713000000
56.4827500000
56.4934900000
56.5047600000
56.5159100000
56.5268500000
56.5380200000
56.5491000000
56.5601300000
56.5714000000
56.5824200000
56.5935400000
56.6045900000
56.6157100000
56.6267400000
56.6380500000
56.6493800000
56.6602700000
56.6711800000
56.6825600000
56.6934900000
56.7046600000
56.7156700000
56.7267000000
56.7379500000
56.7492400000
56.7600800000
56.7712200000
56.7821900000
56.7936200000
56.8044500000
56.8155400000
56.8267800000
56.8378600000
56.8491400000
56.8599800000
56.8711400000
56.8821900000
56.8932800000
56.9045400000
56.9155800000
56.9265700000
56.9378500000
56.9491000000
56.9599100000
56.9710500000
56.9822200000
56.9933400000
57.0043800000
57.0156400000
57.0265300000
57.0377200000
57.0489900000
57.0598400000
57.0711400000
57.0822400000
57.0932000000
57.1043900000
57.1157100000
57.1268500000
57.1376300000
57.1488600000
57.1598500000
57.1709400000
57.1820600000
57.1931200000
57.2042400000
57.2154800000
57.2264400000
57.2377500000
57.2486700000
57.2598500000
57.2709200000
57.2819800000
57.2931900000
57.3042000000
57.3153200000
57.3265100000
57.3375300000
57.3488800000
57.3597700000
57.3714700000
57.3819700000
57.3932300000
57.4042700000
57.4155200000
57.4264000000
57.4375000000
57.4486200000
57.4600000000
57.4707700000
57.4820500000
57.4931700000
57.5044100000
57.5156900000
57.5264200000
57.5375700000
57.5485900000
57.5598400000
57.5710500000
57.5818700000
57.5930600000
57.6042100000
57.6153600000
57.6264000000
57.6375300000
57.6486400000
57.6597600000
57.6708400000
57.6820400000
57.6929400000
57.7040800000
57.7152200000
57.7263800000
57.7373000000
57.7484100000
57.7595500000
57.7707600000
57.7816800000
57.7930100000
57.8040000000
57.8150600000
57.8262500000
57.8373000000
57.8485300000
57.8595000000
57.8705500000
57.8818900000
57.8927700000
57.9040500000
57.9150500000
57.9261200000
57.9373300000
57.9484300000
57.9594900000
57.9707000000
57.9816900000
57.9928200000
58.0042600000
58.0152700000
58.0261200000
58.0376600000
58.0482800000
58.0595500000
58.0704800000
58.0815800000
58.0926700000
58.1038300000
58.1150400000
58.1263800000
58.1371200000
58.1482500000
58.1593300000
58.1704300000
58.1816600000
58.1927400000
58.2038100000
58.2148700000
58.2260900000
58.2372500000
58.2482800000
58.2592600000
58.2704400000
58.2818900000
58.2927200000
58.3037000000
58.3148200000
58.3260400000
58.3370900000
58.3485800000
58.3592600000
58.3703800000
58.3815100000
58.3925400000
58.4036400000
58.4148200000
58.4258300000
58.4370200000
58.4482500000
58.4593000000
58.4703400000
58.4814100000
58.4925600000
58.5037500000
58.5148200000
58.5258800000
58.5369700000
58.5481700000
58.5591100000
58.5704200000
58.5818500000
58.5924600000
58.6036500000
58.6146800000
58.6257500000
58.6369300000
58.6479500000
58.6591400000
58.6703000000
58.6814500000
58.6923500000
58.7035500000
58.7146600000
58.7258100000
58.7368200000
58.7480500000
58.7590600000
58.7702100000
58.7816800000
58.7923700000
58.8036800000
58.8147700000
58.8259600000
58.8368000000
58.8479100000
58.8595900000
58.8700800000
58.8815500000
58.8924900000
58.9034000000
58.9145800000
58.9255900000
58.9368000000
58.9481200000
58.9589500000
58.9701000000
58.9812700000
58.9922800000
59.0035800000
59.0145100000
59.0255900000
59.0368500000
59.0480400000
59.0588600000
59.0701100000
59.0811200000
59.0921700000
59.1033100000
59.1145600000
59.1257400000
59.1366100000
59.1478800000
59.1588400000
59.1699500000
59.1811900000
59.1925000000
59.2033400000
59.2144300000
59.2256000000
59.2367400000
59.2478100000
59.2588000000
59.2700800000
59.2815300000
59.2920900000
59.3032500000
59.3145100000
59.3256000000
59.3366700000
59.3476900000
59.3587300000
59.3707200000
59.3810400000
59.3921600000
59.4032300000
59.4143400000
59.4254900000
59.4365700000
59.4476900000
59.4587300000
59.4697900000
59.4809600000
59.4920100000
59.5031000000
59.5144300000
59.5253200000
59.5364100000
59.5478700000
59.5588200000
59.5697600000
59.5808800000
59.5927900000
59.6030700000
59.6144600000
59.6253000000
59.6364400000
59.6478400000
59.6585700000
59.6698500000
59.6809900000
59.6920500000
59.7030600000
59.7145200000
59.7257200000
59.7364500000
59.7475200000
59.7585300000
59.7696500000
59.7810900000
59.7918500000
59.8029900000
59.8142600000
59.8251700000
59.8362200000
59.8473900000
59.8584800000
59.8696000000
59.8806800000
59.8919300000
59.9029700000
59.9141700000
59.9253000000
59.9362100000
59.9475300000
59.9586000000
59.9695500000
59.9806000000
59.9918900000
60.0030700000
60.0140300000
60.0251700000
60.0362100000
60.0473400000
60.0586700000
60.0694900000
60.0806200000
60.0916900000
60.1028100000
60.1141900000
60.1251100000
60.1361700000
60.1472400000
60.1584500000
60.1694700000
60.1806100000
60.1917000000
60.2027700000
60.2140600000
60.2251400000
60.2360500000
60.2473100000
60.2583600000
60.2693700000
60.2805300000
60.2916900000
60.3027400000
60.3139800000
60.3253200000
60.3362400000
60.3472300000
60.3583200000
60.3695600000
60.3805600000
60.3916100000
60.4026700000
60.4139600000
60.4249500000
60.4360400000
60.4480300000
60.4582100000
60.4693300000
60.4805500000
60.4915400000
60.5027000000
60.5138500000
60.5251800000
60.5360200000
60.5472800000
60.5582700000
60.5692300000
60.5803200000
60.5914200000
60.6025200000
60.6136700000
60.6248400000
60.6359000000
60.6470600000
60.6581300000
60.6693800000
60.6803900000
60.6913600000
60.7025000000
60.7138300000
60.7248000000
60.7359000000
60.7469200000
60.7582000000
60.7691700000
60.7804700000
60.7913700000
60.8024800000
60.8137700000
60.8246700000
60.8362700000
60.8469800000
60.8581400000
60.8690900000
60.8803000000
60.8914600000
60.9023700000
60.9135300000
60.9246400000
60.9357500000
60.9468300000
60.9579600000
60.9689800000
60.9801600000
60.9916600000
61.0023200000
61.0135300000
61.0245400000
61.0357100000
61.0468400000
61.0578600000
61.0689400000
61.0802600000
61.0913000000
61.1024700000
61.1133900000
61.1245500000
61.1356200000
61.1470100000
61.1579100000
61.1689700000
61.1801300000
61.1913900000
61.2023100000
61.2135500000
61.2245300000
61.2356200000
61.2467800000
61.2578000000
61.2689400000
61.2800200000
61.2913200000
61.3023300000
61.3135700000
61.3246500000
61.3357200000
61.3466800000
61.3577300000
61.3688700000
61.3800800000
61.3910400000
61.4022300000
61.4133400000
61.4243400000
61.4356100000
61.4465700000
61.4578900000
61.4688100000
61.4799700000
61.4914000000
61.5021000000
61.5132000000
61.5243300000
61.5354400000
61.5466900000
61.5576400000
61.5687600000
61.5799500000
61.5910100000
61.6020500000
61.6133000000
61.6242900000
61.6353600000
61.6464800000
61.6578400000
61.6687200000
61.6798700000
61.6909100000
61.7020100000
61.7132400000
61.7243700000
61.7357800000
61.7465200000
61.7576100000
61.7688400000
61.7800300000
61.7908200000
61.8018900000
61.8131600000
61.8242100000
61.8352900000
61.8464500000
61.8574700000
61.8686100000
61.8798400000
61.8907500000
61.9018600000
61.9129700000
61.9242500000
61.9353200000
61.9463300000
61.9575100000
61.9685200000
61.9796300000
61.9908600000
62.0018800000
62.0134700000
62.0240700000
62.0352700000
62.0462700000
62.0575400000
62.0685500000
62.0799800000
62.0906800000
62.1019700000
62.1129200000
62.1240300000
62.1351900000
62.1462300000
62.1573900000
62.1684800000
62.1797100000
62.1908000000
62.2017300000
62.2129900000
62.2240600000
62.2351400000
62.2461700000
62.2572800000
62.2684100000
62.2794700000
62.2905700000
62.3016700000
62.3128300000
62.3242900000
62.3351100000
62.3461400000
62.3572500000
62.3683500000
62.3794600000
62.3906800000
62.4016800000
62.4129000000
62.4240600000
62.4351200000
62.4460900000
62.4572100000
62.4683300000
62.4793900000
62.4906300000
62.5016400000
62.5127400000
62.5242700000
62.5349000000
62.5465900000
62.5571600000
62.5683100000
62.5793900000
62.5904500000
62.6015400000
62.6126400000
62.6240500000
62.6350600000
62.6465800000
62.6570900000
62.6682400000
62.6793700000
62.6903800000
62.7015800000
62.7128200000
62.7240400000
62.7348300000
62.7464900000
62.7571700000
62.7681700000
62.7792200000
62.7904200000
62.8014800000
62.8125500000
62.8241400000
62.8347700000
62.8458900000
62.8572800000
62.8682000000
62.8791600000
62.8903100000
62.9015000000
62.9125000000
62.9240400000
62.9347700000
62.9458700000
62.9569800000
62.9680300000
62.9793500000
62.9902300000
63.0013700000
63.0126300000
63.0237700000
63.0346900000
63.0458700000
63.0568400000
63.0680700000
63.0791500000
63.0903500000
63.1016000000
63.1124300000
63.1240700000
63.1346400000
63.1457800000
63.1569800000
63.1681100000
63.1791100000
63.1903900000
63.2014300000
63.2124200000
63.2239700000
63.2345800000
63.2459200000
63.2568700000
63.2680400000
63.2793400000
63.2900800000
63.3017300000
63.3123700000
63.3240400000
63.3346300000
63.3456500000
63.3568300000
63.3678700000
63.3793700000
63.3900100000
63.4011200000
63.4123800000
63.4236600000
63.4345600000
63.4456700000
63.4569200000
63.4678200000
63.4789600000
63.4903200000
63.5011100000
63.5122800000
63.5237900000
63.5344400000
63.5456300000
63.5567900000
63.5677600000
63.5789800000
63.5899500000
63.6010200000
63.6121500000
63.6235000000
63.6346600000
63.6454700000
63.6565700000
63.6680600000
63.6788100000
63.6900400000
63.7009800000
63.7121500000
63.7233900000
63.7344900000
63.7456600000
63.7565300000
63.7676600000
63.7787600000
63.7899800000
63.8009500000
63.8121600000
63.8234000000
63.8344000000
63.8454400000
63.8565800000
63.8676300000
63.8788600000
63.8898000000
63.9009000000
63.9126500000
63.9231600000
63.9343600000
63.9456200000
63.9564600000
63.9676600000
63.9786600000
63.9917700000
64.0014300000
64.0120500000
64.0230500000
64.0342100000
64.0453700000
64.0564000000
64.0675200000
64.0787600000
64.0897400000
64.1009800000
64.1119400000
64.1232200000
64.1342400000
64.1452500000
64.1563400000
64.1674600000
64.1785200000
64.1898400000
64.2007500000
64.2118600000
64.2236400000
64.2341600000
64.2453600000
64.2564800000
64.2674500000
64.2785000000
64.2895900000
64.3008700000
64.3123400000
64.3233500000
64.3341800000
64.3451700000
64.3564100000
64.3673500000
64.3784800000
64.3896700000
64.4007100000
64.4120000000
64.4230500000
64.4340100000
64.4452300000
64.4561800000
64.4672900000
64.4784000000
64.4895900000
64.5006000000
64.5117200000
64.5230200000
64.5339100000
64.5450400000
64.5564000000
64.5673500000
64.5783200000
64.5894600000
64.6006100000
64.6118800000
64.6227900000
64.6340700000
64.6450500000
64.6560900000
64.6671800000
64.6783100000
64.6893800000
64.7005000000
64.7116800000
64.7228800000
64.7338400000
64.7455300000
64.7560200000
64.7671200000
64.7783300000
64.7893700000
64.8004600000
64.8115300000
64.8227800000
64.8337600000
64.8449800000
64.8560800000
64.8671400000
64.8785300000
64.8893800000
64.9003800000
64.9115400000
64.9226800000
64.9337800000
64.9450100000
64.9560900000
64.9672700000
64.9781500000
64.9894100000
65.0004000000
65.0114700000
65.0226200000
65.0339500000
65.0448700000
65.0559100000
65.0669700000
65.0784100000
65.0891800000
65.1003600000
65.1115700000
65.1226000000
65.1336900000
65.1448100000
65.1559600000
65.1669600000
65.1781600000
65.1896200000
65.2002600000
65.2113800000
65.2227100000
65.2336000000
65.2446700000
65.2557600000
65.2669400000
65.2780300000
65.2890600000
65.3004100000
65.3113700000
65.3223900000
65.3336200000
65.3448100000
65.3561000000
65.3669200000
65.3780000000
65.3891100000
65.4001600000
65.4115000000
65.4224200000
65.4337000000
65.4446200000
65.4557300000
65.4668400000
65.4779400000
65.4894000000
65.5004100000
65.5113000000
65.5224900000
65.5335200000
65.5448500000
65.5556000000
65.5668000000
65.5781100000
65.5890100000
65.6004200000
65.6112100000
65.6222600000
65.6336800000
65.6444900000
65.6557000000
65.6667900000
65.6780200000
65.6893400000
65.7000000000
65.7111600000
65.7223100000
65.7333800000
65.7447400000
65.7555000000
65.7668800000
65.7777900000
65.7888500000
65.8000500000
65.8117200000
65.8223700000
65.8333500000
65.8445100000
65.8556400000
65.8668400000
65.8777500000
65.8888200000
65.9000600000
65.9110100000
65.9221500000
65.9332600000
65.9444100000
65.9554800000
65.9667700000
65.9778700000
65.9887700000
65.9999300000
66.0116200000
66.0221300000
66.0333000000
66.0443600000
66.0554400000
66.0665100000
66.0778000000
66.0889400000
66.0999100000
66.1109600000
66.1223000000
66.1332500000
66.1443900000
66.1554900000
66.1666100000
66.1777400000
66.1888800000
66.1999400000
66.2109600000
66.2225700000
66.2332200000
66.2444200000
66.2553600000
66.2664300000
66.2777100000
66.2887000000
66.2998900000
66.3109400000
66.3221500000
66.3331700000
66.3441800000
66.3553000000
66.3663800000
66.3775600000
66.3885600000
66.3996500000
66.4110000000
66.4219200000
66.4331700000
66.4443300000
66.4552100000
66.4663400000
66.4777100000
66.4885800000
66.4996300000
66.5107300000
66.5221900000
66.5330000000
66.5442500000
66.5552100000
66.5663400000
66.5773900000
66.5885500000
66.5997200000
66.6107500000
66.6218000000
66.6330500000
66.6441600000
66.6551400000
66.6662300000
66.6772800000
66.6884900000
66.6995100000
66.7106900000
66.7218200000
66.7336100000
66.7441300000
66.7550400000
66.7663300000
66.7773300000
66.7883500000
66.7995200000
66.8106600000
66.8216700000
66.8328500000
66.8441500000
66.8555300000
66.8661300000
66.8771700000
66.8883300000
66.8995100000
66.9105900000
66.9217200000
66.9328500000
66.9438200000
66.9551700000
66.9661000000
66.9772100000
66.9882800000
66.9994100000
67.0105100000
67.0215800000
67.0327800000
67.0438500000
67.0552200000
67.0661500000
67.0772900000
67.0882200000
67.0993200000
67.1103900000
67.1215700000
67.1326800000
67.1438100000
67.1549300000
67.1660300000
67.1772400000
67.1882000000
67.1992900000
67.2105800000
67.2216000000
67.2329600000
67.2437900000
67.2548900000
67.2659300000
67.2770300000
67.2884200000
67.2993400000
67.3104100000
67.3215000000
67.3326100000
67.3438100000
67.3549600000
67.3660700000
67.3772900000
67.3881500000
67.3995200000
67.4102900000
67.4215300000
67.4326800000
67.4437300000
67.4547200000
67.4658100000
67.4769400000
67.4881700000
67.4992600000
67.5104300000
67.5213900000
67.5325900000
67.5436900000
67.5546500000
67.5657400000
67.5772900000
67.5879400000
67.5990800000
67.6101900000
67.6214100000
67.6327900000
67.6436600000
67.6546100000
67.6658200000
67.6770000000
67.6879700000
67.6990800000
67.7101200000
67.7212600000
67.7326700000
67.7435100000
67.7549300000
67.7658600000
67.7768000000
67.7879100000
67.7989600000
67.8102200000
67.8212400000
67.8326100000
67.8436100000
67.8546400000
67.8656200000
67.8766900000
67.8878600000
67.8989100000
67.9101300000
67.9212600000
67.9325600000
67.9433700000
67.9547300000
67.9655500000
67.9769800000
67.9879100000
67.9993000000
68.0099600000
68.0210700000
68.0324300000
68.0434000000
68.0545000000
68.0657700000
68.0767300000
68.0877800000
68.0988200000
68.1099200000
68.1210100000
68.1326800000
68.1434900000
68.1543800000
68.1656200000
68.1767800000
68.1877100000
68.1989000000
68.2100400000
68.2210800000
68.2324100000
68.2433900000
68.2543400000
68.2653700000
68.2766000000
68.2878500000
68.2988300000
68.3098500000
68.3210200000
68.3324100000
68.3432600000
68.3543900000
68.3653900000
68.3765000000
68.3876400000
68.3988000000
68.4098600000
68.4209100000
68.4322700000
68.4431000000
68.4544000000
68.4653700000
68.4763900000
68.4875700000
68.4986000000
68.5100400000
68.5211600000
68.5325900000
68.5430800000
68.5541500000
68.5652500000
68.5765200000
68.5874800000
68.5985900000
68.6098600000
68.6209600000
68.6322800000
68.6429900000
68.6542100000
68.6652300000
68.6763800000
68.6875000000
68.6984800000
68.7096800000
68.7208700000
68.7320600000
68.7429500000
68.7540500000
68.7652900000
68.7763100000
68.7873900000
68.7985200000
68.8095700000
68.8206500000
68.8317500000
68.8432200000
68.8540100000
68.8650700000
68.8764500000
68.8873300000
68.8984100000
68.9095200000
68.9208000000
68.9317900000
68.9489900000
68.9624600000
68.9753400000
68.9884100000
69.0018800000
69.0150400000
69.0278100000
69.0410800000
69.0542100000
69.0665500000
69.0796400000
69.0925800000
69.1055200000
69.1187100000
69.1315800000
69.1446500000
69.1572600000
69.1706800000
69.1847000000
69.2467300000
69.2593300000
69.2705700000
69.2812300000
69.2917800000
69.3027800000
69.3131800000
69.3234300000
69.3337200000
69.3439000000
69.3539900000
69.3638100000
69.3740200000
69.3836000000
69.3934800000
69.4042000000
69.4154400000
69.4267300000
69.4375500000
69.4486300000
69.4598000000
69.4708900000
69.4823600000
69.4931400000
69.5047600000
69.5155600000
69.5266500000
69.5375300000
69.5487900000
69.5597100000
69.5710600000
69.5821500000
69.5932500000
69.6042100000
69.6152800000
69.6266100000
69.6374700000
69.6485600000
69.6596800000
69.6713700000
69.6818600000
69.6936300000
69.7040600000
69.7154100000
69.7264200000
69.7376600000
69.7485300000
69.7598800000
69.7712900000
69.7828200000
69.7945900000
69.8056600000
69.8170500000
69.8287400000
69.8400000000
69.8514100000
69.8628600000
69.8743700000
69.8858500000
69.8972900000
69.9085000000
69.9200300000
69.9313700000
69.9423700000
69.9535800000
69.9645600000
69.9757100000
69.9868400000
69.9981600000
70.0090200000
70.0201000000
70.0314900000
70.0424300000
70.0535400000
70.0647000000
70.0756100000
70.0867800000
70.0979700000
70.1090900000
70.1200600000
70.1312500000
70.1425900000
70.1535000000
70.1645400000
70.1755400000
70.1866800000
70.1978800000
70.2088700000
70.2204600000
70.2311600000
70.2422300000
70.2534100000
70.2644400000
70.2756600000
70.2867400000
70.2977800000
70.3094000000
70.3199500000
70.3313600000
70.3422900000
70.3535200000
70.3644100000
70.3754900000
70.3866200000
70.3976800000
70.4088400000
70.4199300000
70.4309700000
70.4422500000
70.4532200000
70.4644000000
70.4754400000
70.4865300000
70.4976300000
70.5088800000
70.5198500000
70.5310900000
70.5420700000
70.5533500000
70.5643200000
70.5753000000
70.5865600000
70.5978900000
70.6087300000
70.6198200000
70.6314800000
70.6420300000
70.6531800000
70.6645000000
70.6753200000
70.6864400000
70.6975700000
70.7086800000
70.7198600000
70.7308200000
70.7419400000
70.7535900000
70.7642400000
70.7755400000
70.7865100000
70.7975400000
70.8086200000
70.8199700000
70.8308200000
70.8421300000
70.8530100000
70.8641400000
70.8752600000
70.8864800000
70.8974800000
70.9086500000
70.9198000000
70.9310700000
70.9419900000
70.9531100000
70.9646500000
70.9753900000
70.9862700000
70.9975700000
71.0084800000
71.0197800000
71.0306700000
71.0418000000
71.0529400000
71.0639900000
71.0751100000
71.0862300000
71.0973000000
71.1086700000
71.1195200000
71.1315200000
71.1417600000
71.1528500000
71.1639600000
71.1750300000
71.1862100000
71.1972700000
71.2084400000
71.2196500000
71.2305800000
71.2417200000
71.2529600000
71.2639800000
71.2752300000
71.2863500000
71.2974800000
71.3084900000
71.3194200000
71.3306700000
71.3416700000
71.3527800000
71.3638700000
71.3750300000
71.3861800000
71.3971900000
71.4083300000
71.4193800000
71.4305000000
71.4418500000
71.4526700000
71.4638400000
71.4749500000
71.4861100000
71.4972200000
71.5083400000
71.5195300000
71.5307100000
71.5417900000
71.5529000000
71.5638000000
71.5750300000
71.5860700000
71.5972800000
71.6086700000
71.6193200000
71.6304400000
71.6415900000
71.6526200000
71.6638600000
71.6748200000
71.6859000000
71.6970100000
71.7081500000
71.7193400000
71.7304400000
71.7414800000
71.7526200000
71.7637100000
71.7749300000
71.7859500000
71.7970400000
71.8084600000
71.8192700000
71.8303100000
71.8414200000
71.8525600000
71.8636300000
71.8747600000
71.8859700000
71.8969000000
71.9081900000
71.9193800000
71.9302500000
71.9413400000
71.9524300000
71.9635700000
71.9747900000
71.9857300000
71.9970100000
72.0084700000
72.0190700000
72.0301700000
72.0413100000
72.0523800000
72.0637000000
72.0747200000
72.0857500000
72.0969800000
72.1082200000
72.1191600000
72.1301300000
72.1414300000
72.1524100000
72.1635000000
72.1746300000
72.1856700000
72.1967700000
72.2078600000
72.2192000000
72.2301000000
72.2412200000
72.2523600000
72.2635000000
72.2747600000
72.2856400000
72.2969100000
72.3079300000
72.3192500000
72.3302800000
72.3413100000
72.3525800000
72.3634300000
72.3746000000
72.3855700000
72.3966800000
72.4077900000
72.4193300000
72.4299900000
72.4418000000
72.4522200000
72.4633400000
72.4744600000
72.4855600000
72.4966400000
72.5078500000
72.5188400000
72.5300600000
72.5415700000
72.5523100000
72.5634400000
72.5743500000
72.5854900000
72.5966300000
72.6077100000
72.6187700000
72.6300200000
72.6413700000
72.6521000000
72.6633300000
72.6743100000
72.6855100000
72.6965300000
72.7079300000
72.7187700000
72.7298700000
72.7410900000
72.7524000000
72.7631400000
72.7744300000
72.7853500000
72.7964800000
72.8076600000
72.8187000000
72.8299000000
72.8418100000
72.8519900000
72.8631200000
72.8742100000
72.8854400000
72.8965300000
72.9076100000
72.9186600000
72.9298600000
72.9409300000
72.9519500000
72.9630400000
72.9742200000
72.9852800000
72.9966200000
73.0075700000
73.0185700000
73.0296600000
73.0407800000
73.0519000000
73.0629700000
73.0741400000
73.0852900000
73.0963200000
73.1076800000
73.1185600000
73.1296500000
73.1413500000
73.1519900000
73.1629900000
73.1742700000
73.1852000000
73.1964200000
73.2075100000
73.2187300000
73.2295600000
73.2408400000
73.2518400000
73.2629300000
73.2740600000
73.2851700000
73.2964000000
73.3074700000
73.3184400000
73.3297000000
73.3406400000
73.3521500000
73.3629500000
73.3741000000
73.3850400000
73.3961500000
73.4072300000
73.4183900000
73.4294100000
73.4407500000
73.4517700000
73.4629400000
73.4740800000
73.4850500000
73.4961200000
73.5072300000
73.5184600000
73.5295000000
73.5406100000
73.5518000000
73.5628100000
73.5740200000
73.5850000000
73.5960800000
73.6073000000
73.6184400000
73.6294100000
73.6405400000
73.6516300000
73.6628300000
73.6738400000
73.6849400000
73.6960100000
73.7071300000
73.7182100000
73.7293400000
73.7405200000
73.7517600000
73.7626700000
73.7741900000
73.7848700000
73.7959700000
73.8070800000
73.8182900000
73.8292800000
73.8404800000
73.8515500000
73.8625700000
73.8740000000
73.8850200000
73.8959300000
73.9072600000
73.9181500000
73.9293400000
73.9403800000
73.9514500000
73.9625800000
73.9738500000
73.9847900000
73.9960200000
74.0069500000
74.0182300000
74.0291900000
74.0403100000
74.0514500000
74.0625500000
74.0738600000
74.0848500000
74.0957900000
74.1074200000
74.1180700000
74.1292300000
74.1403800000
74.1513900000
74.1624800000
74.1735700000
74.1846700000
74.1957500000
74.2068600000
74.2181300000
74.2291300000
74.2403900000
74.2513400000
74.2624100000
74.2739000000
74.2846300000
74.2957300000
74.3070600000
74.3180500000
74.3292300000
74.3403100000
74.3513000000
74.3626300000
74.3735100000
74.3846500000
74.3959800000
74.4067600000
74.4179500000
74.4290600000
74.4403200000
74.4513100000
74.4623500000
74.4734800000
74.4846300000
74.4956900000
74.5066600000
74.5179700000
74.5290500000
74.5400900000
74.5516400000
74.5623000000
74.5737700000
74.5844900000
74.5955400000
74.6068100000
74.6177700000
74.6288800000
74.6401300000
74.6512400000
74.6627100000
74.6732900000
74.6844000000
74.6955300000
74.7067600000
74.7178000000
74.7288300000
74.7400100000
74.7511000000
74.7622300000
74.7735200000
74.7844500000
74.7954700000
74.8065900000
74.8176700000
74.8287900000
74.8398800000
74.8512300000
74.8623000000
74.8733700000
74.8844800000
74.8954200000
74.9065900000
74.9176400000
74.9287300000
74.9398300000
74.9509800000
74.9620700000
74.9733100000
74.9842800000
74.9955100000
75.0065200000
75.0177300000
75.0287000000
75.0398100000
75.0511800000
75.0622400000
75.0731000000
75.0842500000
75.0957500000
75.1066100000
75.1176200000
75.1286600000
75.1399800000
75.1514400000
75.1620200000
75.1732900000
75.1842700000
75.1953400000
75.2064900000
75.2176200000
75.2285900000
75.2397100000
75.2510000000
75.2619600000
75.2730300000
75.2842400000
75.2952400000
75.3065900000
75.3174800000
75.3288600000
75.3396900000
75.3508500000
75.3619500000
75.3731700000
75.3841200000
75.3951600000
75.4062700000
75.4174300000
75.4284700000
75.4397700000
75.4507000000
75.4617800000
75.4729000000
75.4843100000
75.4951600000
75.5062500000
75.5173800000
75.5285500000
75.5396200000
75.5508400000
75.5617400000
75.5729800000
75.5839600000
75.5950900000
75.6063100000
75.6172900000
75.6284300000
75.6397200000
75.6506000000
75.6618400000
75.6727600000
75.6839500000
75.6950900000
75.7061500000
75.7172900000
75.7283200000
75.7394700000
75.7508800000
75.7616400000
75.7728900000
75.7838800000
75.7951200000
75.8061400000
75.8173100000
75.8283900000
75.8394500000
75.8507200000
75.8616300000
75.8727800000
75.8839500000
75.8950000000
75.9061000000
75.9171100000
75.9282200000
75.9394800000
75.9509500000
75.9615300000
75.9727100000
75.9837600000
75.9950200000
76.0061300000
76.0171000000
76.0282000000
76.0392600000
76.0507300000
76.0618900000
76.0726200000
76.0838200000
76.0948300000
76.1063200000
76.1171700000
76.1281700000
76.1393700000
76.1505400000
76.1615400000
76.1725900000
76.1837200000
76.1948900000
76.2058900000
76.2175100000
76.2280700000
76.2392400000
76.2505100000
76.2615400000
76.2724900000
76.2836400000
76.2946900000
76.3058600000
76.3169000000
76.3282200000
76.3391900000
76.3505700000
76.3614600000
76.3725600000
76.3835800000
76.3947300000
76.4063300000
76.4170800000
76.4280100000
76.4394500000
76.4503300000
76.4613400000
76.4726300000
76.4835500000
76.4947600000
76.5058700000
76.5168800000
76.5279900000
76.5390300000
76.5502700000
76.5612600000
76.5726900000
76.5835400000
76.5945500000
76.6056700000
76.6171100000
76.6278800000
76.6394000000
76.6501000000
76.6613000000
76.6723600000
76.6835400000
76.6945300000
76.7057700000
76.7168000000
76.7280000000
76.7389500000
76.7500600000
76.7615600000
76.7722200000
76.7834200000
76.7946300000
76.8056200000
76.8167100000
76.8277900000
76.8391000000
76.8500100000
76.8611700000
76.8726600000
76.8835100000
76.8944200000
76.9055300000
76.9167300000
76.9277600000
76.9388500000
76.9499400000
76.9611600000
76.9721500000
76.9835000000
76.9943700000
77.0055500000
77.0165700000
77.0277300000
77.0390500000
77.0499000000
77.0610200000
77.0721400000
77.0833500000
77.0945700000
77.1054800000
77.1165800000
77.1276200000
77.1387900000
77.1502900000
77.1609700000
77.1724000000
77.1831700000
77.1945000000
77.2055500000
77.2165100000
77.2276800000
77.2386900000
77.2499500000
77.2609200000
77.2721200000
77.2831100000
77.2942500000
77.3054400000
77.3166400000
77.3276200000
77.3386600000
77.3499800000
77.3609500000
77.3720200000
77.3831800000
77.3942400000
77.4053200000
77.4166100000
77.4277100000
77.4386500000
77.4497500000
77.4611500000
77.4721500000
77.4829900000
77.4941800000
77.5053600000
77.5165300000
77.5275100000
77.5386500000
77.5498100000
77.5607900000
77.5722600000
77.5830200000
77.5940900000
77.6052100000
77.6162500000
77.6275000000
77.6390000000
77.6498700000
77.6608700000
77.6724700000
77.6829100000
77.6942300000
77.7051200000
77.7165800000
77.7275300000
77.7385000000
77.7496100000
77.7608800000
77.7718000000
77.7832200000
77.7941400000
77.8052000000
77.8164400000
77.8273200000
77.8384500000
77.8494900000
77.8606200000
77.8718200000
77.8829400000
77.8941000000
77.9053200000
77.9162800000
77.9274800000
77.9382900000
77.9494200000
77.9608100000
77.9718400000
77.9831500000
77.9940000000
78.0051500000
78.0163400000
78.0272400000
78.0383600000
78.0494200000
78.0605300000
78.0716700000
78.0827300000
78.0941100000
78.1050200000
78.1165400000
78.1273300000
78.1383700000
78.1494300000
78.1605300000
78.1715900000
78.1827000000
78.1939800000
78.2051500000
78.2159800000
78.2271000000
78.2386000000
78.2493700000
78.2604800000
78.2715300000
78.2827000000
78.2937200000
78.3048800000
78.3162600000
78.3270500000
78.3381300000
78.3493900000
78.3605700000
78.3715300000
78.3827400000
78.3937400000
78.4049700000
78.4160800000
78.4274200000
78.4386200000
78.4492800000
78.4603900000
78.4714800000
78.4836000000
78.4936300000
78.5047700000
78.5158700000
78.5269300000
78.5382200000
78.5496100000
78.5603300000
78.5713900000
78.5827600000
78.5937700000
78.6047700000
78.6158800000
78.6268800000
78.6380900000
78.6495100000
78.6602200000
78.6713100000
78.6825500000
78.6936000000
78.7046600000
78.7157700000
78.7272700000
78.7383500000
78.7492000000
78.7603100000
78.7714300000
78.7823900000
78.7934500000
78.8047600000
78.8157500000
78.8267900000
78.8380100000
78.8490300000
78.8601800000
78.8713600000
78.8823200000
78.8934900000
78.9047600000
78.9158600000
78.9267700000
78.9382400000
78.9491500000
78.9600700000
78.9712500000
78.9825100000
78.9934100000
79.0045300000
79.0156200000
79.0267000000
79.0377900000
79.0489000000
79.0602400000
79.0710800000
79.0822400000
79.0936800000
79.1045200000
79.1155200000
79.1267500000
79.1378300000
79.1488500000
79.1604800000
79.1710400000
79.1822400000
79.1933200000
79.2046500000
79.2155800000
79.2266100000
79.2377500000
79.2488300000
79.2599500000
79.2710000000
79.2823300000
79.2932100000
79.3043800000
79.3156000000
79.3266100000
79.3376600000
79.3487900000
79.3599000000
79.3711400000
79.3820600000
79.3933300000
79.4042700000
79.4154100000
79.4269100000
79.4377000000
79.4487100000
79.4598900000
79.4710100000
79.4821000000
79.4936400000
79.5048100000
79.5153400000
79.5265600000
79.5376400000
79.5487400000
79.5599400000
79.5708800000
79.5824100000
79.5931400000
79.6042800000
79.6153700000
79.6263900000
79.6375700000
79.6488000000
79.6599900000
79.6708200000
79.6821200000
79.6931800000
79.7042600000
79.7152700000
79.7266300000
79.7374600000
79.7486200000
79.7599300000
79.7709400000
79.7818600000
79.7931600000
79.8042200000
79.8151700000
79.8265800000
79.8376200000
79.8486000000
79.8600000000
79.8716200000
79.8818500000
79.8930700000
79.9042100000
79.9151700000
79.9262200000
79.9373600000
79.9484700000
79.9598900000
79.9708000000
79.9820300000
79.9929800000
80.0041100000
80.0150800000
80.0262800000
80.0373600000
80.0484100000
80.0598800000
80.0706400000
80.0817300000
80.0930300000
80.1039500000
80.1150700000
80.1263000000
80.1373100000
80.1485900000
80.1597300000
80.1706100000
80.1816900000
80.1930900000
80.2041600000
80.2149900000
80.2265700000
80.2372300000
80.2483400000
80.2598500000
80.2706900000
80.2817000000
80.2929200000
80.3039800000
80.3152300000
80.3261000000
80.3374300000
80.3482700000
80.3598500000
80.3704800000
80.3816100000
80.3927700000
80.4038500000
80.4150200000
80.4262700000
80.4371300000
80.4484300000
80.4597300000
80.4704800000
80.4815400000
80.4929700000
80.5037700000
80.5148500000
80.5260500000
80.5371600000
80.5482900000
80.5596500000
80.5704200000
80.5815700000
80.5926700000
80.6037800000
80.6149500000
80.6259800000
80.6370300000
80.6482400000
80.6595000000
80.6705200000
80.6814500000
80.6925400000
80.7037300000
80.7149000000
80.7258800000
80.7370000000
80.7480800000
80.7598000000
80.7703900000
80.7814500000
80.7925600000
80.8036300000
80.8149500000
80.8257900000
80.8369400000
80.8480800000
80.8592600000
80.8704200000
80.8812900000
80.8925200000
80.9035300000
80.9147500000
80.9259000000
80.9369000000
80.9484600000
80.9591300000
80.9701800000
80.9814600000
80.9924400000
81.0036300000
81.0147400000
81.0259300000
81.0368600000
81.0478800000
81.0590400000
81.0705600000
81.0813500000
81.0926700000
81.1034800000
81.1145200000
81.1256800000
81.1368300000
81.1478400000
81.1589900000
81.1704500000
81.1812400000
81.1923800000
81.2035400000
81.2146600000
81.2256500000
81.2368800000
81.2478600000
81.2589900000
81.2700900000
81.2812000000
81.2922500000
81.3033800000
81.3146400000
81.3256300000
81.3366800000
81.3479600000
81.3588900000
81.3704700000
81.3811300000
81.3924500000
81.4033200000
81.4145100000
81.4257800000
81.4365900000
81.4481400000
81.4588600000
81.4700500000
81.4810900000
81.4922300000
81.5032700000
81.5146400000
81.5254400000
81.5367100000
81.5478100000
81.5588200000
81.5700200000
81.5809800000
81.5922300000
81.6031900000
81.6143500000
81.6254700000
81.6366000000
81.6478200000
81.6587700000
81.6700200000
81.6809800000
81.6921200000
81.7032900000
81.7143700000
81.7253300000
81.7365000000
81.7476400000
81.7588300000
81.7698200000
81.7810700000
81.7920200000
81.8031800000
81.8142400000
81.8254700000
81.8363800000
81.8475000000
81.8587600000
81.8698300000
81.8808200000
81.8920300000
81.9030300000
81.9144400000
81.9252400000
81.9363600000
81.9474600000
81.9588100000
81.9696700000
81.9810700000
81.9918700000
82.0030000000
82.0143000000
82.0252100000
82.0362900000
82.0473600000
82.0585600000
82.0697600000
82.0815700000
82.0918400000
82.1029400000
82.1143000000
82.1252600000
82.1363100000
82.1474500000
82.1587800000
82.1697000000
82.1807000000
82.1921700000
82.2028900000
82.2139700000
82.2250700000
82.2362100000
82.2473800000
82.2584700000
82.2697400000
82.2806600000
82.2917400000
82.3030000000
82.3140000000
82.3253600000
82.3362100000
82.3473100000
82.3584000000
82.3694600000
82.3806800000
82.3917200000
82.4028000000
82.4140400000
82.4250100000
82.4361300000
82.4473600000
82.4583700000
82.4695000000
82.4806900000
82.4916900000
82.5027800000
82.5139800000
82.5252800000
82.5361100000
82.5472700000
82.5583400000
82.5693500000
82.5807300000
82.5915400000
82.6028300000
82.6140200000
82.6250400000
82.6362800000
82.6471000000
82.6582400000
82.6693600000
82.6806000000
82.6915600000
82.7027400000
82.7137800000
82.7249000000
82.7359600000
82.7474600000
82.7583700000
82.7693500000
82.7804300000
82.7918400000
82.8026700000
82.8138600000
82.8248700000
82.8359000000
82.8470200000
82.8585800000
82.8691900000
82.8804900000
82.8914600000
82.9025900000
82.9137000000
82.9249000000
82.9358500000
82.9471600000
82.9582400000
82.9693800000
82.9803800000
82.9913900000
83.0024600000
83.0135900000
83.0247100000
83.0357900000
83.0469200000
83.0587400000
83.0691300000
83.0806600000
83.0913500000
83.1026200000
83.1135600000
83.1248700000
83.1358900000
83.1472200000
83.1580000000
83.1692400000
83.1803300000
83.1920100000
83.2024900000
83.2135400000
83.2247200000
83.2357600000
83.2469300000
83.2585000000
83.2692300000
83.2803000000
83.2912900000
83.3025100000
83.3135200000
83.3246300000
83.3357000000
83.3468700000
83.3579900000
83.3690000000
83.3803500000
83.3911800000
83.4022500000
83.4136400000
83.4245600000
83.4356100000
83.4468500000
83.4579500000
83.4690200000
83.4803200000
83.4912300000
83.5024900000
83.5134400000
83.5247500000
83.5355600000
83.5466700000
83.5579300000
83.5693700000
83.5800500000
83.5911600000
83.6022500000
83.6133300000
83.6245300000
83.6356600000
83.6466500000
83.6579400000
83.6688800000
83.6799500000
83.6916200000
83.7021300000
83.7132600000
83.7246600000
83.7354700000
83.7468400000
83.7578000000
83.7687600000
83.7804900000
83.7909700000
83.8021900000
83.8132200000
83.8243600000
83.8354300000
83.8466700000
83.8578000000
83.8688000000
83.8799100000
83.8911800000
83.9020400000
83.9131500000
83.9243200000
83.9353600000
83.9464700000
83.9576700000
83.9690700000
83.9797700000
83.9910300000
84.0019900000
84.0131400000
84.0242700000
84.0354300000
84.0464000000
84.0578100000
84.0687100000
84.0800000000
84.0910500000
84.1019700000
84.1132700000
84.1243200000
84.1353600000
84.1468100000
84.1574900000
84.1689100000
84.1797300000
84.1911200000
84.2019000000
84.2131700000
84.2241000000
84.2352100000
84.2464300000
84.2574700000
84.2688000000
84.2797700000
84.2908400000
84.3020300000
84.3129600000
84.3243400000
84.3351800000
84.3464700000
84.3574200000
84.3688000000
84.3795500000
84.3908400000
84.4017900000
84.4131700000
84.4240200000
84.4355900000
84.4464100000
84.4575700000
84.4687000000
84.4796100000
84.4906600000
84.5018500000
84.5129400000
84.5243500000
84.5356100000
84.5463100000
84.5574000000
84.5687000000
84.5794900000
84.5905900000
84.6016800000
84.6130200000
84.6240500000
84.6351500000
84.6462900000
84.6575400000
84.6685900000
84.6795200000
84.6905400000
84.7016800000
84.7127600000
84.7238800000
84.7349700000
84.7464900000
84.7571900000
84.7686500000
84.7795000000
84.7906600000
84.8017500000
84.8128700000
84.8240700000
84.8349500000
84.8460400000
84.8575100000
84.8685100000
84.8793600000
84.8906900000
84.9015900000
84.9128400000
84.9239700000
84.9348700000
84.9460100000
84.9572100000
84.9685900000
84.9794000000
84.9904900000
85.0015000000
85.0126500000
85.0247500000
85.0348400000
85.0459800000
85.0572400000
85.0686600000
85.0793200000
85.0905300000
85.1014700000
85.1126300000
85.1238700000
85.1347900000
85.1466700000
85.1569700000
85.1681700000
85.1797500000
85.1904300000
85.2015200000
85.2125100000
85.2236100000
85.2347300000
85.2458200000
85.2573700000
85.2680500000
85.2792700000
85.2906900000
85.3013800000
85.3124800000
85.3236300000
85.3348500000
85.3458100000
85.3570700000
85.3680000000
85.3792300000
85.3903700000
85.4014900000
85.4124100000
85.4236100000
85.4347800000
85.4458100000
85.4568400000
85.4680000000
85.4791500000
85.4903100000
85.5013100000
85.5125300000
85.5235200000
85.5348100000
85.5457000000
85.5570100000
85.5679100000
85.5790300000
85.5901900000
85.6012400000
85.6124200000
85.6237000000
85.6345100000
85.6456500000
85.6567200000
85.6678500000
85.6789100000
85.6901900000
85.7011900000
85.7124900000
85.7233400000
85.7346300000
85.7457000000
85.7575000000
85.7678400000
85.7792300000
85.7901100000
85.8012400000
85.8123700000
85.8233600000
85.8344300000
85.8457300000
85.8567700000
85.8678100000
85.8788700000
85.8899000000
85.9011400000
85.9122400000
85.9233200000
85.9344000000
85.9455600000
85.9567300000
85.9676900000
85.9788800000
85.9898800000
86.0010300000
86.0121500000
86.0232100000
86.0343700000
86.0454600000
86.0566900000
86.0677900000
86.0788100000
86.0899400000
86.1010400000
86.1121100000
86.1236800000
86.1343600000
86.1453700000
86.1566500000
86.1678000000
86.1789600000
86.1898500000
86.2009700000
86.2121700000
86.2231900000
86.2342300000
86.2453900000
86.2566700000
86.2675800000
86.2787000000
86.2899400000
86.3008700000
86.3119900000
86.3234900000
86.3342200000
86.3452800000
86.3564100000
86.3676300000
86.3787200000
86.3896800000
86.4009200000
86.4118700000
86.4230700000
86.4341300000
86.4452000000
86.4563100000
86.4674500000
86.4786000000
86.4896300000
86.5007600000
86.5121100000
