1533.9290000000
1533.9460000000
1533.9560000000
1533.9790000000
1534.0030000000
1534.0240000000
1534.0450000000
1534.0680000000
1534.0900000000
1534.1120000000
1534.1340000000
1534.1560000000
1534.1790000000
1534.2010000000
1534.2230000000
1534.2450000000
1534.2680000000
1534.2900000000
1534.3120000000
1534.3350000000
1534.3560000000
1534.3790000000
1534.4010000000
1534.4230000000
1534.4450000000
1534.4670000000
1534.4900000000
1534.5120000000
1534.5340000000
1534.5560000000
1534.5780000000
1534.6010000000
1534.6230000000
1534.6450000000
1534.6670000000
1534.6890000000
1534.7010000000
1534.7220000000
1534.7350000000
1534.7560000000
1534.7680000000
1534.7890000000
1534.8010000000
1534.8220000000
1534.8350000000
1534.8560000000
1534.8680000000
1534.8890000000
1534.9110000000
1534.9340000000
1534.9560000000
1534.9780000000
1535.0000000000
1535.0220000000
1535.0440000000
1535.0670000000
1535.0890000000
1535.1110000000
1535.1340000000
1535.1560000000
1535.1780000000
1535.2070000000
1535.2260000000
1535.2480000000
1535.2700000000
1535.2920000000
1535.3140000000
1535.3380000000
1535.3590000000
1535.3810000000
1535.4040000000
1535.4260000000
1535.4480000000
1535.4700000000
1535.4920000000
1535.5150000000
1535.5370000000
1535.5590000000
1535.5810000000
1535.6290000000
1535.6440000000
1535.6580000000
1535.6810000000
1535.7010000000
1535.7230000000
1535.7450000000
1535.7670000000
1535.7900000000
1535.8110000000
1535.8340000000
1535.8560000000
1535.8780000000
1535.9010000000
1535.9220000000
1535.9440000000
1535.9670000000
1535.9890000000
1536.0110000000
1536.0340000000
1536.0550000000
1536.0780000000
1536.1000000000
1536.1220000000
1536.1440000000
1536.1670000000
1536.1880000000
1536.2110000000
1536.2340000000
1536.2550000000
1536.2770000000
1536.3000000000
1536.3220000000
1536.3440000000
1536.3670000000
1536.3880000000
1536.4110000000
1536.4340000000
1536.4550000000
1536.4770000000
1536.5000000000
1536.5210000000
1536.5450000000
1536.5670000000
1536.5880000000
1536.6100000000
1536.6330000000
1536.6550000000
1536.6670000000
1536.6880000000
1536.7100000000
1536.7330000000
1536.7550000000
1536.7770000000
1536.8000000000
1536.8210000000
1536.8440000000
1536.8670000000
1536.8880000000
1536.9110000000
1536.9330000000
1536.9550000000
1536.9770000000
1537.0000000000
1537.0210000000
1537.0440000000
1537.0670000000
1537.0880000000
1537.1100000000
1537.1330000000
1537.1550000000
1537.1770000000
1537.2000000000
1537.2210000000
1537.2440000000
1537.2670000000
1537.2880000000
1537.3100000000
1537.3330000000
1537.3550000000
1537.3770000000
1537.4000000000
1537.4220000000
1537.4440000000
1537.4660000000
1537.4880000000
1537.5100000000
1537.5330000000
1537.5550000000
1537.5770000000
1537.6000000000
1537.6210000000
1537.6330000000
1537.6550000000
1537.6770000000
1537.7000000000
1537.7210000000
1537.7440000000
1537.7660000000
1537.7880000000
1537.8100000000
1537.8330000000
1537.8540000000
1537.8770000000
1537.9000000000
1537.9210000000
1537.9440000000
1537.9660000000
1537.9880000000
1538.0100000000
1538.0330000000
1538.0550000000
1538.0770000000
1538.1000000000
1538.1210000000
1538.1440000000
1538.1650000000
1538.1880000000
1538.2100000000
1538.2320000000
1538.2540000000
1538.2760000000
1538.3000000000
1538.3210000000
1538.3430000000
1538.3660000000
1538.3880000000
1538.4100000000
1538.4320000000
1538.4540000000
1538.4760000000
1538.4990000000
1538.5210000000
1538.5430000000
1538.5670000000
1538.5880000000
1538.6100000000
1538.6330000000
1538.6540000000
1538.6660000000
1538.6880000000
1538.7100000000
1538.7330000000
1538.7540000000
1538.7760000000
1538.7990000000
1538.8210000000
1538.8430000000
1538.8660000000
1538.8870000000
1538.9100000000
1538.9320000000
1538.9540000000
1538.9760000000
1538.9990000000
1539.0210000000
1539.0430000000
1539.0660000000
1539.0870000000
1539.1100000000
1539.1330000000
1539.1540000000
1539.1760000000
1539.1990000000
1539.2200000000
1539.2430000000
1539.2660000000
1539.2870000000
1539.3100000000
1539.3330000000
1539.3540000000
1539.3760000000
1539.3990000000
1539.4200000000
1539.4430000000
1539.4660000000
1539.4870000000
1539.5090000000
1539.5320000000
1539.5540000000
1539.5760000000
1539.5990000000
1539.6200000000
1539.6330000000
1539.6540000000
1539.6760000000
1539.6990000000
1539.7200000000
1539.7430000000
1539.7650000000
1539.7870000000
1539.8090000000
1539.8320000000
1539.8540000000
1539.8760000000
1539.8980000000
1539.9210000000
1539.9430000000
1539.9650000000
1539.9870000000
1540.0090000000
1540.0320000000
1540.0540000000
1540.0760000000
1540.0980000000
1540.1200000000
1540.1420000000
1540.1650000000
1540.1870000000
1540.2090000000
1540.2310000000
1540.2540000000
1540.2760000000
1540.2980000000
1540.3200000000
1540.3420000000
1540.3650000000
1540.3870000000
1540.4090000000
1540.4310000000
1540.4530000000
1540.4760000000
1540.4980000000
1540.5200000000
1540.5420000000
1540.5640000000
1540.5870000000
1540.6090000000
1540.6200000000
1540.6420000000
1540.6650000000
1540.6870000000
1540.7090000000
1540.7310000000
1540.7540000000
1540.7750000000
1540.7970000000
1540.8200000000
1540.8420000000
1540.8640000000
1540.8860000000
1540.9080000000
1540.9310000000
1540.9530000000
1540.9750000000
1540.9980000000
1541.0190000000
1541.0420000000
1541.0640000000
1541.0860000000
1541.1080000000
1541.1300000000
1541.1530000000
1541.1750000000
1541.1970000000
1541.2190000000
1541.2420000000
1541.2650000000
1541.2860000000
1541.3080000000
1541.3310000000
1541.3530000000
1541.3750000000
1541.3970000000
1541.4190000000
1541.4420000000
1541.4640000000
1541.4860000000
1541.5080000000
1541.5300000000
1541.5530000000
1541.5750000000
1541.5970000000
1541.6080000000
1541.6310000000
1541.6530000000
1541.6750000000
1541.6970000000
1541.7190000000
1541.7420000000
1541.7640000000
1541.7860000000
1541.8080000000
1541.8310000000
1541.8530000000
1541.8750000000
1541.8970000000
1541.9190000000
1541.9420000000
1541.9640000000
1541.9860000000
1542.0080000000
1542.0310000000
1542.0530000000
1542.0750000000
1542.0970000000
1542.1190000000
1542.1410000000
1542.1640000000
1542.1860000000
1542.2080000000
1542.2300000000
1542.2520000000
1542.2750000000
1542.2970000000
1542.3190000000
1542.3410000000
1542.3640000000
1542.3860000000
1542.4080000000
1542.4300000000
1542.4520000000
1542.4740000000
1542.4970000000
1542.5190000000
1542.5420000000
1542.5630000000
1542.5850000000
1542.6080000000
1542.6190000000
1542.6410000000
1542.6630000000
1542.6850000000
1542.7080000000
1542.7300000000
1542.7520000000
1542.7740000000
1542.7960000000
1542.8190000000
1542.8410000000
1542.8640000000
1542.8850000000
1542.9070000000
1542.9300000000
1542.9520000000
1542.9740000000
1542.9960000000
1543.0190000000
1543.0410000000
1543.0640000000
1543.0850000000
1543.1070000000
1543.1300000000
1543.1520000000
1543.1740000000
1543.1960000000
1543.2180000000
1543.2410000000
1543.2630000000
1543.2850000000
1543.3070000000
1543.3300000000
1543.3520000000
1543.3750000000
1543.3960000000
1543.4180000000
1543.4410000000
1543.4630000000
1543.4850000000
1543.5070000000
1543.5290000000
1543.5520000000
1543.5740000000
1543.5960000000
1543.6070000000
1543.6290000000
1543.6510000000
1543.6740000000
1543.6960000000
1543.7180000000
1543.7410000000
1543.7630000000
1543.7850000000
1543.8070000000
1543.8290000000
1543.8520000000
1543.8740000000
1543.8960000000
1543.9180000000
1543.9400000000
1543.9630000000
1543.9850000000
1544.0070000000
1544.0290000000
1544.0510000000
1544.0740000000
1544.0960000000
1544.1180000000
1544.1400000000
1544.1630000000
1544.1850000000
1544.2070000000
1544.2290000000
1544.2510000000
1544.2740000000
1544.2960000000
1544.3180000000
1544.3400000000
1544.3630000000
1544.3850000000
1544.4070000000
1544.4290000000
1544.4510000000
1544.4740000000
1544.4960000000
1544.5180000000
1544.5400000000
1544.5630000000
1544.5840000000
1544.6070000000
1544.6180000000
1544.6400000000
1544.6620000000
1544.6840000000
1544.7070000000
1544.7290000000
1544.7510000000
1544.7730000000
1544.7960000000
1544.8180000000
1544.8400000000
1544.8630000000
1544.8840000000
1544.9060000000
1544.9290000000
1544.9510000000
1544.9730000000
1544.9950000000
1545.0180000000
1545.0400000000
1545.0620000000
1545.0840000000
1545.1060000000
1545.1290000000
1545.1510000000
1545.1730000000
1545.1960000000
1545.2170000000
1545.2400000000
1545.2630000000
1545.2840000000
1545.3060000000
1545.3290000000
1545.3510000000
1545.3730000000
1545.3950000000
1545.4170000000
1545.4400000000
1545.4620000000
1545.4840000000
1545.5060000000
1545.5290000000
1545.5510000000
1545.5730000000
1545.5950000000
1545.6060000000
1545.6280000000
1545.6510000000
1545.6730000000
1545.6950000000
1545.7170000000
1545.7390000000
1545.7620000000
1545.7840000000
1545.8060000000
1545.8280000000
1545.8500000000
1545.8730000000
1545.8950000000
1545.9170000000
1545.9390000000
1545.9620000000
1545.9840000000
1546.0060000000
1546.0280000000
1546.0500000000
1546.0730000000
1546.0950000000
1546.1170000000
1546.1390000000
1546.1610000000
1546.1840000000
1546.2060000000
1546.2280000000
1546.2500000000
1546.2730000000
1546.2950000000
1546.3180000000
1546.3390000000
1546.3610000000
1546.3840000000
1546.4060000000
1546.4280000000
1546.4500000000
1546.4730000000
1546.4950000000
1546.5170000000
1546.5400000000
1546.5610000000
1546.5840000000
1546.6060000000
1546.6170000000
1546.6390000000
1546.6610000000
1546.6830000000
1546.7060000000
1546.7280000000
1546.7500000000
1546.7720000000
1546.7940000000
1546.8160000000
1546.8390000000
1546.8610000000
1546.8840000000
1546.9060000000
1546.9280000000
1546.9500000000
1546.9730000000
1546.9950000000
1547.0170000000
1547.0390000000
1547.0610000000
1547.0830000000
1547.1060000000
1547.1270000000
1547.1500000000
1547.1730000000
1547.1940000000
1547.2160000000
1547.2390000000
1547.2600000000
1547.2830000000
1547.3060000000
1547.3270000000
1547.3390000000
1547.3600000000
1547.3730000000
1547.3940000000
1547.4160000000
1547.4390000000
1547.4600000000
1547.4830000000
1547.5050000000
1547.5280000000
1547.5500000000
1547.5720000000
1547.5940000000
1547.6160000000
1547.6390000000
1547.6600000000
1547.6720000000
1547.6930000000
1547.7050000000
1547.7270000000
1547.7390000000
1547.7600000000
1547.7720000000
1547.7940000000
1547.8160000000
1547.8390000000
1547.8600000000
1547.8830000000
1547.9050000000
1547.9270000000
1547.9490000000
1547.9720000000
1547.9940000000
1548.0160000000
1548.0390000000
1548.0600000000
1548.0830000000
1548.1060000000
1548.1270000000
1548.1490000000
1548.1730000000
1548.1940000000
1548.2160000000
1548.2390000000
1548.2600000000
1548.2830000000
1548.3050000000
1548.3270000000
1548.3490000000
1548.3720000000
1548.3930000000
1548.4160000000
1548.4390000000
1548.4600000000
1548.4830000000
1548.5050000000
1548.5270000000
1548.5490000000
1548.5730000000
1548.5930000000
1548.6160000000
1548.6380000000
1548.6600000000
1548.6830000000
1548.7050000000
1548.7270000000
1548.7490000000
1548.7720000000
1548.7930000000
1548.8050000000
1548.8270000000
1548.8500000000
1548.8720000000
1548.8930000000
1548.9150000000
1548.9380000000
1548.9600000000
1548.9820000000
1549.0050000000
1549.0260000000
1549.0500000000
1549.0720000000
1549.0930000000
1549.1150000000
1549.1380000000
1549.1600000000
1549.1820000000
1549.2050000000
1549.2270000000
1549.2500000000
1549.2720000000
1549.2930000000
1549.3150000000
1549.3380000000
1549.3600000000
1549.3820000000
1549.4050000000
1549.4260000000
1549.4490000000
1549.4710000000
1549.4930000000
1549.5150000000
1549.5380000000
1549.5600000000
1549.5820000000
1549.6050000000
1549.6260000000
1549.6480000000
1549.6710000000
1549.6930000000
1549.7150000000
1549.7380000000
1549.7590000000
1549.7710000000
1549.7930000000
1549.8150000000
1549.8380000000
1549.8590000000
1549.8820000000
1549.9050000000
1549.9260000000
1549.9480000000
1549.9710000000
1549.9930000000
1550.0150000000
1550.0380000000
1550.0590000000
1550.0820000000
1550.1040000000
1550.1260000000
1550.1480000000
1550.1710000000
1550.1930000000
1550.2150000000
1550.2380000000
1550.2590000000
1550.2820000000
1550.3050000000
1550.3260000000
1550.3480000000
1550.3710000000
1550.3930000000
1550.4150000000
1550.4380000000
1550.4600000000
1550.4820000000
1550.5040000000
1550.5260000000
1550.5480000000
1550.5710000000
1550.5930000000
1550.6150000000
1550.6380000000
1550.6590000000
1550.6820000000
1550.7040000000
1550.7260000000
1550.7480000000
1550.7590000000
1550.7820000000
1550.8040000000
1550.8260000000
1550.8480000000
1550.8710000000
1550.8920000000
1550.9150000000
1550.9380000000
1550.9590000000
1550.9820000000
1551.0040000000
1551.0260000000
1551.0480000000
1551.0700000000
1551.0930000000
1551.1140000000
1551.1370000000
1551.1590000000
1551.1810000000
1551.2040000000
1551.2250000000
1551.2480000000
1551.2700000000
1551.2920000000
1551.3140000000
1551.3380000000
1551.3590000000
1551.3810000000
1551.4040000000
1551.4250000000
1551.4480000000
1551.4710000000
1551.4920000000
1551.5140000000
1551.5370000000
1551.5590000000
1551.5810000000
1551.6040000000
1551.6250000000
1551.6480000000
1551.6700000000
1551.6920000000
1551.7140000000
1551.7370000000
1551.7590000000
1551.7710000000
1551.7920000000
1551.8140000000
1551.8370000000
1551.8590000000
1551.8810000000
1551.9030000000
1551.9250000000
1551.9480000000
1551.9700000000
1551.9920000000
1552.0140000000
1552.0370000000
1552.0580000000
1552.0810000000
1552.1030000000
1552.1250000000
1552.1470000000
1552.1700000000
1552.1920000000
1552.2140000000
1552.2370000000
1552.2590000000
1552.2810000000
1552.3030000000
1552.3250000000
1552.3470000000
1552.3700000000
1552.3920000000
1552.4140000000
1552.4360000000
1552.4580000000
1552.4810000000
1552.5030000000
1552.5250000000
1552.5470000000
1552.5700000000
1552.5920000000
1552.6140000000
1552.6370000000
1552.6580000000
1552.6810000000
1552.7030000000
1552.7250000000
1552.7470000000
1552.7580000000
1552.7810000000
1552.8020000000
1552.8250000000
1552.8470000000
1552.8690000000
1552.8910000000
1552.9130000000
1552.9360000000
1552.9580000000
1552.9800000000
1553.0030000000
1553.0250000000
1553.0470000000
1553.0690000000
1553.0910000000
1553.1140000000
1553.1360000000
1553.1580000000
1553.1800000000
1553.2020000000
1553.2250000000
1553.2470000000
1553.2690000000
1553.2910000000
1553.3130000000
1553.3360000000
1553.3580000000
1553.3800000000
1553.4020000000
1553.4250000000
1553.4470000000
1553.4690000000
1553.4910000000
1553.5130000000
1553.5360000000
1553.5580000000
1553.5800000000
1553.6020000000
1553.6240000000
1553.6470000000
1553.6690000000
1553.6910000000
1553.7130000000
1553.7350000000
1553.7580000000
1553.7690000000
1553.7910000000
1553.8130000000
1553.8360000000
1553.8580000000
1553.8810000000
1553.9020000000
1553.9240000000
1553.9470000000
1553.9690000000
1553.9910000000
1554.0130000000
1554.0350000000
1554.0580000000
1554.0800000000
1554.1020000000
1554.1240000000
1554.1460000000
1554.1690000000
1554.1910000000
1554.2130000000
1554.2350000000
1554.2570000000
1554.2800000000
1554.3020000000
1554.3240000000
1554.3460000000
1554.3690000000
1554.3910000000
1554.4130000000
1554.4350000000
1554.4570000000
1554.4790000000
1554.5020000000
1554.5240000000
1554.5460000000
1554.5680000000
1554.5910000000
1554.6130000000
1554.6350000000
1554.6570000000
1554.6790000000
1554.7020000000
1554.7240000000
1554.7460000000
1554.7570000000
1554.7790000000
1554.8020000000
1554.8240000000
1554.8460000000
1554.8680000000
1554.8910000000
1554.9120000000
1554.9350000000
1554.9570000000
1554.9790000000
1555.0010000000
1555.0240000000
1555.0460000000
1555.0680000000
1555.0910000000
1555.1120000000
1555.1350000000
1555.1570000000
1555.1800000000
1555.2010000000
1555.2230000000
1555.2460000000
1555.2680000000
1555.2910000000
1555.3120000000
1555.3350000000
1555.3570000000
1555.3790000000
1555.4010000000
1555.4230000000
1555.4450000000
1555.4680000000
1555.4900000000
1555.5120000000
1555.5340000000
1555.5570000000
1555.5790000000
1555.6010000000
1555.6240000000
1555.6460000000
1555.6680000000
1555.6900000000
1555.7120000000
1555.7340000000
1555.7450000000
1555.7680000000
1555.7910000000
1555.8120000000
1555.8340000000
1555.8570000000
1555.8790000000
1555.9010000000
1555.9230000000
1555.9450000000
1555.9680000000
1555.9900000000
1556.0120000000
1556.0340000000
1556.0560000000
1556.0790000000
1556.1010000000
1556.1230000000
1556.1450000000
1556.1680000000
1556.1900000000
1556.2120000000
1556.2340000000
1556.2570000000
1556.2790000000
1556.3010000000
1556.3230000000
1556.3450000000
1556.3680000000
1556.3900000000
1556.4120000000
1556.4340000000
1556.4560000000
1556.4790000000
1556.5010000000
1556.5230000000
1556.5450000000
1556.5680000000
1556.5890000000
1556.6120000000
1556.6340000000
1556.6560000000
1556.6780000000
1556.7010000000
1556.7230000000
1556.7450000000
1556.7560000000
1556.7790000000
1556.8010000000
1556.8230000000
1556.8450000000
1556.8670000000
1556.8890000000
1556.9120000000
1556.9340000000
1556.9560000000
1556.9780000000
1557.0000000000
1557.0230000000
1557.0450000000
1557.0680000000
1557.0890000000
1557.1110000000
1557.1340000000
1557.1560000000
1557.1780000000
1557.2010000000
1557.2230000000
1557.2450000000
1557.2670000000
1557.2890000000
1557.3120000000
1557.3340000000
1557.3560000000
1557.3780000000
1557.4000000000
1557.4230000000
1557.4450000000
1557.4670000000
1557.4890000000
1557.5110000000
1557.5340000000
1557.5560000000
1557.5780000000
1557.6000000000
1557.6230000000
1557.6450000000
1557.6670000000
1557.6890000000
1557.7110000000
1557.7330000000
1557.7450000000
1557.7670000000
1557.7890000000
1557.8110000000
1557.8330000000
1557.8560000000
1557.8780000000
1557.9000000000
1557.9220000000
1557.9450000000
1557.9670000000
1557.9890000000
1558.0110000000
1558.0330000000
1558.0550000000
1558.0780000000
1558.1000000000
1558.1220000000
1558.1440000000
1558.1670000000
1558.1890000000
1558.2110000000
1558.2330000000
1558.2550000000
1558.2780000000
1558.3000000000
1558.3220000000
1558.3440000000
1558.3660000000
1558.3890000000
1558.4110000000
1558.4330000000
1558.4550000000
1558.4770000000
1558.5000000000
1558.5220000000
1558.5440000000
1558.5660000000
1558.5880000000
1558.6110000000
1558.6340000000
1558.6550000000
1558.6770000000
1558.7000000000
1558.7220000000
1558.7340000000
1558.7550000000
1558.7780000000
1558.8000000000
1558.8220000000
1558.8440000000
1558.8660000000
1558.8890000000
1558.9110000000
1558.9330000000
1558.9550000000
1558.9770000000
1559.0000000000
1559.0210000000
1559.0440000000
1559.0660000000
1559.0880000000
1559.1110000000
1559.1330000000
1559.1550000000
1559.1770000000
1559.2000000000
1559.2210000000
1559.2440000000
1559.2660000000
1559.2880000000
1559.3110000000
1559.3330000000
1559.3540000000
1559.3770000000
1559.4000000000
1559.4210000000
1559.4440000000
1559.4660000000
1559.4880000000
1559.5110000000
1559.5330000000
1559.5540000000
1559.5770000000
1559.5990000000
1559.6210000000
1559.6440000000
1559.6660000000
1559.6880000000
1559.7100000000
1559.7330000000
1559.7440000000
1559.7660000000
1559.7880000000
1559.8100000000
1559.8320000000
1559.8540000000
1559.8770000000
1559.8990000000
1559.9210000000
1559.9440000000
1559.9660000000
1559.9880000000
1560.0110000000
1560.0330000000
1560.0540000000
1560.0770000000
1560.0990000000
1560.1210000000
1560.1440000000
1560.1660000000
1560.1870000000
1560.2100000000
1560.2320000000
1560.2540000000
1560.2770000000
1560.2990000000
1560.3210000000
1560.3440000000
1560.3650000000
1560.3870000000
1560.4100000000
1560.4320000000
1560.4540000000
1560.4770000000
1560.4980000000
1560.5210000000
1560.5430000000
1560.5650000000
1560.5870000000
1560.6100000000
1560.6330000000
1560.6540000000
1560.6770000000
1560.6990000000
1560.7210000000
1560.7320000000
1560.7540000000
1560.7770000000
1560.7980000000
1560.8200000000
1560.8440000000
1560.8660000000
1560.8870000000
1560.9100000000
1560.9320000000
1560.9540000000
1560.9770000000
1560.9990000000
1561.0210000000
1561.0430000000
1561.0660000000
1561.0870000000
1561.1100000000
1561.1320000000
1561.1540000000
1561.1770000000
1561.1980000000
1561.2210000000
1561.2440000000
1561.2650000000
1561.2870000000
1561.3100000000
1561.3320000000
1561.3540000000
1561.3770000000
1561.3980000000
1561.4200000000
1561.4430000000
1561.4650000000
1561.4870000000
1561.5100000000
1561.5310000000
1561.5540000000
1561.5770000000
1561.5990000000
1561.6200000000
1561.6430000000
1561.6650000000
1561.6870000000
1561.7100000000
1561.7310000000
1561.7430000000
1561.7650000000
1561.7870000000
1561.8100000000
1561.8310000000
1561.8530000000
1561.8760000000
1561.8980000000
1561.9200000000
1561.9430000000
1561.9650000000
1561.9870000000
1562.0100000000
1562.0310000000
1562.0540000000
1562.0760000000
1562.0980000000
1562.1200000000
1562.1430000000
1562.1650000000
1562.1870000000
1562.2100000000
1562.2310000000
1562.2540000000
1562.2760000000
1562.2980000000
1562.3200000000
1562.3430000000
1562.3650000000
1562.3860000000
1562.4100000000
1562.4310000000
1562.4530000000
1562.4760000000
1562.5000000000
1562.5200000000
1562.5430000000
1562.5640000000
1562.5870000000
1562.6100000000
1562.6310000000
1562.6530000000
1562.6760000000
1562.6980000000
1562.7200000000
1562.7310000000
1562.7530000000
1562.7760000000
1562.7970000000
1562.8200000000
1562.8430000000
1562.8640000000
1562.8860000000
1562.9100000000
1562.9310000000
1562.9530000000
1562.9760000000
1562.9970000000
1563.0200000000
1563.0430000000
1563.0640000000
1563.0860000000
1563.1090000000
1563.1310000000
1563.1530000000
1563.1760000000
1563.1970000000
1563.2200000000
1563.2420000000
1563.2640000000
1563.2860000000
1563.3090000000
1563.3310000000
1563.3530000000
1563.3750000000
1563.3970000000
1563.4200000000
1563.4420000000
1563.4640000000
1563.4860000000
1563.5090000000
1563.5300000000
1563.5530000000
1563.5750000000
1563.5970000000
1563.6190000000
1563.6410000000
1563.6640000000
1563.6860000000
1563.7090000000
1563.7300000000
1563.7410000000
1563.7640000000
1563.7860000000
1563.8090000000
1563.8300000000
1563.8530000000
1563.8750000000
1563.8970000000
1563.9190000000
1563.9420000000
1563.9640000000
1563.9860000000
1564.0090000000
1564.0300000000
1564.0520000000
1564.0750000000
1564.0970000000
1564.1190000000
1564.1420000000
1564.1640000000
1564.1860000000
1564.2080000000
1564.2300000000
1564.2520000000
1564.2750000000
1564.2970000000
1564.3190000000
1564.3410000000
1564.3630000000
1564.3860000000
1564.4080000000
1564.4300000000
1564.4520000000
1564.4740000000
1564.4970000000
1564.5190000000
1564.5410000000
1564.5630000000
1564.5850000000
1564.6080000000
1564.6300000000
1564.6520000000
1564.6740000000
1564.6970000000
1564.7190000000
1564.7300000000
1564.7520000000
1564.7740000000
1564.7960000000
1564.8190000000
1564.8410000000
1564.8630000000
1564.8850000000
1564.9080000000
1564.9300000000
1564.9520000000
1564.9740000000
1564.9960000000
1565.0190000000
1565.0410000000
1565.0630000000
1565.0850000000
1565.1070000000
1565.1300000000
1565.1520000000
1565.1740000000
1565.1960000000
1565.2190000000
1565.2410000000
1565.2630000000
1565.2850000000
1565.3070000000
1565.3300000000
1565.3520000000
1565.3740000000
1565.3960000000
1565.4180000000
1565.4410000000
1565.4630000000
1565.4850000000
1565.5070000000
1565.5290000000
1565.5520000000
1565.5740000000
1565.5960000000
1565.6190000000
1565.6410000000
1565.6630000000
1565.6850000000
1565.7080000000
1565.7290000000
1565.7400000000
1565.7630000000
1565.7850000000
1565.8070000000
1565.8290000000
1565.8520000000
1565.8740000000
1565.8960000000
1565.9180000000
1565.9400000000
1565.9630000000
1565.9850000000
1566.0070000000
1566.0290000000
1566.0520000000
1566.0740000000
1566.0960000000
1566.1190000000
1566.1400000000
1566.1620000000
1566.1850000000
1566.2070000000
1566.2290000000
1566.2510000000
1566.2740000000
1566.2960000000
1566.3180000000
1566.3400000000
1566.3620000000
1566.3850000000
1566.4070000000
1566.4290000000
1566.4510000000
1566.4730000000
1566.4960000000
1566.5190000000
1566.5400000000
1566.5620000000
1566.5850000000
1566.6070000000
1566.6290000000
1566.6510000000
1566.6730000000
1566.6950000000
1566.7180000000
1566.7400000000
1566.7510000000
1566.7730000000
1566.7950000000
1566.8180000000
1566.8400000000
1566.8620000000
1566.8840000000
1566.9060000000
1566.9290000000
1566.9510000000
1566.9730000000
1566.9950000000
1567.0180000000
1567.0400000000
1567.0620000000
1567.0840000000
1567.1060000000
1567.1290000000
1567.1510000000
1567.1730000000
1567.1950000000
1567.2180000000
1567.2400000000
1567.2620000000
1567.2840000000
1567.3060000000
1567.3290000000
1567.3510000000
1567.3730000000
1567.3950000000
1567.4180000000
1567.4400000000
1567.4620000000
1567.4840000000
1567.5060000000
1567.5290000000
1567.5510000000
1567.5730000000
1567.5950000000
1567.6170000000
1567.6400000000
1567.6610000000
1567.6840000000
1567.7060000000
1567.7280000000
1567.7390000000
1567.7620000000
1567.7840000000
1567.8060000000
1567.8280000000
1567.8500000000
1567.8730000000
1567.8950000000
1567.9170000000
1567.9390000000
1567.9620000000
1567.9840000000
1568.0060000000
1568.0290000000
1568.0500000000
1568.0730000000
1568.0950000000
1568.1170000000
1568.1390000000
1568.1620000000
1568.1840000000
1568.2060000000
1568.2280000000
1568.2510000000
1568.2720000000
1568.2950000000
1568.3170000000
1568.3390000000
1568.3610000000
1568.3840000000
1568.4060000000
1568.4280000000
1568.4500000000
1568.4720000000
1568.4950000000
1568.5170000000
1568.5390000000
1568.5610000000
1568.5830000000
1568.6060000000
1568.6290000000
1568.6500000000
1568.6720000000
1568.6950000000
1568.7170000000
1568.7290000000
1568.7500000000
1568.7720000000
1568.7940000000
1568.8170000000
1568.8390000000
1568.8610000000
1568.8830000000
1568.9050000000
1568.9290000000
1568.9500000000
1568.9720000000
1568.9950000000
1569.0170000000
1569.0390000000
1569.0610000000
1569.0830000000
1569.1060000000
1569.1280000000
1569.1500000000
1569.1720000000
1569.1940000000
1569.2170000000
1569.2390000000
1569.2610000000
1569.2830000000
1569.3060000000
1569.3280000000
1569.3500000000
1569.3720000000
1569.3940000000
1569.4160000000
1569.4390000000
1569.4610000000
1569.4830000000
1569.5050000000
1569.5280000000
1569.5500000000
1569.5720000000
1569.5940000000
1569.6160000000
1569.6390000000
1569.6610000000
1569.6830000000
1569.7050000000
1569.7280000000
1569.7390000000
1569.7610000000
1569.7830000000
1569.8050000000
1569.8280000000
1569.8490000000
1569.8720000000
1569.8940000000
1569.9160000000
1569.9380000000
1569.9610000000
1569.9830000000
1570.0050000000
1570.0270000000
1570.0490000000
1570.0720000000
1570.0940000000
1570.1160000000
1570.1380000000
1570.1610000000
1570.1830000000
1570.2050000000
1570.2270000000
1570.2490000000
1570.2710000000
1570.2930000000
1570.3160000000
1570.3380000000
1570.3600000000
1570.3830000000
1570.4040000000
1570.4270000000
1570.4490000000
1570.4710000000
1570.4930000000
1570.5160000000
1570.5380000000
1570.5600000000
1570.5710000000
1570.5830000000
1570.6040000000
1570.6160000000
1570.6370000000
1570.6500000000
1570.6710000000
1570.6830000000
1570.7040000000
1570.7160000000
1570.7380000000
1570.7500000000
1570.7710000000
1570.7830000000
1570.8040000000
1570.8160000000
1570.8380000000
1570.8600000000
1570.8710000000
1570.8830000000
1570.9040000000
1570.9160000000
1570.9380000000
1570.9600000000
1570.9830000000
1571.0040000000
1571.0260000000
1571.0380000000
1571.0600000000
1571.0710000000
1571.0830000000
1571.1040000000
1571.1160000000
1571.1380000000
1571.1600000000
1571.1830000000
1571.2040000000
1571.2260000000
1571.2380000000
1571.2600000000
1571.2830000000
1571.3040000000
1571.3260000000
1571.3490000000
1571.3710000000
1571.3930000000
1571.4160000000
1571.4370000000
1571.4590000000
1571.4700000000
1571.4830000000
1571.5040000000
1571.5160000000
1571.5370000000
1571.5500000000
1571.5700000000
1571.5830000000
1571.6040000000
1571.6160000000
1571.6370000000
1571.6490000000
1571.6700000000
1571.6830000000
1571.7040000000
1571.7160000000
1571.7370000000
1571.7590000000
1571.7700000000
1571.7830000000
1571.8040000000
1571.8260000000
1571.8490000000
1571.8710000000
1571.8930000000
1571.9160000000
1571.9370000000
1571.9590000000
1571.9830000000
1572.0040000000
1572.0260000000
1572.0490000000
1572.0700000000
1572.0930000000
1572.1160000000
1572.1380000000
1572.1600000000
1572.1820000000
1572.2040000000
1572.2260000000
1572.2490000000
1572.2710000000
1572.2930000000
1572.3160000000
1572.3370000000
1572.3590000000
1572.3820000000
1572.4040000000
1572.4260000000
1572.4490000000
1572.4700000000
1572.4930000000
1572.5160000000
1572.5370000000
1572.5590000000
1572.5820000000
1572.6040000000
1572.6260000000
1572.6500000000
1572.6700000000
1572.6930000000
1572.7160000000
1572.7370000000
1572.7590000000
1572.7820000000
1572.8040000000
1572.8160000000
1572.8370000000
1572.8590000000
1572.8820000000
1572.9030000000
1572.9260000000
1572.9490000000
1572.9700000000
1572.9930000000
1573.0160000000
1573.0370000000
1573.0590000000
1573.0830000000
1573.1040000000
1573.1260000000
1573.1490000000
1573.1700000000
1573.1930000000
1573.2160000000
1573.2370000000
1573.2590000000
1573.2820000000
1573.3030000000
1573.3270000000
1573.3490000000
1573.3700000000
1573.3920000000
1573.4150000000
1573.4370000000
1573.4590000000
1573.4820000000
1573.5030000000
1573.5250000000
1573.5490000000
1573.5700000000
1573.5920000000
1573.6150000000
1573.6370000000
1573.6590000000
1573.6820000000
1573.7030000000
1573.7250000000
1573.7490000000
1573.7700000000
1573.7820000000
1573.8030000000
1573.8250000000
1573.8480000000
1573.8700000000
1573.8920000000
1573.9150000000
1573.9360000000
