(0.0406359700, 0.5853050000, 0.8097861000)
(0.0405681000, 0.5868013000, 0.8087005000)
(0.0379786400, 0.5870731000, 0.8086329000)
(0.0375406700, 0.5870032000, 0.8087077000)
(0.0376610900, 0.5888419000, 0.8073619000)
(0.0384214800, 0.5887592000, 0.8073801000)
(0.0283729500, 0.5914960000, 0.8057932000)
(0.0274719200, 0.5926827000, 0.8049560000)
(0.0264852500, 0.5933404000, 0.8045037000)
(0.0296662800, 0.5924737000, 0.8050322000)
(0.0332322000, 0.5910861000, 0.8059052000)
(0.0314743600, 0.5920659000, 0.8052610000)
(0.0381900700, 0.5971415000, 0.8012136000)
(0.0417900800, 0.5845144000, 0.8102952000)
(0.0384156600, 0.5918679000, 0.8051161000)
(0.0450188000, 0.5774243000, 0.8151974000)
(0.0408411200, 0.5741295000, 0.8177294000)
(0.0403020300, 0.5851542000, 0.8099030000)
(0.0357154000, 0.5938659000, 0.8037590000)
(0.0336123900, 0.5888448000, 0.8075339000)
(0.0348490600, 0.5934993000, 0.8040658000)
(0.0409421600, 0.5946248000, 0.8029497000)
(0.0370965700, 0.6018209000, 0.7977527000)
(0.0293072400, 0.6113848000, 0.7907776000)
(0.0193582500, 0.6175590000, 0.7862828000)
(0.0174645500, 0.6195899000, 0.7847177000)
(0.0202932800, 0.6215986000, 0.7830657000)
(0.0172416300, 0.6239635000, 0.7812583000)
(0.0160917200, 0.6251459000, 0.7803273000)
(0.0172676300, 0.6243928000, 0.7809137000)
(0.0171423100, 0.6250098000, 0.7804271000)
(0.0183866500, 0.6267344000, 0.7789986000)
(0.0153519600, 0.6270277000, 0.7788333000)
(0.0172295200, 0.6275035000, 0.7784153000)
(0.0265150100, 0.6205502000, 0.7837147000)
(0.0263971200, 0.6190650000, 0.7848796000)
(0.0262030600, 0.6198243000, 0.7842985000)
(0.0235672300, 0.6224990000, 0.7822639000)
(0.0236166700, 0.6214030000, 0.7831241000)
(0.0269534100, 0.6181780000, 0.7855701000)
(0.0280998200, 0.6166027000, 0.7867615000)
(0.0307441100, 0.6161928000, 0.7869811000)
(0.0300914100, 0.6161407000, 0.7870443000)
(0.0299125900, 0.6182932000, 0.7853655000)
(0.0299364800, 0.6167910000, 0.7865477000)
(0.0299991000, 0.6170843000, 0.7863209000)
(0.0295598800, 0.6169792000, 0.7864183000)
(0.0282193800, 0.6175123000, 0.7860473000)
(0.0371249600, 0.6164674000, 0.7864960000)
(0.0360692500, 0.6144788000, 0.7881041000)
(0.0313880700, 0.6154365000, 0.7875429000)
(0.0282530700, 0.6166271000, 0.7867342000)
(0.0282925300, 0.6174370000, 0.7860921000)
(0.0277039400, 0.6181545000, 0.7855517000)
(0.0281451600, 0.6182593000, 0.7854654000)
(0.0303733800, 0.6184644000, 0.7852218000)
(0.0338198100, 0.6184880000, 0.7850480000)
(0.0375383500, 0.6150056000, 0.7876242000)
(0.0243078500, 0.6208315000, 0.7835597000)
(0.0105330400, 0.6301554000, 0.7763854000)
(0.0099951120, 0.6312131000, 0.7755373000)
(0.0173969100, 0.6283200000, 0.7777593000)
(0.0279887800, 0.6230436000, 0.7816746000)
(0.0170083000, 0.6268095000, 0.7789791000)
(0.0067691450, 0.6309817000, 0.7757586000)
(0.0081598270, 0.6308959000, 0.7758077000)
(0.0165470500, 0.6281088000, 0.7779366000)
(0.0340944600, 0.6204246000, 0.7835066000)
(0.0343042200, 0.6200404000, 0.7838054000)
(0.0340582700, 0.6196682000, 0.7841203000)
(0.0344591000, 0.6193714000, 0.7843255000)
(0.0340835900, 0.6189282000, 0.7846895000)
(0.0323790000, 0.6190403000, 0.7846808000)
(0.0284000200, 0.6208792000, 0.7833840000)
(0.0273665100, 0.6220033000, 0.7825296000)
(0.0303028300, 0.6190069000, 0.7847811000)
(0.0324168500, 0.6181175000, 0.7854003000)
(0.0331327400, 0.6187907000, 0.7848513000)
(0.0309687600, 0.6189963000, 0.7847635000)
(0.0310428200, 0.6191602000, 0.7846310000)
(0.0311769300, 0.6179786000, 0.7855673000)
(0.0312532900, 0.6189540000, 0.7847989000)
(0.0217500100, 0.6314674000, 0.7750855000)
(0.0291866100, 0.6349288000, 0.7720087000)
(0.0188772400, 0.6500139000, 0.7596865000)
(-0.0073231270, 0.6601554000, 0.7510739000)
(-0.0073340060, 0.6599377000, 0.7512696000)
(-0.0073352930, 0.6603925000, 0.7508649000)
(-0.0079262940, 0.6608000000, 0.7505149000)
(0.0075836730, 0.6527098000, 0.7575540000)
(0.0129538000, 0.6492762000, 0.7604249000)
(0.0081918480, 0.6513979000, 0.7586852000)
(0.0041788990, 0.6531227000, 0.7572311000)
(0.0038938500, 0.6535776000, 0.7568465000)
(-0.0040196360, 0.6588765000, 0.7522280000)
(-0.0118902700, 0.6605327000, 0.7506986000)
(-0.0113338700, 0.6608250000, 0.7504425000)
(-0.0020895910, 0.6582137000, 0.7528150000)
(0.0191938500, 0.6523275000, 0.7576916000)
(0.0201827800, 0.6517436000, 0.7581618000)
(0.0195775000, 0.6521487000, 0.7578237000)
(0.0189754400, 0.6535535000, 0.7566359000)
(0.0170618900, 0.6541317000, 0.7561700000)
(0.0173397300, 0.6545221000, 0.7558404000)
(0.0174186300, 0.6552430000, 0.7552162000)
(0.0180449900, 0.6551300000, 0.7552994000)
(0.0192570800, 0.6548605000, 0.7554933000)
(0.0204262800, 0.6527463000, 0.7572964000)
(0.0207136500, 0.6540039000, 0.7562006000)
(0.0206116400, 0.6533709000, 0.7567560000)
(0.0208328700, 0.6532081000, 0.7568842000)
(0.0195611800, 0.6545162000, 0.7557901000)
(0.0190315500, 0.6555889000, 0.7548714000)
(0.0376093100, 0.6510109000, 0.7581184000)
(0.0368836900, 0.6503291000, 0.7587391000)
(0.0371037000, 0.6502615000, 0.7587866000)
(0.0366668100, 0.6499895000, 0.7590407000)
(0.0361244000, 0.6483123000, 0.7605138000)
(0.0413643200, 0.6520376000, 0.7570385000)
(0.0156097600, 0.6596108000, 0.7514412000)
(0.0326551300, 0.6550550000, 0.7548729000)
(-0.0014698290, 0.6651256000, 0.7467290000)
(-0.0157699800, 0.6668060000, 0.7450557000)
(-0.0182036700, 0.6673472000, 0.7445095000)
(-0.0165791300, 0.6670016000, 0.7448553000)
(-0.0094088500, 0.6660237000, 0.7458553000)
(-0.0116893300, 0.6667936000, 0.7451465000)
(-0.0142458400, 0.6678748000, 0.7441170000)
(-0.0089103290, 0.6638989000, 0.7477571000)
(0.0271347900, 0.6559651000, 0.7543001000)
(0.0216999300, 0.6586424000, 0.7521352000)
(0.0067898860, 0.6618995000, 0.7495455000)
(0.0108160900, 0.6611649000, 0.7501568000)
(0.0151547600, 0.6604625000, 0.7506987000)
(0.0193807200, 0.6580263000, 0.7527270000)
(0.0340296600, 0.6514148000, 0.7579435000)
(0.0338291000, 0.6511980000, 0.7581345000)
(0.0339965400, 0.6509463000, 0.7583559000)
(0.0153293500, 0.6588317000, 0.7521296000)
(0.0131135500, 0.6606608000, 0.7505575000)
(0.0164908300, 0.6588392000, 0.7520908000)
(0.0223716200, 0.6571943000, 0.7533743000)
(0.0227660500, 0.6580009000, 0.7526532000)
(0.0203682100, 0.6591038000, 0.7517679000)
(0.0187939700, 0.6597466000, 0.7512380000)
(0.0186474000, 0.6607221000, 0.7503830000)
(0.0181344200, 0.6606151000, 0.7504991000)
(0.0168534900, 0.6610711000, 0.7501275000)
(0.0162941600, 0.6608396000, 0.7503433000)
(0.0175609800, 0.6604535000, 0.7506452000)
(0.0195985700, 0.6601226000, 0.7508926000)
(0.0206989900, 0.6592910000, 0.7515861000)
(0.0202027400, 0.6590158000, 0.7518474000)
(0.0193820300, 0.6614841000, 0.7497030000)
(0.0187081800, 0.6622255000, 0.7490689000)
(0.0212507600, 0.6635752000, 0.7478060000)
(0.0219437100, 0.6631957000, 0.7481062000)
(0.0175279100, 0.6672220000, 0.7446371000)
(-0.0084956040, 0.6721027000, 0.7403931000)
(-0.0088620740, 0.6741250000, 0.7385641000)
(0.0043277030, 0.6724702000, 0.7401012000)
(0.0195585600, 0.6690025000, 0.7429864000)
(0.0177377700, 0.6701807000, 0.7419749000)
(0.0182190700, 0.6701016000, 0.7420315000)
(0.0207899300, 0.6699097000, 0.7421399000)
(0.0204011900, 0.6691899000, 0.7428092000)
(0.0212378700, 0.6683080000, 0.7435802000)
(0.0235015100, 0.6670523000, 0.7446212000)
(0.0238011500, 0.6670596000, 0.7446176000)
(0.0220747800, 0.6671067000, 0.7446236000)
(0.0213729300, 0.6675318000, 0.7442729000)
(0.0212346700, 0.6673915000, 0.7444015000)
(0.0187455800, 0.6584857000, 0.7523402000)
(-0.0067598630, 0.6743247000, 0.7383840000)
(-0.0105216800, 0.6762961000, 0.7365482000)
(0.0010315730, 0.6737358000, 0.7389576000)
(0.0055820350, 0.6739787000, 0.7387236000)
(-0.0090986220, 0.6781408000, 0.7348735000)
(-0.0094883740, 0.6793572000, 0.7337441000)
(0.0065196100, 0.6727920000, 0.7397958000)
(0.0172108000, 0.6692035000, 0.7428705000)
(0.0196687100, 0.6687530000, 0.7432118000)
(0.0200007100, 0.6687675000, 0.7431834000)
(0.0201964900, 0.6690934000, 0.7428952000)
(0.0184177100, 0.6693935000, 0.7426735000)
(0.0196719900, 0.6685311000, 0.7434105000)
(0.0213266700, 0.6685159000, 0.7433754000)
(0.0218512400, 0.6684195000, 0.7434564000)
(0.0235279200, 0.6697919000, 0.7421641000)
(0.0237132000, 0.6707750000, 0.7412784000)
(0.0211083700, 0.6724173000, 0.7398540000)
(0.0186069600, 0.6730069000, 0.7393839000)
(0.0186880500, 0.6729360000, 0.7394632000)
(0.0141459500, 0.6716247000, 0.7407376000)
(0.0544680700, 0.6373970000, 0.7686012000)
(0.0000000000, 0.0000000000, 0.0000000000)
(0.0000000000, 0.0000000000, 0.0000000000)
(0.0000000000, 0.0000000000, 0.0000000000)
(0.0000000000, 0.0000000000, 0.0000000000)
(0.0000000000, 0.0000000000, 0.0000000000)
(0.0000000000, 0.0000000000, 0.0000000000)
(0.0254260700, 0.6459347000, 0.7629622000)
(0.0351924900, 0.6545410000, 0.7551963000)
(0.0335395900, 0.6585453000, 0.7517769000)
(0.0235762100, 0.6544765000, 0.7557084000)
(-0.0184622900, 0.6808442000, 0.7321894000)
(-0.0257842700, 0.6739038000, 0.7383640000)
(-0.0279030900, 0.6781045000, 0.7344257000)
(-0.0049813950, 0.6733904000, 0.7392534000)
(0.0091559170, 0.6720883000, 0.7404011000)
(0.0054147660, 0.6697237000, 0.7425835000)
(-0.0005370849, 0.6732549000, 0.7393954000)
(-0.0024838850, 0.6732844000, 0.7393723000)
(0.0118335300, 0.6718345000, 0.7405924000)
(-0.0067522490, 0.6742840000, 0.7384399000)
(-0.0162420300, 0.6755190000, 0.7371512000)
(-0.0093177260, 0.6748750000, 0.7378678000)
(0.0145249500, 0.6705644000, 0.7416893000)
(0.0173310300, 0.6700298000, 0.7421246000)
(0.0149549300, 0.6699057000, 0.7422809000)
(0.0142424000, 0.6679295000, 0.7440826000)
(0.0153639900, 0.6682870000, 0.7437331000)
(0.0046306570, 0.6728728000, 0.7397255000)
(0.0015270760, 0.6746470000, 0.7381316000)
(0.0037974210, 0.6742645000, 0.7384708000)
(0.0028706850, 0.6744925000, 0.7382609000)
(0.0084938090, 0.6738881000, 0.7387691000)
(0.0129087800, 0.6725155000, 0.7399557000)
(0.0147199600, 0.6731717000, 0.7393252000)
(0.0119696900, 0.6691050000, 0.7430537000)
(0.0183937600, 0.6746144000, 0.7379229000)
(0.0273431800, 0.6734999000, 0.7386774000)
(0.0251474400, 0.6718257000, 0.7402716000)
(0.0097472580, 0.6753035000, 0.7374560000)
(0.0034609080, 0.6778167000, 0.7352142000)
(-0.0066194310, 0.6791753000, 0.7339288000)
(-0.0092027730, 0.6798391000, 0.7332893000)
(0.0109638900, 0.6743592000, 0.7383087000)
(0.0231948900, 0.6704348000, 0.7416028000)
(0.0148586500, 0.6732427000, 0.7392645000)
(0.0035380850, 0.6741852000, 0.7385454000)
(0.0136014100, 0.6713052000, 0.7410441000)
(0.0214115400, 0.6686146000, 0.7432880000)
(0.0168960900, 0.6682765000, 0.7437197000)
(0.0131214500, 0.6709864000, 0.7413406000)
(0.0139372200, 0.6700458000, 0.7421739000)
(0.0166637700, 0.6693329000, 0.7427751000)
(0.0180936100, 0.6695632000, 0.7425263000)
(0.0175384700, 0.6712236000, 0.7410311000)
(0.0185817900, 0.6717840000, 0.7405070000)
(0.0194289000, 0.6742710000, 0.7382248000)
(0.0179092000, 0.6738308000, 0.7386673000)
(0.0184192700, 0.6731144000, 0.7392912000)
(0.0186446100, 0.6743794000, 0.7381379000)
(0.0198527000, 0.6743944000, 0.7380941000)
(0.0195958600, 0.6741941000, 0.7382784000)
(0.0199433200, 0.6751569000, 0.7373973000)
(0.0197701500, 0.6745799000, 0.7379363000)
(0.0195780500, 0.6746665000, 0.7378471000)
(0.0184604700, 0.6752663000, 0.7373274000)
(0.0175343700, 0.6742668000, 0.7382704000)
(0.0154113300, 0.6747320000, 0.7378973000)
(0.0138219700, 0.6747813000, 0.7378820000)
(0.0127226300, 0.6748763000, 0.7378096000)
(-0.0078822780, 0.6780376000, 0.7349770000)
(-0.0142840700, 0.6807726000, 0.7323518000)
(-0.0132864800, 0.6803283000, 0.7327724000)
(0.0087552350, 0.6695840000, 0.7426804000)
(0.0003986165, 0.6771370000, 0.7358376000)
(-0.0065451880, 0.6787117000, 0.7343681000)
(0.0027895300, 0.6761689000, 0.7367225000)
(0.0124391000, 0.6731566000, 0.7393797000)
(0.0157062100, 0.6746780000, 0.7379327000)
(0.0222583300, 0.6733121000, 0.7390132000)
(0.0234981700, 0.6738109000, 0.7385133000)
(0.0231388400, 0.6753463000, 0.7371334000)
(0.0213764300, 0.6761507000, 0.7364433000)
(0.0227077000, 0.6765374000, 0.7360461000)
(0.0212779400, 0.6764373000, 0.7361891000)
(0.0136495600, 0.6655490000, 0.7462094000)
(0.0153399600, 0.6666925000, 0.7451584000)
(0.0160412800, 0.6703117000, 0.7418950000)
(0.0145992100, 0.6712064000, 0.7411234000)
(0.0150658600, 0.6714249000, 0.7409143000)
(0.0144534700, 0.6721435000, 0.7402656000)
(0.0147436000, 0.6728081000, 0.7396529000)
(0.0140539600, 0.6740376000, 0.7385520000)
(0.0084877540, 0.6751664000, 0.7376095000)
(0.0015989190, 0.6763984000, 0.7365254000)
(-0.0007854909, 0.6765034000, 0.7364315000)
(0.0029868300, 0.6751439000, 0.7376595000)
(0.0121086300, 0.6718745000, 0.7405609000)
(0.0142676500, 0.6707072000, 0.7415832000)
(0.0133312400, 0.6717463000, 0.7406419000)
(0.0144595500, 0.6714419000, 0.7409083000)
(0.0147801700, 0.6713111000, 0.7410214000)
(0.0123552300, 0.6714019000, 0.7409837000)
(0.0119068700, 0.6717086000, 0.7407057000)
(0.0137543500, 0.6702898000, 0.7419661000)
(0.0133226200, 0.6690564000, 0.7430841000)
(0.0133744600, 0.6695705000, 0.7426075000)
(0.0136007300, 0.6697471000, 0.7424518000)
(0.0160622400, 0.6693906000, 0.7427349000)
(0.0183750100, 0.6694147000, 0.7426502000)
(0.0090392400, 0.6722091000, 0.7402939000)
(-0.0046844960, 0.6772580000, 0.7357163000)
(0.0016988750, 0.6770561000, 0.7359164000)
(0.0079662930, 0.6758444000, 0.7369950000)
(0.0185023300, 0.6732928000, 0.7391286000)
(0.0187995800, 0.6750589000, 0.7375103000)
(0.0179226800, 0.6754428000, 0.7371798000)
(0.0181778900, 0.6761914000, 0.7364993000)
(0.0189926800, 0.6759087000, 0.7367314000)
(0.0189886500, 0.6765494000, 0.7361412000)
(0.0188646800, 0.6772873000, 0.7354622000)
(0.0175063700, 0.6784809000, 0.7344007000)
(0.0179399800, 0.6784310000, 0.7344280000)
(0.0180007900, 0.6779922000, 0.7348465000)
(0.0163366700, 0.6797061000, 0.7333004000)
(0.0105415400, 0.6799869000, 0.7331390000)
(-0.0090052920, 0.6737110000, 0.7389312000)
(0.0384374500, 0.6493627000, 0.7594922000)
(0.0000000000, 0.0000000000, 0.0000000000)
(0.0000000000, 0.0000000000, 0.0000000000)
(0.0000000000, 0.0000000000, 0.0000000000)
(0.0282845500, 0.6603399000, 0.7504327000)
(0.0194896200, 0.6585765000, 0.7522546000)
(0.0150959200, 0.6576273000, 0.7531908000)
(0.0246040800, 0.6611667000, 0.7498293000)
(-0.0331557600, 0.6682746000, 0.7431583000)
(-0.0089448490, 0.6824768000, 0.7308404000)
(-0.0020306980, 0.6793807000, 0.7337731000)
(-0.0127579500, 0.6821763000, 0.7310700000)
(-0.0223044000, 0.6864525000, 0.7268222000)
(-0.0210903400, 0.6885991000, 0.7248152000)
(-0.0215410600, 0.6884586000, 0.7249513000)
(-0.0209577300, 0.6894041000, 0.7240713000)
(-0.0211029200, 0.6888155000, 0.7246189000)
(-0.0182439900, 0.6823235000, 0.7308088000)
(0.0059192510, 0.6781846000, 0.7348483000)
(0.0059466520, 0.6756921000, 0.7371553000)
(0.0054034650, 0.6751174000, 0.7376850000)
(0.0053930410, 0.6746657000, 0.7380896000)
(0.0072030000, 0.6743221000, 0.7383924000)
(0.0079673310, 0.6741806000, 0.7385063000)
(0.0078312470, 0.6740320000, 0.7386557000)
(0.0089492140, 0.6745725000, 0.7381409000)
(0.0123716200, 0.6734152000, 0.7391482000)
(0.0104547600, 0.6737582000, 0.7388642000)
(0.0072200820, 0.6751034000, 0.7376753000)
(0.0075295440, 0.6741717000, 0.7385283000)
(0.0076459370, 0.6743661000, 0.7383531000)
(0.0076124210, 0.6733510000, 0.7392815000)
(0.0075141670, 0.6735283000, 0.7391043000)
(0.0078860690, 0.6741951000, 0.7385107000)
(0.0071954720, 0.6747189000, 0.7380369000)
(0.0061588620, 0.6739304000, 0.7387491000)
(0.0047639520, 0.6742070000, 0.7385132000)
(0.0047423600, 0.6740417000, 0.7386601000)
(0.0071034160, 0.6737350000, 0.7389333000)
(0.0093963170, 0.6729531000, 0.7396114000)
(0.0079666250, 0.6731260000, 0.7394664000)
(0.0050674400, 0.6738181000, 0.7388633000)
(0.0049095000, 0.6737894000, 0.7389046000)
(0.0066118930, 0.6736292000, 0.7390203000)
(0.0069824910, 0.6742077000, 0.7385057000)
(0.0046781180, 0.6748993000, 0.7378891000)
(0.0058244820, 0.6745192000, 0.7382208000)
(0.0066039150, 0.6738654000, 0.7388124000)
(0.0079337520, 0.6730089000, 0.7395903000)
(0.0083950690, 0.6742449000, 0.7384480000)
(0.0098135810, 0.6751297000, 0.7376304000)
(0.0103789800, 0.6746382000, 0.7380694000)
(0.0095203870, 0.6749607000, 0.7377783000)
(0.0098702890, 0.6759440000, 0.7368833000)
(0.0080573970, 0.6771829000, 0.7357601000)
(0.0023474580, 0.6792662000, 0.7338858000)
(-0.0028192030, 0.6804914000, 0.7327398000)
(-0.0024598730, 0.6788363000, 0.7342669000)
(0.0022378480, 0.6758750000, 0.7369972000)
(0.0063771750, 0.6745121000, 0.7382283000)
(0.0072910030, 0.6758605000, 0.7369756000)
(0.0075292990, 0.6771019000, 0.7358452000)
(0.0033806760, 0.6784801000, 0.7346020000)
(-0.0020894620, 0.6812454000, 0.7320439000)
(-0.0015167150, 0.6807978000, 0.7324693000)
(0.0035648490, 0.6793099000, 0.7338409000)
(0.0065906790, 0.6764080000, 0.7364804000)
(0.0059384990, 0.6772181000, 0.7357461000)
(-0.0009761790, 0.6813460000, 0.7319432000)
(-0.0010369180, 0.6814315000, 0.7318687000)
(0.0029201520, 0.6802468000, 0.7329615000)
(0.0074447380, 0.6773708000, 0.7355892000)
(0.0015634530, 0.6814918000, 0.7318215000)
(-0.0020413210, 0.6835474000, 0.7298916000)
(0.0028689120, 0.6809022000, 0.7323561000)
(0.0108823500, 0.6759295000, 0.7368675000)
(0.0105029300, 0.6760782000, 0.7367489000)
(0.0110296500, 0.6760947000, 0.7367184000)
(0.0121847900, 0.6758574000, 0.7369186000)
(0.0124326100, 0.6770103000, 0.7358513000)
(0.0109704100, 0.6776886000, 0.7352558000)
(0.0104176900, 0.6775088000, 0.7354252000)
(0.0110061100, 0.6780595000, 0.7349136000)
(0.0106480200, 0.6784921000, 0.7345101000)
(0.0100442500, 0.6798821000, 0.7332441000)
(0.0104869700, 0.6787307000, 0.7342983000)
(0.0096782100, 0.6793100000, 0.7337763000)
(0.0095774350, 0.6805653000, 0.7326140000)
(0.0100274000, 0.6801687000, 0.7329695000)
(0.0090328900, 0.6803155000, 0.7328461000)
(0.0082445930, 0.6800576000, 0.7331091000)
(0.0086223240, 0.6804500000, 0.7327260000)
(0.0039935760, 0.6836153000, 0.7298252000)
(-0.0052983340, 0.6859130000, 0.7276442000)
(-0.0036185990, 0.6856087000, 0.7279482000)
(0.0105100800, 0.6817787000, 0.7314661000)
(0.0048449790, 0.6850947000, 0.7284362000)
(-0.0069526470, 0.6882532000, 0.7254177000)
(-0.0004446956, 0.6877601000, 0.7259365000)
(0.0110748800, 0.6839908000, 0.7293987000)
(-0.0139929700, 0.6866502000, 0.7268505000)
(-0.0247087600, 0.6900173000, 0.7233549000)
(-0.0211299500, 0.6885636000, 0.7248634000)
(-0.0030471160, 0.6872616000, 0.7263967000)
(0.0005593697, 0.6873478000, 0.7263137000)
(0.0001072371, 0.6877250000, 0.7259564000)
(0.0001781509, 0.6881015000, 0.7255966000)
(0.0010868910, 0.6883019000, 0.7254202000)
(0.0021116740, 0.6876721000, 0.7260108000)
(0.0028747460, 0.6874694000, 0.7262030000)
(0.0025240960, 0.6872149000, 0.7264453000)
(0.0027325840, 0.6870846000, 0.7265654000)
(0.0029198250, 0.6871558000, 0.7264964000)
(-0.0003695573, 0.6876590000, 0.7260177000)
(-0.0026523070, 0.6881116000, 0.7255788000)
(-0.0118441600, 0.7009556000, 0.7130867000)
(-0.0161734300, 0.6925512000, 0.7211699000)
(-0.0156187800, 0.6970482000, 0.7168534000)
(-0.0308985800, 0.6966279000, 0.7167511000)
(-0.0304269200, 0.6977007000, 0.7157297000)
(-0.0303698400, 0.6971438000, 0.7162711000)
(-0.0283478900, 0.6961954000, 0.7172742000)
(-0.0266505900, 0.6975824000, 0.7159941000)
(-0.0030867380, 0.6889277000, 0.7248070000)
(-0.0218395600, 0.6974240000, 0.7163218000)
(-0.0180689400, 0.6955546000, 0.7182422000)
(-0.0028571300, 0.6913791000, 0.7224707000)
(0.0132899800, 0.6889062000, 0.7247180000)
(0.0030475220, 0.6914779000, 0.7223740000)
(0.0058373930, 0.6911348000, 0.7226823000)
(0.0107811200, 0.6901678000, 0.7235493000)
(0.0104301000, 0.6895680000, 0.7241274000)
(0.0067314320, 0.6906170000, 0.7231804000)
(0.0014800510, 0.6925386000, 0.7213774000)
(-0.0024424450, 0.6936616000, 0.7202797000)
(-0.0028523040, 0.6936817000, 0.7202677000)
(0.0000767038, 0.6929072000, 0.7210126000)
(0.0010091400, 0.6921624000, 0.7217296000)
(0.0006931628, 0.6924519000, 0.7214532000)
(-0.0003806028, 0.6921386000, 0.7217554000)
(0.0001987519, 0.6922544000, 0.7216346000)
(-0.0168212300, 0.6928509000, 0.7208754000)
(-0.0189121000, 0.6989471000, 0.7149202000)
(-0.0097245710, 0.6945576000, 0.7193635000)
(0.0098881110, 0.6861339000, 0.7273985000)
(0.0100765700, 0.6862897000, 0.7272421000)
(0.0151727500, 0.6853163000, 0.7280677000)
(-0.0227385700, 0.6853856000, 0.7278125000)
(0.0000000000, 0.0000000000, 0.0000000000)
(0.0000000000, 0.0000000000, 0.0000000000)
(0.0000000000, 0.0000000000, 0.0000000000)
(0.0000000000, 0.0000000000, 0.0000000000)
(0.0000000000, 0.0000000000, 0.0000000000)
(0.0000000000, 0.0000000000, 0.0000000000)
(0.0000000000, 0.0000000000, 0.0000000000)
(0.0000000000, 0.0000000000, 0.0000000000)
(0.0000000000, 0.0000000000, 0.0000000000)
(0.0000000000, 0.0000000000, 0.0000000000)
(0.0000000000, 0.0000000000, 0.0000000000)
(0.0206688400, 0.6805285000, 0.7324186000)
(0.0081351940, 0.6827831000, 0.7305563000)
(-0.0129856800, 0.6859023000, 0.7275738000)
(-0.0162781600, 0.6927207000, 0.7210099000)
(-0.0109621700, 0.6879107000, 0.7256941000)
(-0.0220011100, 0.6938564000, 0.7197590000)
(-0.0259006600, 0.6944248000, 0.7190953000)
(-0.0253126800, 0.6934764000, 0.7200314000)
(-0.0251078600, 0.6941292000, 0.7194107000)
(-0.0234797100, 0.6935055000, 0.7200628000)
(-0.0124562000, 0.6880900000, 0.7255079000)
(-0.0042300330, 0.6843671000, 0.7291183000)
(-0.0013711550, 0.6826895000, 0.7307022000)
(-0.0017787670, 0.6830120000, 0.7303907000)
(-0.0015293930, 0.6828527000, 0.7305347000)
(-0.0011784530, 0.6834768000, 0.7299618000)
(0.0017122080, 0.6827309000, 0.7306576000)
(0.0037703940, 0.6820878000, 0.7312464000)
(-0.0053844890, 0.6834402000, 0.7299792000)
(-0.0065201790, 0.6842377000, 0.7292138000)
(-0.0035072050, 0.6815758000, 0.7317244000)
(-0.0095411420, 0.6846290000, 0.7288153000)
(-0.0120270800, 0.6860471000, 0.7274480000)
(-0.0065311170, 0.6835073000, 0.7299077000)
(0.0021296900, 0.6805311000, 0.7327022000)
(0.0029512810, 0.6803442000, 0.7328744000)
(0.0026588450, 0.6800698000, 0.7331376000)
(0.0021139380, 0.6798836000, 0.7332998000)
(0.0015903830, 0.6804280000, 0.7328042000)
(-0.0004624767, 0.6811669000, 0.7321106000)
(-0.0040401970, 0.6825765000, 0.7307832000)
(-0.0090321270, 0.6848483000, 0.7286263000)
(-0.0038474570, 0.6849030000, 0.7286210000)
(0.0117842100, 0.6750299000, 0.7376768000)
(0.0128485300, 0.6740341000, 0.7385783000)
(0.0113027400, 0.6798173000, 0.7332786000)
(-0.0228118000, 0.6915395000, 0.7219582000)
(-0.0305494600, 0.6951912000, 0.7181740000)
(-0.0209785000, 0.6911425000, 0.7224057000)
(-0.0152065400, 0.6898667000, 0.7237585000)
(-0.0064884450, 0.6859095000, 0.7276376000)
(0.0060606370, 0.6798930000, 0.7332718000)
(0.0021442020, 0.6819703000, 0.7313599000)
(-0.0009291723, 0.6830915000, 0.7303309000)
(0.0008202941, 0.6835164000, 0.7299264000)
(0.0007597335, 0.6834141000, 0.7300122000)
(0.0002617004, 0.6831117000, 0.7303057000)
(0.0021485410, 0.6820231000, 0.7313083000)
(0.0031596350, 0.6814422000, 0.7318599000)
(0.0036399710, 0.6811062000, 0.7321572000)
(0.0044868880, 0.6811516000, 0.7321209000)
(0.0040079490, 0.6796785000, 0.7334966000)
(0.0048061190, 0.6798277000, 0.7333394000)
(0.0046365530, 0.6793018000, 0.7338244000)
(0.0044927530, 0.6795484000, 0.7336017000)
(0.0029792860, 0.6804524000, 0.7327815000)
(0.0013254190, 0.6813765000, 0.7319172000)
(0.0010936530, 0.6806684000, 0.7325906000)
(0.0009243740, 0.6811304000, 0.7321405000)
(0.0009324126, 0.6814187000, 0.7318770000)
(0.0032540630, 0.6808022000, 0.7324480000)
(0.0028066310, 0.6814435000, 0.7318510000)
(0.0024029260, 0.6823508000, 0.7310160000)
(0.0039662230, 0.6799566000, 0.7332352000)
(0.0077458740, 0.6780736000, 0.7349408000)
(0.0061137220, 0.6794389000, 0.7337051000)
(0.0034190760, 0.6794633000, 0.7336842000)
(0.0036662310, 0.6806580000, 0.7325830000)
(0.0044938770, 0.6804342000, 0.7327875000)
(0.0047288130, 0.6807877000, 0.7324538000)
(0.0036744740, 0.6814182000, 0.7318805000)
(-0.0024706530, 0.6847697000, 0.7287453000)
(-0.0045836980, 0.6857834000, 0.7277828000)
(-0.0000294696, 0.6841247000, 0.7293643000)
(-0.0063304710, 0.6844655000, 0.7290047000)
(-0.0171428600, 0.6895580000, 0.7240164000)
(-0.0221760100, 0.6906223000, 0.7228658000)
(-0.0113075200, 0.6875828000, 0.7259989000)
(-0.0211522500, 0.6931231000, 0.7204953000)
(-0.0220283700, 0.6949810000, 0.7186700000)
(-0.0120100700, 0.6886018000, 0.7250257000)
(0.0031500870, 0.6813289000, 0.7319632000)
(0.0046223850, 0.6801475000, 0.7330437000)
(0.0051864420, 0.6796075000, 0.7335514000)
(0.0051652730, 0.6794631000, 0.7336768000)
(0.0044318120, 0.6778845000, 0.7351427000)
(0.0036098510, 0.6779430000, 0.7351021000)
(0.0027450110, 0.6781321000, 0.7349285000)
(0.0021696360, 0.6781650000, 0.7348942000)
(0.0015418660, 0.6784386000, 0.7346416000)
(0.0010054130, 0.6784720000, 0.7346082000)
(0.0000270255, 0.6795141000, 0.7336537000)
(-0.0010697240, 0.6792506000, 0.7338988000)
(0.0010122350, 0.6780244000, 0.7350308000)
(0.0019855480, 0.6776991000, 0.7353303000)
(0.0015658730, 0.6780808000, 0.7349823000)
(-0.0016874460, 0.6794111000, 0.7337513000)
(-0.0043697300, 0.6815018000, 0.7317991000)
(-0.0007286443, 0.6795958000, 0.7335728000)
(0.0003601572, 0.6792225000, 0.7339123000)
(0.0017793030, 0.6784022000, 0.7346756000)
(0.0018272250, 0.6776164000, 0.7353966000)
(0.0027698100, 0.6771504000, 0.7358246000)
(0.0046220070, 0.6768714000, 0.7360702000)
(0.0039189190, 0.6772580000, 0.7357199000)
(0.0047474690, 0.6775600000, 0.7354364000)
(0.0017652290, 0.6773785000, 0.7356137000)
(0.0002422584, 0.6777126000, 0.7353247000)
(-0.0008642374, 0.6788910000, 0.7342191000)
(-0.0009819386, 0.6776969000, 0.7353276000)
(0.0014072090, 0.6779461000, 0.7351063000)
(0.0016368900, 0.6802694000, 0.7329501000)
(0.0028319820, 0.6795210000, 0.7336328000)
(0.0038938420, 0.6789781000, 0.7341291000)
(0.0045135830, 0.6781390000, 0.7348997000)
(-0.0012314090, 0.6829693000, 0.7304338000)
(-0.0022848010, 0.6841553000, 0.7293235000)
(0.0010721910, 0.6813428000, 0.7319453000)
(-0.0008630904, 0.6846266000, 0.7288748000)
(-0.0030493070, 0.6860765000, 0.7275211000)
(0.0000836582, 0.6828334000, 0.7305626000)
(0.0046254600, 0.6804048000, 0.7328136000)
(0.0016356020, 0.6812798000, 0.7320065000)
(0.0008867258, 0.6814163000, 0.7318787000)
(0.0026818110, 0.6819874000, 0.7313472000)
(0.0021719990, 0.6820204000, 0.7313173000)
(0.0041158660, 0.6792441000, 0.7338871000)
(0.0053388200, 0.6777672000, 0.7352388000)
(0.0051720690, 0.6784063000, 0.7346663000)
(0.0032364180, 0.6788163000, 0.7342873000)
(0.0062733340, 0.6773840000, 0.7355946000)
(0.0076070380, 0.6782844000, 0.7347564000)
(0.0013295860, 0.6800172000, 0.7331768000)
(0.0002524478, 0.6807198000, 0.7325429000)
(-0.0020822060, 0.6813681000, 0.7319192000)
(-0.0016665500, 0.6815072000, 0.7317972000)
(-0.0005188599, 0.6812690000, 0.7320210000)
(-0.0002796907, 0.6806989000, 0.7325554000)
(-0.0015509530, 0.6803902000, 0.7328423000)
(-0.0033874840, 0.6831236000, 0.7302811000)
(-0.0016588260, 0.6825839000, 0.7307979000)
(0.0012530170, 0.6806524000, 0.7325934000)
(-0.0001192552, 0.6800889000, 0.7331185000)
(-0.0091990200, 0.6858848000, 0.7276410000)
(-0.0100900200, 0.6862871000, 0.7272602000)
(-0.0032859160, 0.6828046000, 0.7305736000)
(0.0028677470, 0.6795361000, 0.7336201000)
(0.0042764700, 0.6787139000, 0.7343832000)
(0.0082448880, 0.6789959000, 0.7340837000)
(0.0048278060, 0.6805792000, 0.7326484000)
(-0.0095548480, 0.6869543000, 0.7266306000)
(-0.0106859200, 0.6876416000, 0.7259667000)
(-0.0066474310, 0.6859351000, 0.7276317000)
(-0.0031788050, 0.6843166000, 0.7291569000)
(0.0029196600, 0.6811409000, 0.7321444000)
(0.0044487610, 0.6804078000, 0.7328121000)
(0.0038681910, 0.6792455000, 0.7338883000)
(0.0013495860, 0.6800534000, 0.7331452000)
(-0.0002411233, 0.6798349000, 0.7333472000)
(0.0010252430, 0.6787480000, 0.7343692000)
(0.0038270230, 0.6768903000, 0.7360534000)
(0.0047242230, 0.6774196000, 0.7355670000)
(0.0039509900, 0.6766208000, 0.7363105000)
(0.0016425620, 0.6772888000, 0.7356996000)
(0.0020950360, 0.6771678000, 0.7358133000)
(0.0058402450, 0.6755245000, 0.7373111000)
(0.0075187660, 0.6738926000, 0.7387792000)
(0.0071143260, 0.6740839000, 0.7386068000)
(0.0088495140, 0.6733707000, 0.7392334000)
(0.0080926920, 0.6735870000, 0.7390566000)
(0.0061662970, 0.6740610000, 0.7386354000)
(0.0044086360, 0.6774642000, 0.7355257000)
(-0.0013005970, 0.6824755000, 0.7308966000)
(-0.0031130340, 0.6826311000, 0.7307468000)
(0.0021261320, 0.6808221000, 0.7324246000)
(0.0070876030, 0.6788362000, 0.7342405000)
(0.0071266880, 0.6788603000, 0.7342175000)
(0.0066016470, 0.6788233000, 0.7342640000)
(0.0029012740, 0.6755956000, 0.7372584000)
(0.0046489090, 0.6791909000, 0.7339372000)
(0.0054135630, 0.6805629000, 0.7326624000)
(0.0039876830, 0.6790233000, 0.7341036000)
(0.0049329470, 0.6795625000, 0.7335910000)
(0.0056844070, 0.6778722000, 0.7351501000)
(0.0056985580, 0.6787714000, 0.7343236000)
(0.0062457030, 0.6785631000, 0.7344955000)
(0.0079005150, 0.6768055000, 0.7361013000)
(0.0083918820, 0.6763284000, 0.7365519000)
(0.0084919840, 0.6761889000, 0.7366759000)
(0.0076450930, 0.6759642000, 0.7368883000)
(0.0037006160, 0.6773638000, 0.7356246000)
(0.0019026360, 0.6782514000, 0.7348198000)
(0.0050941530, 0.6767817000, 0.7361558000)
(0.0081993490, 0.6765965000, 0.7362893000)
(0.0085368070, 0.6759740000, 0.7368681000)
(0.0077707250, 0.6752258000, 0.7375503000)
(0.0076943390, 0.6746363000, 0.7380909000)
(0.0065634170, 0.6754305000, 0.7373941000)
(0.0038219040, 0.6759325000, 0.7369415000)
(0.0066922780, 0.6743901000, 0.7383249000)
(0.0081548340, 0.6733716000, 0.7392485000)
(0.0082243780, 0.6730796000, 0.7395101000)
(0.0080937190, 0.6734629000, 0.7391629000)
(0.0081252340, 0.6724380000, 0.7401007000)
(0.0082657820, 0.6725675000, 0.7399820000)
(0.0082425870, 0.6732686000, 0.7393391000)
(0.0077083560, 0.6734899000, 0.7391374000)
(0.0082461860, 0.6729870000, 0.7395878000)
(0.0077555190, 0.6743423000, 0.7383733000)
(0.0073712160, 0.6749389000, 0.7378199000)
(0.0082675240, 0.6728505000, 0.7397308000)
(0.0081338930, 0.6742052000, 0.7384808000)
(0.0081137740, 0.6744020000, 0.7383037000)
(0.0081307780, 0.6730840000, 0.7395021000)
(0.0067519990, 0.6720277000, 0.7404920000)
(0.0085680560, 0.6736581000, 0.7389930000)
(0.0120217700, 0.6691384000, 0.7430331000)
(0.0146949300, 0.6665944000, 0.7452698000)
(0.0145738700, 0.6674827000, 0.7444714000)
(0.0081867540, 0.6709685000, 0.7414293000)
(0.0099507370, 0.6697363000, 0.7425212000)
(0.0146290700, 0.6675178000, 0.7444369000)
(0.0110195800, 0.6709361000, 0.7414190000)
(0.0051453300, 0.6734853000, 0.7391773000)
(0.0021716500, 0.6749412000, 0.7378541000)
(0.0072489050, 0.6724746000, 0.7400819000)
(0.0073439750, 0.6722831000, 0.7402508000)
(0.0084934170, 0.6720514000, 0.7404458000)
(0.0082526340, 0.6705689000, 0.7417854000)
(0.0079861580, 0.6704246000, 0.7419342000)
(0.0049610730, 0.6723332000, 0.7402260000)
(0.0065290460, 0.6708490000, 0.7415620000)
(0.0109641300, 0.6685346000, 0.7435849000)
(0.0120144700, 0.6677607000, 0.7442637000)
(0.0090977510, 0.6691213000, 0.7430860000)
(0.0101804300, 0.6702882000, 0.7420127000)
(0.0091522270, 0.6720001000, 0.7404782000)
(0.0073789700, 0.6723374000, 0.7402039000)
(0.0073191700, 0.6705815000, 0.7417889000)
(0.0081667070, 0.6702102000, 0.7421066000)
(0.0085123060, 0.6694508000, 0.7427891000)
(0.0092208390, 0.6694623000, 0.7427812000)
(0.0097369120, 0.6693585000, 0.7428591000)
(0.0093814370, 0.6696022000, 0.7426406000)
(0.0096642590, 0.6689146000, 0.7432576000)
(0.0087051850, 0.6689414000, 0.7432635000)
(0.0078946560, 0.6688756000, 0.7433184000)
(0.0085113230, 0.6693262000, 0.7429172000)
(0.0090994520, 0.6691550000, 0.7430589000)
(0.0092924490, 0.6681674000, 0.7439415000)
(0.0095186600, 0.6691090000, 0.7431020000)
(0.0101041500, 0.6700342000, 0.7422584000)
(0.0103244900, 0.6691230000, 0.7430753000)
(0.0148287900, 0.6730304000, 0.7394648000)
(0.0186051300, 0.6704074000, 0.7417592000)
(0.0177459400, 0.6704385000, 0.7417479000)
(0.0107551600, 0.6729611000, 0.7395911000)
(0.0072674690, 0.6724468000, 0.7401037000)
(0.0077523650, 0.6726858000, 0.7398751000)
(0.0105716400, 0.6713948000, 0.7410112000)
(0.0174495100, 0.6686198000, 0.7433838000)
(0.0213563100, 0.6678720000, 0.7439658000)
(0.0177223000, 0.6688736000, 0.7431597000)
(0.0131349600, 0.6702599000, 0.7420058000)
(0.0132193000, 0.6702732000, 0.7419956000)
(0.0124332200, 0.6706342000, 0.7416643000)
(0.0119448700, 0.6692551000, 0.7429332000)
(0.0111313000, 0.6693597000, 0.7428364000)
(0.0092414370, 0.6697802000, 0.7424852000)
(0.0099196210, 0.6676431000, 0.7443986000)
(0.0088702850, 0.6676377000, 0.7444142000)
(0.0083099060, 0.6674097000, 0.7446313000)
(0.0107812600, 0.6666503000, 0.7452905000)
(0.0116349400, 0.6661336000, 0.7457386000)
(0.0098816950, 0.6673585000, 0.7446698000)
(0.0086170500, 0.6676858000, 0.7443913000)
(0.0103247400, 0.6671701000, 0.7448242000)
(0.0112673000, 0.6656581000, 0.7461611000)
(0.0100999700, 0.6641973000, 0.7474775000)
(0.0069187630, 0.6672994000, 0.7447413000)
(0.0086129840, 0.6666240000, 0.7453359000)
(0.0115009100, 0.6661613000, 0.7457141000)
(0.0065666200, 0.6655189000, 0.7463492000)
(0.0069228770, 0.6664701000, 0.7454808000)
(0.0060156840, 0.6686609000, 0.7435372000)
(0.0053113560, 0.6707128000, 0.7416977000)
(0.0050989920, 0.6693590000, 0.7429074000)
(0.0039241840, 0.6699597000, 0.7423819000)
(0.0076076430, 0.6687100000, 0.7434710000)
(0.0072535480, 0.6716248000, 0.7408452000)
(0.0032050600, 0.6733851000, 0.7392762000)
(0.0001569897, 0.6764270000, 0.7364923000)
(-0.0042231830, 0.6777053000, 0.7353159000)
(-0.0029785520, 0.6782052000, 0.7348580000)
(-0.0010866300, 0.6786379000, 0.7344531000)
(0.0109899200, 0.6730816000, 0.7394748000)
(0.0133987000, 0.6726854000, 0.7398064000)
(0.0140987500, 0.6724874000, 0.7399544000)
(0.0131536800, 0.6721063000, 0.7403258000)
(0.0129729200, 0.6726592000, 0.7398283000)
(0.0147146100, 0.6726175000, 0.7398410000)
(0.0125663900, 0.6716151000, 0.7407771000)
(0.0077625150, 0.6739827000, 0.7387056000)
(0.0412478300, 0.6553703000, 0.7541652000)
(0.0000000000, 0.0000000000, 0.0000000000)
(0.0000000000, 0.0000000000, 0.0000000000)
(0.0000000000, 0.0000000000, 0.0000000000)
(0.0000000000, 0.0000000000, 0.0000000000)
(0.0000000000, 0.0000000000, 0.0000000000)
(0.0000000000, 0.0000000000, 0.0000000000)
(0.0000000000, 0.0000000000, 0.0000000000)
(0.0000000000, 0.0000000000, 0.0000000000)
(0.0269702900, 0.6675877000, 0.7440327000)
(0.0199923700, 0.6647418000, 0.7467916000)
(0.0163652100, 0.6625332000, 0.7488395000)
(0.0164344000, 0.6655989000, 0.7461221000)
(0.0051684620, 0.6640254000, 0.7476906000)
(-0.0024094180, 0.6747063000, 0.7380712000)
(0.0064991500, 0.6663942000, 0.7455673000)
(0.0069363870, 0.6660620000, 0.7458486000)
(0.0071864160, 0.6674750000, 0.7445896000)
(-0.0066098350, 0.6749371000, 0.7378261000)
(-0.0060377180, 0.6743683000, 0.7383586000)
(0.0019268050, 0.6694263000, 0.7428610000)
(-0.0002966196, 0.6734371000, 0.7392426000)
(-0.0055951710, 0.6762760000, 0.7366183000)
(-0.0037489360, 0.6747674000, 0.7380022000)
(0.0029689530, 0.6708290000, 0.7415971000)
(0.0086067150, 0.6707166000, 0.7416474000)
(0.0088593730, 0.6704518000, 0.7418849000)
(0.0110643400, 0.6707866000, 0.7415652000)
(0.0102388100, 0.6739219000, 0.7387170000)
(0.0128215800, 0.6705011000, 0.7417970000)
(0.0076912580, 0.6731776000, 0.7394226000)
(0.0013751380, 0.6742694000, 0.7384708000)
(-0.0029703940, 0.6758459000, 0.7370249000)
(0.0034977610, 0.6777174000, 0.7353103000)
(0.0051992380, 0.6782209000, 0.7348325000)
(0.0040635280, 0.6784408000, 0.7346309000)
(-0.0139210500, 0.6802377000, 0.7328431000)
(-0.0164081400, 0.6792303000, 0.7337252000)
(0.0031944550, 0.6768139000, 0.7361370000)
(0.0098746870, 0.6773087000, 0.7356119000)
(0.0094414310, 0.6777400000, 0.7352225000)
(0.0007564221, 0.6713774000, 0.7411093000)
(0.0212038800, 0.6666555000, 0.7450519000)
(0.0238506600, 0.6667159000, 0.7449256000)
(0.0232430300, 0.6674996000, 0.7442327000)
(0.0225911300, 0.6696911000, 0.7422950000)
(0.0228418500, 0.6707549000, 0.7413082000)
(0.0225279700, 0.6720350000, 0.7401670000)
(0.0216343100, 0.6720328000, 0.7401931000)
(0.0204361000, 0.6729716000, 0.7393709000)
(0.0045174390, 0.6765622000, 0.7363709000)
(0.0200903200, 0.6724713000, 0.7398351000)
(0.0204163700, 0.6719745000, 0.7402809000)
(0.0206340500, 0.6718931000, 0.7403507000)
(-0.0017508910, 0.6779831000, 0.7350669000)
(-0.0116256000, 0.6809464000, 0.7322299000)
(-0.0106703900, 0.6808149000, 0.7323759000)
(0.0018372860, 0.6761452000, 0.7367577000)
(0.0069949510, 0.6742766000, 0.7384312000)
(0.0070231770, 0.6755143000, 0.7373022000)
(0.0009590094, 0.6760370000, 0.7368662000)
(0.0029307850, 0.6738232000, 0.7388792000)
(0.0074679060, 0.6718233000, 0.7406646000)
(-0.0006356468, 0.6767453000, 0.7361975000)
(-0.0062616250, 0.6774066000, 0.7355807000)
(-0.0037678510, 0.6763752000, 0.7365431000)
(0.0030949820, 0.6764399000, 0.7364839000)
(0.0113936100, 0.6782501000, 0.7347364000)
(-0.0050323680, 0.6791444000, 0.7339767000)
(-0.0131026100, 0.6822449000, 0.7309979000)
(-0.0109444500, 0.6815490000, 0.7316766000)
(0.0088580360, 0.6777053000, 0.7352610000)
(0.0094840040, 0.6780906000, 0.7349018000)
(0.0103091400, 0.6781835000, 0.7348055000)
(0.0119970900, 0.6786487000, 0.7343462000)
(0.0085781310, 0.6810012000, 0.7322187000)
(0.0048264320, 0.6806585000, 0.7325718000)
(0.0020307000, 0.6815901000, 0.7317119000)
(0.0061486820, 0.6800664000, 0.7331114000)
(0.0071553420, 0.6794818000, 0.7336401000)
(0.0076817220, 0.6798012000, 0.7333390000)
(0.0094302460, 0.6795412000, 0.7335678000)
(0.0114067500, 0.6775380000, 0.7353939000)
(0.0115051800, 0.6783043000, 0.7346705000)
(0.0084301940, 0.6790258000, 0.7340560000)
(0.0091097800, 0.6791083000, 0.7339711000)
(0.0101675000, 0.6783486000, 0.7346596000)
(0.0104982300, 0.6756631000, 0.7371181000)
(0.0125252900, 0.6743230000, 0.7383149000)
(0.0127137600, 0.6733702000, 0.7391858000)
(0.0121660000, 0.6734606000, 0.7391028000)
(0.0124294500, 0.6703894000, 0.7418879000)
(0.0126168300, 0.6678473000, 0.7441734000)
(0.0115077500, 0.6684372000, 0.7436618000)
(0.0111894600, 0.6676807000, 0.7443528000)
(0.0099130070, 0.6685337000, 0.7436001000)
(0.0075828950, 0.6686456000, 0.7435223000)
(0.0076765980, 0.6686992000, 0.7434748000)
(0.0099528450, 0.6680728000, 0.7440160000)
(0.0089300210, 0.6684864000, 0.7436575000)
(0.0122509200, 0.6689668000, 0.7431774000)
(0.0128866100, 0.6683868000, 0.7436970000)
(0.0121660400, 0.6685418000, 0.7435746000)
(0.0143092200, 0.6691546000, 0.7429809000)
(0.0135143700, 0.6650021000, 0.7467061000)
(0.0141591900, 0.6656775000, 0.7460847000)
(0.0082916210, 0.6703674000, 0.7419693000)
(0.0064846130, 0.6714169000, 0.7410417000)
(0.0071767650, 0.6722682000, 0.7402686000)
(0.0115167200, 0.6713809000, 0.7410136000)
(0.0153648800, 0.6706044000, 0.7416371000)
(0.0167313700, 0.6708904000, 0.7413532000)
(0.0118015000, 0.6749949000, 0.7377106000)
(0.0100455400, 0.6765473000, 0.7363288000)
(0.0105284800, 0.6759972000, 0.7368285000)
(0.0124644700, 0.6767793000, 0.7360612000)
(0.0083212420, 0.6776350000, 0.7353424000)
(0.0085713690, 0.6792275000, 0.7338595000)
(0.0125297400, 0.6805876000, 0.7325537000)
(0.0112184300, 0.6792436000, 0.7338072000)
(0.0106122300, 0.6776367000, 0.7352998000)
(0.0091675240, 0.6772984000, 0.7356464000)
(0.0147153900, 0.6778405000, 0.7350530000)
(0.0159246100, 0.6772490000, 0.7355691000)
(0.0147319200, 0.6769329000, 0.7358769000)
(0.0131255900, 0.6774726000, 0.7354133000)
(0.0121372700, 0.6765437000, 0.7362906000)
(0.0165029100, 0.6783224000, 0.7345732000)
(0.0132892800, 0.6740629000, 0.7385479000)
(0.0092325960, 0.6735031000, 0.7391187000)
(0.0145691900, 0.6706046000, 0.7416515000)
(0.0169855500, 0.6689864000, 0.7430756000)
(0.0138778600, 0.6697752000, 0.7424267000)
(0.0104373500, 0.6723794000, 0.7401311000)
(0.0102119200, 0.6722310000, 0.7402678000)
(0.0133972000, 0.6712911000, 0.7410680000)
(0.0120033200, 0.6711884000, 0.7411689000)
(0.0105285100, 0.6732714000, 0.7393190000)
(0.0133140900, 0.6742766000, 0.7383447000)
(0.0135490100, 0.6741148000, 0.7384909000)
(0.0135368600, 0.6741624000, 0.7384524000)
(0.0108453000, 0.6748017000, 0.7379183000)
(0.0116061800, 0.6755406000, 0.7372255000)
(0.0111169200, 0.6737107000, 0.7388927000)
(0.0100532600, 0.6787198000, 0.7343144000)
(0.0105585600, 0.6784932000, 0.7345219000)
(0.0132058800, 0.6787837000, 0.7342036000)
(0.0136139500, 0.6796530000, 0.7333893000)
(0.0155272200, 0.6792974000, 0.7336832000)
(0.0151560500, 0.6790863000, 0.7338937000)
(0.0168106200, 0.6788868000, 0.7340426000)
(0.0173893000, 0.6799928000, 0.7329950000)
(0.0172621300, 0.6813526000, 0.7317405000)
(0.0169067600, 0.6817180000, 0.7314183000)
(0.0161544600, 0.6815777000, 0.7315602000)
(0.0143829200, 0.6815425000, 0.7316244000)
(0.0146563900, 0.6815904000, 0.7315860000)
(0.0140243900, 0.6817300000, 0.7314567000)
(0.0194128200, 0.6806121000, 0.7323833000)
(0.0196475500, 0.6804491000, 0.7325128000)
(0.0185766100, 0.6813377000, 0.7317260000)
(0.0166476400, 0.6816729000, 0.7314469000)
(0.0157545400, 0.6819110000, 0.7312508000)
(0.0156920900, 0.6820629000, 0.7311208000)
(0.0168151400, 0.6814104000, 0.7317047000)
(0.0168423700, 0.6817303000, 0.7314054000)
(0.0179550400, 0.6813809000, 0.7316971000)
(0.0165289600, 0.6807537000, 0.7323117000)
(0.0165127000, 0.6814840000, 0.7316275000)
(0.0156332600, 0.6815995000, 0.7315477000)
(0.0168982800, 0.6815566000, 0.7315552000)
(0.0165906000, 0.6813491000, 0.7317566000)
(0.0119556400, 0.6820348000, 0.7312081000)
(0.0126397300, 0.6835996000, 0.7297274000)
(0.0116812700, 0.6832458000, 0.7300807000)
(0.0138296400, 0.6825860000, 0.7306678000)
(0.0145136200, 0.6820841000, 0.7311193000)
(0.0140099100, 0.6824580000, 0.7307827000)
(0.0140338900, 0.6824398000, 0.7307981000)
(0.0136258000, 0.6814166000, 0.7317522000)
(0.0143578600, 0.6808274000, 0.7322825000)
(0.0155354600, 0.6799007000, 0.7331217000)
(0.0147430700, 0.6796300000, 0.7333927000)
(0.0140479300, 0.6794342000, 0.7335883000)
(0.0129659200, 0.6791178000, 0.7339007000)
(0.0156664100, 0.6794410000, 0.7335575000)
(0.0141800800, 0.6792126000, 0.7337868000)
(0.0129670500, 0.6785049000, 0.7344716000)
(0.0124742100, 0.6769710000, 0.7358943000)
(0.0091153690, 0.6776728000, 0.7352930000)
(0.0103962300, 0.6777878000, 0.7351650000)
(0.0109863800, 0.6748930000, 0.7378185000)
(0.0100358300, 0.6744703000, 0.7382306000)
(0.0079960890, 0.6764125000, 0.7364780000)
(0.0113559300, 0.6774560000, 0.7354748000)
(0.0115975100, 0.6742040000, 0.7384382000)
(0.0130858100, 0.6736823000, 0.7388982000)
(0.0126134100, 0.6734739000, 0.7390989000)
(0.0140416700, 0.6722746000, 0.7401603000)
(0.0143969100, 0.6713808000, 0.7409676000)
(0.0151664200, 0.6720683000, 0.7403159000)
(0.0153154900, 0.6720843000, 0.7403041000)
(0.0152086000, 0.6717449000, 0.7406061000)
(0.0152188400, 0.6715928000, 0.7407606000)
(0.0141270500, 0.6720226000, 0.7403869000)
(0.0169382900, 0.6715739000, 0.7407354000)
(0.0173466300, 0.6702948000, 0.7418805000)
(0.0159601600, 0.6702064000, 0.7419827000)
(0.0124629200, 0.6727231000, 0.7397702000)
(0.0131567900, 0.6738304000, 0.7387667000)
(0.0143310200, 0.6745327000, 0.7380916000)
(0.0143256600, 0.6744846000, 0.7381356000)
(0.0154066500, 0.6745918000, 0.7380270000)
(0.0159035100, 0.6742224000, 0.7383531000)
(0.0147534700, 0.6738208000, 0.7387272000)
(0.0145714800, 0.6734475000, 0.7390816000)
(-0.0081879700, 0.6832701000, 0.7301114000)
(-0.0118710800, 0.6829724000, 0.7303470000)
(-0.0062337620, 0.6805824000, 0.7326308000)
(-0.0014130740, 0.6781225000, 0.7349268000)
(0.0071716330, 0.6743982000, 0.7383269000)
(0.0096250360, 0.6742076000, 0.7384605000)
(0.0072528850, 0.6733738000, 0.7392613000)
(0.0031549990, 0.6742136000, 0.7385181000)
(0.0032634820, 0.6737649000, 0.7389196000)
(0.0067725610, 0.6715986000, 0.7408653000)
(0.0093840610, 0.6695964000, 0.7426534000)
(0.0103879200, 0.6689425000, 0.7432258000)
(0.0084370690, 0.6697891000, 0.7424940000)
(0.0091246590, 0.6735005000, 0.7391238000)
(0.0062494840, 0.6749333000, 0.7378457000)
(0.0000675305, 0.6807213000, 0.7325276000)
(-0.0066384060, 0.6815679000, 0.7317060000)
(-0.0014813930, 0.6818801000, 0.7314520000)
(0.0032780190, 0.6763447000, 0.7365769000)
(0.0095664340, 0.6738012000, 0.7388390000)
(0.0114940700, 0.6741610000, 0.7384759000)
(0.0104967300, 0.6744605000, 0.7382233000)
(0.0093528870, 0.6735488000, 0.7390656000)
(0.0085369470, 0.6744400000, 0.7382597000)
(0.0101009900, 0.6732926000, 0.7392979000)
(0.0128597000, 0.6717749000, 0.7406393000)
(0.0134399000, 0.6716885000, 0.7406998000)
(0.0118912100, 0.6721640000, 0.7403031000)
(0.0114650800, 0.6726909000, 0.7398264000)
(0.0106383200, 0.6721311000, 0.7403383000)
(0.0086988230, 0.6721161000, 0.7403758000)
(0.0113164500, 0.6735923000, 0.7390026000)
(0.0110166800, 0.6730426000, 0.7395099000)
(0.0116453200, 0.6719193000, 0.7405156000)
(0.0109741300, 0.6723080000, 0.7401837000)
(0.0117010800, 0.6710992000, 0.7412683000)
(0.0116218100, 0.6738425000, 0.7387784000)
(0.0064577450, 0.6756309000, 0.7372019000)
(0.0064120780, 0.6752004000, 0.7375860000)
(0.0098064910, 0.6728978000, 0.7396696000)
(0.0126124400, 0.6714090000, 0.7409617000)
(0.0124798100, 0.6707168000, 0.7415978000)
(0.0120800900, 0.6708667000, 0.7414629000)
(0.0129477600, 0.6703830000, 0.7418949000)
(0.0128925100, 0.6702723000, 0.7419968000)
(0.0137104900, 0.6702135000, 0.7420374000)
(0.0145368000, 0.6712044000, 0.7411191000)
(0.0147797100, 0.6711707000, 0.7411546000)
(0.0141551800, 0.6698462000, 0.7423502000)
(0.0146060000, 0.6697636000, 0.7424250000)
(0.0123504800, 0.6698382000, 0.7424008000)
(0.0115934100, 0.6704528000, 0.7418447000)
(0.0134895200, 0.6702402000, 0.7420090000)
(0.0130369200, 0.6709214000, 0.7413965000)
(0.0140692500, 0.6705627000, 0.7417093000)
(0.0103799300, 0.6701620000, 0.7421389000)
(0.0051909290, 0.6722655000, 0.7402717000)
(0.0112905500, 0.6705005000, 0.7418177000)
(0.0146557800, 0.6688166000, 0.7432708000)
(0.0151015400, 0.6688204000, 0.7432532000)
(0.0149398200, 0.6694171000, 0.7427213000)
(0.0142047800, 0.6702099000, 0.7420242000)
(0.0159551400, 0.6697004000, 0.7424585000)
(0.0160699200, 0.6714999000, 0.7408276000)
(0.0140780900, 0.6715041000, 0.7408658000)
(0.0023683710, 0.6769601000, 0.7359982000)
(0.0023779620, 0.6776268000, 0.7353864000)
(0.0101506100, 0.6758632000, 0.7369456000)
(0.0165656000, 0.6744312000, 0.7381337000)
(0.0072527040, 0.6801589000, 0.7330218000)
(0.0010240100, 0.6811275000, 0.7321612000)
(0.0061154850, 0.6812832000, 0.7319899000)
(0.0205644800, 0.6788636000, 0.7339677000)
(0.0189258000, 0.6785771000, 0.7342750000)
(0.0187718400, 0.6800336000, 0.7329376000)
(0.0161995500, 0.6804672000, 0.7325801000)
(0.0170681600, 0.6804432000, 0.7325941000)
(0.0168243500, 0.6808211000, 0.7322544000)
(0.0194341800, 0.6791035000, 0.7337702000)
(0.0204334900, 0.6799627000, 0.7329517000)
(0.0098030870, 0.6756774000, 0.7371258000)
(0.0128904100, 0.6763856000, 0.7364213000)
(0.0119504500, 0.6763104000, 0.7365050000)
(0.0111915800, 0.6766668000, 0.7361991000)
(0.0108399400, 0.6768771000, 0.7360062000)
(0.0100235900, 0.6770497000, 0.7358619000)
(0.0091456650, 0.6780809000, 0.7349131000)
(0.0082256100, 0.6782537000, 0.7347730000)
(0.0090726650, 0.6787754000, 0.7342738000)
(0.0102215700, 0.6793585000, 0.7337267000)
(0.0101289300, 0.6794097000, 0.7336761000)
(0.0119169100, 0.6794120000, 0.7336501000)
(0.0117968500, 0.6795905000, 0.7334927000)
(0.0115749300, 0.6792321000, 0.7338272000)
(0.0113647100, 0.6790002000, 0.7340351000)
(0.0112299700, 0.6784309000, 0.7345647000)
(0.0111719200, 0.6788282000, 0.7342052000)
(0.0114558500, 0.6787046000, 0.7343207000)
(0.0109042700, 0.6785400000, 0.7344620000)
(0.0118725600, 0.6775534000, 0.7353722000)
(0.0130980700, 0.6763396000, 0.7364656000)
(0.0130039200, 0.6753785000, 0.7373441000)
(0.0129937500, 0.6756954000, 0.7370610000)
(0.0128536200, 0.6744522000, 0.7381908000)
(0.0124239600, 0.6736453000, 0.7389296000)
(0.0128894500, 0.6733137000, 0.7392247000)
(0.0121428300, 0.6721445000, 0.7403015000)
(0.0081493480, 0.6723644000, 0.7401552000)
(0.0092689870, 0.6716740000, 0.7407799000)
(0.0098569690, 0.6722275000, 0.7402710000)
(0.0121242700, 0.6696830000, 0.7425415000)
(0.0102443700, 0.6699432000, 0.7423353000)
(0.0062714320, 0.6744007000, 0.7383190000)
(0.0070136630, 0.6742595000, 0.7384509000)
(0.0103623500, 0.6720864000, 0.7403802000)
(0.0126195900, 0.6706031000, 0.7417030000)
(0.0097551080, 0.6714233000, 0.7410016000)
(0.0096119460, 0.6720262000, 0.7404442000)
(0.0101896700, 0.6710522000, 0.7413393000)
(0.0115673000, 0.6709208000, 0.7414296000)
(0.0126663500, 0.6716779000, 0.7407187000)
(0.0118285300, 0.6710136000, 0.7413496000)
(0.0119035700, 0.6719233000, 0.7405198000)
(0.0122117200, 0.6721368000, 0.7403075000)
(0.0112138900, 0.6739133000, 0.7387154000)
(0.0113921900, 0.6735471000, 0.7390424000)
(0.0132114300, 0.6722876000, 0.7401604000)
(0.0161532900, 0.6717812000, 0.7405588000)
(-0.0182600400, 0.6774647000, 0.7353246000)
(0.0287718800, 0.6436566000, 0.7647700000)
(0.0000000000, 0.0000000000, 0.0000000000)
(0.0000000000, 0.0000000000, 0.0000000000)
(0.0000000000, 0.0000000000, 0.0000000000)
(0.0000000000, 0.0000000000, 0.0000000000)
(0.0000000000, 0.0000000000, 0.0000000000)
(0.0000000000, 0.0000000000, 0.0000000000)
(0.0000000000, 0.0000000000, 0.0000000000)
(0.0224469900, 0.6672223000, 0.7445191000)
(0.0175233100, 0.6637059000, 0.7477751000)
(0.0001932669, 0.6669500000, 0.7450952000)
(0.0253842700, 0.6535666000, 0.7564397000)
(0.0213440700, 0.6524394000, 0.7575336000)
(0.0197511700, 0.6576194000, 0.7530845000)
(-0.0026789390, 0.6720569000, 0.7404940000)
(-0.0127212800, 0.6790432000, 0.7339836000)
(-0.0115593500, 0.6794315000, 0.7336478000)
(-0.0092316310, 0.6781691000, 0.7348362000)
(-0.0119309900, 0.6789501000, 0.7340752000)
(-0.0088848470, 0.6784685000, 0.7345755000)
(-0.0052764080, 0.6770313000, 0.7359309000)
(-0.0089829400, 0.6770738000, 0.7358413000)
(-0.0008987092, 0.6762695000, 0.7366522000)
(0.0086432670, 0.6701745000, 0.7421338000)
(0.0104899800, 0.6700991000, 0.7421952000)
(0.0107224000, 0.6697434000, 0.7424973000)
(0.0107674000, 0.6701714000, 0.7421147000)
(0.0118737600, 0.6704440000, 0.7418611000)
(0.0130047600, 0.6707020000, 0.7416019000)
(0.0140441800, 0.6713743000, 0.7409654000)
(0.0137352600, 0.6728829000, 0.7396021000)
(0.0108529800, 0.6729156000, 0.7396204000)
(0.0089282460, 0.6742097000, 0.7384690000)
(0.0121923200, 0.6735751000, 0.7390094000)
(0.0149851200, 0.6732566000, 0.7392402000)
(0.0163550700, 0.6732898000, 0.7391975000)
(0.0139131200, 0.6742749000, 0.7383385000)
(0.0123431500, 0.6743117000, 0.7383361000)
(0.0131038100, 0.6743615000, 0.7382734000)
(0.0150685900, 0.6751631000, 0.7374941000)
(0.0153134500, 0.6768562000, 0.7359489000)
(0.0146668900, 0.6765027000, 0.7362746000)
(0.0145137500, 0.6761662000, 0.7365944000)
(0.0153564200, 0.6745327000, 0.7380847000)
(0.0161854400, 0.6745785000, 0.7380248000)
(0.0164659200, 0.6760498000, 0.7366575000)
(0.0168421700, 0.6754411000, 0.7372018000)
(0.0154735900, 0.6748257000, 0.7378063000)
(0.0149663200, 0.6745492000, 0.7380662000)
(0.0171667800, 0.6742820000, 0.7382587000)
(0.0170939700, 0.6741328000, 0.7383970000)
(0.0173536300, 0.6741601000, 0.7383713000)
(0.0172629600, 0.6755879000, 0.7370623000)
(0.0140906300, 0.6773928000, 0.7354746000)
(0.0118761400, 0.6774385000, 0.7354769000)
(0.0135548200, 0.6773731000, 0.7355129000)
(0.0147461400, 0.6771607000, 0.7356725000)
(0.0189154000, 0.6768180000, 0.7358913000)
(0.0201389000, 0.6761912000, 0.7364468000)
(0.0196017100, 0.6762266000, 0.7364264000)
(0.0138702600, 0.6772636000, 0.7355919000)
(0.0125894900, 0.6771110000, 0.7357581000)
(0.0168776000, 0.6742280000, 0.7383277000)
(0.0169689100, 0.6717014000, 0.7406251000)
(0.0141983300, 0.6718966000, 0.7404909000)
(0.0139223100, 0.6720263000, 0.7403906000)
(0.0139130700, 0.6713304000, 0.7410157000)
(0.0139752900, 0.6703955000, 0.7418705000)
(0.0146957500, 0.6700249000, 0.7421891000)
(0.0151302200, 0.6693159000, 0.7428038000)
(0.0154462500, 0.6688672000, 0.7432076000)
(0.0167302200, 0.6678245000, 0.7441306000)
(0.0156558800, 0.6680149000, 0.7439697000)
(0.0132093800, 0.6686388000, 0.7434506000)
(0.0109010000, 0.6684440000, 0.7436816000)
(0.0080368920, 0.6704107000, 0.7419431000)
(0.0085974050, 0.6692886000, 0.7429500000)
(0.0129043700, 0.6662856000, 0.7455692000)
(0.0135895400, 0.6655576000, 0.7462223000)
(0.0130496300, 0.6663820000, 0.7454853000)
(0.0130555400, 0.6665608000, 0.7453258000)
(0.0138673400, 0.6662893000, 0.7455521000)
(0.0143355900, 0.6658220000, 0.7459533000)
(0.0133626800, 0.6664461000, 0.7454301000)
(0.0081062660, 0.6652870000, 0.7465335000)
(0.0108560100, 0.6680790000, 0.7440086000)
(0.0079407280, 0.6697696000, 0.7425124000)
(0.0096676140, 0.6675719000, 0.7444673000)
(0.0117388500, 0.6654779000, 0.7463164000)
(0.0132608000, 0.6654481000, 0.7463141000)
(0.0119250600, 0.6676242000, 0.7443824000)
(0.0087516730, 0.6689759000, 0.7432268000)
(-0.0007304061, 0.6742401000, 0.7385054000)
(-0.0001841368, 0.6737483000, 0.7389488000)
(0.0070897790, 0.6672822000, 0.7447644000)
(0.0109008000, 0.6663241000, 0.7455741000)
(0.0115472700, 0.6662619000, 0.7456149000)
(0.0110614100, 0.6661950000, 0.7456928000)
(0.0113119800, 0.6661848000, 0.7456815000)
(0.0114997400, 0.6662874000, 0.7455931000)
(0.0115641700, 0.6662737000, 0.7456089000)
(0.0126345700, 0.6661789000, 0.7456814000)
(0.0133346100, 0.6656312000, 0.7461587000)
(0.0137520300, 0.6672149000, 0.7447326000)
(0.0119375800, 0.6684291000, 0.7436662000)
(0.0112006400, 0.6695800000, 0.7426512000)
(0.0115798000, 0.6696880000, 0.7425381000)
(0.0125691200, 0.6693395000, 0.7428414000)
(0.0121606400, 0.6692179000, 0.7429463000)
(0.0133137200, 0.6685631000, 0.7435183000)
(0.0140668100, 0.6685132000, 0.7435504000)
(0.0136190200, 0.6678070000, 0.7441911000)
(0.0134723200, 0.6673698000, 0.7446000000)
(0.0140415800, 0.6674810000, 0.7444884000)
(0.0116074700, 0.6704382000, 0.7418707000)
(-0.0098778860, 0.6770613000, 0.7358598000)
(-0.0120285000, 0.6782870000, 0.7346835000)
(-0.0054439390, 0.6784223000, 0.7346444000)
(-0.0084211890, 0.6782154000, 0.7347994000)
(-0.0043760130, 0.6776173000, 0.7353917000)
(0.0008623890, 0.6764350000, 0.7364959000)
(0.0081781690, 0.6746648000, 0.7380605000)
(0.0163732500, 0.6732772000, 0.7391940000)
(0.0158007600, 0.6724294000, 0.7399885000)
(-0.0011804580, 0.6730773000, 0.7395540000)
(-0.0083184810, 0.6775165000, 0.7354478000)
(-0.0114656400, 0.6796676000, 0.7334141000)
(-0.0008420633, 0.6756662000, 0.7371868000)
(-0.0003400017, 0.6765177000, 0.7364091000)
(0.0014173970, 0.6752993000, 0.7375349000)
(0.0031262830, 0.6746199000, 0.7381574000)
(0.0070227320, 0.6730701000, 0.7395366000)
(0.0095748500, 0.6730474000, 0.7395294000)
(0.0228015700, 0.6706997000, 0.7413628000)
(0.0243633800, 0.6730199000, 0.7392048000)
(0.0244411100, 0.6738818000, 0.7384181000)
(0.0235519400, 0.6734919000, 0.7387996000)
(0.0226475900, 0.6724094000, 0.7398297000)
(0.0229221000, 0.6723927000, 0.7398309000)
(0.0098267510, 0.6744266000, 0.7382656000)
(0.0038032130, 0.6729611000, 0.7396622000)
(0.0019020700, 0.6749343000, 0.7378584000)
(0.0036691010, 0.6738077000, 0.7388838000)
(0.0053911200, 0.6733208000, 0.7393302000)
(0.0036528840, 0.6747071000, 0.7380614000)
(-0.0038030930, 0.6763783000, 0.7365243000)
(-0.0018812910, 0.6757784000, 0.7370951000)
(0.0062557890, 0.6727890000, 0.7397963000)
(0.0062419620, 0.6719154000, 0.7405955000)
(0.0080602610, 0.6718904000, 0.7405947000)
(0.0075761220, 0.6725962000, 0.7399603000)
(0.0075322600, 0.6719473000, 0.7405599000)
(0.0078275130, 0.6721878000, 0.7403279000)
(0.0056832150, 0.6725637000, 0.7400138000)
(0.0061822210, 0.6714563000, 0.7410057000)
(0.0065321020, 0.6717699000, 0.7407269000)
(0.0073171460, 0.6728579000, 0.7397225000)
(0.0098962950, 0.6736937000, 0.7389392000)
(0.0099195790, 0.6741102000, 0.7385437000)
(0.0091702020, 0.6742063000, 0.7384738000)
(0.0097792470, 0.6742683000, 0.7384076000)
(0.0091814500, 0.6749852000, 0.7377616000)
(0.0085661220, 0.6747184000, 0.7380142000)
(0.0097450050, 0.6740544000, 0.7386141000)
(0.0099668010, 0.6736174000, 0.7390072000)
(0.0117879500, 0.6747383000, 0.7379420000)
(0.0108148800, 0.6752986000, 0.7374539000)
(0.0076772560, 0.6756673000, 0.7371562000)
(0.0047151080, 0.6768313000, 0.7361129000)
(0.0020070250, 0.6777775000, 0.7352617000)
(0.0045846840, 0.6771405000, 0.7358373000)
(0.0093635530, 0.6766019000, 0.7362767000)
(0.0100080500, 0.6761103000, 0.7367247000)
(0.0096069700, 0.6759948000, 0.7368415000)
(0.0094966310, 0.6764611000, 0.7363995000)
(0.0088005430, 0.6761267000, 0.7367196000)
(0.0088335890, 0.6763219000, 0.7365474000)
(0.0093847400, 0.6763119000, 0.7365366000)
(0.0104482500, 0.6767692000, 0.7361165000)
(0.0110180600, 0.6769770000, 0.7359174000)
(0.0115442300, 0.6764454000, 0.7363939000)
(0.0114201900, 0.6767414000, 0.7361276000)
(0.0119167900, 0.6764530000, 0.7363690000)
(0.0108528000, 0.6764670000, 0.7363921000)
(0.0105146700, 0.6760089000, 0.7368108000)
(0.0097453950, 0.6759171000, 0.7369126000)
(0.0102025000, 0.6739290000, 0.7387102000)
(0.0101318000, 0.6742766000, 0.7383973000)
(0.0097611840, 0.6743454000, 0.7383347000)
(0.0113940500, 0.6743873000, 0.7382713000)
(0.0112621800, 0.6749893000, 0.7377330000)
(0.0116730900, 0.6751592000, 0.7375627000)
(0.0084780960, 0.6724486000, 0.7400948000)
(-0.0016630000, 0.6777763000, 0.7352508000)
(-0.0003546864, 0.6783316000, 0.7347485000)
(0.0110447600, 0.6729504000, 0.7395893000)
(0.0130639900, 0.6715810000, 0.7408104000)
(0.0096334240, 0.6723912000, 0.7401149000)
(0.0099798300, 0.6725793000, 0.7399523000)
(0.0118287600, 0.6710618000, 0.7413055000)
(0.0161847000, 0.6714438000, 0.7408608000)
(0.0130877700, 0.6720883000, 0.7403377000)
(0.0100915500, 0.6732562000, 0.7393307000)
(0.0078085920, 0.6730966000, 0.7395118000)
(0.0107243100, 0.6732711000, 0.7393168000)
(0.0122693200, 0.6721316000, 0.7403099000)
(0.0116129300, 0.6726581000, 0.7398536000)
(0.0106814200, 0.6718431000, 0.7405959000)
(-0.0002480175, 0.6748451000, 0.7379400000)
(-0.0005962270, 0.6753544000, 0.7374842000)
(0.0065025450, 0.6731911000, 0.7394386000)
(0.0080110420, 0.6720476000, 0.7404511000)
(0.0103063500, 0.6722334000, 0.7402621000)
(0.0095880740, 0.6722339000, 0.7402762000)
(0.0091892260, 0.6720489000, 0.7404358000)
(0.0108507900, 0.6717723000, 0.7406583000)
(0.0103613300, 0.6722717000, 0.7402272000)
(0.0089142170, 0.6717475000, 0.7407244000)
(0.0098195220, 0.6721796000, 0.7403059000)
(0.0089365240, 0.6725426000, 0.7399933000)
(0.0078742060, 0.6727209000, 0.7398484000)
(0.0072787420, 0.6729870000, 0.7396023000)
(0.0064022250, 0.6733042000, 0.7393361000)
(0.0064932160, 0.6736315000, 0.7390225000)
(0.0055125940, 0.6728175000, 0.7397813000)
(0.0024753680, 0.6737059000, 0.7389805000)
(0.0040647290, 0.6727824000, 0.7398232000)
(0.0058502220, 0.6716453000, 0.7408347000)
(0.0048978400, 0.6721199000, 0.7404208000)
(0.0042374880, 0.6716699000, 0.7408189000)
(0.0051769610, 0.6714866000, 0.7409884000)
(0.0045716710, 0.6713074000, 0.7411647000)
(0.0041392430, 0.6712971000, 0.7411705000)
(0.0038148820, 0.6706566000, 0.7417390000)
(0.0043859460, 0.6702911000, 0.7420685000)
(0.0044411930, 0.6705999000, 0.7417961000)
(0.0195862100, 0.6662319000, 0.7454790000)
(0.0200381300, 0.6671996000, 0.7446017000)
(0.0207634500, 0.6667378000, 0.7449960000)
(0.0205425000, 0.6655178000, 0.7460808000)
(0.0124237100, 0.6684086000, 0.7436767000)
(0.0033707290, 0.6711197000, 0.7413404000)
(0.0039457930, 0.6702940000, 0.7420848000)
(0.0056238590, 0.6689073000, 0.7433154000)
(0.0057000430, 0.6705475000, 0.7418330000)
(0.0056601120, 0.6705028000, 0.7418735000)
(0.0051447720, 0.6703529000, 0.7420219000)
(0.0036936920, 0.6715329000, 0.7409576000)
(0.0039509550, 0.6716176000, 0.7408822000)
(0.0038167920, 0.6715924000, 0.7409030000)
(0.0051374410, 0.6706228000, 0.7417783000)
(0.0051038750, 0.6710161000, 0.7414062000)
(0.0034827900, 0.6711943000, 0.7412557000)
(0.0003918682, 0.6720762000, 0.7404612000)
(0.0007047934, 0.6711773000, 0.7412877000)
(0.0024452270, 0.6708887000, 0.7415382000)
(0.0021279050, 0.6705844000, 0.7418295000)
(0.0032853510, 0.6703213000, 0.7420556000)
(0.0040956880, 0.6701976000, 0.7421689000)
(0.0013474620, 0.6663807000, 0.7455913000)
(0.0170050400, 0.6623601000, 0.7489890000)
(0.0125237100, 0.6606021000, 0.7506219000)
(0.0174457700, 0.6622383000, 0.7490810000)
(-0.0003988504, 0.6685574000, 0.7436534000)
(-0.0021819860, 0.6667520000, 0.7452707000)
(0.0288945700, 0.6607015000, 0.7500805000)
(0.0302314800, 0.6635870000, 0.7474720000)
(0.0290268500, 0.6631994000, 0.7478739000)
(0.0092514180, 0.6712183000, 0.7411973000)
(0.0127589000, 0.6660454000, 0.7457848000)
(0.0167649700, 0.6689773000, 0.7430830000)
(0.0183503100, 0.6651991000, 0.7464221000)
(0.0192689300, 0.6653816000, 0.7462524000)
(0.0190479100, 0.6650100000, 0.7465757000)
(0.0183672400, 0.6698384000, 0.7422668000)
(0.0043026900, 0.6745770000, 0.7381791000)
(0.0023854440, 0.6751974000, 0.7376282000)
(0.0016770970, 0.6755384000, 0.7373224000)
(0.0058491430, 0.6734495000, 0.7392012000)
(0.0059187670, 0.6725157000, 0.7400569000)
(0.0149223700, 0.6671040000, 0.7447987000)
(0.0176770200, 0.6616499000, 0.7495844000)
(0.0165070300, 0.6597740000, 0.7512729000)
(0.0174478600, 0.6616539000, 0.7496029000)
(0.0076098970, 0.6664745000, 0.7454824000)
(0.0067380920, 0.6678110000, 0.7442814000)
(0.0056460350, 0.6673797000, 0.7446774000)
(0.0199251500, 0.6684437000, 0.7434798000)
(0.0256505400, 0.6664163000, 0.7451379000)
(0.0252213100, 0.6675396000, 0.7441314000)
(0.0090423220, 0.6743333000, 0.7383587000)
(0.0095338580, 0.6742085000, 0.7384722000)
(0.0093045640, 0.6738413000, 0.7388002000)
(0.0035777570, 0.6738065000, 0.7388839000)
(0.0103368500, 0.6683993000, 0.7437233000)
(0.0093281870, 0.6693674000, 0.7428704000)
(0.0077315250, 0.6700410000, 0.7422753000)
(0.0048852310, 0.6712059000, 0.7412354000)
(0.0099820750, 0.6711892000, 0.7412138000)
(0.0159244500, 0.6674597000, 0.7444677000)
(0.0143856600, 0.6678965000, 0.7441075000)
(0.0119613000, 0.6700682000, 0.7421877000)
(0.0101343900, 0.6599029000, 0.7512639000)
(0.0103800500, 0.6566218000, 0.7541306000)
(0.0106179800, 0.6568828000, 0.7539002000)
(0.0112457500, 0.6580997000, 0.7528385000)
(0.0017826530, 0.6643077000, 0.7474440000)
(-0.0073093200, 0.6702794000, 0.7420587000)
(-0.0037607050, 0.6691675000, 0.7430819000)
(-0.0024226880, 0.6693024000, 0.7429739000)
(-0.0025501420, 0.6691991000, 0.7430651000)
(-0.0015089050, 0.6705424000, 0.7418582000)
(-0.0005859620, 0.6728665000, 0.7397486000)
(-0.0017806020, 0.6717463000, 0.7407590000)
(-0.0035641930, 0.6720150000, 0.7405233000)
(-0.0036842880, 0.6717630000, 0.7407475000)
(-0.0053893220, 0.6719836000, 0.7405362000)
(-0.0039616450, 0.6713106000, 0.7411475000)
(-0.0032634710, 0.6726814000, 0.7399113000)
(-0.0070094090, 0.6736017000, 0.7390582000)
(-0.0057054550, 0.6740776000, 0.7386225000)
(-0.0038522560, 0.6723256000, 0.7402433000)
(-0.0013617450, 0.6719613000, 0.7405711000)
(-0.0017197780, 0.6724288000, 0.7401503000)
(-0.0041320770, 0.6719685000, 0.7405589000)
(-0.0032113330, 0.6720458000, 0.7404984000)
(-0.0030335490, 0.6731370000, 0.7395034000)
(-0.0027413580, 0.6718786000, 0.7406511000)
(-0.0021027520, 0.6717703000, 0.7407538000)
(-0.0023757490, 0.6710268000, 0.7414157000)
(-0.0013362860, 0.6702403000, 0.7421254000)
(-0.0014564400, 0.6700890000, 0.7422596000)
(-0.0021207820, 0.6697531000, 0.7425731000)
(-0.0035589900, 0.6695761000, 0.7427182000)
(0.0148100500, 0.6578956000, 0.7529518000)
(0.0236638600, 0.6586807000, 0.7520416000)
(0.0180216200, 0.6611426000, 0.7500408000)
(0.0135325000, 0.6629099000, 0.7485669000)
(0.0044519440, 0.6672257000, 0.7448238000)
(0.0101679100, 0.6627111000, 0.7487933000)
(0.0171495500, 0.6569881000, 0.7536991000)
(0.0268266600, 0.6551157000, 0.7550392000)
(0.0240726400, 0.6562244000, 0.7541718000)
(0.0152650600, 0.6602020000, 0.7509132000)
(0.0163824400, 0.6542471000, 0.7560924000)
(0.0180858200, 0.6544561000, 0.7558796000)
(0.0131409800, 0.6587273000, 0.7522509000)
(0.0005978383, 0.6668316000, 0.7452003000)
(0.0003710112, 0.6670324000, 0.7450212000)
(-0.0219503200, 0.6737478000, 0.7386152000)
(0.0113033500, 0.6649407000, 0.7467954000)
(0.0215833900, 0.6623208000, 0.7488918000)
(0.0212031400, 0.6641348000, 0.7473104000)
(0.0205284900, 0.6628887000, 0.7484201000)
(0.0212623300, 0.6622269000, 0.7490005000)
(0.0177864900, 0.6599818000, 0.7510554000)
(0.0135309000, 0.6600589000, 0.7510905000)
(0.0124884800, 0.6614544000, 0.7498775000)
(-0.0024912760, 0.6678944000, 0.7442475000)
(0.0157621100, 0.6605659000, 0.7505938000)
(0.0210551200, 0.6579713000, 0.7527284000)
(0.0229615900, 0.6601027000, 0.7508202000)
(0.0067864040, 0.6692416000, 0.7430015000)
(0.0052710860, 0.6696959000, 0.7426023000)
(-0.0082349920, 0.6678644000, 0.7442241000)
(0.0154907400, 0.6582658000, 0.7526092000)
(0.0176723500, 0.6591303000, 0.7518088000)
(0.0148470000, 0.6626706000, 0.7487541000)
(0.0216325500, 0.6606345000, 0.7503802000)
(0.0223677600, 0.6597090000, 0.7511762000)
(0.0226198200, 0.6614677000, 0.7496218000)
(0.0213056700, 0.6621395000, 0.7490741000)
(0.0125821700, 0.6682545000, 0.7438115000)
(0.0068234270, 0.6717338000, 0.7407603000)
(0.0047381270, 0.6721590000, 0.7403796000)
(0.0057642160, 0.6719648000, 0.7405418000)
(0.0055459720, 0.6752575000, 0.7375407000)
(0.0095201180, 0.6739840000, 0.7386682000)
(0.0048126200, 0.6708093000, 0.7416077000)
(0.0106684900, 0.6688302000, 0.7433375000)
(0.0082145910, 0.6697891000, 0.7425039000)
(0.0024275210, 0.6720574000, 0.7404918000)
(0.0055465240, 0.6709443000, 0.7414736000)
(0.0055471300, 0.6707585000, 0.7416404000)
(0.0054300000, 0.6715319000, 0.7409465000)
(0.0097656620, 0.6696578000, 0.7425969000)
(0.0141386700, 0.6683610000, 0.7436880000)
(0.0123535600, 0.6686375000, 0.7434676000)
(0.0046558920, 0.6717783000, 0.7407219000)
(0.0034236520, 0.6736488000, 0.7390404000)
(0.0031837620, 0.6727710000, 0.7398413000)
(0.0057274580, 0.6704361000, 0.7419267000)
(0.0050162240, 0.6681717000, 0.7439817000)
(0.0063154670, 0.6711966000, 0.7412336000)
(0.0047716190, 0.6714969000, 0.7409713000)
(0.0038314280, 0.6723353000, 0.7402366000)
(0.0073194460, 0.6707488000, 0.7416404000)
(0.0074089530, 0.6707227000, 0.7416670000)
(0.0080944710, 0.6704426000, 0.7419028000)
(0.0077001490, 0.6711478000, 0.7412703000)
(0.0071625800, 0.6714585000, 0.7409894000)
(0.0072190520, 0.6711271000, 0.7413043000)
(0.0071186550, 0.6720984000, 0.7404114000)
(0.0073717100, 0.6717492000, 0.7407296000)
(0.0068497430, 0.6720108000, 0.7404917000)
(0.0067946220, 0.6723636000, 0.7401747000)
(0.0045242030, 0.6740000000, 0.7387170000)
(0.0045029670, 0.6730050000, 0.7396039000)
(0.0080302370, 0.6719437000, 0.7405379000)
(0.0074296040, 0.6716207000, 0.7408422000)
(0.0064935940, 0.6711887000, 0.7412421000)
(0.0071059210, 0.6720657000, 0.7404427000)
(-0.0075446470, 0.6781659000, 0.7348565000)
(-0.0122451600, 0.6802064000, 0.7329141000)
(-0.0037797940, 0.6771051000, 0.7358741000)
(0.0074681120, 0.6712958000, 0.7411315000)
(0.0067993200, 0.6718122000, 0.7406878000)
(0.0100224200, 0.6713418000, 0.7410782000)
(-0.0005930526, 0.6743633000, 0.7383940000)
(-0.0099893440, 0.6804091000, 0.7327592000)
(-0.0040113530, 0.6782998000, 0.7347695000)
(-0.0013534800, 0.6774190000, 0.7355790000)
(-0.0079932820, 0.6804205000, 0.7327632000)
(0.0228884400, 0.6643697000, 0.7470338000)
(0.0237784100, 0.6660157000, 0.7455582000)
(0.0238395000, 0.6636440000, 0.7476553000)
(0.0230848700, 0.6632918000, 0.7479997000)
(0.0138088500, 0.6666957000, 0.7451901000)
(0.0054854490, 0.6701673000, 0.7421870000)
(0.0054212180, 0.6709433000, 0.7414729000)
(0.0036111430, 0.6717477000, 0.7407590000)
(0.0064050410, 0.6712061000, 0.7412275000)
(0.0074728510, 0.6706060000, 0.7417668000)
(0.0066875770, 0.6705870000, 0.7417816000)
(0.0042796500, 0.6719724000, 0.7405636000)
(0.0045799750, 0.6717885000, 0.7407091000)
(0.0050499890, 0.6708474000, 0.7415748000)
(0.0067673050, 0.6710672000, 0.7413545000)
(0.0069392100, 0.6710315000, 0.7413872000)
(0.0078485770, 0.6702096000, 0.7421299000)
(0.0039195450, 0.6706662000, 0.7417465000)
(0.0032230160, 0.6710678000, 0.7413822000)
(0.0033499090, 0.6715863000, 0.7409001000)
(0.0028919140, 0.6717900000, 0.7407184000)
(0.0033731940, 0.6720241000, 0.7405137000)
(0.0033712130, 0.6732610000, 0.7393878000)
(0.0038768040, 0.6729003000, 0.7397131000)
(0.0026168440, 0.6730245000, 0.7396122000)
(0.0030159810, 0.6740266000, 0.7386997000)
(0.0024633950, 0.6742181000, 0.7385247000)
(-0.0003954246, 0.6746178000, 0.7381665000)
(-0.0010788760, 0.6742436000, 0.7384917000)
(0.0010731460, 0.6736279000, 0.7390590000)
(0.0035454700, 0.6718733000, 0.7406464000)
(0.0053746620, 0.6705703000, 0.7418261000)
(0.0045311810, 0.6688302000, 0.7433918000)
(0.0210395200, 0.6649307000, 0.7466045000)
(0.0191055800, 0.6650858000, 0.7465079000)
(0.0200154500, 0.6639125000, 0.7475240000)
(0.0198385000, 0.6629180000, 0.7484125000)
(0.0014133260, 0.6710568000, 0.7413968000)
(0.0018558840, 0.6705500000, 0.7418558000)
(0.0006276523, 0.6705018000, 0.7418882000)
(-0.0001510087, 0.6713495000, 0.7411250000)
(-0.0003679949, 0.6713508000, 0.7411217000)
(0.0014851830, 0.6711524000, 0.7413133000)
(0.0038293300, 0.6704617000, 0.7419306000)
(-0.0075386940, 0.6751782000, 0.7376027000)
(-0.0142151000, 0.6777315000, 0.7351614000)
(-0.0081961980, 0.6759959000, 0.7368463000)
(-0.0008958706, 0.6722622000, 0.7403048000)
(0.0028157840, 0.6709884000, 0.7414536000)
(0.0046428160, 0.6704258000, 0.7419487000)
(0.0069688210, 0.6698970000, 0.7424198000)
(0.0070061980, 0.6697438000, 0.7425388000)
(0.0070988290, 0.6702130000, 0.7421188000)
(0.0074252690, 0.6696752000, 0.7425992000)
(0.0058873740, 0.6700446000, 0.7422816000)
(0.0061081420, 0.6698331000, 0.7424722000)
(0.0053536870, 0.6712323000, 0.7412141000)
(0.0048580920, 0.6705461000, 0.7418409000)
(0.0049319420, 0.6687990000, 0.7434236000)
(0.0012554290, 0.6725056000, 0.7400838000)
(-0.0029514080, 0.6750202000, 0.7377856000)
(-0.0057665750, 0.6766517000, 0.7362630000)
(-0.0003219579, 0.6758379000, 0.7370350000)
(0.0010775470, 0.6739565000, 0.7387670000)
(-0.0010874760, 0.6752031000, 0.7376183000)
(-0.0054199540, 0.6784019000, 0.7346646000)
(-0.0059097280, 0.6790705000, 0.7340419000)
(0.0001730905, 0.6774973000, 0.7355203000)
(0.0088588170, 0.6727285000, 0.7398288000)
(0.0041903580, 0.6728964000, 0.7397226000)
(-0.0138961800, 0.6813233000, 0.7318381000)
(-0.0098043390, 0.6786059000, 0.7344217000)
(0.0029305290, 0.6746929000, 0.7380891000)
(0.0041996180, 0.6743336000, 0.7383974000)
(-0.0004208217, 0.6772970000, 0.7356922000)
(-0.0014947340, 0.6774215000, 0.7355741000)
(0.0003619346, 0.6752576000, 0.7375617000)
(0.0027916280, 0.6751583000, 0.7376516000)
(0.0036099140, 0.6751198000, 0.7376929000)
(0.0012281680, 0.6749414000, 0.7378542000)
(0.0010102830, 0.6762088000, 0.7366961000)
(0.0017625170, 0.6761377000, 0.7367662000)
(0.0032429410, 0.6752644000, 0.7375608000)
(0.0037616910, 0.6760798000, 0.7367983000)
(0.0032070820, 0.6761861000, 0.7367225000)
(0.0025749510, 0.6747875000, 0.7380010000)
(0.0027898450, 0.6746209000, 0.7381525000)
(0.0023103320, 0.6747073000, 0.7380714000)
(0.0028581150, 0.6750454000, 0.7377570000)
(0.0036797500, 0.6735429000, 0.7391213000)
(0.0038403120, 0.6737978000, 0.7388929000)
(0.0053339260, 0.6740095000, 0.7386993000)
(0.0052889880, 0.6739696000, 0.7387334000)
(0.0057419290, 0.6738472000, 0.7388474000)
(0.0056069290, 0.6743096000, 0.7384141000)
(0.0056533330, 0.6749023000, 0.7378828000)
(0.0029881000, 0.6747572000, 0.7380311000)
(0.0027979050, 0.6748126000, 0.7379791000)
(0.0023212860, 0.6737303000, 0.7389627000)
(0.0025170000, 0.6729558000, 0.7396769000)
(0.0039003760, 0.6746645000, 0.7381022000)
(0.0048641030, 0.6750371000, 0.7377559000)
(0.0052484420, 0.6749256000, 0.7378609000)
(0.0042065950, 0.6744272000, 0.7383222000)
(0.0047905850, 0.6747784000, 0.7379891000)
(0.0050565100, 0.6748677000, 0.7379097000)
(0.0050451930, 0.6753829000, 0.7374295000)
(0.0052719640, 0.6756455000, 0.7371967000)
(0.0059625650, 0.6754614000, 0.7373669000)
(0.0065351170, 0.6757329000, 0.7371106000)
(0.0073167650, 0.6741145000, 0.7385845000)
(0.0077945540, 0.6742781000, 0.7384223000)
(0.0076416000, 0.6743553000, 0.7383506000)
(0.0049920960, 0.6728978000, 0.7397077000)
(0.0042103480, 0.6795039000, 0.7336408000)
(0.0037467590, 0.6781513000, 0.7349077000)
(0.0059474550, 0.6774812000, 0.7355018000)
(0.0088341580, 0.6765277000, 0.7363563000)
(0.0076495830, 0.6754736000, 0.7373274000)
(0.0062908960, 0.6748093000, 0.7379497000)
(0.0068091480, 0.6743775000, 0.7383375000)
(0.0079498190, 0.6737159000, 0.7389412000)
(0.0078558980, 0.6732606000, 0.7393535000)
(0.0087115100, 0.6729584000, 0.7396086000)
(0.0088319730, 0.6723195000, 0.7401983000)
(0.0080689560, 0.6720366000, 0.7404603000)
(0.0057515620, 0.6750123000, 0.7377702000)
(0.0051211780, 0.6753755000, 0.7374389000)
(0.0055352300, 0.6741988000, 0.7385126000)
(0.0061158790, 0.6742660000, 0.7384575000)
(0.0083163040, 0.6746655000, 0.7380571000)
(0.0083090390, 0.6745914000, 0.7381262000)
(0.0079318390, 0.6748064000, 0.7379503000)
(0.0074321440, 0.6753775000, 0.7374190000)
(0.0058143760, 0.6759874000, 0.7368780000)
(0.0046625880, 0.6757910000, 0.7370638000)
(0.0051597010, 0.6761897000, 0.7366904000)
(0.0050659620, 0.6762424000, 0.7366471000)
(0.0038929350, 0.6768026000, 0.7361353000)
(0.0047341700, 0.6779183000, 0.7351071000)
(0.0070290370, 0.6778885000, 0.7351143000)
(0.0056853990, 0.6774756000, 0.7355056000)
(0.0118010300, 0.6821920000, 0.7310699000)
(0.0131570600, 0.6784179000, 0.7345511000)
(0.0064166320, 0.6793054000, 0.7338204000)
(0.0070878000, 0.6800734000, 0.7330995000)
(0.0086693490, 0.6786489000, 0.7344087000)
(0.0022141610, 0.6784999000, 0.7345850000)
(0.0047545130, 0.6761110000, 0.7367770000)
(0.0086811790, 0.6791689000, 0.7339300000)
(0.0068107090, 0.6767958000, 0.7361277000)
(0.0068239960, 0.6771542000, 0.7358047000)
(0.0035832310, 0.6712029000, 0.7412496000)
(-0.0038224720, 0.6773726000, 0.7356183000)
(-0.0047075450, 0.6791983000, 0.7339195000)
(0.0010676980, 0.6748661000, 0.7379358000)
(0.0030480570, 0.6746361000, 0.7381430000)
(0.0045103310, 0.6738727000, 0.7388331000)
(0.0044165970, 0.6740155000, 0.7386867000)
(0.0054297910, 0.6747687000, 0.7380040000)
(0.0055685340, 0.6741070000, 0.7385968000)
(0.0016971220, 0.6745027000, 0.7382689000)
(0.0007942407, 0.6750090000, 0.7378089000)
(0.0038387070, 0.6736078000, 0.7390633000)
(0.0072535230, 0.6725640000, 0.7399852000)
(0.0065455450, 0.6727371000, 0.7398459000)
(0.0037083780, 0.6730280000, 0.7396030000)
(0.0058991510, 0.6735494000, 0.7391157000)
(0.0057638290, 0.6739872000, 0.7387062000)
(0.0032105270, 0.6746050000, 0.7381699000)
(0.0063415500, 0.6739129000, 0.7387732000)
(0.0072150060, 0.6739058000, 0.7387674000)
(0.0078472850, 0.6757276000, 0.7370913000)
(0.0073107080, 0.6758658000, 0.7369822000)
(0.0046389410, 0.6767167000, 0.7362194000)
(0.0002975251, 0.6763077000, 0.7366050000)
(-0.0004127145, 0.6767383000, 0.7362140000)
(-0.0001724362, 0.6773630000, 0.7356353000)
(0.0000316488, 0.6777853000, 0.7352410000)
(0.0041461210, 0.6768817000, 0.7360641000)
(0.0030585940, 0.6774642000, 0.7355308000)
(0.0061399750, 0.6780715000, 0.7349582000)
(0.0062269320, 0.6779711000, 0.7350476000)
(0.0052775610, 0.6794701000, 0.7336632000)
(0.0055043860, 0.6795788000, 0.7335622000)
(0.0055242800, 0.6817451000, 0.7315528000)
(0.0056723780, 0.6817092000, 0.7315856000)
(0.0074129150, 0.6816726000, 0.7316141000)
(0.0074504340, 0.6823236000, 0.7309961000)
(0.0071900720, 0.6824115000, 0.7309296000)
(0.0070467370, 0.6823819000, 0.7309569000)
(0.0064618470, 0.6818553000, 0.7314411000)
(0.0073661180, 0.6833873000, 0.7300019000)
(0.0130315900, 0.6770481000, 0.7358133000)
(-0.0020244760, 0.6782376000, 0.7348208000)
(-0.0078307970, 0.6816146000, 0.7316504000)
(0.0004023787, 0.6793722000, 0.7337891000)
(0.0053315060, 0.6783363000, 0.7347149000)
(0.0061028760, 0.6787427000, 0.7343385000)
(0.0071981500, 0.6781180000, 0.7349047000)
(0.0024803540, 0.6792007000, 0.7339393000)
(-0.0016726910, 0.6809371000, 0.7323288000)
(0.0035876240, 0.6805997000, 0.7326381000)
(0.0103927600, 0.6801054000, 0.7330371000)
(0.0099219890, 0.6790606000, 0.7340076000)
(0.0073349590, 0.6790423000, 0.7340419000)
(0.0063443130, 0.6787298000, 0.7343478000)
(0.0060199890, 0.6800531000, 0.7331229000)
(0.0048522160, 0.6809473000, 0.7323000000)
(0.0035567790, 0.6810412000, 0.7322156000)
(0.0063657470, 0.6800906000, 0.7330903000)
(0.0101846400, 0.6796488000, 0.7334659000)
(0.0113137400, 0.6791003000, 0.7339492000)
(0.0119691600, 0.6790508000, 0.7339928000)
(0.0128651700, 0.6788292000, 0.7341787000)
(0.0114686100, 0.6790200000, 0.7340108000)
(0.0083658410, 0.6791648000, 0.7339233000)
(0.0083255220, 0.6798627000, 0.7332769000)
(0.0102831900, 0.6798286000, 0.7332830000)
(0.0126360300, 0.6799725000, 0.7331163000)
(0.0127996200, 0.6813467000, 0.7318462000)
(0.0120935400, 0.6805195000, 0.7326183000)
(0.0086845690, 0.6819281000, 0.7313518000)
(0.0069217080, 0.6831264000, 0.7302669000)
(0.0087346880, 0.6824416000, 0.7308751000)
(0.0111684700, 0.6819372000, 0.7313058000)
(0.0105160700, 0.6818909000, 0.7313769000)
(0.0093797860, 0.6827368000, 0.7305956000)
(0.0027231010, 0.6824780000, 0.7308885000)
(0.0021245310, 0.6822915000, 0.7310745000)
(-0.0093864480, 0.6821936000, 0.7310963000)
(-0.0113362500, 0.6841229000, 0.7292710000)
(0.0063218100, 0.6789088000, 0.7341858000)
(0.0066601590, 0.6823351000, 0.7310073000)
(0.0055127020, 0.6795931000, 0.7335513000)
(-0.0204930200, 0.6854828000, 0.7277817000)
(-0.0217407700, 0.6862915000, 0.7269841000)
(-0.0177007200, 0.6851325000, 0.7281941000)
(0.0099581300, 0.6788500000, 0.7341914000)
(0.0051403550, 0.6805010000, 0.7327199000)
(0.0049876130, 0.6799526000, 0.7332292000)
(0.0054320830, 0.6791399000, 0.7339757000)
(0.0087994000, 0.6801019000, 0.7330468000)
(0.0099226940, 0.6767770000, 0.7361050000)
(0.0074213280, 0.6792589000, 0.7338452000)
(0.0016463150, 0.6797713000, 0.7334191000)
(0.0049671790, 0.6798923000, 0.7332788000)
(0.0150879400, 0.6778981000, 0.7349837000)
(0.0080471290, 0.6791976000, 0.7339083000)
(0.0066497140, 0.6804103000, 0.7327896000)
(0.0126179000, 0.6791977000, 0.7338444000)
(0.0160041400, 0.6796523000, 0.7333531000)
(0.0141926900, 0.6804435000, 0.7326438000)
(0.0095436000, 0.6817660000, 0.7315046000)
(0.0043633380, 0.6805332000, 0.7326974000)
(0.0060016920, 0.6786112000, 0.7344710000)
(0.0041878110, 0.6793898000, 0.7337644000)
(0.0018224860, 0.6792887000, 0.7338563000)
(0.0048954250, 0.6785964000, 0.7344767000)
(0.0061996840, 0.6775839000, 0.7354113000)
(0.0053282680, 0.6764629000, 0.7364469000)
(0.0042331290, 0.6762674000, 0.7366347000)
(0.0005491719, 0.6777659000, 0.7352635000)
(-0.0041172130, 0.6780532000, 0.7349814000)
(-0.0052454220, 0.6775612000, 0.7354338000)
(-0.0003224079, 0.6781002000, 0.7349553000)
(0.0015709360, 0.6768646000, 0.7361016000)
(0.0032822530, 0.6771635000, 0.7358050000)
(0.0030773250, 0.6753636000, 0.7374715000)
(0.0001332786, 0.6762757000, 0.7366302000)
(-0.0006862515, 0.6755085000, 0.7373506000)
(-0.0007363531, 0.6756732000, 0.7371830000)
(-0.0035105610, 0.6767250000, 0.7362177000)
(-0.0026144950, 0.6755030000, 0.7373413000)
(0.0218974000, 0.6667858000, 0.7449078000)
(0.0206349500, 0.6703106000, 0.7417888000)
(0.0216510500, 0.6670589000, 0.7446804000)
(0.0227112300, 0.6673390000, 0.7443985000)
(0.0009813923, 0.6722739000, 0.7402921000)
(0.0205949500, 0.6655664000, 0.7460433000)
(0.0185238900, 0.6683607000, 0.7435973000)
(0.0192430100, 0.6686932000, 0.7432815000)
(0.0156272200, 0.6697605000, 0.7424017000)
(0.0195906600, 0.6681334000, 0.7437643000)
(0.0183895700, 0.6662576000, 0.7454916000)
(0.0177714600, 0.6676790000, 0.7442188000)
(0.0179406300, 0.6687522000, 0.7432594000)
(0.0196965600, 0.6710919000, 0.7411094000)
(0.0199556900, 0.6709610000, 0.7412086000)
