1731.0220000000
1731.0330000000
1731.0440000000
1731.0550000000
1731.0660000000
1731.0770000000
1731.0880000000
1731.0990000000
1731.1110000000
1731.1210000000
1731.1320000000
1731.1430000000
1731.1550000000
1731.1660000000
1731.1770000000
1731.1880000000
1731.1990000000
1731.2100000000
1731.2220000000
1731.2330000000
1731.2440000000
1731.2550000000
1731.2670000000
1731.2780000000
1731.2890000000
1731.3000000000
1731.3110000000
1731.3220000000
1731.3330000000
1731.3450000000
1731.3560000000
1731.3670000000
1731.3780000000
1731.3890000000
1731.4000000000
1731.4110000000
1731.4220000000
1731.4330000000
1731.4450000000
1731.4560000000
1731.4670000000
1731.4780000000
1731.4890000000
1731.5000000000
1731.5110000000
1731.5220000000
1731.5330000000
1731.5440000000
1731.5560000000
1731.5670000000
1731.5780000000
1731.5890000000
1731.6000000000
1731.6110000000
1731.6220000000
1731.6330000000
1731.6450000000
1731.6560000000
1731.6670000000
1731.6780000000
1731.6890000000
1731.7000000000
1731.7110000000
1731.7220000000
1731.7330000000
1731.7440000000
1731.7560000000
1731.7670000000
1731.7780000000
1731.7890000000
1731.8000000000
1731.8110000000
1731.8220000000
1731.8330000000
1731.8440000000
1731.8550000000
1731.8670000000
1731.8780000000
1731.8890000000
1731.9000000000
1731.9110000000
1731.9220000000
1731.9330000000
1731.9440000000
1731.9560000000
1731.9670000000
1731.9780000000
1731.9890000000
1732.0000000000
1732.0110000000
1732.0220000000
1732.0330000000
1732.0440000000
1732.0550000000
1732.0670000000
1732.0770000000
1732.0890000000
1732.1000000000
1732.1110000000
1732.1220000000
1732.1330000000
1732.1440000000
1732.1550000000
1732.1660000000
1732.1770000000
1732.1890000000
1732.2000000000
1732.2110000000
1732.2220000000
1732.2330000000
1732.2440000000
1732.2550000000
1732.2660000000
1732.2770000000
1732.2890000000
1732.3000000000
1732.3110000000
1732.3220000000
1732.3330000000
1732.3440000000
1732.3550000000
1732.3660000000
1732.3770000000
1732.3880000000
1732.4000000000
1732.4110000000
1732.4220000000
1732.4330000000
1732.4440000000
1732.4550000000
1732.4660000000
1732.4770000000
1732.4880000000
1732.5000000000
1732.5110000000
1732.5220000000
1732.5330000000
1732.5440000000
1732.5550000000
1732.5660000000
1732.5770000000
1732.5880000000
1732.5990000000
1732.6110000000
1732.6220000000
1732.6330000000
1732.6440000000
1732.6550000000
1732.6660000000
1732.6770000000
1732.6880000000
1732.6990000000
1732.7110000000
1732.7220000000
1732.7330000000
1732.7440000000
1732.7550000000
1732.7660000000
1732.7770000000
1732.7880000000
1732.7990000000
1732.8110000000
1732.8220000000
1732.8330000000
1732.8440000000
1732.8550000000
1732.8660000000
1732.8770000000
1732.8880000000
1732.8990000000
1732.9110000000
1732.9220000000
1732.9330000000
1732.9440000000
1732.9550000000
1732.9660000000
1732.9770000000
1732.9880000000
1732.9990000000
1733.0100000000
1733.0210000000
1733.0330000000
1733.0440000000
1733.0550000000
1733.0660000000
1733.0770000000
1733.0880000000
1733.0990000000
1733.1110000000
1733.1210000000
1733.1330000000
1733.1440000000
1733.1550000000
1733.1660000000
1733.1770000000
1733.1880000000
1733.1990000000
1733.2100000000
1733.2210000000
1733.2330000000
1733.2440000000
1733.2550000000
1733.2660000000
1733.2770000000
1733.2880000000
1733.2990000000
1733.3100000000
1733.3210000000
1733.3330000000
1733.3440000000
1733.3550000000
1733.3660000000
1733.3770000000
1733.3880000000
1733.3990000000
1733.4100000000
1733.4210000000
1733.4320000000
1733.4430000000
1733.4540000000
1733.4660000000
1733.4770000000
1733.4880000000
1733.4990000000
1733.5100000000
1733.5210000000
1733.5320000000
1733.5440000000
1733.5550000000
1733.5660000000
1733.5770000000
1733.5880000000
1733.5990000000
1733.6100000000
1733.6210000000
1733.6320000000
1733.6430000000
1733.6550000000
1733.6660000000
1733.6770000000
1733.6880000000
1733.6990000000
1733.7100000000
1733.7210000000
1733.7320000000
1733.7430000000
1733.7550000000
1733.7660000000
1733.7770000000
1733.7880000000
1733.7990000000
1733.8100000000
1733.8210000000
1733.8320000000
1733.8430000000
1733.8540000000
1733.8660000000
1733.8770000000
1733.8880000000
1733.8990000000
1733.9100000000
1733.9210000000
1733.9320000000
1733.9430000000
1733.9540000000
1733.9660000000
1733.9770000000
1733.9880000000
1733.9990000000
1734.0100000000
1734.0210000000
1734.0320000000
1734.0430000000
1734.0540000000
1734.0660000000
1734.0770000000
1734.0880000000
1734.0990000000
1734.1100000000
1734.1210000000
1734.1320000000
1734.1430000000
1734.1540000000
1734.1650000000
1734.1770000000
1734.1880000000
1734.1990000000
1734.2100000000
1734.2210000000
1734.2320000000
1734.2430000000
1734.2540000000
1734.2650000000
1734.2760000000
1734.2880000000
1734.2990000000
1734.3100000000
1734.3210000000
1734.3320000000
1734.3430000000
1734.3540000000
1734.3650000000
1734.3760000000
1734.3870000000
1734.3990000000
1734.4100000000
1734.4210000000
1734.4320000000
1734.4430000000
1734.4540000000
1734.4650000000
1734.4760000000
1734.4880000000
1734.4990000000
1734.5100000000
1734.5210000000
1734.5320000000
1734.5430000000
1734.5540000000
1734.5650000000
1734.5760000000
1734.5870000000
1734.5990000000
1734.6100000000
1734.6210000000
1734.6320000000
1734.6430000000
1734.6540000000
1734.6650000000
1734.6760000000
1734.6880000000
1734.6980000000
1734.7100000000
1734.7210000000
1734.7320000000
1734.7430000000
1734.7540000000
1734.7650000000
1734.7760000000
1734.7870000000
1734.7980000000
1734.8090000000
1734.8210000000
1734.8320000000
1734.8430000000
1734.8540000000
1734.8650000000
1734.8760000000
1734.8870000000
1734.8980000000
1734.9100000000
1734.9210000000
1734.9320000000
1734.9430000000
1734.9540000000
1734.9650000000
1734.9760000000
1734.9870000000
1734.9980000000
1735.0090000000
1735.0210000000
1735.0310000000
1735.0430000000
1735.0540000000
1735.0650000000
1735.0760000000
1735.0870000000
1735.0980000000
1735.1090000000
1735.1210000000
1735.1310000000
1735.1430000000
1735.1540000000
1735.1650000000
1735.1760000000
1735.1870000000
1735.1980000000
1735.2090000000
1735.2210000000
1735.2320000000
1735.2430000000
1735.2540000000
1735.2650000000
1735.2760000000
1735.2870000000
1735.2980000000
1735.3090000000
1735.3200000000
1735.3320000000
1735.3430000000
1735.3540000000
1735.3650000000
1735.3760000000
1735.3870000000
1735.3980000000
1735.4090000000
1735.4200000000
1735.4310000000
1735.4430000000
1735.4540000000
1735.4650000000
1735.4760000000
1735.4870000000
1735.4980000000
1735.5090000000
1735.5200000000
1735.5310000000
1735.5420000000
1735.5540000000
1735.5650000000
1735.5760000000
1735.5870000000
1735.5980000000
1735.6090000000
1735.6200000000
1735.6310000000
1735.6430000000
1735.6530000000
1735.6650000000
1735.6760000000
1735.6870000000
1735.6980000000
1735.7090000000
1735.7200000000
1735.7320000000
1735.7420000000
1735.7530000000
1735.7650000000
1735.7760000000
1735.7870000000
1735.7980000000
1735.8090000000
1735.8200000000
1735.8310000000
1735.8430000000
1735.8530000000
1735.8650000000
1735.8760000000
1735.8870000000
1735.8980000000
1735.9090000000
1735.9200000000
1735.9310000000
1735.9420000000
1735.9530000000
1735.9650000000
1735.9760000000
1735.9870000000
1735.9980000000
1736.0090000000
1736.0200000000
1736.0310000000
1736.0420000000
1736.0530000000
1736.0640000000
1736.0760000000
1736.0870000000
1736.0980000000
1736.1090000000
1736.1200000000
1736.1310000000
1736.1420000000
1736.1540000000
1736.1640000000
1736.1760000000
1736.1870000000
1736.1980000000
1736.2090000000
1736.2200000000
1736.2310000000
1736.2420000000
1736.2530000000
1736.2640000000
1736.2750000000
1736.2860000000
1736.2980000000
1736.3090000000
1736.3200000000
1736.3310000000
1736.3420000000
1736.3530000000
1736.3640000000
1736.3750000000
1736.3860000000
1736.3980000000
1736.4090000000
1736.4200000000
1736.4310000000
1736.4420000000
1736.4530000000
1736.4640000000
1736.4750000000
1736.4860000000
1736.4970000000
1736.5090000000
1736.5200000000
1736.5310000000
1736.5420000000
1736.5530000000
1736.5640000000
1736.5750000000
1736.5860000000
1736.5980000000
1736.6090000000
1736.6200000000
1736.6310000000
1736.6420000000
1736.6530000000
1736.6640000000
1736.6750000000
1736.6860000000
1736.6980000000
1736.7090000000
1736.7200000000
1736.7310000000
1736.7420000000
1736.7530000000
1736.7640000000
1736.7750000000
1736.7860000000
1736.7970000000
1736.8090000000
1736.8200000000
1736.8310000000
1736.8420000000
1736.8530000000
1736.8640000000
1736.8750000000
1736.8860000000
1736.8970000000
1736.9080000000
1736.9200000000
1736.9310000000
1736.9420000000
1736.9530000000
1736.9640000000
1736.9750000000
1736.9860000000
1736.9970000000
1737.0090000000
1737.0200000000
1737.0310000000
1737.0420000000
1737.0530000000
1737.0640000000
1737.0750000000
1737.0860000000
1737.0970000000
1737.1090000000
1737.1200000000
1737.1310000000
1737.1420000000
1737.1530000000
1737.1640000000
1737.1750000000
1737.1860000000
1737.1970000000
1737.2080000000
1737.2190000000
1737.2310000000
1737.2420000000
1737.2530000000
1737.2640000000
1737.2750000000
1737.2860000000
1737.2970000000
1737.3080000000
1737.3200000000
1737.3300000000
1737.3420000000
1737.3530000000
1737.3640000000
1737.3750000000
1737.3860000000
1737.3970000000
1737.4080000000
1737.4190000000
1737.4310000000
1737.4410000000
1737.4530000000
1737.4640000000
1737.4750000000
1737.4860000000
1737.4970000000
1737.5080000000
1737.5190000000
1737.5300000000
1737.5420000000
1737.5530000000
1737.5640000000
1737.5750000000
1737.5860000000
1737.5970000000
1737.6080000000
1737.6200000000
1737.6300000000
1737.6420000000
1737.6520000000
1737.6640000000
1737.6750000000
1737.6860000000
1737.6970000000
1737.7080000000
1737.7190000000
1737.7300000000
1737.7410000000
1737.7520000000
1737.7640000000
1737.7750000000
1737.7860000000
1737.7970000000
1737.8080000000
1737.8190000000
1737.8300000000
1737.8410000000
1737.8520000000
1737.8640000000
1737.8750000000
1737.8860000000
1737.8970000000
1737.9080000000
1737.9190000000
1737.9300000000
1737.9410000000
1737.9530000000
1737.9630000000
1737.9740000000
1737.9860000000
1737.9970000000
1738.0080000000
1738.0190000000
1738.0300000000
1738.0410000000
1738.0520000000
1738.0630000000
1738.0750000000
1738.0860000000
1738.0970000000
1738.1080000000
1738.1190000000
1738.1300000000
1738.1410000000
1738.1520000000
1738.1630000000
1738.1750000000
1738.1860000000
1738.1970000000
1738.2080000000
1738.2190000000
1738.2300000000
1738.2410000000
1738.2520000000
1738.2630000000
1738.2750000000
1738.2860000000
1738.2970000000
1738.3080000000
1738.3190000000
1738.3300000000
1738.3410000000
1738.3520000000
1738.3630000000
1738.3750000000
1738.3850000000
1738.3970000000
1738.4080000000
1738.4190000000
1738.4300000000
1738.4410000000
1738.4520000000
1738.4630000000
1738.4740000000
1738.4860000000
1738.4970000000
1738.5080000000
1738.5190000000
1738.5300000000
1738.5410000000
1738.5520000000
1738.5630000000
1738.5740000000
1738.5860000000
1738.5960000000
1738.6080000000
1738.6190000000
1738.6300000000
1738.6410000000
1738.6520000000
1738.6630000000
1738.6740000000
1738.6850000000
1738.6960000000
1738.7080000000
1738.7190000000
1738.7300000000
1738.7410000000
1738.7520000000
1738.7630000000
1738.7740000000
1738.7850000000
1738.7970000000
1738.8070000000
1738.8190000000
1738.8300000000
1738.8410000000
1738.8520000000
1738.8630000000
1738.8740000000
1738.8850000000
1738.8960000000
1738.9080000000
1738.9190000000
1738.9300000000
1738.9410000000
1738.9520000000
1738.9630000000
1738.9740000000
1738.9850000000
1738.9960000000
1739.0070000000
1739.0190000000
1739.0300000000
1739.0410000000
1739.0520000000
1739.0630000000
1739.0740000000
1739.0850000000
1739.0960000000
1739.1070000000
1739.1190000000
1739.1300000000
1739.1410000000
1739.1520000000
1739.1630000000
1739.1740000000
1739.1850000000
1739.1960000000
1739.2070000000
1739.2190000000
1739.2290000000
1739.2400000000
1739.2520000000
1739.2630000000
1739.2740000000
1739.2850000000
1739.2960000000
1739.3070000000
1739.3180000000
1739.3300000000
1739.3410000000
1739.3520000000
1739.3630000000
1739.3740000000
1739.3850000000
1739.3960000000
1739.4070000000
1739.4190000000
1739.4290000000
1739.4410000000
1739.4520000000
1739.4630000000
1739.4740000000
1739.4850000000
1739.4960000000
1739.5070000000
1739.5180000000
1739.5290000000
1739.5410000000
1739.5520000000
1739.5630000000
1739.5740000000
1739.5850000000
1739.5960000000
1739.6070000000
1739.6180000000
1739.6290000000
1739.6400000000
1739.6520000000
1739.6630000000
1739.6740000000
1739.6850000000
1739.6960000000
1739.7070000000
1739.7180000000
1739.7290000000
1739.7400000000
1739.7510000000
1739.7630000000
1739.7740000000
1739.7850000000
1739.7960000000
1739.8070000000
1739.8180000000
1739.8290000000
1739.8400000000
1739.8510000000
1739.8620000000
1739.8740000000
1739.8850000000
1739.8960000000
1739.9070000000
1739.9180000000
1739.9290000000
1739.9400000000
1739.9510000000
1739.9620000000
1739.9740000000
1739.9850000000
1739.9960000000
1740.0070000000
1740.0180000000
1740.0290000000
1740.0410000000
1740.0510000000
1740.0620000000
1740.0740000000
1740.0850000000
1740.0960000000
1740.1070000000
1740.1180000000
1740.1290000000
1740.1400000000
1740.1510000000
1740.1620000000
1740.1740000000
1740.1850000000
1740.1960000000
1740.2070000000
1740.2180000000
1740.2290000000
1740.2400000000
1740.2510000000
1740.2620000000
1740.2730000000
1740.2850000000
1740.2960000000
1740.3070000000
1740.3180000000
1740.3290000000
1740.3400000000
1740.3510000000
1740.3620000000
1740.3740000000
1740.3840000000
1740.3960000000
1740.4070000000
1740.4180000000
1740.4290000000
1740.4400000000
1740.4510000000
1740.4620000000
1740.4730000000
1740.4850000000
1740.4960000000
1740.5070000000
1740.5180000000
1740.5290000000
1740.5400000000
1740.5510000000
1740.5620000000
1740.5730000000
1740.5840000000
1740.5950000000
1740.6070000000
1740.6180000000
1740.6290000000
1740.6400000000
1740.6510000000
1740.6620000000
1740.6730000000
1740.6840000000
1740.6950000000
1740.7070000000
1740.7180000000
1740.7290000000
1740.7400000000
1740.7510000000
1740.7620000000
1740.7730000000
1740.7840000000
1740.7950000000
1740.8070000000
1740.8180000000
1740.8290000000
1740.8400000000
1740.8510000000
1740.8620000000
1740.8730000000
1740.8840000000
1740.8950000000
1740.9060000000
1740.9180000000
1740.9290000000
1740.9400000000
1740.9510000000
1740.9620000000
1740.9730000000
1740.9840000000
1740.9950000000
1741.0060000000
1741.0180000000
1741.0290000000
1741.0400000000
1741.0510000000
1741.0620000000
1741.0730000000
1741.0840000000
1741.0950000000
1741.1060000000
1741.1180000000
1741.1290000000
1741.1400000000
1741.1510000000
1741.1620000000
1741.1730000000
1741.1840000000
1741.1950000000
1741.2060000000
1741.2180000000
1741.2290000000
1741.2400000000
1741.2510000000
1741.2620000000
1741.2730000000
1741.2840000000
1741.2950000000
1741.3060000000
1741.3170000000
1741.3280000000
1741.3390000000
1741.3510000000
1741.3620000000
1741.3730000000
1741.3840000000
1741.3950000000
1741.4060000000
1741.4170000000
1741.4280000000
1741.4400000000
1741.4510000000
1741.4620000000
1741.4730000000
1741.4840000000
1741.4950000000
1741.5060000000
1741.5170000000
1741.5280000000
1741.5390000000
1741.5510000000
1741.5620000000
1741.5730000000
1741.5840000000
1741.5950000000
1741.6060000000
1741.6170000000
1741.6280000000
1741.6400000000
1741.6510000000
1741.6620000000
1741.6730000000
1741.6840000000
1741.6950000000
1741.7060000000
1741.7170000000
1741.7280000000
1741.7400000000
1741.7510000000
1741.7610000000
1741.7730000000
1741.7840000000
1741.7950000000
1741.8060000000
1741.8170000000
1741.8280000000
1741.8390000000
1741.8500000000
1741.8610000000
1741.8730000000
1741.8840000000
1741.8950000000
1741.9060000000
1741.9170000000
1741.9280000000
1741.9390000000
1741.9500000000
1741.9610000000
1741.9730000000
1741.9840000000
1741.9950000000
1742.0060000000
1742.0170000000
1742.0280000000
1742.0390000000
1742.0500000000
1742.0620000000
1742.0730000000
1742.0840000000
1742.0950000000
1742.1060000000
1742.1170000000
1742.1280000000
1742.1390000000
1742.1500000000
1742.1610000000
1742.1720000000
1742.1830000000
1742.1950000000
1742.2060000000
1742.2170000000
1742.2280000000
1742.2390000000
1742.2500000000
1742.2610000000
1742.2720000000
1742.2840000000
1742.2950000000
1742.3060000000
1742.3170000000
1742.3280000000
1742.3390000000
1742.3500000000
1742.3610000000
1742.3720000000
1742.3840000000
1742.3950000000
1742.4060000000
1742.4170000000
1742.4280000000
1742.4390000000
1742.4500000000
1742.4610000000
1742.4730000000
1742.4840000000
1742.4950000000
1742.5060000000
1742.5170000000
1742.5280000000
1742.5390000000
1742.5500000000
1742.5610000000
1742.5720000000
1742.5830000000
1742.5940000000
1742.6060000000
1742.6170000000
1742.6280000000
1742.6390000000
1742.6500000000
1742.6610000000
1742.6730000000
1742.6830000000
1742.6940000000
1742.7060000000
1742.7170000000
1742.7280000000
1742.7390000000
1742.7500000000
1742.7610000000
1742.7720000000
1742.7830000000
1742.7940000000
1742.8060000000
1742.8170000000
1742.8280000000
1742.8390000000
1742.8500000000
1742.8610000000
1742.8720000000
1742.8830000000
1742.8940000000
1742.9050000000
1742.9170000000
1742.9280000000
1742.9390000000
1742.9500000000
1742.9610000000
1742.9720000000
1742.9830000000
1742.9940000000
1743.0060000000
1743.0160000000
1743.0280000000
1743.0390000000
1743.0500000000
1743.0610000000
1743.0720000000
1743.0830000000
1743.0940000000
1743.1050000000
1743.1160000000
1743.1280000000
1743.1390000000
1743.1500000000
1743.1610000000
1743.1720000000
1743.1830000000
1743.1940000000
1743.2050000000
1743.2160000000
1743.2280000000
1743.2390000000
1743.2500000000
1743.2610000000
1743.2720000000
1743.2830000000
1743.2940000000
1743.3050000000
1743.3160000000
1743.3270000000
1743.3390000000
1743.3500000000
1743.3610000000
1743.3720000000
1743.3830000000
1743.3940000000
1743.4050000000
1743.4160000000
1743.4270000000
1743.4390000000
1743.4500000000
1743.4610000000
1743.4720000000
1743.4830000000
1743.4940000000
1743.5050000000
1743.5160000000
1743.5270000000
1743.5380000000
1743.5500000000
1743.5610000000
1743.5720000000
1743.5830000000
1743.5940000000
1743.6050000000
1743.6160000000
1743.6270000000
1743.6390000000
1743.6490000000
1743.6610000000
1743.6720000000
1743.6830000000
1743.6940000000
1743.7050000000
1743.7160000000
1743.7270000000
1743.7390000000
1743.7490000000
1743.7600000000
1743.7720000000
1743.7830000000
1743.7940000000
1743.8050000000
1743.8160000000
1743.8270000000
1743.8380000000
1743.8490000000
1743.8600000000
1743.8720000000
1743.8830000000
1743.8940000000
1743.9050000000
1743.9160000000
1743.9280000000
1743.9380000000
1743.9490000000
1743.9600000000
1743.9710000000
1743.9830000000
1743.9940000000
1744.0050000000
1744.0160000000
1744.0270000000
1744.0380000000
1744.0490000000
1744.0600000000
1744.0720000000
1744.0830000000
1744.0940000000
1744.1050000000
1744.1160000000
1744.1270000000
1744.1380000000
1744.1490000000
1744.1600000000
1744.1710000000
1744.1830000000
1744.1940000000
1744.2050000000
1744.2160000000
1744.2270000000
1744.2380000000
1744.2490000000
1744.2600000000
1744.2710000000
1744.2830000000
1744.2940000000
1744.3050000000
1744.3160000000
1744.3270000000
1744.3380000000
1744.3490000000
1744.3600000000
1744.3720000000
1744.3820000000
1744.3940000000
1744.4050000000
1744.4160000000
1744.4270000000
1744.4380000000
1744.4490000000
1744.4600000000
1744.4720000000
1744.4820000000
1744.4940000000
1744.5050000000
1744.5160000000
1744.5270000000
1744.5380000000
1744.5490000000
1744.5600000000
1744.5710000000
1744.5820000000
1744.5940000000
1744.6050000000
1744.6160000000
1744.6270000000
1744.6380000000
1744.6490000000
1744.6600000000
1744.6720000000
1744.6820000000
1744.6930000000
1744.7050000000
1744.7160000000
1744.7270000000
1744.7380000000
1744.7490000000
1744.7600000000
1744.7710000000
1744.7820000000
1744.7930000000
1744.8040000000
1744.8160000000
1744.8270000000
1744.8380000000
1744.8490000000
1744.8600000000
1744.8710000000
1744.8820000000
1744.8930000000
1744.9050000000
1744.9160000000
1744.9270000000
1744.9380000000
1744.9490000000
1744.9600000000
1744.9710000000
1744.9820000000
1744.9930000000
1745.0040000000
1745.0160000000
1745.0270000000
1745.0380000000
1745.0490000000
1745.0600000000
1745.0710000000
1745.0820000000
1745.0930000000
1745.1040000000
1745.1150000000
1745.1260000000
1745.1380000000
1745.1490000000
1745.1600000000
1745.1710000000
1745.1820000000
1745.1930000000
1745.2040000000
1745.2160000000
1745.2260000000
1745.2380000000
1745.2490000000
1745.2600000000
1745.2710000000
1745.2820000000
1745.2930000000
1745.3040000000
1745.3150000000
1745.3260000000
1745.3380000000
1745.3490000000
1745.3600000000
1745.3710000000
1745.3820000000
1745.3930000000
1745.4040000000
1745.4150000000
1745.4260000000
1745.4380000000
1745.4480000000
1745.4600000000
1745.4710000000
1745.4820000000
1745.4930000000
1745.5040000000
1745.5150000000
1745.5260000000
1745.5380000000
1745.5490000000
1745.5600000000
1745.5710000000
1745.5820000000
1745.5930000000
1745.6040000000
1745.6150000000
1745.6260000000
1745.6370000000
1745.6490000000
1745.6600000000
1745.6710000000
1745.6820000000
1745.6930000000
1745.7040000000
1745.7150000000
1745.7260000000
1745.7370000000
1745.7480000000
1745.7600000000
1745.7710000000
1745.7820000000
1745.7930000000
1745.8040000000
1745.8150000000
1745.8260000000
1745.8370000000
1745.8480000000
1745.8590000000
1745.8700000000
1745.8820000000
1745.8930000000
1745.9040000000
1745.9150000000
1745.9260000000
1745.9380000000
1745.9480000000
1745.9590000000
1745.9710000000
1745.9820000000
1745.9930000000
1746.0040000000
1746.0150000000
1746.0260000000
1746.0370000000
1746.0480000000
1746.0590000000
1746.0710000000
1746.0820000000
1746.0930000000
1746.1040000000
1746.1150000000
1746.1260000000
1746.1370000000
1746.1480000000
1746.1590000000
1746.1700000000
1746.1820000000
1746.1930000000
1746.2040000000
1746.2150000000
1746.2260000000
1746.2370000000
1746.2480000000
1746.2590000000
1746.2710000000
1746.2820000000
1746.2930000000
1746.3040000000
1746.3150000000
1746.3260000000
1746.3370000000
1746.3480000000
1746.3590000000
1746.3700000000
1746.3810000000
1746.3930000000
1746.4040000000
1746.4150000000
1746.4260000000
1746.4370000000
1746.4480000000
1746.4590000000
1746.4700000000
1746.4810000000
1746.4920000000
1746.5040000000
1746.5150000000
1746.5260000000
1746.5370000000
1746.5480000000
1746.5590000000
1746.5700000000
1746.5810000000
1746.5920000000
1746.6040000000
1746.6150000000
1746.6260000000
1746.6370000000
1746.6480000000
1746.6590000000
1746.6700000000
1746.6810000000
1746.6930000000
1746.7040000000
1746.7150000000
1746.7260000000
1746.7370000000
1746.7480000000
1746.7590000000
1746.7700000000
1746.7810000000
1746.7920000000
1746.8030000000
1746.8150000000
1746.8260000000
1746.8370000000
1746.8480000000
1746.8590000000
1746.8700000000
1746.8810000000
1746.8920000000
1746.9030000000
1746.9150000000
1746.9260000000
1746.9370000000
1746.9480000000
1746.9590000000
1746.9700000000
1746.9810000000
1746.9920000000
1747.0030000000
1747.0140000000
1747.0260000000
1747.0370000000
1747.0480000000
1747.0590000000
1747.0700000000
1747.0810000000
1747.0920000000
1747.1030000000
1747.1150000000
1747.1250000000
1747.1370000000
1747.1480000000
1747.1590000000
1747.1700000000
1747.1810000000
1747.1920000000
1747.2030000000
1747.2140000000
1747.2250000000
1747.2370000000
1747.2480000000
1747.2590000000
1747.2700000000
1747.2810000000
1747.2920000000
1747.3030000000
1747.3140000000
1747.3250000000
1747.3370000000
1747.3480000000
1747.3590000000
1747.3700000000
1747.3810000000
1747.3920000000
1747.4030000000
1747.4140000000
1747.4250000000
1747.4370000000
1747.4480000000
1747.4590000000
1747.4700000000
1747.4810000000
1747.4920000000
1747.5030000000
1747.5140000000
1747.5260000000
1747.5360000000
1747.5470000000
1747.5590000000
1747.5700000000
1747.5810000000
1747.5920000000
1747.6030000000
1747.6140000000
1747.6250000000
1747.6360000000
1747.6480000000
1747.6590000000
1747.6700000000
1747.6810000000
1747.6920000000
1747.7030000000
1747.7140000000
1747.7250000000
1747.7370000000
1747.7470000000
1747.7580000000
1747.7700000000
1747.7810000000
1747.7920000000
1747.8030000000
1747.8140000000
1747.8250000000
1747.8360000000
1747.8470000000
1747.8590000000
1747.8700000000
1747.8810000000
1747.8920000000
1747.9030000000
1747.9140000000
1747.9250000000
1747.9360000000
1747.9470000000
1747.9580000000
1747.9700000000
1747.9810000000
1747.9920000000
1748.0030000000
1748.0140000000
1748.0250000000
1748.0360000000
1748.0470000000
1748.0580000000
1748.0690000000
1748.0810000000
1748.0920000000
1748.1030000000
1748.1140000000
1748.1250000000
1748.1360000000
1748.1470000000
1748.1580000000
1748.1690000000
1748.1810000000
1748.1920000000
1748.2030000000
1748.2140000000
1748.2250000000
1748.2360000000
1748.2470000000
1748.2580000000
1748.2700000000
1748.2810000000
1748.2920000000
1748.3030000000
1748.3140000000
1748.3250000000
1748.3360000000
1748.3470000000
1748.3580000000
1748.3690000000
1748.3800000000
1748.3910000000
1748.4030000000
1748.4140000000
1748.4250000000
1748.4360000000
1748.4470000000
1748.4580000000
1748.4690000000
1748.4800000000
1748.4910000000
1748.5030000000
1748.5140000000
1748.5250000000
1748.5360000000
1748.5470000000
1748.5580000000
1748.5690000000
1748.5800000000
1748.5910000000
1748.6020000000
1748.6140000000
1748.6250000000
1748.6360000000
1748.6470000000
1748.6580000000
1748.6690000000
1748.6800000000
1748.6920000000
1748.7030000000
1748.7140000000
1748.7250000000
1748.7360000000
1748.7470000000
1748.7580000000
1748.7690000000
1748.7800000000
1748.7910000000
1748.8020000000
1748.8140000000
1748.8250000000
1748.8360000000
1748.8470000000
1748.8580000000
1748.8690000000
1748.8800000000
1748.8910000000
1748.9030000000
1748.9140000000
1748.9250000000
1748.9360000000
1748.9470000000
1748.9580000000
1748.9690000000
1748.9800000000
1748.9910000000
1749.0020000000
1749.0130000000
1749.0250000000
1749.0360000000
1749.0470000000
1749.0580000000
1749.0690000000
1749.0800000000
1749.0910000000
1749.1020000000
1749.1130000000
1749.1250000000
1749.1360000000
1749.1470000000
1749.1580000000
1749.1690000000
1749.1800000000
1749.1910000000
1749.2020000000
1749.2130000000
1749.2240000000
1749.2360000000
1749.2470000000
1749.2580000000
1749.2690000000
1749.2800000000
1749.2910000000
1749.3020000000
1749.3130000000
1749.3240000000
1749.3350000000
1749.3470000000
1749.3580000000
1749.3690000000
1749.3800000000
1749.3910000000
1749.4020000000
1749.4130000000
1749.4240000000
1749.4360000000
1749.4470000000
1749.4580000000
1749.4690000000
1749.4800000000
1749.4910000000
1749.5020000000
1749.5130000000
1749.5250000000
1749.5360000000
1749.5470000000
1749.5580000000
1749.5690000000
1749.5800000000
1749.5910000000
1749.6020000000
1749.6130000000
1749.6240000000
1749.6350000000
1749.6460000000
1749.6570000000
1749.6690000000
1749.6800000000
1749.6910000000
1749.7020000000
1749.7130000000
1749.7240000000
1749.7350000000
1749.7470000000
1749.7580000000
1749.7690000000
1749.7800000000
1749.7910000000
1749.8020000000
1749.8130000000
1749.8240000000
1749.8350000000
1749.8470000000
1749.8570000000
1749.8690000000
1749.8800000000
1749.8910000000
1749.9020000000
1749.9130000000
1749.9240000000
1749.9350000000
1749.9460000000
1749.9580000000
1749.9690000000
1749.9800000000
1749.9910000000
1750.0020000000
1750.0130000000
1750.0240000000
1750.0360000000
1750.0460000000
1750.0570000000
1750.0690000000
1750.0800000000
1750.0910000000
1750.1020000000
1750.1130000000
1750.1240000000
1750.1350000000
1750.1460000000
1750.1570000000
1750.1690000000
1750.1790000000
1750.1910000000
1750.2020000000
1750.2130000000
1750.2240000000
1750.2350000000
1750.2460000000
1750.2570000000
1750.2680000000
1750.2790000000
1750.2910000000
1750.3020000000
1750.3130000000
1750.3240000000
1750.3350000000
1750.3460000000
1750.3570000000
1750.3680000000
1750.3790000000
1750.3910000000
1750.4020000000
1750.4130000000
1750.4240000000
1750.4350000000
1750.4460000000
1750.4570000000
1750.4680000000
1750.4790000000
1750.4900000000
1750.5020000000
1750.5130000000
1750.5240000000
1750.5350000000
1750.5460000000
1750.5570000000
1750.5680000000
1750.5790000000
1750.5900000000
1750.6010000000
1750.6130000000
1750.6240000000
1750.6350000000
1750.6460000000
1750.6570000000
1750.6680000000
1750.6790000000
1750.6900000000
1750.7010000000
1750.7130000000
1750.7240000000
1750.7350000000
1750.7460000000
1750.7570000000
1750.7680000000
1750.7790000000
1750.7910000000
1750.8020000000
1750.8130000000
1750.8240000000
1750.8350000000
1750.8460000000
1750.8570000000
1750.8680000000
1750.8790000000
1750.8900000000
1750.9010000000
1750.9120000000
1750.9240000000
1750.9350000000
1750.9460000000
1750.9570000000
1750.9680000000
1750.9790000000
1750.9900000000
1751.0010000000
1751.0130000000
1751.0240000000
1751.0350000000
1751.0460000000
1751.0570000000
1751.0680000000
1751.0790000000
1751.0900000000
1751.1010000000
1751.1120000000
1751.1240000000
1751.1350000000
1751.1460000000
1751.1570000000
1751.1680000000
1751.1790000000
1751.1900000000
1751.2010000000
1751.2120000000
1751.2240000000
1751.2350000000
1751.2460000000
1751.2570000000
1751.2680000000
1751.2790000000
1751.2900000000
1751.3010000000
1751.3120000000
1751.3230000000
1751.3340000000
1751.3460000000
1751.3570000000
1751.3680000000
1751.3790000000
1751.3900000000
1751.4010000000
1751.4120000000
1751.4230000000
1751.4350000000
1751.4460000000
1751.4570000000
1751.4680000000
1751.4790000000
1751.4900000000
1751.5010000000
1751.5120000000
1751.5230000000
1751.5340000000
1751.5460000000
1751.5570000000
1751.5680000000
1751.5790000000
1751.5900000000
1751.6010000000
1751.6120000000
1751.6230000000
1751.6350000000
1751.6460000000
1751.6570000000
1751.6680000000
1751.6790000000
1751.6900000000
1751.7010000000
1751.7120000000
1751.7230000000
1751.7350000000
1751.7460000000
1751.7560000000
1751.7680000000
1751.7790000000
1751.7900000000
1751.8010000000
1751.8120000000
1751.8230000000
1751.8340000000
1751.8460000000
1751.8570000000
1751.8680000000
1751.8790000000
1751.8900000000
1751.9010000000
1751.9120000000
1751.9230000000
1751.9340000000
1751.9460000000
1751.9570000000
1751.9680000000
1751.9790000000
1751.9900000000
1752.0010000000
1752.0120000000
1752.0230000000
1752.0340000000
1752.0460000000
1752.0570000000
1752.0680000000
1752.0790000000
1752.0900000000
1752.1010000000
1752.1120000000
1752.1230000000
1752.1340000000
1752.1450000000
1752.1560000000
1752.1670000000
1752.1780000000
1752.1900000000
1752.2010000000
1752.2120000000
1752.2230000000
1752.2340000000
1752.2450000000
1752.2560000000
1752.2670000000
1752.2780000000
1752.2900000000
1752.3010000000
1752.3120000000
1752.3230000000
1752.3340000000
1752.3460000000
1752.3560000000
1752.3670000000
1752.3790000000
1752.3900000000
1752.4010000000
1752.4120000000
1752.4230000000
1752.4340000000
1752.4450000000
1752.4560000000
1752.4670000000
1752.4780000000
1752.4900000000
1752.5000000000
1752.5120000000
1752.5230000000
1752.5340000000
1752.5450000000
1752.5560000000
1752.5670000000
1752.5780000000
1752.5890000000
1752.6010000000
1752.6120000000
1752.6230000000
1752.6340000000
1752.6450000000
1752.6560000000
1752.6670000000
1752.6790000000
1752.6900000000
1752.7010000000
1752.7120000000
1752.7230000000
1752.7340000000
1752.7450000000
1752.7560000000
1752.7670000000
1752.7780000000
1752.7890000000
1752.8000000000
1752.8120000000
1752.8230000000
1752.8340000000
1752.8450000000
1752.8560000000
1752.8670000000
1752.8780000000
1752.8890000000
1752.9000000000
1752.9120000000
1752.9220000000
1752.9340000000
1752.9450000000
1752.9560000000
1752.9670000000
1752.9780000000
1752.9890000000
1753.0000000000
1753.0110000000
1753.0230000000
1753.0340000000
1753.0450000000
1753.0560000000
1753.0670000000
1753.0780000000
1753.0890000000
1753.1000000000
1753.1110000000
1753.1230000000
1753.1340000000
1753.1450000000
1753.1560000000
1753.1670000000
1753.1780000000
1753.1890000000
1753.2000000000
1753.2120000000
1753.2220000000
1753.2340000000
1753.2450000000
1753.2560000000
1753.2670000000
1753.2780000000
1753.2890000000
1753.3000000000
1753.3110000000
1753.3230000000
1753.3330000000
1753.3450000000
1753.3560000000
1753.3670000000
1753.3780000000
1753.3890000000
1753.4000000000
1753.4110000000
1753.4220000000
1753.4330000000
1753.4440000000
1753.4560000000
1753.4670000000
1753.4780000000
1753.4890000000
1753.5000000000
1753.5110000000
1753.5220000000
1753.5340000000
1753.5450000000
1753.5560000000
1753.5670000000
1753.5780000000
1753.5890000000
1753.6000000000
1753.6110000000
1753.6230000000
1753.6330000000
1753.6440000000
1753.6560000000
1753.6670000000
1753.6780000000
1753.6890000000
1753.7000000000
1753.7110000000
1753.7220000000
1753.7330000000
1753.7450000000
1753.7560000000
1753.7670000000
1753.7780000000
1753.7890000000
1753.8000000000
1753.8110000000
1753.8220000000
1753.8330000000
1753.8440000000
1753.8560000000
1753.8670000000
1753.8780000000
1753.8890000000
1753.9000000000
1753.9110000000
1753.9220000000
1753.9330000000
1753.9440000000
1753.9550000000
1753.9660000000
1753.9780000000
1753.9890000000
1754.0000000000
1754.0110000000
1754.0220000000
1754.0330000000
1754.0440000000
1754.0550000000
1754.0660000000
1754.0780000000
1754.0890000000
1754.1000000000
1754.1110000000
1754.1220000000
1754.1330000000
1754.1440000000
1754.1550000000
1754.1670000000
1754.1770000000
1754.1890000000
1754.2000000000
1754.2110000000
1754.2220000000
1754.2330000000
1754.2440000000
1754.2550000000
1754.2660000000
1754.2770000000
1754.2890000000
1754.3000000000
1754.3110000000
1754.3220000000
1754.3330000000
1754.3440000000
1754.3550000000
1754.3660000000
1754.3770000000
1754.3890000000
1754.4000000000
1754.4110000000
1754.4220000000
1754.4330000000
1754.4440000000
1754.4550000000
1754.4660000000
1754.4770000000
1754.4890000000
1754.5000000000
1754.5110000000
1754.5220000000
1754.5330000000
1754.5440000000
1754.5550000000
1754.5660000000
1754.5770000000
1754.5880000000
1754.5990000000
1754.6110000000
1754.6220000000
1754.6330000000
1754.6440000000
1754.6550000000
1754.6660000000
1754.6770000000
1754.6880000000
1754.6990000000
1754.7110000000
1754.7220000000
1754.7330000000
1754.7440000000
1754.7550000000
1754.7660000000
1754.7770000000
1754.7890000000
1754.7990000000
1754.8110000000
1754.8220000000
1754.8330000000
1754.8440000000
1754.8550000000
1754.8660000000
1754.8770000000
1754.8880000000
1754.9000000000
1754.9110000000
1754.9220000000
1754.9330000000
1754.9440000000
1754.9550000000
1754.9660000000
1754.9770000000
1754.9880000000
1754.9990000000
1755.0100000000
1755.0210000000
1755.0330000000
1755.0440000000
1755.0550000000
1755.0660000000
1755.0770000000
1755.0880000000
1755.0990000000
1755.1100000000
1755.1220000000
1755.1330000000
1755.1440000000
1755.1550000000
1755.1660000000
1755.1770000000
1755.1880000000
1755.1990000000
1755.2100000000
1755.2210000000
1755.2330000000
1755.2440000000
1755.2550000000
1755.2660000000
1755.2770000000
1755.2880000000
1755.2990000000
1755.3100000000
1755.3210000000
1755.3320000000
1755.3440000000
1755.3550000000
1755.3660000000
1755.3770000000
1755.3880000000
1755.3990000000
1755.4100000000
1755.4210000000
1755.4330000000
1755.4430000000
1755.4550000000
1755.4660000000
1755.4770000000
1755.4880000000
1755.4990000000
1755.5100000000
1755.5210000000
1755.5320000000
1755.5430000000
1755.5550000000
1755.5660000000
1755.5770000000
1755.5880000000
1755.5990000000
1755.6100000000
1755.6210000000
1755.6320000000
1755.6430000000
1755.6550000000
1755.6660000000
1755.6770000000
1755.6880000000
1755.6990000000
1755.7100000000
1755.7210000000
1755.7320000000
1755.7440000000
1755.7550000000
1755.7660000000
1755.7770000000
1755.7880000000
1755.7990000000
1755.8100000000
1755.8210000000
1755.8320000000
1755.8430000000
1755.8550000000
1755.8660000000
1755.8770000000
1755.8880000000
1755.8990000000
1755.9100000000
1755.9210000000
1755.9320000000
1755.9430000000
1755.9550000000
1755.9660000000
1755.9770000000
1755.9880000000
1755.9990000000
1756.0100000000
1756.0210000000
1756.0320000000
1756.0430000000
1756.0550000000
1756.0650000000
1756.0770000000
1756.0880000000
1756.0990000000
1756.1100000000
1756.1210000000
1756.1320000000
1756.1430000000
1756.1550000000
1756.1650000000
1756.1770000000
1756.1880000000
1756.1990000000
1756.2100000000
1756.2210000000
1756.2320000000
1756.2430000000
1756.2550000000
1756.2650000000
1756.2760000000
1756.2880000000
1756.2990000000
1756.3100000000
1756.3210000000
1756.3320000000
1756.3430000000
1756.3550000000
1756.3660000000
1756.3760000000
1756.3880000000
1756.3990000000
1756.4100000000
1756.4210000000
1756.4320000000
1756.4430000000
1756.4550000000
1756.4650000000
1756.4760000000
1756.4870000000
1756.4990000000
1756.5100000000
1756.5210000000
1756.5320000000
1756.5430000000
1756.5540000000
1756.5650000000
1756.5760000000
1756.5880000000
1756.5980000000
1756.6100000000
1756.6210000000
1756.6320000000
1756.6430000000
1756.6540000000
1756.6650000000
1756.6760000000
1756.6880000000
1756.6980000000
1756.7100000000
1756.7210000000
1756.7320000000
1756.7430000000
1756.7540000000
1756.7650000000
1756.7760000000
1756.7870000000
1756.7990000000
1756.8090000000
1756.8210000000
1756.8320000000
1756.8430000000
1756.8540000000
1756.8650000000
1756.8760000000
1756.8870000000
1756.8980000000
1756.9090000000
1756.9210000000
1756.9320000000
1756.9430000000
1756.9540000000
1756.9650000000
1756.9760000000
1756.9870000000
1756.9980000000
1757.0090000000
1757.0200000000
1757.0320000000
1757.0430000000
1757.0540000000
1757.0650000000
1757.0760000000
1757.0870000000
1757.0980000000
1757.1090000000
1757.1210000000
1757.1320000000
1757.1430000000
1757.1540000000
1757.1650000000
1757.1760000000
1757.1870000000
1757.1980000000
1757.2090000000
1757.2200000000
1757.2310000000
1757.2430000000
1757.2540000000
1757.2650000000
1757.2760000000
1757.2870000000
1757.2980000000
1757.3090000000
1757.3200000000
1757.3310000000
1757.3430000000
1757.3540000000
1757.3650000000
1757.3760000000
1757.3870000000
1757.3980000000
1757.4090000000
1757.4200000000
1757.4310000000
1757.4430000000
1757.4540000000
1757.4650000000
1757.4760000000
1757.4870000000
1757.4980000000
1757.5090000000
1757.5200000000
1757.5310000000
1757.5420000000
1757.5530000000
1757.5650000000
1757.5760000000
1757.5870000000
1757.5980000000
1757.6090000000
1757.6200000000
1757.6310000000
1757.6420000000
1757.6540000000
1757.6650000000
1757.6760000000
1757.6870000000
1757.6980000000
1757.7090000000
1757.7200000000
1757.7310000000
1757.7420000000
1757.7540000000
1757.7650000000
1757.7760000000
1757.7870000000
1757.7980000000
1757.8090000000
1757.8200000000
1757.8310000000
1757.8420000000
1757.8530000000
1757.8650000000
1757.8760000000
1757.8870000000
1757.8980000000
1757.9090000000
1757.9200000000
1757.9310000000
1757.9420000000
1757.9530000000
1757.9650000000
1757.9760000000
1757.9870000000
1757.9980000000
1758.0090000000
1758.0200000000
1758.0310000000
1758.0420000000
1758.0530000000
1758.0640000000
1758.0760000000
1758.0870000000
1758.0980000000
1758.1090000000
1758.1200000000
1758.1310000000
1758.1420000000
1758.1530000000
1758.1640000000
1758.1760000000
1758.1870000000
1758.1980000000
1758.2090000000
1758.2200000000
1758.2310000000
1758.2420000000
1758.2530000000
1758.2640000000
1758.2760000000
1758.2870000000
1758.2980000000
1758.3090000000
1758.3200000000
1758.3310000000
1758.3420000000
1758.3530000000
1758.3640000000
1758.3750000000
1758.3870000000
1758.3980000000
1758.4090000000
1758.4200000000
1758.4310000000
1758.4420000000
1758.4530000000
1758.4640000000
1758.4750000000
1758.4860000000
1758.4980000000
1758.5090000000
1758.5200000000
1758.5310000000
1758.5420000000
1758.5530000000
1758.5640000000
1758.5750000000
1758.5870000000
1758.5980000000
1758.6090000000
1758.6200000000
1758.6310000000
1758.6420000000
1758.6530000000
1758.6640000000
1758.6750000000
1758.6860000000
1758.6980000000
1758.7080000000
1758.7200000000
1758.7310000000
1758.7420000000
1758.7530000000
1758.7640000000
1758.7750000000
1758.7860000000
1758.7980000000
1758.8080000000
1758.8200000000
1758.8310000000
1758.8420000000
1758.8530000000
1758.8640000000
1758.8750000000
1758.8860000000
1758.8970000000
1758.9080000000
1758.9200000000
1758.9310000000
1758.9420000000
1758.9530000000
1758.9640000000
1758.9750000000
1758.9860000000
1758.9970000000
1759.0090000000
1759.0190000000
1759.0310000000
1759.0420000000
1759.0530000000
1759.0640000000
1759.0750000000
1759.0860000000
1759.0970000000
1759.1080000000
1759.1200000000
1759.1310000000
1759.1420000000
1759.1530000000
1759.1640000000
1759.1750000000
1759.1860000000
1759.1970000000
1759.2080000000
1759.2190000000
1759.2310000000
1759.2420000000
1759.2530000000
1759.2640000000
1759.2750000000
1759.2860000000
1759.2970000000
1759.3080000000
1759.3200000000
1759.3300000000
1759.3420000000
1759.3530000000
1759.3640000000
1759.3750000000
1759.3860000000
1759.3970000000
1759.4080000000
1759.4190000000
1759.4310000000
1759.4420000000
1759.4530000000
1759.4640000000
1759.4750000000
1759.4860000000
1759.4970000000
1759.5080000000
1759.5190000000
1759.5310000000
1759.5410000000
1759.5520000000
1759.5640000000
1759.5750000000
1759.5860000000
1759.5970000000
1759.6080000000
1759.6190000000
1759.6300000000
1759.6410000000
1759.6530000000
1759.6640000000
1759.6750000000
1759.6860000000
1759.6970000000
1759.7080000000
1759.7190000000
1759.7300000000
1759.7420000000
1759.7520000000
1759.7640000000
1759.7750000000
1759.7860000000
1759.7970000000
1759.8080000000
1759.8190000000
1759.8300000000
1759.8410000000
1759.8520000000
1759.8640000000
1759.8750000000
1759.8860000000
1759.8970000000
1759.9080000000
1759.9190000000
1759.9300000000
1759.9410000000
1759.9520000000
1759.9640000000
1759.9750000000
1759.9860000000
1759.9970000000
1760.0080000000
1760.0190000000
1760.0300000000
1760.0410000000
1760.0520000000
1760.0640000000
1760.0750000000
1760.0860000000
1760.0970000000
1760.1080000000
1760.1190000000
1760.1300000000
1760.1410000000
1760.1520000000
1760.1640000000
1760.1750000000
1760.1860000000
1760.1970000000
1760.2080000000
1760.2190000000
1760.2300000000
1760.2410000000
1760.2520000000
1760.2640000000
1760.2750000000
1760.2860000000
1760.2970000000
1760.3080000000
1760.3190000000
1760.3300000000
1760.3410000000
1760.3520000000
1760.3640000000
1760.3740000000
1760.3860000000
1760.3960000000
1760.4080000000
1760.4190000000
1760.4300000000
1760.4410000000
1760.4520000000
1760.4640000000
1760.4740000000
1760.4850000000
1760.4960000000
1760.5080000000
1760.5190000000
1760.5300000000
1760.5410000000
1760.5520000000
1760.5640000000
1760.5740000000
1760.5860000000
1760.5960000000
1760.6080000000
1760.6190000000
1760.6300000000
1760.6410000000
1760.6520000000
1760.6640000000
1760.6740000000
1760.6860000000
1760.6960000000
1760.7080000000
1760.7190000000
1760.7300000000
1760.7410000000
1760.7520000000
1760.7630000000
1760.7740000000
1760.7850000000
1760.7970000000
1760.8070000000
1760.8190000000
1760.8300000000
1760.8410000000
1760.8520000000
1760.8630000000
1760.8740000000
1760.8850000000
1760.8960000000
1760.9080000000
1760.9190000000
1760.9300000000
1760.9410000000
1760.9520000000
1760.9630000000
1760.9740000000
1760.9850000000
1760.9960000000
1761.0070000000
1761.0190000000
1761.0300000000
1761.0410000000
1761.0520000000
1761.0630000000
1761.0740000000
1761.0850000000
1761.0960000000
1761.1070000000
1761.1190000000
1761.1300000000
1761.1410000000
1761.1520000000
1761.1630000000
1761.1740000000
1761.1850000000
1761.1960000000
1761.2070000000
1761.2180000000
1761.2290000000
1761.2410000000
1761.2520000000
1761.2630000000
1761.2740000000
1761.2850000000
1761.2960000000
1761.3070000000
1761.3190000000
1761.3290000000
1761.3410000000
1761.3520000000
1761.3630000000
1761.3740000000
1761.3850000000
1761.3960000000
1761.4070000000
1761.4190000000
1761.4290000000
1761.4400000000
1761.4520000000
1761.4630000000
1761.4740000000
1761.4850000000
1761.4960000000
1761.5070000000
1761.5180000000
1761.5290000000
1761.5410000000
1761.5520000000
1761.5630000000
1761.5740000000
1761.5850000000
1761.5960000000
1761.6070000000
1761.6180000000
1761.6290000000
1761.6410000000
1761.6520000000
1761.6630000000
1761.6740000000
1761.6850000000
1761.6960000000
1761.7070000000
1761.7180000000
1761.7290000000
1761.7400000000
1761.7520000000
1761.7630000000
1761.7740000000
1761.7850000000
1761.7960000000
1761.8070000000
1761.8180000000
1761.8290000000
1761.8400000000
1761.8520000000
1761.8630000000
1761.8740000000
1761.8850000000
1761.8960000000
1761.9070000000
1761.9180000000
1761.9290000000
1761.9400000000
1761.9510000000
1761.9630000000
1761.9740000000
1761.9850000000
1761.9960000000
1762.0070000000
1762.0180000000
1762.0290000000
1762.0400000000
1762.0520000000
1762.0630000000
1762.0730000000
1762.0850000000
1762.0960000000
1762.1070000000
1762.1180000000
1762.1290000000
1762.1400000000
1762.1510000000
1762.1620000000
1762.1730000000
1762.1850000000
1762.1960000000
1762.2070000000
1762.2180000000
1762.2290000000
1762.2400000000
1762.2510000000
1762.2620000000
1762.2740000000
1762.2850000000
1762.2960000000
1762.3070000000
1762.3180000000
1762.3290000000
1762.3400000000
1762.3510000000
1762.3620000000
1762.3740000000
1762.3850000000
1762.3960000000
1762.4070000000
1762.4180000000
1762.4290000000
1762.4400000000
1762.4510000000
1762.4620000000
1762.4730000000
1762.4840000000
1762.4960000000
1762.5070000000
1762.5180000000
1762.5290000000
1762.5400000000
1762.5510000000
1762.5630000000
1762.5730000000
1762.5840000000
1762.5960000000
1762.6070000000
1762.6180000000
1762.6290000000
1762.6400000000
1762.6510000000
1762.6620000000
1762.6730000000
1762.6840000000
1762.6960000000
1762.7070000000
1762.7180000000
1762.7290000000
1762.7400000000
1762.7510000000
1762.7620000000
1762.7730000000
1762.7840000000
1762.7950000000
1762.8070000000
1762.8180000000
1762.8290000000
1762.8400000000
1762.8510000000
1762.8620000000
1762.8730000000
1762.8840000000
1762.8950000000
1762.9060000000
1762.9180000000
1762.9290000000
1762.9400000000
1762.9510000000
1762.9620000000
1762.9730000000
1762.9840000000
1762.9950000000
1763.0060000000
1763.0180000000
1763.0290000000
1763.0400000000
1763.0510000000
1763.0620000000
1763.0730000000
1763.0850000000
1763.0950000000
1763.1060000000
1763.1180000000
1763.1290000000
1763.1400000000
1763.1510000000
1763.1620000000
1763.1730000000
1763.1840000000
1763.1950000000
1763.2060000000
1763.2180000000
1763.2280000000
1763.2400000000
1763.2510000000
1763.2620000000
1763.2730000000
1763.2840000000
1763.2950000000
1763.3060000000
1763.3170000000
1763.3280000000
1763.3400000000
1763.3510000000
1763.3620000000
1763.3730000000
1763.3840000000
1763.3950000000
1763.4060000000
1763.4170000000
1763.4290000000
1763.4390000000
1763.4510000000
1763.4620000000
1763.4730000000
1763.4840000000
1763.4950000000
1763.5060000000
1763.5170000000
1763.5280000000
1763.5390000000
1763.5510000000
1763.5620000000
1763.5730000000
1763.5840000000
1763.5950000000
1763.6060000000
1763.6170000000
1763.6280000000
1763.6390000000
1763.6510000000
1763.6620000000
1763.6730000000
1763.6840000000
1763.6950000000
1763.7060000000
1763.7170000000
1763.7280000000
1763.7390000000
1763.7500000000
1763.7620000000
1763.7730000000
1763.7840000000
1763.7950000000
1763.8060000000
1763.8170000000
1763.8280000000
1763.8390000000
1763.8500000000
1763.8610000000
1763.8730000000
1763.8840000000
1763.8950000000
1763.9060000000
1763.9170000000
1763.9280000000
1763.9390000000
1763.9500000000
1763.9620000000
1763.9730000000
1763.9840000000
1763.9950000000
1764.0060000000
1764.0170000000
1764.0280000000
1764.0390000000
1764.0500000000
1764.0620000000
1764.0730000000
1764.0840000000
1764.0950000000
1764.1060000000
1764.1170000000
1764.1280000000
1764.1400000000
1764.1500000000
1764.1610000000
1764.1730000000
1764.1840000000
1764.1950000000
1764.2060000000
1764.2170000000
1764.2280000000
1764.2390000000
1764.2500000000
1764.2610000000
1764.2720000000
1764.2830000000
1764.2950000000
1764.3060000000
1764.3170000000
1764.3280000000
1764.3390000000
1764.3500000000
1764.3610000000
1764.3730000000
1764.3840000000
1764.3950000000
1764.4060000000
1764.4170000000
1764.4280000000
1764.4390000000
1764.4500000000
1764.4610000000
1764.4730000000
1764.4840000000
1764.4950000000
1764.5060000000
1764.5170000000
1764.5280000000
1764.5390000000
1764.5500000000
1764.5610000000
1764.5730000000
1764.5830000000
1764.5940000000
1764.6060000000
1764.6170000000
1764.6280000000
1764.6390000000
1764.6500000000
1764.6610000000
1764.6730000000
1764.6830000000
1764.6940000000
1764.7060000000
1764.7170000000
1764.7280000000
1764.7390000000
1764.7500000000
1764.7610000000
1764.7720000000
1764.7830000000
1764.7940000000
1764.8060000000
1764.8170000000
1764.8280000000
1764.8390000000
1764.8500000000
1764.8610000000
1764.8720000000
1764.8830000000
1764.8940000000
1764.9060000000
1764.9170000000
1764.9280000000
1764.9390000000
1764.9500000000
1764.9610000000
1764.9730000000
1764.9830000000
1764.9940000000
1765.0050000000
1765.0170000000
1765.0280000000
1765.0390000000
1765.0500000000
1765.0610000000
1765.0720000000
1765.0830000000
1765.0940000000
1765.1050000000
1765.1170000000
1765.1280000000
1765.1390000000
1765.1500000000
1765.1610000000
1765.1720000000
1765.1830000000
1765.1940000000
1765.2050000000
1765.2160000000
1765.2280000000
1765.2390000000
1765.2500000000
1765.2610000000
1765.2720000000
1765.2830000000
1765.2940000000
1765.3050000000
1765.3160000000
1765.3280000000
1765.3380000000
1765.3500000000
1765.3610000000
1765.3720000000
1765.3830000000
1765.3940000000
1765.4050000000
1765.4170000000
1765.4270000000
1765.4390000000
1765.4500000000
1765.4610000000
1765.4720000000
1765.4830000000
1765.4940000000
1765.5050000000
1765.5160000000
1765.5270000000
1765.5390000000
1765.5500000000
1765.5610000000
1765.5720000000
1765.5830000000
1765.5940000000
1765.6050000000
1765.6160000000
1765.6270000000
1765.6380000000
1765.6500000000
1765.6610000000
1765.6720000000
1765.6830000000
1765.6940000000
1765.7050000000
1765.7160000000
1765.7270000000
1765.7380000000
1765.7500000000
1765.7600000000
1765.7720000000
1765.7830000000
1765.7940000000
1765.8050000000
1765.8160000000
1765.8270000000
1765.8380000000
1765.8500000000
1765.8600000000
1765.8720000000
1765.8830000000
1765.8940000000
1765.9050000000
1765.9160000000
1765.9270000000
1765.9380000000
1765.9490000000
1765.9610000000
1765.9710000000
1765.9830000000
1765.9940000000
1766.0050000000
1766.0160000000
1766.0270000000
1766.0380000000
1766.0490000000
1766.0600000000
1766.0720000000
1766.0830000000
1766.0940000000
1766.1050000000
1766.1160000000
1766.1270000000
1766.1380000000
1766.1490000000
1766.1600000000
1766.1710000000
1766.1830000000
1766.1940000000
1766.2050000000
1766.2160000000
1766.2270000000
1766.2380000000
1766.2490000000
1766.2600000000
1766.2710000000
1766.2820000000
1766.2940000000
1766.3050000000
1766.3160000000
1766.3270000000
1766.3380000000
1766.3490000000
1766.3600000000
1766.3710000000
1766.3830000000
1766.3940000000
1766.4050000000
1766.4160000000
1766.4270000000
1766.4380000000
1766.4490000000
1766.4600000000
1766.4710000000
1766.4820000000
1766.4940000000
1766.5050000000
1766.5160000000
1766.5270000000
1766.5380000000
1766.5490000000
1766.5600000000
1766.5710000000
1766.5830000000
1766.5930000000
1766.6040000000
1766.6160000000
1766.6270000000
1766.6380000000
1766.6490000000
1766.6600000000
1766.6710000000
1766.6820000000
1766.6930000000
1766.7050000000
1766.7160000000
1766.7270000000
1766.7380000000
1766.7490000000
1766.7600000000
1766.7710000000
1766.7830000000
1766.7930000000
1766.8050000000
1766.8160000000
1766.8270000000
1766.8380000000
1766.8490000000
1766.8600000000
1766.8710000000
1766.8820000000
1766.8930000000
1766.9040000000
1766.9160000000
1766.9270000000
1766.9380000000
1766.9490000000
1766.9600000000
1766.9710000000
1766.9820000000
1766.9930000000
1767.0040000000
1767.0160000000
1767.0260000000
1767.0380000000
1767.0490000000
1767.0600000000
1767.0710000000
1767.0820000000
1767.0930000000
1767.1040000000
1767.1150000000
1767.1270000000
1767.1380000000
1767.1490000000
1767.1600000000
1767.1710000000
1767.1820000000
1767.1930000000
1767.2040000000
1767.2160000000
1767.2260000000
1767.2380000000
1767.2490000000
1767.2600000000
1767.2710000000
1767.2820000000
1767.2930000000
1767.3040000000
1767.3150000000
1767.3260000000
1767.3380000000
1767.3490000000
1767.3600000000
1767.3710000000
1767.3820000000
1767.3930000000
1767.4040000000
1767.4150000000
1767.4260000000
1767.4380000000
1767.4490000000
1767.4600000000
1767.4710000000
1767.4820000000
1767.4930000000
1767.5040000000
1767.5150000000
1767.5260000000
1767.5370000000
1767.5490000000
1767.5600000000
1767.5710000000
1767.5820000000
1767.5930000000
1767.6040000000
1767.6150000000
1767.6260000000
1767.6370000000
1767.6480000000
1767.6600000000
1767.6710000000
1767.6820000000
1767.6930000000
1767.7040000000
1767.7150000000
1767.7260000000
1767.7370000000
1767.7480000000
1767.7600000000
1767.7710000000
1767.7820000000
1767.7930000000
1767.8040000000
1767.8150000000
1767.8260000000
1767.8370000000
1767.8490000000
1767.8590000000
1767.8710000000
1767.8820000000
1767.8930000000
1767.9040000000
1767.9150000000
1767.9260000000
1767.9370000000
1767.9480000000
1767.9600000000
1767.9700000000
1767.9820000000
1767.9930000000
1768.0040000000
1768.0150000000
1768.0260000000
1768.0370000000
1768.0480000000
1768.0590000000
1768.0700000000
1768.0820000000
1768.0930000000
1768.1040000000
1768.1150000000
1768.1260000000
1768.1370000000
1768.1480000000
1768.1590000000
1768.1700000000
1768.1820000000
1768.1930000000
1768.2040000000
1768.2150000000
1768.2260000000
1768.2370000000
1768.2480000000
1768.2590000000
1768.2700000000
1768.2810000000
1768.2930000000
1768.3040000000
1768.3150000000
1768.3260000000
1768.3370000000
1768.3480000000
1768.3590000000
1768.3700000000
1768.3810000000
1768.3930000000
1768.4040000000
1768.4150000000
1768.4260000000
1768.4370000000
1768.4480000000
1768.4590000000
1768.4700000000
1768.4810000000
1768.4930000000
1768.5040000000
1768.5150000000
1768.5260000000
1768.5370000000
1768.5480000000
1768.5590000000
1768.5700000000
1768.5820000000
1768.5920000000
1768.6040000000
1768.6150000000
1768.6260000000
1768.6370000000
1768.6480000000
1768.6590000000
1768.6700000000
1768.6810000000
1768.6920000000
1768.7030000000
1768.7150000000
1768.7260000000
1768.7370000000
1768.7480000000
1768.7590000000
1768.7700000000
1768.7810000000
1768.7920000000
1768.8040000000
1768.8140000000
1768.8260000000
1768.8370000000
1768.8480000000
1768.8590000000
1768.8700000000
1768.8810000000
1768.8920000000
1768.9040000000
1768.9150000000
1768.9260000000
1768.9370000000
1768.9480000000
1768.9590000000
1768.9700000000
1768.9810000000
1768.9920000000
1769.0030000000
1769.0140000000
1769.0260000000
1769.0370000000
1769.0480000000
1769.0590000000
1769.0700000000
1769.0810000000
1769.0920000000
1769.1030000000
1769.1150000000
1769.1250000000
1769.1370000000
1769.1480000000
1769.1590000000
1769.1700000000
1769.1810000000
1769.1920000000
1769.2030000000
1769.2140000000
1769.2260000000
1769.2370000000
1769.2480000000
1769.2590000000
1769.2700000000
1769.2810000000
1769.2920000000
1769.3030000000
1769.3140000000
1769.3250000000
1769.3360000000
1769.3480000000
1769.3590000000
1769.3700000000
1769.3810000000
1769.3920000000
1769.4030000000
1769.4140000000
1769.4260000000
1769.4370000000
1769.4480000000
1769.4590000000
1769.4700000000
1769.4810000000
1769.4920000000
1769.5030000000
1769.5140000000
1769.5250000000
1769.5370000000
1769.5480000000
1769.5590000000
1769.5700000000
1769.5810000000
1769.5920000000
1769.6030000000
1769.6140000000
1769.6250000000
1769.6360000000
1769.6480000000
1769.6590000000
1769.6700000000
1769.6810000000
1769.6920000000
1769.7030000000
1769.7140000000
1769.7250000000
1769.7370000000
1769.7480000000
1769.7590000000
1769.7700000000
1769.7810000000
1769.7920000000
1769.8030000000
1769.8140000000
1769.8250000000
1769.8360000000
1769.8480000000
1769.8590000000
1769.8700000000
1769.8810000000
1769.8920000000
1769.9030000000
1769.9140000000
1769.9250000000
1769.9360000000
1769.9470000000
1769.9590000000
1769.9690000000
1769.9810000000
1769.9920000000
1770.0030000000
1770.0140000000
1770.0250000000
1770.0360000000
1770.0470000000
1770.0580000000
1770.0700000000
1770.0810000000
1770.0920000000
1770.1030000000
1770.1140000000
1770.1250000000
1770.1360000000
1770.1470000000
1770.1580000000
1770.1690000000
1770.1810000000
1770.1920000000
1770.2030000000
1770.2140000000
1770.2250000000
1770.2360000000
1770.2470000000
1770.2580000000
1770.2690000000
1770.2810000000
1770.2920000000
1770.3030000000
1770.3140000000
1770.3250000000
1770.3360000000
1770.3470000000
1770.3580000000
1770.3690000000
1770.3800000000
1770.3910000000
1770.4030000000
1770.4140000000
1770.4250000000
1770.4360000000
1770.4470000000
1770.4580000000
1770.4690000000
1770.4800000000
1770.4920000000
1770.5030000000
1770.5140000000
1770.5250000000
1770.5360000000
1770.5470000000
1770.5580000000
1770.5690000000
1770.5810000000
1770.5920000000
1770.6030000000
1770.6140000000
1770.6250000000
1770.6360000000
1770.6470000000
1770.6580000000
1770.6690000000
1770.6800000000
1770.6920000000
1770.7020000000
1770.7140000000
1770.7250000000
1770.7360000000
1770.7470000000
1770.7580000000
1770.7690000000
1770.7800000000
1770.7910000000
1770.8030000000
1770.8140000000
1770.8250000000
1770.8360000000
1770.8470000000
1770.8580000000
1770.8690000000
1770.8800000000
1770.8910000000
1770.9020000000
1770.9140000000
1770.9250000000
1770.9360000000
1770.9470000000
1770.9580000000
1770.9690000000
1770.9800000000
1770.9910000000
1771.0030000000
1771.0140000000
