25.5500000000
25.5708100000
25.5821700000
25.5927500000
25.6032400000
25.6142100000
25.6255600000
25.6365700000
25.6477900000
25.6590300000
25.6700200000
25.6808500000
25.6924600000
25.7033200000
25.7144600000
25.7252200000
25.7363600000
25.7474100000
25.7587800000
25.7701500000
25.7808400000
25.7920100000
25.8030300000
25.8140900000
25.8252800000
25.8365300000
25.8476300000
25.8591200000
25.8696000000
25.8808600000
25.8918800000
25.9030900000
25.9141400000
25.9254600000
25.9363700000
25.9476000000
25.9586600000
25.9696900000
25.9806400000
25.9919600000
26.0029300000
26.0144500000
26.0259100000
26.0371900000
26.0486600000
26.0598800000
26.0714500000
26.0828500000
26.0942500000
26.1057400000
26.1170100000
26.1284100000
26.1399400000
26.1512200000
26.1631500000
26.1741200000
26.1855400000
26.1969300000
26.2080000000
26.2195100000
26.2300500000
26.2412500000
26.2522900000
26.2635300000
26.2748000000
26.2855900000
26.2968500000
26.3080700000
26.3189000000
26.3302200000
26.3411400000
26.3521800000
26.3633300000
26.3744800000
26.3855300000
26.3966500000
26.4077700000
26.4190400000
26.4299800000
26.4411400000
26.4521400000
26.4635900000
26.4743600000
26.4855700000
26.4965900000
26.5078100000
26.5190700000
26.5300900000
26.5409900000
26.5521700000
26.5632400000
26.5744700000
26.5853700000
26.5966500000
26.6076500000
26.6187400000
26.6300400000
26.6412400000
26.6527000000
26.6632400000
26.6742700000
26.6854800000
26.6965700000
26.7076700000
26.7187400000
26.7298900000
26.7411600000
26.7521300000
26.7632400000
26.7743000000
26.7853800000
26.7967700000
26.8076000000
26.8188600000
26.8298100000
26.8409300000
26.8519600000
26.8632300000
26.8742900000
26.8852900000
26.8963900000
26.9077000000
26.9187500000
26.9297400000
26.9410700000
26.9520800000
26.9632300000
26.9743000000
26.9853900000
26.9965300000
27.0076400000
27.0185100000
27.0296800000
27.0409700000
27.0519200000
27.0632200000
27.0742800000
27.0854600000
27.0964400000
27.1074300000
27.1185600000
27.1296800000
27.1408300000
27.1518000000
27.1630400000
27.1743500000
27.1850900000
27.1964600000
27.2073400000
27.2186000000
27.2297200000
27.2408400000
27.2518400000
27.2630700000
27.2742100000
27.2850700000
27.2961900000
27.3074800000
27.3183700000
27.3295600000
27.3407400000
27.3517600000
27.3628700000
27.3740600000
27.3850600000
27.3961300000
27.4075200000
27.4184700000
27.4294500000
27.4408800000
27.4517400000
27.4628600000
27.4738700000
27.4849200000
27.4962300000
27.5074300000
27.5184500000
27.5294100000
27.5406600000
27.5516000000
27.5626800000
27.5739900000
27.5849100000
27.5960000000
27.6072600000
27.6182800000
27.6296700000
27.6405000000
27.6517300000
27.6627100000
27.6739200000
27.6848600000
27.6961000000
27.7070800000
27.7182400000
27.7296500000
27.7406300000
27.7515100000
27.7627800000
27.7740100000
27.7848300000
27.7962300000
27.8070700000
27.8183000000
27.8294200000
27.8403700000
27.8516200000
27.8627100000
27.8736800000
27.8849000000
27.8963800000
27.9069700000
27.9181400000
27.9292900000
27.9403200000
27.9514500000
27.9628600000
27.9737800000
27.9847600000
27.9958200000
28.0070000000
28.0181800000
28.0291700000
28.0403500000
28.0514000000
28.0626000000
28.0736900000
28.0846900000
28.0957700000
28.1069700000
28.1181700000
28.1290700000
28.1401800000
28.1513200000
28.1625600000
28.1734800000
28.1847500000
28.1958000000
28.2070700000
28.2179900000
28.2292000000
28.2402000000
28.2514400000
28.2624900000
28.2734700000
28.2846900000
28.2959500000
28.3068000000
28.3179300000
28.3290000000
28.3401900000
28.3514400000
28.3623700000
28.3735000000
28.3846900000
28.3958400000
28.4070500000
28.4178200000
28.4289400000
28.4401400000
28.4511900000
28.4623100000
28.4733700000
28.4845300000
28.4956300000
28.5067700000
28.5181600000
28.5290900000
28.5403300000
28.5511200000
28.5623300000
28.5737900000
28.5844500000
28.5954900000
28.6067400000
28.6177300000
28.6291100000
28.6402300000
28.6510800000
28.6623700000
28.6733900000
28.6843500000
28.6956600000
28.7067000000
28.7177200000
28.7289300000
28.7403500000
28.7510200000
28.7622400000
28.7733900000
28.7842900000
28.7954200000
28.8067100000
28.8177600000
28.8290300000
28.8401500000
28.8510800000
28.8620400000
28.8732200000
28.8843800000
28.8954400000
28.9065800000
28.9176000000
28.9288600000
28.9403200000
28.9508700000
28.9623200000
28.9735100000
28.9842100000
28.9953500000
29.0066100000
29.0176200000
29.0286900000
29.0400600000
29.0509000000
29.0619900000
29.0734800000
29.0842000000
29.0952700000
29.1064000000
29.1176400000
29.1287300000
29.1400100000
29.1508900000
29.1620900000
29.1730600000
29.1844000000
29.1952000000
29.2065600000
29.2177000000
29.2286100000
29.2401300000
29.2507200000
29.2618500000
29.2732600000
29.2842300000
29.2952800000
29.3062800000
29.3174100000
29.3284900000
29.3396300000
29.3506900000
29.3619700000
29.3730500000
29.3842300000
29.3951300000
29.4065000000
29.4173200000
29.4285900000
29.4398200000
29.4507400000
29.4617600000
29.4729600000
29.4840000000
29.4953800000
29.5065800000
29.5172700000
29.5283600000
29.5395500000
29.5505900000
29.5619600000
29.5730200000
29.5838600000
29.5951800000
29.6062300000
29.6175500000
29.6283600000
29.6395400000
29.6505500000
29.6616900000
29.6729900000
29.6841900000
29.6950200000
29.7062900000
29.7172500000
29.7284900000
29.7394600000
29.7506600000
29.7617100000
29.7728700000
29.7838300000
29.7949700000
29.8061700000
29.8171200000
29.8284100000
29.8396000000
29.8505600000
29.8616600000
29.8728500000
29.8839300000
29.8949300000
29.9065400000
29.9170800000
29.9282500000
29.9394800000
29.9506800000
29.9615600000
29.9726100000
29.9838200000
29.9949600000
30.0059500000
30.0170200000
30.0282500000
30.0393300000
30.0504700000
30.0617200000
30.0725800000
30.0836600000
30.0948600000
30.1059600000
30.1169800000
30.1281500000
30.1392300000
30.1503000000
30.1615100000
30.1727700000
30.1836800000
30.1947100000
30.2059000000
30.2170300000
30.2280300000
30.2391400000
30.2502200000
30.2614500000
30.2726100000
30.2836700000
30.2946800000
30.3057800000
30.3169100000
30.3280500000
30.3392400000
30.3502100000
30.3612600000
30.3725600000
30.3835000000
30.3947800000
30.4060700000
30.4168000000
30.4279900000
30.4392200000
30.4503500000
30.4612700000
30.4723400000
30.4836900000
30.4947500000
30.5058400000
30.5167800000
30.5283500000
30.5389500000
30.5503600000
30.5612400000
30.5722600000
30.5834300000
30.5948900000
30.6058800000
30.6169300000
30.6278500000
30.6391100000
30.6504100000
30.6614700000
30.6722500000
30.6835300000
30.6944400000
30.7056800000
30.7167600000
30.7279900000
30.7390300000
30.7501600000
30.7611900000
30.7723300000
30.7833000000
30.7944100000
30.8055300000
30.8166700000
30.8278000000
30.8392800000
30.8499700000
30.8610300000
30.8726100000
30.8834800000
30.8943500000
30.9054500000
30.9167400000
30.9277500000
30.9388700000
30.9500400000
30.9610300000
30.9720900000
30.9833900000
30.9944500000
31.0055600000
31.0166300000
31.0276400000
31.0388900000
31.0499600000
31.0612000000
31.0721000000
31.0832100000
31.0943500000
31.1054900000
31.1165200000
31.1275500000
31.1386700000
31.1500400000
31.1609300000
31.1722300000
31.1830900000
31.1941900000
31.2053500000
31.2164800000
31.2275100000
31.2387400000
31.2497600000
31.2609300000
31.2720100000
31.2831700000
31.2941100000
31.3054900000
31.3163300000
31.3274900000
31.3386900000
31.3496900000
31.3608200000
31.3719100000
31.3830100000
31.3943300000
31.4053800000
31.4163100000
31.4274100000
31.4386900000
31.4496300000
31.4608700000
31.4718400000
31.4829200000
31.4941800000
31.5054100000
31.5163900000
31.5273800000
31.5385900000
31.5496500000
31.5607500000
31.5718100000
31.5829000000
31.5940000000
31.6053000000
31.6165100000
31.6272900000
31.6385600000
31.6495400000
31.6606800000
31.6718100000
31.6829200000
31.6941700000
31.7051000000
31.7161800000
31.7274700000
31.7384600000
31.7496300000
31.7605900000
31.7719000000
31.7828000000
31.7939400000
31.8050500000
31.8162100000
31.8272400000
31.8385100000
31.8494500000
31.8605600000
31.8716200000
31.8827700000
31.8939200000
31.9052800000
31.9160500000
31.9272800000
31.9389400000
31.9494000000
31.9605200000
31.9716300000
31.9827800000
31.9938700000
32.0049700000
32.0160100000
32.0271500000
32.0382100000
32.0496400000
32.0604200000
32.0716000000
32.0827500000
32.0937400000
32.1050700000
32.1159600000
32.1270800000
32.1386000000
32.1493900000
32.1605600000
32.1716500000
32.1827100000
32.1937100000
32.2050400000
32.2159900000
32.2270100000
32.2382900000
32.2492800000
32.2603600000
32.2717400000
32.2826300000
32.2936700000
32.3049000000
32.3160700000
32.3269500000
32.3383100000
32.3493100000
32.3602800000
32.3714600000
32.3827300000
32.3937200000
32.4047200000
32.4159100000
32.4269700000
32.4380700000
32.4492600000
32.4602700000
32.4713400000
32.4824900000
32.4937200000
32.5047600000
32.5159100000
32.5269500000
32.5384200000
32.5494900000
32.5601600000
32.5713500000
32.5824700000
32.5934700000
32.6049700000
32.6158900000
32.6268500000
32.6380600000
32.6492500000
32.6601700000
32.6713100000
32.6824200000
32.6934400000
32.7047700000
32.7158000000
32.7268600000
32.7379500000
32.7498200000
32.7601200000
32.7713300000
32.7823400000
32.7934300000
32.8047600000
32.8160900000
32.8268700000
32.8378200000
32.8491800000
32.8602300000
32.8711900000
32.8823400000
32.8933300000
32.9046800000
32.9156200000
32.9266900000
32.9380400000
32.9494700000
32.9600000000
32.9712000000
32.9823300000
32.9933700000
33.0044800000
33.0157300000
33.0266600000
33.0379100000
33.0495000000
33.0599600000
33.0712600000
33.0823400000
33.0933500000
33.1044700000
33.1155100000
33.1266300000
33.1377300000
33.1493000000
33.1600900000
33.1711100000
33.1820800000
33.1932500000
33.2043200000
33.2156700000
33.2265500000
33.2377100000
33.2490900000
33.2599000000
33.2713000000
33.2820500000
33.2932900000
33.3045500000
33.3153500000
33.3266100000
33.3377900000
33.3490300000
33.3598300000
33.3710400000
33.3821300000
33.3931700000
33.4046000000
33.4153900000
33.4264100000
33.4378200000
33.4493000000
33.4597400000
33.4713400000
33.4826300000
33.4931700000
33.5044000000
33.5153800000
33.5264600000
33.5375900000
33.5488200000
33.5597300000
33.5707600000
33.5818900000
33.5930700000
33.6042400000
33.6153100000
33.6262800000
33.6375700000
33.6488200000
33.6597300000
33.6711400000
33.6819600000
33.6929600000
33.7042400000
33.7153500000
33.7263800000
33.7373600000
33.7488400000
33.7596200000
33.7708700000
33.7819300000
33.7930300000
33.8040800000
33.8151600000
33.8263900000
33.8378600000
33.8484500000
33.8596600000
33.8706900000
33.8817600000
33.8928700000
33.9042000000
33.9150500000
33.9272000000
33.9372800000
33.9487500000
33.9595100000
33.9707000000
33.9817700000
33.9928200000
34.0040100000
34.0150200000
34.0261500000
34.0375000000
34.0483600000
34.0595100000
34.0705400000
34.0817400000
34.0927400000
34.1041000000
34.1149600000
34.1260700000
34.1371900000
34.1485800000
34.1595000000
34.1705300000
34.1815700000
34.1927000000
34.2038400000
34.2149800000
34.2260600000
34.2372300000
34.2486200000
34.2596400000
34.2704800000
34.2816200000
34.2927600000
34.3039100000
34.3148500000
34.3260800000
34.3370600000
34.3481700000
34.3593300000
34.3706200000
34.3815400000
34.3926200000
34.4039400000
34.4150200000
34.4261600000
34.4370300000
34.4482400000
34.4592400000
34.4703700000
34.4816800000
34.4925700000
34.5036900000
34.5148400000
34.5259200000
34.5370100000
34.5483200000
34.5592600000
34.5704600000
34.5816600000
34.5926400000
34.6036500000
34.6146900000
34.6258400000
34.6370300000
34.6480600000
34.6591700000
34.6702500000
34.6813900000
34.6924700000
34.7042600000
34.7147200000
34.7259100000
34.7370300000
34.7482300000
34.7592500000
34.7703200000
34.7815600000
34.7924500000
34.8036300000
34.8147800000
34.8258600000
34.8371900000
34.8479900000
34.8591000000
34.8702400000
34.8815200000
34.8924000000
34.9037100000
34.9147100000
34.9258500000
34.9368700000
34.9479100000
34.9590600000
34.9701100000
34.9813500000
34.9924000000
35.0036700000
35.0148000000
35.0257700000
35.0370100000
35.0479600000
35.0590200000
35.0701400000
35.0811400000
35.0922900000
35.1034700000
35.1146800000
35.1256000000
35.1367600000
35.1481100000
35.1590500000
35.1701400000
35.1813200000
35.1923400000
35.2036200000
35.2145300000
35.2255700000
35.2367500000
35.2479600000
35.2592300000
35.2700100000
35.2810500000
35.2921400000
35.3034200000
35.3144900000
35.3255500000
35.3365700000
35.3480400000
35.3588900000
35.3702200000
35.3810300000
35.3921300000
35.4034600000
35.4143200000
35.4255100000
35.4365700000
35.4476300000
35.4588300000
35.4701500000
35.4812500000
35.4922800000
35.5033300000
35.5142700000
35.5254700000
35.5364800000
35.5476000000
35.5588600000
35.5699700000
35.5809000000
35.5923400000
35.6033400000
35.6142800000
35.6253400000
35.6366000000
35.6475100000
35.6588200000
35.6697800000
35.6816100000
35.6919700000
35.7032400000
35.7141800000
35.7253800000
35.7364000000
35.7475100000
35.7585800000
35.7697400000
35.7808400000
35.7921100000
35.8030700000
35.8144800000
35.8252800000
35.8368900000
35.8474600000
35.8585800000
35.8696400000
35.8808000000
35.8921400000
35.9029400000
35.9143000000
35.9253400000
35.9364400000
35.9473400000
35.9586100000
35.9700700000
35.9806900000
35.9919600000
36.0029700000
36.0140000000
36.0253300000
36.0363700000
36.0474000000
36.0584200000
36.0698000000
36.0806600000
36.0917600000
36.1029300000
36.1141200000
36.1252400000
36.1361300000
36.1474500000
36.1584600000
36.1695300000
36.1806300000
36.1917800000
36.2030600000
36.2139200000
36.2250100000
36.2362400000
36.2472800000
36.2585500000
36.2698400000
36.2809000000
36.2917300000
36.3029900000
36.3138700000
36.3249900000
36.3360900000
36.3472500000
36.3583200000
36.3695300000
36.3807900000
36.3916400000
36.4029500000
36.4140600000
36.4250300000
36.4362600000
36.4471400000
36.4582800000
36.4695700000
36.4805500000
36.4916300000
36.5027500000
36.5139200000
36.5249700000
36.5359600000
36.5472500000
36.5584900000
36.5695100000
36.5805400000
36.5919000000
36.6026300000
36.6139800000
36.6250400000
36.6360300000
36.6471100000
36.6584900000
36.6693700000
36.6804700000
36.6915900000
36.7027900000
36.7137900000
36.7248900000
36.7361200000
36.7471200000
36.7583200000
36.7693800000
36.7803700000
36.7914400000
36.8025800000
36.8139400000
36.8247600000
36.8358800000
36.8471400000
36.8586200000
36.8694300000
36.8803600000
36.8915900000
36.9025900000
36.9137500000
36.9249900000
36.9357900000
36.9468400000
36.9583900000
36.9691300000
36.9802800000
36.9913100000
37.0026200000
37.0135000000
37.0248000000
37.0358500000
37.0470400000
37.0584700000
37.0694000000
37.0803300000
37.0914400000
37.1026300000
37.1136200000
37.1247000000
37.1359300000
37.1472500000
37.1581300000
37.1690400000
37.1801400000
37.1912200000
37.2023400000
37.2137400000
37.2246400000
37.2356300000
37.2467300000
37.2580300000
37.2690500000
37.2800400000
37.2911300000
37.3023400000
37.3133800000
37.3245500000
37.3356100000
37.3466800000
37.3578400000
37.3692800000
37.3805000000
37.3912200000
37.4023100000
37.4134600000
37.4245600000
37.4357800000
37.4469100000
37.4576800000
37.4690100000
37.4802700000
37.4911400000
37.5021800000
37.5135200000
37.5245100000
37.5356800000
37.5467300000
37.5577100000
37.5688800000
37.5800200000
37.5913900000
37.6022800000
37.6134500000
37.6244700000
37.6357300000
37.6467100000
37.6578200000
37.6687900000
37.6800600000
37.6909400000
37.7022700000
37.7133100000
37.7242900000
37.7355100000
37.7468500000
37.7575800000
37.7687700000
37.7800400000
37.7908600000
37.8020800000
37.8133700000
37.8242300000
37.8355100000
37.8466400000
37.8575800000
37.8687400000
37.8800000000
37.8908700000
37.9020800000
37.9131700000
37.9243000000
37.9354700000
37.9464000000
37.9575700000
37.9687400000
37.9797100000
37.9909800000
38.0023800000
38.0130000000
38.0242000000
38.0355400000
38.0464400000
38.0574200000
38.0685400000
38.0796700000
38.0908400000
38.1021600000
38.1129600000
38.1241400000
38.1352500000
38.1465500000
38.1573800000
38.1686300000
38.1795900000
38.1907000000
38.2019300000
38.2131300000
38.2242200000
38.2351000000
38.2465800000
38.2573200000
38.2686700000
38.2796300000
38.2906200000
38.3020700000
38.3130900000
38.3243600000
38.3351900000
38.3463600000
38.3574900000
38.3684200000
38.3797100000
38.3906800000
38.4018200000
38.4129200000
38.4240800000
38.4351500000
38.4461300000
38.4575200000
38.4689300000
38.4794900000
38.4906700000
38.5016700000
38.5127400000
38.5238400000
38.5349700000
38.5461200000
38.5572300000
38.5683600000
38.5796200000
38.5905900000
38.6019500000
38.6130100000
38.6239500000
38.6350400000
38.6460600000
38.6571600000
38.6685500000
38.6795700000
38.6907100000
38.7017700000
38.7126800000
38.7238500000
38.7348500000
38.7460500000
38.7572500000
38.7688800000
38.7793400000
38.7905900000
38.8016500000
38.8126400000
38.8239200000
38.8348400000
38.8461200000
38.8569900000
38.8683400000
38.8793000000
38.8904400000
38.9014600000
38.9127300000
38.9237400000
38.9350700000
38.9463300000
38.9569700000
38.9682200000
38.9792400000
38.9903900000
39.0014100000
39.0126800000
39.0237200000
39.0349400000
39.0460900000
39.0569500000
39.0682400000
39.0794100000
39.0905100000
39.1015100000
39.1126400000
39.1235300000
39.1349900000
39.1458300000
39.1576700000
39.1680500000
39.1791500000
39.1901700000
39.2013800000
39.2127300000
39.2235700000
39.2347900000
39.2459900000
39.2568400000
39.2679700000
39.2790400000
39.2901900000
39.3012900000
39.3124500000
39.3235700000
39.3346800000
39.3457400000
39.3569400000
39.3680000000
39.3790900000
39.3903500000
39.4012100000
39.4125400000
39.4235400000
39.4346000000
39.4458200000
39.4568800000
39.4680300000
39.4790700000
39.4900400000
39.5011600000
39.5123300000
39.5233100000
39.5345600000
39.5457100000
39.5566600000
39.5680400000
39.5792200000
39.5900100000
39.6012600000
39.6122900000
39.6234100000
39.6346400000
39.6455000000
39.6567200000
39.6680000000
39.6790500000
39.6901700000
39.7011800000
39.7125100000
39.7232700000
39.7345000000
39.7454900000
39.7568200000
39.7678500000
39.7788500000
39.7899600000
39.8011900000
39.8121900000
39.8234300000
39.8345600000
39.8455500000
39.8568500000
39.8678700000
39.8789100000
39.8899000000
39.9010700000
39.9124300000
39.9232100000
39.9343200000
39.9454500000
39.9565400000
39.9677300000
39.9787400000
39.9899100000
40.0009500000
40.0121400000
40.0232500000
40.0342100000
40.0454800000
40.0564200000
40.0677900000
40.0788100000
40.0899100000
40.1008700000
40.1120100000
40.1231200000
40.1343500000
40.1453500000
40.1564900000
40.1680000000
40.1788300000
40.1897200000
40.2010200000
40.2119100000
40.2230600000
40.2342300000
40.2454000000
40.2562900000
40.2677600000
40.2785800000
40.2898400000
40.3007200000
40.3119100000
40.3231100000
40.3342600000
40.3453400000
40.3564000000
40.3677100000
40.3787200000
40.3896200000
40.4007900000
40.4121900000
40.4232300000
40.4342300000
40.4451900000
40.4563800000
40.4677200000
40.4788100000
40.4896400000
40.5006900000
40.5118100000
40.5230700000
40.5339700000
40.5453600000
40.5561700000
40.5673300000
40.5787100000
40.5895000000
40.6006900000
40.6117200000
40.6230500000
40.6340400000
40.6451700000
40.6566300000
40.6672400000
40.6784800000
40.6897500000
40.7005400000
40.7117800000
40.7232900000
40.7338300000
40.7451100000
40.7560700000
40.7673700000
40.7783100000
40.7895100000
40.8007000000
40.8117700000
40.8229600000
40.8338200000
40.8457100000
40.8560300000
40.8671000000
40.8784200000
40.8895300000
40.9004600000
40.9117000000
40.9228900000
40.9338000000
40.9451600000
40.9559800000
40.9671000000
40.9782400000
40.9893100000
41.0004500000
41.0115200000
41.0229800000
41.0338700000
41.0459400000
41.0559300000
41.0670400000
41.0781600000
41.0892700000
41.1005100000
41.1114300000
41.1226700000
41.1340300000
41.1448600000
41.1559600000
41.1670100000
41.1783800000
41.1892700000
41.2004100000
41.2116700000
41.2226600000
41.2336800000
41.2449800000
41.2560500000
41.2670100000
41.2780100000
41.2893300000
41.3002900000
41.3113600000
41.3227100000
41.3336600000
41.3448600000
41.3559600000
41.3670300000
41.3780600000
41.3891700000
41.4003400000
41.4115200000
41.4224600000
41.4335900000
41.4447000000
41.4559700000
41.4669200000
41.4781200000
41.4891400000
41.5003700000
41.5112800000
41.5227400000
41.5334500000
41.5446200000
41.5557000000
41.5669800000
41.5782400000
41.5891300000
41.6001400000
41.6113700000
41.6224600000
41.6335700000
41.6445400000
41.6558200000
41.6667200000
41.6778600000
41.6891100000
41.7002000000
41.7113000000
41.7225100000
41.7334900000
41.7444900000
41.7558000000
41.7669000000
41.7781400000
41.7889200000
41.8001400000
41.8112100000
41.8224800000
41.8334200000
41.8444800000
41.8556400000
41.8666800000
41.8780600000
41.8890200000
41.9000500000
41.9112600000
41.9223100000
41.9336400000
41.9444900000
41.9554400000
41.9666200000
41.9779000000
41.9888700000
41.9999500000
42.0112100000
42.0223000000
42.0333600000
42.0444100000
42.0554700000
42.0666600000
42.0776500000
42.0887800000
42.0999700000
42.1109800000
42.1221100000
42.1333200000
42.1442800000
42.1553700000
42.1664700000
42.1776800000
42.1888100000
42.1998800000
42.2110600000
42.2220800000
42.2331600000
42.2444600000
42.2554100000
42.2664200000
42.2776100000
42.2886800000
42.2997900000
42.3113600000
42.3220600000
42.3331500000
42.3444400000
42.3555000000
42.3663800000
42.3776300000
42.3886800000
42.3998300000
42.4108700000
42.4220400000
42.4330200000
42.4446900000
42.4553200000
42.4664800000
42.4774700000
42.4886500000
42.4998800000
42.5112400000
42.5218800000
42.5330100000
42.5444300000
42.5551900000
42.5663500000
42.5775500000
42.5885000000
42.5997200000
42.6107500000
42.6219300000
42.6330000000
42.6441700000
42.6553400000
42.6662300000
42.6773600000
42.6886000000
42.6996900000
42.7107000000
42.7218400000
42.7329500000
42.7440000000
42.7551200000
42.7662900000
42.7773200000
42.7883800000
42.7996400000
42.8107200000
42.8218600000
42.8329700000
42.8439100000
42.8552000000
42.8662100000
42.8772600000
42.8883800000
42.8996000000
42.9107900000
42.9218800000
42.9328000000
42.9438600000
42.9549800000
42.9662800000
42.9771900000
42.9883600000
42.9996100000
43.0105400000
43.0217600000
43.0327200000
43.0439300000
43.0549500000
43.0661000000
43.0771300000
43.0883900000
43.0994500000
43.1104800000
43.1216400000
43.1327900000
43.1437500000
43.1549200000
43.1661100000
43.1771100000
43.1882100000
43.1993300000
43.2104600000
43.2214800000
43.2328100000
43.2438300000
43.2548100000
43.2659200000
43.2771500000
43.2881800000
43.2992800000
43.3104100000
43.3214600000
43.3325600000
43.3436500000
43.3549000000
43.3659500000
43.3771400000
43.3881000000
43.3993500000
43.4102800000
43.4216700000
43.4327400000
43.4436100000
43.4546800000
43.4660000000
43.4772900000
43.4881000000
43.4991900000
43.5102600000
43.5213600000
43.5326600000
43.5435300000
43.5546600000
43.5662900000
43.5773400000
43.5881000000
43.5993200000
43.6102000000
43.6213600000
43.6326100000
43.6435300000
43.6549500000
43.6659300000
43.6771900000
43.6882600000
43.6991100000
43.7102000000
43.7212700000
43.7324100000
43.7435900000
43.7547800000
43.7658200000
43.7770700000
43.7879500000
43.7991900000
43.8101400000
43.8212500000
43.8322900000
43.8434800000
43.8545400000
43.8659200000
43.8769600000
43.8878300000
43.8992500000
43.9101600000
43.9213100000
43.9325100000
43.9433700000
43.9544900000
43.9659000000
43.9769200000
43.9879200000
43.9990000000
44.0101000000
44.0212400000
44.0322200000
44.0433300000
44.0546100000
44.0655500000
44.0767300000
44.0878500000
44.0988800000
44.1099200000
44.1213200000
44.1324500000
44.1433400000
44.1544000000
44.1656300000
44.1768900000
44.1877100000
44.1989900000
44.2100500000
44.2211300000
44.2322100000
44.2433300000
44.2543500000
44.2655700000
44.2768200000
44.2876400000
44.2988100000
44.3098400000
44.3210100000
44.3321800000
44.3431700000
44.3544700000
44.3655500000
44.3766400000
44.3876300000
44.3988200000
44.4098500000
44.4209000000
44.4321600000
44.4431100000
44.4542000000
44.4655800000
44.4766300000
44.4875500000
44.4986900000
44.5098100000
44.5209500000
44.5320400000
44.5430900000
44.5542500000
44.5653000000
44.5766300000
44.5874800000
44.5988300000
44.6097200000
44.6208600000
44.6320500000
44.6431000000
44.6541300000
44.6654200000
44.6764800000
44.6876000000
44.6985500000
44.7097200000
44.7207900000
44.7319100000
44.7429800000
44.7541500000
44.7653800000
44.7763500000
44.7874600000
44.7986900000
44.8096400000
44.8208600000
44.8319900000
44.8431100000
44.8541700000
44.8651800000
44.8763800000
44.8874300000
44.8985100000
44.9102900000
44.9207800000
44.9318600000
44.9433100000
44.9539900000
44.9651600000
44.9762300000
44.9874000000
44.9985800000
45.0095600000
45.0207400000
45.0317400000
45.0428600000
45.0539200000
45.0651900000
45.0761400000
45.0873100000
45.0984500000
45.1095500000
45.1205300000
45.1319400000
45.1429100000
45.1539600000
45.1652800000
45.1761600000
45.1873600000
45.1984900000
45.2094700000
45.2205000000
45.2316200000
45.2428500000
45.2538300000
45.2650500000
45.2760600000
45.2871400000
45.2983000000
45.3098900000
45.3204500000
45.3317300000
45.3426700000
45.3539200000
45.3649400000
45.3759900000
45.3870900000
45.3982300000
45.4093400000
45.4204100000
45.4315900000
45.4426200000
45.4538200000
45.4650900000
45.4759100000
45.4871000000
45.4981400000
45.5096100000
45.5203600000
45.5316400000
45.5428200000
45.5536700000
45.5647700000
45.5760500000
45.5869700000
45.5981900000
45.6093300000
45.6203600000
45.6314700000
45.6425100000
45.6537200000
45.6648900000
45.6759100000
45.6871200000
45.6981800000
45.7093000000
45.7202600000
45.7314700000
45.7424700000
45.7535600000
45.7652700000
45.7757500000
45.7870800000
45.7981600000
45.8090900000
45.8203000000
45.8315800000
45.8424300000
45.8535100000
45.8646900000
45.8758700000
45.8868300000
45.8980300000
45.9093100000
45.9202900000
45.9313200000
45.9424400000
45.9534600000
45.9647800000
45.9757700000
45.9868900000
45.9979700000
46.0090100000
46.0206400000
46.0314800000
46.0423500000
46.0535100000
46.0646300000
46.0757900000
46.0867700000
46.0979900000
46.1089600000
46.1201100000
46.1315700000
46.1423600000
46.1533700000
46.1647700000
46.1756000000
46.1867000000
46.1978900000
46.2090700000
46.2201500000
46.2313800000
46.2423400000
46.2533600000
46.2645600000
46.2754900000
46.2866400000
46.2979000000
46.3088400000
46.3200000000
46.3313100000
46.3421300000
46.3535900000
46.3645900000
46.3755600000
46.3867100000
46.3978600000
46.4088300000
46.4201900000
46.4310300000
46.4421800000
46.4532400000
46.4645400000
46.4754800000
46.4865600000
46.4977800000
46.5087900000
46.5198600000
46.5310100000
46.5423600000
46.5532100000
46.5644100000
46.5754900000
46.5865100000
46.5978000000
46.6090000000
46.6198200000
46.6309100000
46.6421900000
46.6531800000
46.6644200000
46.6753500000
46.6867600000
46.6976400000
46.7088700000
46.7197900000
46.7310400000
46.7419500000
46.7533100000
46.7642000000
46.7754600000
46.7866100000
46.7976800000
46.8086400000
46.8199100000
46.8311900000
46.8419000000
46.8531900000
46.8640900000
46.8753200000
46.8865300000
46.8975300000
46.9087100000
46.9197300000
46.9308100000
46.9418900000
46.9532900000
46.9643200000
46.9751900000
46.9864000000
46.9975600000
47.0086100000
47.0198900000
47.0308400000
47.0419500000
47.0531400000
47.0642200000
47.0752400000
47.0862700000
47.0974100000
47.1085100000
47.1195700000
47.1309100000
47.1417400000
47.1529100000
47.1642200000
47.1751700000
47.1861900000
47.1975100000
47.2084200000
47.2194900000
47.2306300000
47.2421700000
47.2528600000
47.2639200000
47.2750200000
47.2862800000
47.2972600000
47.3084600000
47.3196600000
47.3306400000
47.3416700000
47.3528800000
47.3639600000
47.3750900000
47.3861100000
47.3973600000
47.4084300000
47.4194400000
47.4307100000
47.4416200000
47.4526900000
47.4641000000
47.4750500000
47.4860600000
47.4976600000
47.5082700000
47.5193400000
47.5304200000
47.5415500000
47.5527400000
47.5641100000
47.5749800000
47.5863400000
47.5972600000
47.6081900000
47.6192900000
47.6308700000
47.6418700000
47.6526300000
47.6637400000
47.6749600000
47.6863200000
47.6971000000
47.7082300000
47.7197300000
47.7303800000
47.7414800000
47.7525600000
47.7639700000
47.7749200000
47.7862500000
47.7971500000
47.8082700000
47.8192600000
47.8304100000
47.8414200000
47.8525300000
47.8638700000
47.8747700000
47.8860900000
47.8970300000
47.9082000000
47.9192900000
47.9304800000
47.9415100000
47.9524200000
47.9635800000
47.9748900000
47.9860700000
47.9968800000
48.0080800000
48.0195700000
48.0303300000
48.0413200000
48.0525200000
48.0636400000
48.0747100000
48.0860000000
48.0972800000
48.1079600000
48.1194900000
48.1303200000
48.1413000000
48.1524700000
48.1634400000
48.1746100000
48.1862900000
48.1967600000
48.2080300000
48.2190800000
48.2301500000
48.2413400000
48.2526100000
48.2635200000
48.2747300000
48.2861100000
48.2967400000
48.3079000000
48.3190500000
48.3301200000
48.3414000000
48.3524200000
48.3636200000
48.3748600000
48.3858700000
48.3967500000
48.4079700000
48.4188700000
48.4300200000
48.4411800000
48.4522300000
48.4636700000
48.4746000000
48.4859600000
48.4966800000
48.5078600000
48.5188600000
48.5302000000
48.5411000000
48.5521600000
48.5634800000
48.5746800000
48.5857300000
48.5966500000
48.6078700000
48.6188000000
48.6299700000
48.6410300000
48.6521200000
48.6633700000
48.6743300000
48.6861400000
48.6966400000
48.7078300000
48.7188600000
48.7299500000
48.7409800000
48.7521800000
48.7633000000
48.7747000000
48.7855700000
48.7968100000
48.8076600000
48.8187800000
48.8298000000
48.8409200000
48.8520500000
48.8633000000
48.8744400000
48.8855100000
48.8964500000
48.9077300000
48.9187500000
48.9299100000
48.9408600000
48.9521500000
48.9632400000
48.9741600000
48.9855600000
48.9964100000
49.0075300000
49.0190900000
49.0300100000
49.0408600000
49.0521600000
49.0631700000
49.0742200000
49.0855400000
49.0964000000
49.1074700000
49.1185600000
49.1299600000
49.1408400000
49.1521600000
49.1629900000
49.1742000000
49.1853200000
49.1962400000
49.2076000000
49.2186500000
49.2295900000
49.2411100000
49.2521500000
49.2630600000
49.2742000000
49.2851900000
49.2963600000
49.3073600000
49.3187000000
49.3295300000
49.3408700000
49.3518800000
49.3628800000
49.3742000000
49.3852200000
49.3962900000
49.4075500000
49.4184800000
49.4296300000
49.4406700000
49.4520100000
49.4631400000
49.4739000000
49.4853600000
49.4962600000
49.5074000000
49.5183900000
49.5295800000
49.5406100000
49.5517000000
49.5627800000
49.5742700000
49.5850300000
49.5961200000
49.6073200000
49.6185800000
49.6295400000
49.6405800000
49.6517800000
49.6627600000
49.6739300000
49.6853000000
49.6960800000
49.7073400000
49.7183600000
49.7293900000
49.7405300000
49.7516100000
49.7628200000
49.7738900000
49.7851400000
49.7962400000
49.8073900000
49.8183400000
49.8294200000
49.8404300000
49.8515400000
49.8626400000
49.8738200000
49.8851100000
49.8960000000
49.9072600000
49.9183400000
49.9293300000
49.9404500000
49.9515600000
49.9627000000
49.9738200000
49.9848700000
49.9960800000
50.0070300000
50.0182500000
50.0292700000
50.0403300000
50.0515100000
50.0626100000
50.0738900000
50.0849100000
50.0961100000
50.1069400000
50.1182600000
50.1293600000
50.1403200000
50.1516700000
50.1625100000
50.1737100000
50.1848900000
50.1959300000
50.2070800000
50.2180600000
50.2292600000
50.2404500000
50.2514700000
50.2626000000
50.2736500000
50.2849300000
50.2958800000
50.3076200000
50.3180000000
50.3290600000
50.3403600000
50.3514700000
50.3626100000
50.3735000000
50.3847400000
50.3958700000
50.4070400000
50.4179600000
50.4291900000
50.4401200000
50.4513500000
50.4625400000
50.4735500000
50.4846300000
50.4957700000
50.5067200000
50.5178600000
50.5290300000
50.5401900000
50.5514700000
50.5623100000
50.5735500000
50.5845600000
50.5958400000
50.6069500000
50.6178200000
50.6290600000
50.6401100000
50.6512000000
50.6624400000
50.6733700000
50.6847300000
50.6955800000
50.7066700000
50.7177200000
50.7289100000
50.7402900000
50.7510800000
50.7623400000
50.7732700000
50.7845700000
50.7957400000
50.8065900000
50.8177400000
50.8288300000
50.8399000000
50.8510600000
50.8621600000
50.8733300000
50.8844500000
50.8957200000
50.9066800000
50.9176900000
50.9289700000
50.9400400000
50.9509600000
50.9621800000
50.9731600000
50.9844400000
50.9954600000
51.0067300000
51.0179800000
51.0287900000
51.0399900000
51.0512600000
51.0621000000
51.0731300000
51.0844500000
51.0956600000
51.1066100000
51.1176300000
51.1287800000
51.1398200000
51.1509400000
51.1621100000
51.1732300000
51.1844500000
51.1953400000
51.2065900000
51.2175000000
51.2287300000
51.2398500000
51.2508600000
51.2620600000
51.2730900000
51.2843200000
51.2952800000
51.3064800000
51.3175300000
51.3285300000
51.3397900000
51.3509500000
51.3620600000
51.3731300000
51.3841600000
51.3952900000
51.4062800000
51.4174600000
51.4287900000
51.4395900000
51.4509600000
51.4621700000
51.4730600000
51.4841900000
51.4951600000
51.5064300000
51.5175600000
51.5284500000
51.5395700000
51.5509100000
51.5617400000
51.5732900000
51.5839600000
51.5952200000
51.6064500000
51.6174000000
51.6284100000
51.6396800000
51.6507400000
51.6617300000
51.6730700000
51.6841500000
51.6951000000
51.7063300000
51.7174800000
51.7283800000
51.7396200000
51.7507100000
51.7617000000
51.7728900000
51.7841800000
51.7951400000
51.8064900000
51.8172500000
51.8284600000
51.8396600000
51.8505100000
51.8618900000
51.8728900000
51.8840700000
51.8950000000
51.9064600000
51.9171600000
51.9283500000
51.9398000000
51.9505300000
51.9616300000
51.9726800000
51.9841800000
51.9950600000
52.0061600000
52.0172700000
52.0284500000
52.0393700000
52.0504800000
52.0616200000
52.0726500000
52.0838000000
52.0951200000
52.1060700000
52.1172900000
52.1284600000
52.1394500000
52.1503800000
52.1615600000
52.1726200000
52.1836900000
52.1949500000
52.2061200000
52.2170400000
52.2282600000
52.2399200000
52.2503000000
52.2616000000
52.2726700000
52.2836900000
52.2949600000
52.3060400000
52.3170600000
52.3281400000
52.3391500000
52.3505100000
52.3617700000
52.3725400000
52.3836300000
52.3946900000
52.4058800000
52.4170700000
52.4281100000
52.4392300000
52.4504200000
52.4618500000
52.4726000000
52.4838000000
52.4946800000
52.5058300000
52.5171800000
52.5281800000
52.5391700000
52.5503200000
52.5612500000
52.5726200000
52.5834500000
52.5945900000
52.6059200000
52.6168600000
52.6281100000
52.6392500000
52.6501400000
52.6612400000
52.6724200000
52.6835400000
52.6946100000
52.7058100000
52.7168900000
52.7279000000
52.7390500000
52.7501000000
52.7613200000
52.7723200000
52.7835400000
52.7946900000
52.8058500000
52.8167700000
52.8277800000
52.8389600000
52.8500600000
52.8611300000
52.8724300000
52.8835400000
52.8944200000
52.9056700000
52.9169300000
52.9277300000
52.9390300000
52.9501600000
52.9610400000
52.9723100000
52.9835200000
52.9943800000
53.0058900000
53.0168700000
53.0278600000
53.0389500000
53.0499900000
53.0610600000
53.0724500000
53.0831800000
53.0943600000
53.1055500000
53.1165900000
53.1279600000
53.1388900000
53.1498300000
53.1611600000
53.1721200000
53.1831800000
53.1942900000
53.2055100000
53.2166300000
53.2277000000
53.2389600000
53.2498300000
53.2609300000
53.2721900000
53.2832700000
53.2943100000
53.3054600000
53.3166700000
53.3275400000
53.3387900000
53.3501300000
53.3608700000
53.3720600000
53.3833000000
53.3942500000
53.4054000000
53.4164100000
53.4275200000
53.4390900000
53.4499500000
53.4609800000
53.4721500000
53.4834700000
53.4941600000
53.5052800000
53.5166800000
53.5274300000
53.5386700000
53.5497100000
53.5607600000
53.5722500000
53.5829500000
53.5940600000
53.6054200000
53.6165000000
53.6275300000
53.6385800000
53.6496500000
53.6607200000
53.6720200000
53.6831200000
53.6941100000
53.7055000000
53.7167100000
53.7274900000
53.7384900000
53.7497200000
53.7607100000
53.7718800000
53.7829600000
53.7942900000
53.8051000000
53.8164600000
53.8272900000
53.8386500000
53.8496500000
53.8606000000
53.8717800000
53.8828200000
53.8940600000
53.9052500000
53.9162100000
53.9273000000
53.9386500000
53.9495500000
53.9605400000
53.9716500000
53.9828400000
53.9939000000
54.0054100000
54.0162500000
54.0273900000
54.0384800000
54.0494200000
54.0605000000
54.0716700000
54.0827300000
54.0938400000
54.1054800000
54.1160600000
54.1273000000
54.1382900000
54.1498200000
54.1606200000
54.1717300000
54.1827000000
54.1937900000
54.2050400000
54.2164600000
54.2271600000
54.2385800000
54.2495300000
54.2604800000
54.2717100000
54.2826300000
54.2937200000
54.3049900000
54.3162100000
54.3272900000
54.3383100000
54.3494700000
54.3603600000
54.3717000000
54.3825900000
54.3936900000
54.4048800000
54.4160600000
54.4270600000
54.4383000000
54.4491800000
54.4605400000
54.4715500000
54.4825800000
54.4936500000
54.5049900000
54.5158800000
54.5270500000
54.5381100000
54.5491900000
54.5602600000
54.5715600000
54.5825000000
54.5935800000
54.6047700000
54.6158400000
54.6270000000
54.6380800000
54.6493200000
54.6602300000
54.6713600000
54.6825900000
54.6935300000
54.7048800000
54.7158700000
54.7271400000
54.7380500000
54.7491100000
54.7604000000
54.7713300000
54.7825500000
54.7937100000
54.8046600000
54.8159600000
54.8268400000
54.8380000000
54.8491000000
54.8601700000
54.8714400000
54.8824200000
54.8934600000
54.9047700000
54.9157900000
54.9269000000
54.9379800000
54.9490400000
54.9601200000
54.9711900000
54.9824500000
54.9934800000
55.0045600000
55.0159400000
55.0267400000
55.0379100000
55.0490200000
55.0600700000
55.0711200000
55.0824100000
55.0935100000
55.1046600000
55.1156000000
55.1268400000
55.1378400000
55.1490900000
55.1600200000
55.1711100000
55.1823400000
55.1933000000
55.2046200000
55.2154800000
55.2265800000
55.2380100000
55.2490100000
55.2599400000
55.2710100000
55.2823400000
55.2932200000
55.3045500000
55.3156500000
55.3266800000
55.3378300000
55.3491200000
55.3598700000
55.3711300000
55.3822200000
55.3932500000
55.4047200000
55.4155500000
55.4265600000
55.4377300000
55.4489400000
55.4599700000
55.4709400000
55.4821800000
55.4931200000
55.5046400000
55.5153700000
55.5264500000
55.5376500000
55.5487300000
55.5599100000
55.5710200000
55.5820300000
55.5931200000
55.6046100000
55.6153800000
55.6264200000
55.6376600000
55.6486700000
55.6597400000
55.6708900000
55.6821900000
55.6930500000
55.7043700000
55.7158200000
55.7264600000
55.7375100000
55.7487200000
55.7597000000
55.7707800000
55.7819800000
55.7931100000
55.8042200000
55.8153400000
55.8263800000
55.8374600000
55.8486000000
55.8596200000
55.8709700000
55.8819200000
55.8929600000
55.9041900000
55.9156100000
55.9262900000
55.9376000000
55.9485100000
55.9596100000
55.9708900000
55.9819800000
55.9928600000
56.0042100000
56.0153700000
56.0263000000
56.0373600000
56.0486600000
56.0595400000
56.0709300000
56.0817200000
56.0928600000
56.1041700000
56.1152300000
56.1263400000
56.1373100000
56.1484000000
56.1595000000
56.1705400000
56.1819000000
56.1928000000
56.2039500000
56.2150800000
56.2261200000
56.2373400000
56.2484300000
56.2594900000
56.2706600000
56.2816700000
56.2927000000
56.3038500000
56.3152000000
56.3260300000
56.3372600000
56.3486700000
56.3593900000
56.3706400000
56.3816900000
56.3926600000
56.4039600000
56.4150000000
56.4260700000
56.4371800000
56.4482800000
56.4594400000
56.4704600000
56.4815700000
56.4927300000
56.5039900000
56.5148500000
56.5259800000
56.5371400000
56.5483400000
56.5592600000
56.5705300000
56.5815600000
56.5926400000
56.6039700000
56.6150600000
56.6259900000
56.6372900000
56.6484800000
56.6592800000
56.6705800000
56.6817200000
56.6926500000
56.7037000000
56.7148600000
56.7258700000
56.7372500000
56.7480900000
56.7593600000
56.7703000000
56.7816400000
56.7926300000
56.8037900000
56.8147600000
56.8258300000
56.8369100000
56.8481800000
56.8590900000
56.8704000000
56.8814200000
56.8924300000
56.9039200000
56.9146500000
56.9258700000
56.9371000000
56.9480100000
56.9591800000
56.9701800000
56.9813900000
56.9923700000
57.0036500000
57.0150800000
57.0257500000
57.0368700000
57.0483000000
57.0590600000
57.0701600000
57.0814700000
57.0923700000
57.1036500000
57.1146900000
57.1261400000
57.1367100000
57.1483600000
57.1589900000
57.1703500000
57.1815000000
57.1922600000
57.2036000000
57.2145800000
57.2255800000
57.2370000000
57.2479500000
57.2590300000
57.2704300000
57.2811900000
57.2922400000
57.3033800000
57.3146900000
57.3256000000
57.3367000000
57.3478700000
57.3589000000
57.3705100000
57.3813100000
57.3921800000
57.4032900000
57.4145600000
57.4256400000
57.4366300000
57.4478500000
57.4589400000
57.4700200000
57.4812300000
57.4921500000
57.5034300000
57.5144000000
57.5254600000
57.5366600000
57.5479800000
57.5587800000
57.5702200000
57.5815600000
57.5921100000
57.6031300000
57.6143600000
57.6254100000
57.6366900000
57.6477500000
57.6587300000
57.6700600000
57.6812900000
57.6920500000
57.7032000000
57.7142800000
57.7254000000
57.7367100000
57.7475800000
57.7586900000
57.7698400000
57.7808900000
57.7921100000
57.8033600000
57.8143300000
57.8253400000
57.8365400000
57.8476200000
57.8586400000
57.8698200000
57.8810000000
57.8920500000
57.9033300000
57.9142800000
57.9254600000
57.9364400000
57.9474300000
57.9585800000
57.9697600000
57.9808900000
57.9919700000
58.0030500000
58.0145300000
58.0253300000
58.0367200000
58.0477800000
58.0585600000
58.0697500000
58.0807800000
58.0921700000
58.1029500000
58.1143200000
58.1252700000
58.1364900000
58.1473400000
58.1585400000
58.1696500000
58.1806400000
58.1918100000
58.2030800000
58.2141700000
58.2251300000
58.2365600000
58.2473400000
58.2584000000
58.2695600000
58.2807100000
58.2919100000
58.3029200000
58.3141900000
58.3250800000
58.3362500000
58.3475400000
58.3584200000
58.3695800000
58.3805800000
58.3916600000
58.4028600000
58.4142200000
58.4250600000
58.4361300000
58.4472500000
58.4584500000
58.4696300000
58.4805800000
58.4917100000
58.5038900000
58.5146800000
58.5249700000
58.5362400000
58.5474400000
58.5582800000
58.5697300000
58.5805900000
58.5917600000
58.6026900000
58.6140200000
58.6248900000
58.6360900000
58.6473100000
58.6582000000
58.6699000000
58.6806300000
58.6915200000
58.7028300000
58.7139700000
58.7256400000
58.7359500000
58.7472000000
58.7582900000
58.7693500000
58.7806100000
58.7916100000
58.8026700000
58.8139300000
58.8249600000
58.8359100000
58.8469900000
58.8582000000
58.8693400000
58.8803100000
58.8914200000
58.9027600000
58.9137200000
58.9248800000
58.9359600000
58.9471100000
58.9584800000
58.9691400000
58.9805100000
58.9913900000
59.0025500000
59.0139200000
59.0249100000
59.0359500000
59.0470700000
59.0580400000
59.0691500000
59.0803500000
59.0913200000
59.1024100000
59.1135600000
59.1247400000
59.1359400000
59.1471200000
59.1579900000
59.1690900000
59.1801900000
59.1914500000
59.2023100000
59.2136800000
59.2245900000
59.2358700000
59.2468900000
59.2579100000
59.2692100000
59.2801400000
59.2914200000
59.3023100000
59.3135200000
59.3246000000
59.3369500000
59.3467200000
59.3579300000
59.3693500000
59.3801200000
59.3912900000
59.4024200000
59.4136800000
59.4246400000
59.4356200000
59.4470900000
59.4578000000
59.4688900000
59.4801200000
59.4912300000
59.5022700000
59.5134100000
59.5245300000
59.5355300000
59.5466800000
59.5579000000
59.5690200000
59.5800200000
59.5911000000
59.6022900000
59.6134200000
59.6246000000
59.6354900000
59.6466800000
59.6577900000
59.6691600000
59.6800000000
59.6910800000
59.7023700000
59.7134200000
59.7243700000
59.7356100000
59.7466000000
59.7580400000
59.7688400000
59.7800600000
59.7911700000
59.8021900000
59.8136100000
59.8243600000
59.8354300000
59.8465500000
59.8578400000
59.8688900000
59.8799500000
59.8911900000
59.9028200000
59.9134400000
59.9243400000
59.9354900000
59.9465000000
59.9577000000
59.9688900000
59.9799200000
59.9910500000
60.0022000000
60.0132300000
60.0244100000
60.0353400000
60.0466000000
60.0575800000
60.0688300000
60.0800200000
60.0908900000
60.1021300000
60.1132000000
60.1242600000
60.1352300000
60.1464800000
60.1574700000
60.1687800000
60.1797700000
60.1909000000
60.2019200000
60.2132000000
60.2243800000
60.2352100000
60.2463700000
60.2574300000
60.2687200000
60.2796400000
60.2908200000
60.3018200000
60.3131900000
60.3243800000
60.3356700000
60.3463700000
60.3574200000
60.3686200000
60.3797100000
60.3906700000
60.4019200000
60.4129000000
60.4244100000
60.4351500000
60.4464900000
60.4573400000
60.4684600000
60.4798200000
60.4906200000
60.5018700000
60.5129900000
60.5239500000
60.5352100000
60.5465900000
60.5572800000
60.5683100000
60.5796500000
60.5906000000
60.6018300000
60.6127700000
60.6240800000
60.6350900000
60.6461700000
60.6574300000
60.6684400000
60.6794500000
60.6906400000
60.7017300000
60.7128900000
60.7238500000
60.7354200000
60.7461200000
60.7572400000
60.7685600000
60.7796500000
60.7906700000
60.8015600000
60.8127700000
60.8238900000
60.8349700000
60.8463100000
60.8571200000
60.8683500000
60.8795600000
60.8904600000
60.9016300000
60.9128400000
60.9238300000
60.9348600000
60.9460500000
60.9571000000
60.9682700000
60.9795900000
60.9904000000
61.0017700000
61.0127900000
61.0237100000
61.0350000000
61.0460800000
61.0570000000
61.0682000000
61.0794500000
61.0905400000
61.1015400000
61.1128200000
61.1237700000
61.1349800000
61.1459800000
61.1571000000
61.1680000000
61.1792600000
61.1904100000
61.2015500000
61.2125700000
61.2240000000
61.2347000000
61.2459900000
61.2569000000
61.2680800000
61.2792000000
61.2902200000
61.3015900000
61.3128000000
61.3237300000
61.3347300000
61.3459200000
61.3570300000
61.3681400000
61.3791400000
61.3901400000
61.4013200000
61.4124500000
61.4236800000
61.4346100000
61.4457500000
61.4568700000
61.4681800000
61.4792100000
61.4901700000
61.5012200000
61.5126300000
61.5234600000
61.5347000000
61.5457400000
61.5568800000
61.5680800000
61.5790200000
61.5901100000
61.6014100000
61.6124900000
61.6235700000
61.6345600000
61.6457900000
61.6567000000
61.6678200000
61.6790700000
61.6900700000
61.7011600000
61.7122200000
61.7235300000
61.7344400000
61.7456300000
61.7569700000
61.7679100000
61.7792300000
61.7900600000
61.8012500000
61.8122300000
61.8233000000
61.8345000000
61.8457200000
61.8566500000
61.8678500000
61.8788100000
61.8899400000
61.9011500000
61.9128200000
61.9232500000
61.9347700000
61.9454400000
61.9567000000
61.9678800000
61.9790700000
61.9900000000
62.0010100000
62.0122100000
62.0232200000
62.0344800000
62.0455400000
62.0564700000
62.0677900000
62.0788500000
62.0902100000
62.1009100000
62.1122200000
62.1232900000
62.1342900000
62.1455300000
62.1565100000
62.1675600000
62.1789600000
62.1901600000
62.2010000000
62.2120200000
62.2233100000
62.2342600000
62.2454100000
62.2567200000
62.2675300000
62.2787000000
62.2899100000
62.3008400000
62.3122500000
62.3233800000
62.3344400000
62.3452500000
62.3563500000
62.3676200000
62.3788000000
62.3896600000
62.4009800000
62.4120000000
62.4234700000
62.4341600000
62.4452600000
62.4566200000
62.4674600000
62.4786300000
62.4897600000
62.5009100000
62.5118900000
62.5233200000
62.5342000000
62.5451200000
62.5564200000
62.5674900000
62.5785800000
62.5898100000
62.6006400000
62.6119400000
62.6231700000
62.6341600000
62.6454100000
62.6562200000
62.6672900000
62.6787600000
62.6898900000
62.7006500000
62.7119400000
62.7232100000
62.7340400000
62.7450100000
62.7565200000
62.7672800000
62.7784800000
62.7894500000
62.8007800000
62.8120100000
62.8232700000
62.8338800000
62.8452300000
62.8562400000
62.8675900000
62.8785400000
62.8895900000
62.9007000000
62.9118300000
62.9231600000
62.9338300000
62.9451300000
62.9561900000
62.9671600000
62.9785500000
62.9895500000
63.0005000000
63.0116700000
63.0233600000
63.0338300000
63.0450700000
63.0562200000
63.0672300000
63.0782800000
63.0897300000
63.1004300000
63.1116700000
63.1230500000
63.1338500000
63.1450200000
63.1560700000
63.1670800000
63.1783100000
63.1896800000
63.2005800000
63.2114500000
63.2228800000
63.2337700000
63.2450300000
63.2560800000
63.2671700000
63.2780800000
63.2893500000
63.3003700000
63.3119000000
63.3228900000
63.3338700000
63.3452000000
63.3558200000
63.3670300000
63.3781100000
63.3892600000
63.4003600000
63.4113700000
63.4231500000
63.4335900000
63.4448400000
63.4559500000
63.4669600000
63.4781000000
63.4893000000
63.5004300000
63.5113100000
63.5225800000
63.5337400000
63.5446500000
63.5560500000
63.5669100000
63.5780000000
63.5893500000
63.6003000000
63.6113200000
63.6226000000
63.6334900000
63.6448300000
63.6558800000
63.6668400000
63.6779700000
63.6890800000
63.7001200000
63.7117000000
63.7226800000
63.7335200000
63.7445400000
63.7560300000
63.7667300000
63.7778900000
63.7890500000
63.8002200000
63.8113900000
63.8224000000
63.8333900000
63.8448000000
63.8556900000
63.8671000000
63.8779300000
63.8891300000
63.9002800000
63.9111700000
63.9224200000
63.9337100000
63.9446000000
63.9558300000
63.9667400000
63.9779100000
63.9889600000
63.9999700000
64.0110800000
64.0222400000
64.0333500000
64.0444600000
64.0556600000
64.0667200000
64.0777100000
64.0891000000
64.0999400000
64.1111100000
64.1223700000
64.1332900000
64.1444400000
64.1556200000
64.1666000000
64.1777500000
64.1888600000
64.2002600000
64.2111600000
64.2222400000
64.2334700000
64.2443200000
64.2555400000
64.2668100000
64.2775700000
64.2888500000
64.2999000000
64.3111600000
64.3220800000
64.3332900000
64.3444100000
64.3556700000
64.3664500000
64.3776100000
64.3887600000
64.3998000000
64.4109900000
64.4223300000
64.4331000000
64.4443400000
64.4553800000
64.4664200000
64.4776200000
64.4888900000
64.4997400000
64.5109400000
64.5221900000
64.5331700000
64.5443600000
64.5554600000
64.5665200000
64.5775800000
64.5887800000
64.5997300000
64.6107800000
64.6221300000
64.6329700000
64.6443300000
64.6557100000
64.6664000000
64.6776400000
64.6886400000
64.6995800000
64.7106700000
64.7218900000
64.7330800000
64.7440600000
64.7553300000
64.7666100000
64.7774900000
64.7889100000
64.7996200000
64.8108200000
64.8221400000
64.8330100000
64.8440800000
64.8552900000
64.8665500000
64.8775400000
64.8886800000
64.8996100000
64.9107000000
64.9218800000
64.9330300000
64.9441000000
64.9551300000
64.9665500000
64.9774600000
64.9884600000
64.9995300000
65.0107200000
65.0218800000
65.0329000000
65.0441700000
65.0550000000
65.0661100000
65.0772700000
65.0886900000
65.0994700000
65.1105600000
65.1218700000
65.1327400000
65.1439600000
65.1549100000
65.1661400000
65.1773400000
65.1883900000
65.1996800000
65.2105700000
65.2217900000
