(0.0225782300, -0.7438082000, 0.6680024000)
(0.0255032000, -0.7433512000, 0.6684093000)
(0.0263185000, -0.7429661000, 0.6687950000)
(0.0286101100, -0.7428577000, 0.6688313000)
(0.0292501900, -0.7427520000, 0.6689090000)
(0.0263694500, -0.7397487000, 0.6723447000)
(0.0131667100, -0.7434838000, 0.6686008000)
(0.0117723000, -0.7435485000, 0.6685769000)
(0.0237795600, -0.7413317000, 0.6707001000)
(0.0300897200, -0.7402308000, 0.6716713000)
(0.0295578900, -0.7393567000, 0.6726500000)
(0.0298514700, -0.7376136000, 0.6745439000)
(0.0301126200, -0.7369582000, 0.6752484000)
(0.0295339100, -0.7363292000, 0.6759734000)
(0.0071408910, -0.7366707000, 0.6762035000)
(0.0067787590, -0.7351003000, 0.6779020000)
(0.0069097930, -0.7358414000, 0.6771074000)
(0.0205590600, -0.7315313000, 0.6814770000)
(0.0148020600, -0.7298920000, 0.6833870000)
(0.0272954700, -0.7286031000, 0.6843842000)
(0.0375792600, -0.7353925000, 0.6765822000)
(0.0380433200, -0.7357706000, 0.6761559000)
(0.0376256500, -0.7351058000, 0.6769010000)
(0.0324664200, -0.7301731000, 0.6824670000)
(0.0335380200, -0.7303619000, 0.6822234000)
(0.0326242900, -0.7288611000, 0.6838781000)
(0.0315463400, -0.7282059000, 0.6846130000)
(0.0328328500, -0.7277587000, 0.6850339000)
(0.0136480000, -0.7078752000, 0.7061924000)
(0.0048520530, -0.7073800000, 0.7067956000)
(0.0054063610, -0.7084909000, 0.7056873000)
(0.0205611300, -0.7140588000, 0.6997768000)
(0.0191629500, -0.7141097000, 0.6997544000)
(0.0185117800, -0.7138514000, 0.7000394000)
(0.0241027100, -0.7123892000, 0.7013559000)
(0.0268768400, -0.7140911000, 0.6995272000)
(0.0271518400, -0.7142853000, 0.6993122000)
(0.0286528800, -0.7138412000, 0.6997112000)
(0.0277272200, -0.7153507000, 0.6981937000)
(0.0236963100, -0.7001879000, 0.7135494000)
(0.0262960400, -0.6999895000, 0.7136647000)
(0.0243152500, -0.6982493000, 0.7154242000)
(0.0183784100, -0.6972120000, 0.7166079000)
(0.0143259600, -0.6971303000, 0.7167972000)
(0.0146617500, -0.6972378000, 0.7166823000)
(0.0198099100, -0.6979085000, 0.7158958000)
(0.0208339400, -0.6990634000, 0.7147544000)
(0.0212791600, -0.6989414000, 0.7148597000)
(0.0217380000, -0.6984644000, 0.7153113000)
(0.0195921300, -0.6989577000, 0.7148923000)
(0.0188997800, -0.6991054000, 0.7147589000)
(0.0197928500, -0.6996909000, 0.7141573000)
(0.0190294400, -0.6998200000, 0.7140569000)
(0.0176754100, -0.6996228000, 0.7142865000)
(0.0187206000, -0.6991848000, 0.7146763000)
(0.0192551900, -0.6983446000, 0.7154961000)
(0.0188941100, -0.6980084000, 0.7158394000)
(0.0208760900, -0.6973519000, 0.7164237000)
(0.0208211300, -0.6977202000, 0.7160600000)
(0.0197711900, -0.6985353000, 0.7153001000)
(0.0216457200, -0.6984707000, 0.7153040000)
(0.0204613000, -0.6984937000, 0.7153047000)
(0.0187315700, -0.6979814000, 0.7158668000)
(0.0176762300, -0.6979181000, 0.7159507000)
(0.0299333900, -0.6959959000, 0.7174090000)
(0.0276649200, -0.6949672000, 0.7185065000)
(0.0270957600, -0.6950886000, 0.7183971000)
(0.0132339200, -0.6883287000, 0.7252641000)
(0.0140517100, -0.6892191000, 0.7244043000)
(0.0137134900, -0.6889919000, 0.7246225000)
(0.0135173000, -0.6892139000, 0.7244240000)
(0.0093799820, -0.6917945000, 0.7220122000)
(0.0056017500, -0.6864330000, 0.7271528000)
(0.0077664870, -0.6885570000, 0.7251274000)
(0.0109351800, -0.6899208000, 0.7237895000)
(0.0127389100, -0.6907018000, 0.7230238000)
(0.0135978700, -0.6912735000, 0.7224600000)
(0.0146076900, -0.6924804000, 0.7212680000)
(0.0169164000, -0.6930767000, 0.7206510000)
(0.0161766400, -0.6927423000, 0.7209895000)
(0.0160574000, -0.6920128000, 0.7216930000)
(0.0156254900, -0.6914552000, 0.7222323000)
(-0.0005526987, -0.6697548000, 0.7425794000)
(-0.0074804160, -0.6698196000, 0.7424852000)
(-0.0088707220, -0.6700034000, 0.7422979000)
(-0.0093124150, -0.6700300000, 0.7422729000)
(0.0189617800, -0.6809658000, 0.7320647000)
(0.0211689100, -0.6808721000, 0.7320932000)
(0.0205436900, -0.6798720000, 0.7330282000)
(0.0204465500, -0.6790519000, 0.7337998000)
(0.0208913300, -0.6777775000, 0.7349587000)
(0.0204592100, -0.6771200000, 0.7355842000)
(0.0201292400, -0.6767357000, 0.7359475000)
(0.0206152200, -0.6765096000, 0.7361279000)
(0.0208848300, -0.6763759000, 0.7362488000)
(0.0201224300, -0.6760308000, 0.7365972000)
(0.0185668900, -0.6760348000, 0.7366340000)
(0.0208905400, -0.6759281000, 0.7366702000)
(0.0207425300, -0.6762518000, 0.7363577000)
(0.0221180000, -0.6759090000, 0.7366346000)
(0.0240740200, -0.6758274000, 0.7366602000)
(0.0230617200, -0.6765327000, 0.7360455000)
(0.0225247900, -0.6758698000, 0.7366590000)
(0.0213979900, -0.6759528000, 0.7366260000)
(0.0169545900, -0.6727438000, 0.7396622000)
(0.0156709700, -0.6720646000, 0.7403110000)
(0.0178106400, -0.6720212000, 0.7403115000)
(0.0207613700, -0.6761212000, 0.7364792000)
(0.0174089400, -0.6724577000, 0.7399175000)
(0.0306951300, -0.6711455000, 0.7406762000)
(0.0358331000, -0.6828342000, 0.7296767000)
(0.0333803000, -0.6776548000, 0.7346100000)
(0.0309458300, -0.6786712000, 0.7337786000)
(0.0209778200, -0.6701835000, 0.7418818000)
(0.0211852800, -0.6698657000, 0.7421698000)
(0.0211054600, -0.6692560000, 0.7427120000)
(0.0245550300, -0.6692324000, 0.7426377000)
(0.0288620300, -0.6717216000, 0.7402257000)
(0.0299403300, -0.6705173000, 0.7412804000)
(0.0277419600, -0.6691687000, 0.7425825000)
(0.0247928100, -0.6677753000, 0.7439411000)
(0.0242901800, -0.6687123000, 0.7431223000)
(0.0217892400, -0.6687126000, 0.7431990000)
(0.0176654500, -0.6659298000, 0.7457979000)
(0.0167006200, -0.6661019000, 0.7456554000)
(0.0216365000, -0.6692549000, 0.7427167000)
(0.0204452600, -0.6678758000, 0.7439789000)
(0.0171431500, -0.6661603000, 0.7456112000)
(0.0163047900, -0.6656671000, 0.7460694000)
(0.0174816700, -0.6665113000, 0.7452780000)
(0.0220993400, -0.6679677000, 0.7438445000)
(0.0228203900, -0.6684762000, 0.7433723000)
(0.0222721800, -0.6682635000, 0.7435834000)
(0.0218261900, -0.6665800000, 0.7451044000)
(0.0204638300, -0.6663365000, 0.7453614000)
(0.0213994400, -0.6676702000, 0.7441462000)
(0.0218058500, -0.6693295000, 0.7426320000)
(0.0181241000, -0.6665668000, 0.7452113000)
(0.0195558500, -0.6670481000, 0.7447553000)
(0.0246073500, -0.6723148000, 0.7398451000)
(0.0256550600, -0.6731264000, 0.7390677000)
(0.0215350600, -0.6738710000, 0.7385157000)
(0.0203994500, -0.6720112000, 0.7402497000)
(0.0175231000, -0.6687072000, 0.7432985000)
(0.0164007500, -0.6671040000, 0.7447674000)
(0.0182800200, -0.6694600000, 0.7426041000)
(0.0213935400, -0.6702411000, 0.7418348000)
(0.0236178400, -0.6690230000, 0.7428458000)
(0.0057338420, -0.6626990000, 0.7488519000)
(0.0080151000, -0.6649184000, 0.7468588000)
(0.0150159600, -0.6687357000, 0.7433478000)
(0.0117528300, -0.6675418000, 0.7444653000)
(0.0305812800, -0.6772571000, 0.7351047000)
(0.0329120800, -0.6797514000, 0.7326840000)
(0.0374020500, -0.6797634000, 0.7324583000)
(0.0365547500, -0.6788926000, 0.7333171000)
(0.0228013000, -0.6735571000, 0.7387798000)
(0.0208379100, -0.6745721000, 0.7379023000)
(0.0207006500, -0.6747827000, 0.7377191000)
(0.0208469000, -0.6738675000, 0.7385526000)
(0.0208170800, -0.6738262000, 0.7385822000)
(0.0191512800, -0.6738111000, 0.7386402000)
(0.0196998200, -0.6741060000, 0.7383519000)
(0.0197157900, -0.6740968000, 0.7383642000)
(0.0195021400, -0.6739882000, 0.7384824000)
(0.0182680300, -0.6733438000, 0.7390974000)
(0.0131838900, -0.6707601000, 0.7415535000)
(0.0138732400, -0.6715771000, 0.7408032000)
(0.0178733600, -0.6731799000, 0.7392610000)
(0.0196177400, -0.6745976000, 0.7379186000)
(0.0181648600, -0.6734307000, 0.7390218000)
(0.0174904100, -0.6736599000, 0.7388296000)
(0.0146950400, -0.6715841000, 0.7407796000)
(0.0191719500, -0.6724375000, 0.7399017000)
(0.0216684700, -0.6747398000, 0.7377183000)
(0.0370248300, -0.6822723000, 0.7301470000)
(0.0370388500, -0.6821697000, 0.7302431000)
(0.0364560200, -0.6826249000, 0.7298511000)
(0.0342493100, -0.6816294000, 0.7308771000)
(0.0346501200, -0.6831890000, 0.7294129000)
(0.0360410700, -0.6826699000, 0.7298303000)
(0.0359241800, -0.6826195000, 0.7298796000)
(0.0362283000, -0.6833267000, 0.7292050000)
(0.0364050200, -0.6823492000, 0.7300985000)
(0.0358656500, -0.6814167000, 0.7310151000)
(0.0222421600, -0.6735750000, 0.7387787000)
(0.0218796100, -0.6764022000, 0.7362069000)
(0.0188917700, -0.6757414000, 0.7368913000)
(0.0168796400, -0.6754870000, 0.7371779000)
(0.0343900000, -0.6874809000, 0.7253749000)
(0.0357758600, -0.6878843000, 0.7249340000)
(0.0337204300, -0.6876069000, 0.7252871000)
(0.0309824600, -0.6861299000, 0.7268062000)
(0.0315027500, -0.6880534000, 0.7249733000)
(0.0314995500, -0.6871708000, 0.7258016000)
(0.0189819300, -0.6764863000, 0.7361926000)
(0.0178485000, -0.6757609000, 0.7368989000)
(0.0173531200, -0.6758835000, 0.7367859000)
(0.0181478300, -0.6750098000, 0.7375675000)
(0.0191240400, -0.6763820000, 0.7362869000)
(0.0339066300, -0.6871096000, 0.7257463000)
(0.0344477900, -0.6874183000, 0.7254381000)
(0.0343361600, -0.6877570000, 0.7251143000)
(0.0189860300, -0.6798266000, 0.7331061000)
(0.0183742500, -0.6789751000, 0.7339302000)
(0.0178821600, -0.6783007000, 0.7345654000)
(0.0333656700, -0.6837267000, 0.7289603000)
(0.0359031600, -0.6837935000, 0.7287869000)
(0.0359531000, -0.6837913000, 0.7287709000)
(0.0349912000, -0.6826383000, 0.7298994000)
(0.0367085400, -0.6843128000, 0.7282437000)
(0.0358718400, -0.6846739000, 0.7279636000)
(0.0365167200, -0.6845889000, 0.7279923000)
(0.0209398200, -0.6776199000, 0.7350960000)
(0.0215943900, -0.6773671000, 0.7353078000)
(0.0225690500, -0.6779246000, 0.7347729000)
(0.0226160200, -0.6777458000, 0.7349299000)
(0.0210384000, -0.6763264000, 0.7362882000)
(0.0114600400, -0.6705406000, 0.7417828000)
(0.0020763190, -0.6670306000, 0.7450184000)
(0.0328451400, -0.6779317000, 0.7343779000)
(0.0369413000, -0.6798395000, 0.7324167000)
(0.0370155800, -0.6803741000, 0.7319218000)
(0.0363226600, -0.6804002000, 0.7319189000)
(0.0191968800, -0.6713427000, 0.7408980000)
(0.0379003700, -0.6810198000, 0.7312689000)
(0.0348469400, -0.6790079000, 0.7333018000)
(0.0217039600, -0.6817809000, 0.7312195000)
(-0.0065975970, -0.6637178000, 0.7479342000)
(-0.0031430300, -0.6652261000, 0.7466167000)
(0.0097399190, -0.6672718000, 0.7447399000)
(0.0127031600, -0.6701732000, 0.7420753000)
(0.0167724400, -0.6722164000, 0.7401586000)
(0.0246286500, -0.6758182000, 0.7366562000)
(-0.0052104650, -0.6663972000, 0.7455664000)
(-0.0097580970, -0.6637852000, 0.7478458000)
(-0.0081264690, -0.6638611000, 0.7478026000)
(0.0114019800, -0.6702852000, 0.7420128000)
(0.0176898300, -0.6727998000, 0.7396061000)
(0.0002913308, -0.6645106000, 0.7472630000)
(-0.0068078510, -0.6610919000, 0.7502735000)
(-0.0088339490, -0.6610877000, 0.7502552000)
(-0.0005356701, -0.6643046000, 0.7474443000)
(0.0210805500, -0.6732284000, 0.7391233000)
(0.0191467500, -0.6711397000, 0.7410694000)
(0.0186206200, -0.6723928000, 0.7399524000)
(0.0156147300, -0.6705300000, 0.7417043000)
(-0.0037663240, -0.6616240000, 0.7498074000)
(-0.0035698850, -0.6619541000, 0.7495339000)
(0.0089863680, -0.6675751000, 0.7444877000)
(0.0217853900, -0.6721741000, 0.7400686000)
(0.0218320900, -0.6734984000, 0.7388457000)
(0.0193741000, -0.6737289000, 0.7387148000)
(0.0182033100, -0.6733333000, 0.7391062000)
(0.0188212900, -0.6743822000, 0.7381279000)
(0.0212968700, -0.6759157000, 0.7366644000)
(0.0201318800, -0.6766590000, 0.7360017000)
(0.0191977600, -0.6743747000, 0.7381349000)
(0.0148535500, -0.6738421000, 0.7387063000)
(0.0118346200, -0.6712517000, 0.7411282000)
(0.0104886600, -0.6694189000, 0.7428043000)
(0.0087123600, -0.6684766000, 0.7436630000)
(0.0026087730, -0.6675957000, 0.7445151000)
(0.0150822500, -0.6713820000, 0.7409414000)
(0.0177467600, -0.6727816000, 0.7396129000)
(0.0165542800, -0.6719721000, 0.7403772000)
(0.0156922500, -0.6717408000, 0.7405994000)
(0.0159629700, -0.6711063000, 0.7411682000)
(0.0192686300, -0.6719788000, 0.7403160000)
(0.0176523700, -0.6720094000, 0.7403244000)
(0.0174184600, -0.6721426000, 0.7402067000)
(0.0085457970, -0.6692286000, 0.7429923000)
(-0.0041024690, -0.6661015000, 0.7458335000)
(-0.0048499570, -0.6613575000, 0.7500432000)
(0.0057469690, -0.6665267000, 0.7454562000)
(0.0173624400, -0.6729320000, 0.7394952000)
(-0.0048187180, -0.6590674000, 0.7520659000)
(-0.0048759210, -0.6601577000, 0.7510954000)
(-0.0046566180, -0.6608971000, 0.7504576000)
(0.0181638800, -0.6710208000, 0.7412094000)
(0.0202091400, -0.6704673000, 0.7416450000)
(0.0178808600, -0.6705385000, 0.7416580000)
(0.0200347500, -0.6708793000, 0.7412794000)
(0.0228881100, -0.6720743000, 0.7401137000)
(0.0227199600, -0.6722286000, 0.7399933000)
(0.0223609400, -0.6721666000, 0.7400513000)
(0.0234602400, -0.6720519000, 0.7401316000)
(0.0246174500, -0.6722301000, 0.7399149000)
(-0.0071835100, -0.6581182000, 0.7528682000)
(-0.0075836640, -0.6580856000, 0.7528974000)
(-0.0071120480, -0.6587683000, 0.7523087000)
(-0.0075810950, -0.6590040000, 0.7520958000)
(0.0192417300, -0.6708283000, 0.7413477000)
(0.0210080400, -0.6710463000, 0.7411094000)
(0.0203672600, -0.6712568000, 0.7409385000)
(0.0190069700, -0.6725932000, 0.7397484000)
(0.0182878100, -0.6711581000, 0.7410688000)
(0.0169923800, -0.6711185000, 0.7411456000)
(0.0185455300, -0.6708596000, 0.7413369000)
(0.0191175000, -0.6720635000, 0.7402389000)
(0.0179719900, -0.6706290000, 0.7415613000)
(0.0175555900, -0.6695127000, 0.7425755000)
(0.0177302900, -0.6703352000, 0.7418392000)
(0.0164181400, -0.6702046000, 0.7419743000)
(0.0152487800, -0.6698231000, 0.7423506000)
(0.0175123700, -0.6704899000, 0.7417017000)
(0.0216453300, -0.6735837000, 0.7387851000)
(0.0343707800, -0.6788191000, 0.7334920000)
(0.0338761200, -0.6776425000, 0.7345997000)
(0.0336388500, -0.6771268000, 0.7350774000)
(0.0352191200, -0.6768131000, 0.7352966000)
(0.0352293300, -0.6770692000, 0.7350717000)
(0.0346601300, -0.6772089000, 0.7349701000)
(0.0196319300, -0.6713069000, 0.7409141000)
(0.0197133700, -0.6713125000, 0.7409054000)
(0.0200768900, -0.6719831000, 0.7402899000)
(0.0205008400, -0.6731222000, 0.7392347000)
(0.0189540900, -0.6750436000, 0.7375182000)
(0.0194732300, -0.6748005000, 0.7377362000)
(0.0202215400, -0.6755602000, 0.7370116000)
(0.0207695800, -0.6765575000, 0.7360901000)
(0.0190764900, -0.6752403000, 0.7373410000)
(0.0169581900, -0.6744410000, 0.7381295000)
(0.0157014900, -0.6733721000, 0.7391261000)
(0.0141505000, -0.6722393000, 0.7401912000)
(0.0146992500, -0.6709074000, 0.7413799000)
(0.0163890300, -0.6695654000, 0.7425607000)
(0.0319867000, -0.6769910000, 0.7352946000)
(0.0321967500, -0.6744007000, 0.7376465000)
(0.0315255900, -0.6737794000, 0.7382450000)
(0.0263729800, -0.6737171000, 0.7385104000)
(0.0133224700, -0.6702318000, 0.7420225000)
(0.0120202100, -0.6711361000, 0.7412341000)
(0.0130918500, -0.6730677000, 0.7394522000)
(0.0115170400, -0.6730838000, 0.7394745000)
(0.0116693100, -0.6735864000, 0.7390092000)
(0.0142573800, -0.6740888000, 0.7384990000)
(0.0162059600, -0.6734878000, 0.7390043000)
(0.0161423900, -0.6720285000, 0.7403455000)
(0.0206617900, -0.6711689000, 0.7410047000)
(0.0237784200, -0.6721307000, 0.7400490000)
(0.0152528600, -0.6718772000, 0.7404974000)
(0.0137182300, -0.6708301000, 0.7414735000)
(0.0120098700, -0.6707162000, 0.7416076000)
(0.0112856600, -0.6710179000, 0.7413387000)
(0.0154096100, -0.6718196000, 0.7405498000)
(0.0172244200, -0.6718141000, 0.7405182000)
(0.0164601600, -0.6708694000, 0.7413816000)
(0.0154254200, -0.6702396000, 0.7419835000)
(0.0155109700, -0.6699476000, 0.7422454000)
(0.0155008800, -0.6699368000, 0.7422536000)
(0.0154313900, -0.6698659000, 0.7423096000)
(0.0159295400, -0.6700879000, 0.7420992000)
(0.0167509400, -0.6704426000, 0.7417606000)
(0.0157847600, -0.6702477000, 0.7419562000)
(0.0157877600, -0.6714626000, 0.7408516000)
(0.0173400400, -0.6716303000, 0.7406827000)
(0.0173398700, -0.6708969000, 0.7413377000)
(0.0176303700, -0.6706941000, 0.7415184000)
(0.0324089900, -0.6781875000, 0.7341530000)
(0.0325212400, -0.6785485000, 0.7338263000)
(0.0324851200, -0.6783226000, 0.7340288000)
(0.0312739500, -0.6789585000, 0.7335002000)
(0.0298954600, -0.6787290000, 0.7337654000)
(0.0269164200, -0.6824141000, 0.7304623000)
(0.0024714820, -0.6696894000, 0.7426255000)
(0.0022955420, -0.6707531000, 0.7416756000)
(0.0143497200, -0.6708652000, 0.7414204000)
(0.0186564300, -0.6715946000, 0.7406631000)
(0.0171541500, -0.6732394000, 0.7392085000)
(0.0185120600, -0.6726784000, 0.7396861000)
(0.0204535100, -0.6730188000, 0.7393317000)
(0.0190891800, -0.6710389000, 0.7411736000)
(0.0193290500, -0.6704435000, 0.7416895000)
(0.0196814800, -0.6708711000, 0.7413070000)
(0.0214457000, -0.6704925000, 0.7416059000)
(0.0196177300, -0.6711543000, 0.7410538000)
(0.0132380600, -0.6701331000, 0.7421099000)
(0.0092796840, -0.6691700000, 0.7430460000)
(0.0100788600, -0.6691262000, 0.7430656000)
(0.0127411200, -0.6705130000, 0.7417739000)
(0.0148742500, -0.6705920000, 0.7416737000)
(0.0151296300, -0.6713547000, 0.7409680000)
(0.0144281900, -0.6700215000, 0.7421989000)
(0.0145814200, -0.6701746000, 0.7420431000)
(0.0150947900, -0.6692796000, 0.7428448000)
(0.0158980700, -0.6671150000, 0.7447750000)
(0.0153000900, -0.6668037000, 0.7450709000)
(0.0146062600, -0.6665785000, 0.7452732000)
(0.0147197600, -0.6666449000, 0.7452142000)
(0.0150775800, -0.6667336000, 0.7451354000)
(0.0145298000, -0.6673295000, 0.7446178000)
(0.0149037700, -0.6685852000, 0.7434811000)
(0.0171928200, -0.6683832000, 0.7436043000)
(0.0172991300, -0.6696080000, 0.7425098000)
(0.0168658300, -0.6704442000, 0.7417610000)
(0.0169933900, -0.6711504000, 0.7411116000)
(0.0148204000, -0.6701998000, 0.7420171000)
(0.0480059600, -0.6691890000, 0.7415234000)
(0.0413693900, -0.6741384000, 0.7374260000)
(0.0419210200, -0.6730514000, 0.7384036000)
(0.0431632600, -0.6746425000, 0.7368654000)
(0.0240635100, -0.6641337000, 0.7472247000)
(0.0190251300, -0.6617325000, 0.7494811000)
(0.0210505300, -0.6614148000, 0.7497112000)
(0.0275174500, -0.6663285000, 0.7451323000)
(0.0276109200, -0.6670959000, 0.7444475000)
(0.0269783500, -0.6664034000, 0.7450832000)
(0.0251711200, -0.6666611000, 0.7449161000)
(0.0227318100, -0.6649110000, 0.7465665000)
(0.0220160000, -0.6646730000, 0.7468020000)
(0.0246712000, -0.6644888000, 0.7468839000)
(0.0235275800, -0.6655490000, 0.7459792000)
(0.0229006500, -0.6641346000, 0.7472569000)
(0.0230450800, -0.6649808000, 0.7464865000)
(-0.0085055620, -0.6520713000, 0.7581089000)
(-0.0098152070, -0.6503134000, 0.7595877000)
(-0.0006093548, -0.6541958000, 0.7563245000)
(0.0273864000, -0.6668740000, 0.7446579000)
(0.0181079000, -0.6634694000, 0.7479656000)
(0.0171838500, -0.6625679000, 0.7487921000)
(0.0227360400, -0.6654262000, 0.7461105000)
(0.0157308900, -0.6613392000, 0.7499033000)
(0.0393999600, -0.6931683000, 0.7196907000)
(0.0000000000, 0.0000000000, 0.0000000000)
(0.0000000000, 0.0000000000, 0.0000000000)
(0.0000000000, 0.0000000000, 0.0000000000)
(0.0000000000, 0.0000000000, 0.0000000000)
(0.0000000000, 0.0000000000, 0.0000000000)
(0.0000000000, 0.0000000000, 0.0000000000)
(0.0430485700, -0.6663858000, 0.7443537000)
(0.0407127700, -0.6758125000, 0.7359362000)
(0.0433608700, -0.6714784000, 0.7397513000)
(0.0380858200, -0.6791902000, 0.7329534000)
(-0.0126054600, -0.6449805000, 0.7640753000)
(-0.0135205400, -0.6449220000, 0.7641153000)
(-0.0147368500, -0.6432920000, 0.7654696000)
(-0.0117024500, -0.6467201000, 0.7626254000)
(0.0024684150, -0.6546296000, 0.7559419000)
(0.0196776500, -0.6643553000, 0.7471565000)
(0.0219245800, -0.6643089000, 0.7471210000)
(0.0026460410, -0.6547413000, 0.7558422000)
(-0.0022903370, -0.6515782000, 0.7585679000)
(0.0040033760, -0.6544628000, 0.7560707000)
(0.0181780700, -0.6626012000, 0.7487407000)
(0.0160763300, -0.6615637000, 0.7497020000)
(0.0201988500, -0.6640427000, 0.7474169000)
(0.0222711200, -0.6662437000, 0.7453998000)
(0.0217966300, -0.6635703000, 0.7477828000)
(0.0130619300, -0.6582456000, 0.7526747000)
(-0.0098082900, -0.6471044000, 0.7623197000)
(-0.0078714990, -0.6484003000, 0.7612532000)
(-0.0011807220, -0.6528153000, 0.7575091000)
(0.0084738120, -0.6589075000, 0.7521601000)
(0.0187698100, -0.6650300000, 0.7465781000)
(0.0196611300, -0.6656645000, 0.7459881000)
(0.0196753200, -0.6649264000, 0.7466303000)
(0.0224745100, -0.6659860000, 0.7456053000)
(0.0241362200, -0.6678214000, 0.7439101000)
(0.0257755800, -0.6677861000, 0.7438910000)
(0.0246411400, -0.6675496000, 0.7441519000)
(0.0233943800, -0.6680496000, 0.7437479000)
(0.0243970900, -0.6691334000, 0.7427396000)
(0.0235688800, -0.6687548000, 0.7430965000)
(0.0228160400, -0.6673753000, 0.7443712000)
(0.0226170300, -0.6668704000, 0.7448184000)
(0.0216484300, -0.6665817000, 0.7450978000)
(0.0230528800, -0.6667265000, 0.7449293000)
(0.0231857600, -0.6667092000, 0.7449431000)
(0.0226370100, -0.6666818000, 0.7449874000)
(0.0233206900, -0.6668530000, 0.7448174000)
(0.0243087400, -0.6669481000, 0.7446900000)
(0.0243158900, -0.6669455000, 0.7446895000)
(0.0262458000, -0.6678101000, 0.7438672000)
(0.0249878600, -0.6687670000, 0.7430317000)
(0.0218743300, -0.6672590000, 0.7444932000)
(0.0179295600, -0.6659300000, 0.7457914000)
(0.0196509600, -0.6667954000, 0.7449806000)
(0.0206031600, -0.6665282000, 0.7451784000)
(0.0204240600, -0.6665861000, 0.7451319000)
(0.0197781600, -0.6661531000, 0.7455323000)
(0.0186054200, -0.6660388000, 0.7456715000)
(0.0199205000, -0.6672481000, 0.7445548000)
(0.0186261200, -0.6674268000, 0.7444332000)
(0.0171566800, -0.6659675000, 0.7457708000)
(0.0154990100, -0.6663116000, 0.7455055000)
(0.0175635300, -0.6659427000, 0.7457780000)
(0.0155887800, -0.6625566000, 0.7488379000)
(0.0071548810, -0.6569448000, 0.7538891000)
(0.0147542200, -0.6601998000, 0.7509397000)
(0.0157820600, -0.6635750000, 0.7479280000)
(0.0149126600, -0.6645288000, 0.7471123000)
(0.0116689400, -0.6631784000, 0.7483564000)
(0.0114082900, -0.6629446000, 0.7485652000)
(0.0119233600, -0.6625298000, 0.7489322000)
(-0.0093785450, -0.6527007000, 0.7575571000)
(-0.0089874060, -0.6521314000, 0.7580466000)
(-0.0086647720, -0.6536688000, 0.7567188000)
(-0.0085496060, -0.6528952000, 0.7573879000)
(0.0199240300, -0.6658780000, 0.7457776000)
(0.0205333200, -0.6660260000, 0.7456418000)
(0.0207299500, -0.6662363000, 0.7454385000)
(0.0224961800, -0.6670113000, 0.7447038000)
(0.0222521400, -0.6665559000, 0.7451106000)
(0.0059642250, -0.6611100000, 0.7502481000)
(-0.0042172810, -0.6561973000, 0.7545717000)
(-0.0040622310, -0.6541477000, 0.7563388000)
(-0.0038978420, -0.6540723000, 0.7564079000)
(-0.0018887760, -0.6549236000, 0.7556927000)
(0.0015789700, -0.6567799000, 0.7540648000)
(0.0104554300, -0.6605251000, 0.7507176000)
(0.0211512900, -0.6665615000, 0.7451447000)
(0.0223206600, -0.6670986000, 0.7446255000)
(0.0215378800, -0.6674392000, 0.7443414000)
(0.0189895700, -0.6657696000, 0.7459072000)
(0.0155553000, -0.6647568000, 0.7468889000)
(0.0157534500, -0.6655846000, 0.7461501000)
(0.0182550100, -0.6669235000, 0.7449000000)
(0.0177373600, -0.6663828000, 0.7453967000)
(0.0184493100, -0.6675682000, 0.7443035000)
(-0.0101047800, -0.6560428000, 0.7546400000)
(-0.0124795100, -0.6559711000, 0.7546629000)
(-0.0124053300, -0.6557543000, 0.7548520000)
(-0.0107954000, -0.6573771000, 0.7534642000)
(0.0199015700, -0.6654361000, 0.7461849000)
(0.0372017500, -0.6711395000, 0.7403943000)
(0.0374106500, -0.6680124000, 0.7432002000)
(0.0365767600, -0.6690183000, 0.7423277000)
(0.0363557100, -0.6698008000, 0.7416314000)
(0.0172319200, -0.6636049000, 0.7478795000)
(0.0160721300, -0.6637726000, 0.7477496000)
(0.0159094000, -0.6637571000, 0.7477623000)
(0.0158420500, -0.6642869000, 0.7472894000)
(0.0200859100, -0.6668177000, 0.7449399000)
(0.0229023400, -0.6675070000, 0.7442441000)
(0.0221664600, -0.6683741000, 0.7434873000)
(0.0215088400, -0.6675026000, 0.7442859000)
(0.0230471400, -0.6686192000, 0.7432295000)
(0.0234423100, -0.6677625000, 0.7439939000)
(0.0209436200, -0.6661178000, 0.7455360000)
(0.0205059000, -0.6654708000, 0.7461336000)
(0.0212364000, -0.6663090000, 0.7453638000)
(0.0217504200, -0.6674540000, 0.7443255000)
(0.0223409000, -0.6670375000, 0.7446760000)
(0.0215346700, -0.6669382000, 0.7447894000)
(0.0224487200, -0.6679902000, 0.7438270000)
(0.0242802800, -0.6678630000, 0.7438860000)
(0.0239248000, -0.6669270000, 0.7447377000)
(0.0229105500, -0.6658275000, 0.7457340000)
(0.0230817700, -0.6654581000, 0.7460700000)
(0.0237528500, -0.6663778000, 0.7452330000)
(0.0226966700, -0.6651526000, 0.7463434000)
(0.0222327400, -0.6648031000, 0.7466771000)
(0.0209420100, -0.6647364000, 0.7467774000)
(0.0200413500, -0.6635834000, 0.7478215000)
(0.0204915900, -0.6654270000, 0.7461793000)
(0.0247876200, -0.6665937000, 0.7450049000)
(0.0264229900, -0.6672581000, 0.7443501000)
(0.0272181200, -0.6676798000, 0.7439408000)
(0.0269679400, -0.6665654000, 0.7449529000)
(0.0236483100, -0.6645970000, 0.7468220000)
(0.0165999800, -0.6620894000, 0.7492297000)
(0.0201822100, -0.6637336000, 0.7476885000)
(0.0221339000, -0.6636956000, 0.7476624000)
(0.0221583100, -0.6634672000, 0.7478648000)
(0.0204396000, -0.6626650000, 0.7486258000)
(0.0188153200, -0.6617197000, 0.7495026000)
(0.0190436000, -0.6619286000, 0.7493209000)
(0.0219646800, -0.6627838000, 0.7484785000)
(0.0214820200, -0.6632589000, 0.7480801000)
(0.0192055600, -0.6632072000, 0.7481824000)
(0.0184297500, -0.6623834000, 0.7489319000)
(0.0199901300, -0.6634709000, 0.7479249000)
(0.0208375000, -0.6638886000, 0.7475361000)
(0.0213339500, -0.6654603000, 0.7461161000)
(0.0211034900, -0.6654403000, 0.7461491000)
(0.0197453500, -0.6650460000, 0.7465214000)
(0.0203144900, -0.6659212000, 0.7457419000)
(0.0205039600, -0.6664659000, 0.7452335000)
(0.0234637900, -0.6652376000, 0.7462505000)
(0.0216105800, -0.6661299000, 0.7455190000)
(0.0209206300, -0.6662722000, 0.7454132000)
(0.0211638000, -0.6661177000, 0.7455266000)
(0.0232943400, -0.6661316000, 0.7454561000)
(0.0230583000, -0.6662750000, 0.7453340000)
(0.0222697200, -0.6669225000, 0.7447933000)
(0.0205478600, -0.6644024000, 0.7470812000)
(0.0162090800, -0.6628156000, 0.7486061000)
(0.0178185000, -0.6634514000, 0.7480052000)
(0.0225309800, -0.6663662000, 0.7452676000)
(0.0210861200, -0.6656976000, 0.7459035000)
(0.0127588500, -0.6622714000, 0.7491471000)
(0.0079659640, -0.6602969000, 0.7509567000)
(0.0110059500, -0.6631030000, 0.7484397000)
(0.0185711600, -0.6670191000, 0.7447988000)
(0.0209392200, -0.6677893000, 0.7440395000)
(0.0185836000, -0.6682243000, 0.7437276000)
(0.0196676000, -0.6670272000, 0.7447727000)
(0.0188165700, -0.6670874000, 0.7447221000)
(0.0173876700, -0.6656744000, 0.7460358000)
(0.0190294300, -0.6661367000, 0.7455662000)
(0.0203202800, -0.6666502000, 0.7450896000)
(0.0200736200, -0.6658603000, 0.7457955000)
(0.0206852200, -0.6660210000, 0.7456293000)
(0.0215144000, -0.6666109000, 0.7450873000)
(0.0226248900, -0.6664917000, 0.7451569000)
(0.0233469500, -0.6670921000, 0.7446025000)
(0.0236491300, -0.6666957000, 0.7449535000)
(0.0223960400, -0.6657804000, 0.7458110000)
(0.0213337600, -0.6656289000, 0.7459619000)
(0.0201301200, -0.6651803000, 0.7464048000)
(0.0167590400, -0.6616864000, 0.7495735000)
(0.0095726280, -0.6568068000, 0.7539948000)
(0.0117115800, -0.6583239000, 0.7526276000)
(0.0212731200, -0.6650937000, 0.7464426000)
(0.0154346100, -0.6633711000, 0.7481263000)
(0.0119175900, -0.6612672000, 0.7500361000)
(0.0147844600, -0.6634514000, 0.7480730000)
(0.0216069700, -0.6694068000, 0.7425664000)
(0.0212079500, -0.6693051000, 0.7426824000)
(0.0197183700, -0.6704738000, 0.7416573000)
(0.0171587900, -0.6693533000, 0.7427313000)
(0.0112788900, -0.6635340000, 0.7480558000)
(0.0010728690, -0.6516691000, 0.7584991000)
(-0.0001520911, -0.6501987000, 0.7597478000)
(0.0000135289, -0.6508150000, 0.7592187000)
(0.0196644600, -0.6715456000, 0.7406830000)
(0.0193697000, -0.6699241000, 0.7421672000)
(0.0183762700, -0.6693436000, 0.7427065000)
(0.0178291600, -0.6695518000, 0.7425330000)
(0.0154491600, -0.6680955000, 0.7439136000)
(0.0094873690, -0.6610593000, 0.7502586000)
(0.0005763675, -0.6547825000, 0.7558001000)
(0.0009091708, -0.6557813000, 0.7549319000)
(0.0011258470, -0.6563084000, 0.7544819000)
(0.0016150590, -0.6572513000, 0.7536642000)
(-0.0009726589, -0.6575397000, 0.7533992000)
(-0.0028035260, -0.6566667000, 0.7541717000)
(-0.0020826660, -0.6571479000, 0.7537477000)
(0.0172643700, -0.6690910000, 0.7429716000)
(0.0180315700, -0.6696288000, 0.7424684000)
(0.0206159000, -0.6709890000, 0.7411773000)
(0.0221778900, -0.6734577000, 0.7388769000)
(0.0217346900, -0.6735417000, 0.7388238000)
(0.0211798000, -0.6742861000, 0.7381542000)
(0.0213541900, -0.6746007000, 0.7378548000)
(0.0206317400, -0.6718920000, 0.7403520000)
(0.0201812400, -0.6717497000, 0.7405000000)
(0.0197963800, -0.6730075000, 0.7393525000)
(0.0182199800, -0.6710047000, 0.7412210000)
(0.0184990100, -0.6701598000, 0.7419771000)
(0.0203230900, -0.6715136000, 0.7407063000)
(0.0212311600, -0.6711728000, 0.7409940000)
(0.0222169600, -0.6711118000, 0.7410135000)
(0.0226134900, -0.6710898000, 0.7410249000)
(0.0225870000, -0.6719263000, 0.7402606000)
(0.0215892800, -0.6720796000, 0.7401501000)
(0.0202419300, -0.6729547000, 0.7394011000)
(0.0110752400, -0.6670462000, 0.7449210000)
(0.0131650700, -0.6667883000, 0.7451156000)
(0.0179739800, -0.6709561000, 0.7412625000)
(0.0174588500, -0.6667737000, 0.7450535000)
(0.0093845910, -0.6610529000, 0.7502703000)
(0.0113358000, -0.6629019000, 0.7486016000)
(0.0200064700, -0.6683500000, 0.7435733000)
(0.0197261700, -0.6689317000, 0.7430547000)
(0.0203895700, -0.6675671000, 0.7442511000)
(0.0209584000, -0.6691510000, 0.7428199000)
(0.0218875000, -0.6699495000, 0.7420689000)
(0.0213661500, -0.6686665000, 0.7432531000)
(0.0163563600, -0.6669471000, 0.7449163000)
(0.0167497200, -0.6662132000, 0.7455552000)
(0.0190133200, -0.6678282000, 0.7440596000)
(0.0177023100, -0.6666031000, 0.7451942000)
(0.0158633600, -0.6653374000, 0.7463578000)
(0.0159914800, -0.6666615000, 0.7451745000)
(0.0167840700, -0.6690015000, 0.7430675000)
(0.0145102600, -0.6661721000, 0.7456505000)
(0.0133371600, -0.6656634000, 0.7461238000)
(0.0148248200, -0.6676107000, 0.7443424000)
(0.0168102600, -0.6691937000, 0.7428780000)
(0.0171673900, -0.6678783000, 0.7440659000)
(0.0157034900, -0.6666607000, 0.7451926000)
(0.0157098600, -0.6663318000, 0.7454883000)
(0.0155165600, -0.6657608000, 0.7460002000)
(0.0187290600, -0.6671065000, 0.7447227000)
(0.0202061400, -0.6670988000, 0.7446910000)
(0.0199505900, -0.6667215000, 0.7450254000)
(0.0207322300, -0.6671436000, 0.7446313000)
(0.0207708700, -0.6678073000, 0.7440364000)
(0.0212645900, -0.6675820000, 0.7442169000)
(0.0217439400, -0.6676500000, 0.7441376000)
(0.0205189200, -0.6664138000, 0.7452808000)
(0.0205116800, -0.6665655000, 0.7451497000)
(0.0212477200, -0.6661608000, 0.7454917000)
(0.0204486700, -0.6653398000, 0.7462586000)
(0.0206357200, -0.6658083000, 0.7458248000)
(0.0188247400, -0.6657379000, 0.7459456000)
(0.0164996600, -0.6642889000, 0.7472936000)
(0.0170999900, -0.6640832000, 0.7474593000)
(0.0178922200, -0.6654612000, 0.7462093000)
(0.0183587900, -0.6662038000, 0.7455282000)
(0.0163975300, -0.6655531000, 0.7461669000)
(0.0189467800, -0.6659282000, 0.7457716000)
(0.0187323100, -0.6659341000, 0.7457709000)
(0.0183377100, -0.6653414000, 0.7462965000)
(0.0174713800, -0.6646655000, 0.7469183000)
(0.0185440700, -0.6647596000, 0.7468181000)
(0.0192800400, -0.6647055000, 0.7468486000)
(0.0173777800, -0.6644722000, 0.7471102000)
(0.0179122600, -0.6643513000, 0.7471980000)
(0.0189492000, -0.6657241000, 0.7459393000)
(0.0185086400, -0.6638935000, 0.7475928000)
(0.0175959000, -0.6632313000, 0.7481952000)
(0.0189474900, -0.6645250000, 0.7470252000)
(0.0212869500, -0.6647240000, 0.7467728000)
(0.0185331100, -0.6646413000, 0.7469244000)
(0.0159494600, -0.6632389000, 0.7482284000)
(0.0172190000, -0.6642298000, 0.7473266000)
(0.0219122000, -0.6655518000, 0.7460169000)
(0.0297077400, -0.6672921000, 0.7441943000)
(0.0292420800, -0.6671433000, 0.7443547000)
(0.0258907900, -0.6665559000, 0.7449856000)
(0.0217175200, -0.6644685000, 0.7469836000)
(0.0210956800, -0.6642827000, 0.7471679000)
(0.0216442800, -0.6643173000, 0.7471174000)
(0.0214412800, -0.6629127000, 0.7483727000)
(0.0245969800, -0.6663954000, 0.7451725000)
(0.0241929700, -0.6667809000, 0.7448456000)
(0.0206727700, -0.6655030000, 0.7461054000)
(0.0234279100, -0.6655894000, 0.7459325000)
(0.0276451700, -0.6670755000, 0.7444738000)
(0.0284737300, -0.6680927000, 0.7435319000)
(0.0244578300, -0.6646648000, 0.7467385000)
(0.0199211200, -0.6637661000, 0.7476550000)
(0.0219286000, -0.6643953000, 0.7470562000)
(0.0239429200, -0.6652237000, 0.7462454000)
(0.0230010400, -0.6648521000, 0.7466096000)
(0.0233096600, -0.6646469000, 0.7467732000)
(0.0247903000, -0.6657189000, 0.7457801000)
(0.0240402600, -0.6654570000, 0.7460351000)
(0.0217178100, -0.6641911000, 0.7472380000)
(0.0213923900, -0.6641778000, 0.7472524000)
(0.0209595400, -0.6651968000, 0.7463572000)
(0.0189686000, -0.6640553000, 0.7474362000)
(0.0195930500, -0.6637133000, 0.7477195000)
(0.0191103000, -0.6641138000, 0.7473826000)
(0.0238441100, -0.6661434000, 0.7454268000)
(0.0279879000, -0.6679868000, 0.7436417000)
(0.0263963500, -0.6675651000, 0.7440752000)
(0.0226612700, -0.6660374000, 0.7455721000)
(0.0210137700, -0.6647951000, 0.7467162000)
(0.0199902500, -0.6636077000, 0.7477978000)
(0.0187009600, -0.6624905000, 0.7488295000)
(0.0183571200, -0.6624957000, 0.7488228000)
(0.0184794100, -0.6629087000, 0.7484561000)
(0.0294712200, -0.6654689000, 0.7458305000)
(0.0305124700, -0.6660595000, 0.7452681000)
(0.0276891300, -0.6650318000, 0.7462814000)
(0.0203575400, -0.6631096000, 0.7482409000)
(0.0183528300, -0.6617830000, 0.7494582000)
(0.0199203900, -0.6614897000, 0.7496841000)
(0.0201403200, -0.6612982000, 0.7498360000)
(0.0205554700, -0.6624137000, 0.7488468000)
(0.0207647500, -0.6624405000, 0.7488219000)
(0.0213075000, -0.6629450000, 0.7483537000)
(0.0241146000, -0.6648486000, 0.7465810000)
(0.0238595200, -0.6646439000, 0.7467601000)
(0.0201660700, -0.6626479000, 0.7486537000)
(0.0206916500, -0.6630157000, 0.7483086000)
(0.0200644800, -0.6622308000, 0.7490282000)
(0.0196883300, -0.6624342000, 0.7488431000)
(0.0222709600, -0.6627317000, 0.7485214000)
(0.0306267700, -0.6663251000, 0.7450281000)
(0.0306603100, -0.6667829000, 0.7446186000)
(0.0215045800, -0.6645272000, 0.7469361000)
(0.0269028200, -0.6666409000, 0.7448841000)
(0.0298296400, -0.6678557000, 0.7436834000)
(0.0282654600, -0.6671661000, 0.7443523000)
(0.0191184600, -0.6625997000, 0.7487268000)
(0.0189741500, -0.6630323000, 0.7483417000)
(0.0186639000, -0.6628303000, 0.7485231000)
(0.0183386200, -0.6627600000, 0.7486050000)
(0.0186652600, -0.6623843000, 0.7489229000)
(0.0192689700, -0.6617370000, 0.7494763000)
(0.0225352400, -0.6629578000, 0.7483131000)
(0.0231517300, -0.6640235000, 0.7473463000)
(0.0197737300, -0.6629100000, 0.7484378000)
(0.0000029255, -0.6571448000, 0.7537576000)
(0.0001014069, -0.6567600000, 0.7540802000)
(0.0080648390, -0.6613027000, 0.7500662000)
(0.0211486700, -0.6655370000, 0.7460574000)
(0.0281430000, -0.6668584000, 0.7446425000)
(0.0196651700, -0.6646351000, 0.7468939000)
(0.0160976500, -0.6633721000, 0.7480977000)
(0.0250845600, -0.6645426000, 0.7468274000)
(0.0306030600, -0.6662657000, 0.7450860000)
(0.0292751100, -0.6666164000, 0.7448236000)
(0.0201895200, -0.6649279000, 0.7466154000)
(0.0177949100, -0.6641254000, 0.7474071000)
(0.0173564500, -0.6650049000, 0.7466234000)
(0.0166472000, -0.6649903000, 0.7466503000)
(0.0143111300, -0.6641217000, 0.7474828000)
(0.0172627200, -0.6649962000, 0.7466279000)
(0.0184161300, -0.6653360000, 0.7463012000)
(0.0167543200, -0.6657191000, 0.7460001000)
(0.0154096800, -0.6649214000, 0.7467538000)
(0.0149093500, -0.6659620000, 0.7458252000)
(0.0161981200, -0.6665569000, 0.7452768000)
(0.0160251600, -0.6658053000, 0.7459455000)
(0.0145635200, -0.6660696000, 0.7457272000)
(0.0124214000, -0.6644098000, 0.7472635000)
(0.0124343800, -0.6640354000, 0.7475975000)
(0.0135737400, -0.6649978000, 0.7467039000)
(0.0253383900, -0.6686055000, 0.7431709000)
(0.0275511700, -0.6679226000, 0.7437195000)
(0.0277752700, -0.6688275000, 0.7428905000)
(0.0245185200, -0.6686096000, 0.7431996000)
(0.0126721500, -0.6661997000, 0.7456478000)
(0.0113301400, -0.6658363000, 0.7460108000)
(0.0260801400, -0.6710801000, 0.7409191000)
(0.0251542500, -0.6719240000, 0.7401852000)
(0.0265529000, -0.6716999000, 0.7403316000)
(0.0302581900, -0.6721790000, 0.7397676000)
(0.0304225000, -0.6719752000, 0.7399451000)
(0.0292337800, -0.6693789000, 0.7423406000)
(0.0291027700, -0.6708564000, 0.7410040000)
(0.0080850650, -0.6680244000, 0.7440878000)
(0.0114987400, -0.6691104000, 0.7430655000)
(0.0110795100, -0.6689038000, 0.7432495000)
(0.0146279100, -0.6684570000, 0.7435993000)
(0.0170387200, -0.6681901000, 0.7437789000)
(0.0174759000, -0.6677138000, 0.7442099000)
(0.0165087500, -0.6678305000, 0.7441177000)
(0.0159980400, -0.6678137000, 0.7441515000)
(0.0156375900, -0.6678972000, 0.7440760000)
(0.0157414000, -0.6681420000, 0.7438571000)
(0.0158408700, -0.6692744000, 0.7428288000)
(0.0153122500, -0.6701515000, 0.7420620000)
(0.0141029700, -0.6704689000, 0.7417950000)
(0.0144517500, -0.6703821000, 0.7418547000)
(0.0156633100, -0.6707503000, 0.7415075000)
(0.0148707900, -0.6702506000, 0.7419749000)
(0.0131682800, -0.6687459000, 0.7433549000)
(0.0299707400, -0.6730292000, 0.7389986000)
(0.0288956600, -0.6731248000, 0.7389531000)
(0.0289088200, -0.6720812000, 0.7399046000)
(0.0257035000, -0.6706223000, 0.7413373000)
(0.0264866200, -0.6735958000, 0.7386171000)
(0.0263828600, -0.6734148000, 0.7387868000)
(0.0231386100, -0.6728579000, 0.7394001000)
(0.0046476100, -0.6731663000, 0.7394674000)
(-0.0171358100, -0.6645254000, 0.7470639000)
(-0.0172044700, -0.6646361000, 0.7469689000)
(-0.0020051170, -0.6680605000, 0.7440895000)
(0.0066930000, -0.6685330000, 0.7436469000)
(0.0070873500, -0.6674689000, 0.7445986000)
(0.0063165090, -0.6691268000, 0.7431136000)
(0.0031245150, -0.6692072000, 0.7430565000)
(0.0052844940, -0.6704118000, 0.7419652000)
(0.0103929100, -0.6715473000, 0.7408842000)
(0.0128022100, -0.6718336000, 0.7405888000)
(0.0128598200, -0.6732032000, 0.7393264000)
(0.0053985110, -0.6710913000, 0.7413359000)
(0.0030621950, -0.6735126000, 0.7391489000)
(0.0065451650, -0.6740750000, 0.7386147000)
(0.0096702790, -0.6779348000, 0.7350547000)
(0.0099133530, -0.6776552000, 0.7353016000)
(0.0088911790, -0.6757988000, 0.7370181000)
(0.0081728940, -0.6764905000, 0.7364014000)
(0.0111224000, -0.6744245000, 0.7382538000)
(0.0043285030, -0.6728221000, 0.7397712000)
(0.0001579843, -0.6717865000, 0.7407242000)
(0.0002873665, -0.6722217000, 0.7403356000)
(0.0105133600, -0.6757929000, 0.7370063000)
(0.0104315400, -0.6756837000, 0.7371025000)
(0.0115586300, -0.6754990000, 0.7372541000)
(0.0117192700, -0.6755399000, 0.7372194000)
(0.0120746100, -0.6766288000, 0.7362242000)
(0.0115351100, -0.6762357000, 0.7365947000)
(0.0109033200, -0.6756577000, 0.7371333000)
(0.0110408200, -0.6747074000, 0.7380008000)
(0.0121473500, -0.6746105000, 0.7380719000)
(0.0115293600, -0.6740450000, 0.7385923000)
(0.0089166820, -0.6730814000, 0.7395087000)
(0.0105192200, -0.6737267000, 0.7388958000)
(0.0121399400, -0.6743373000, 0.7383123000)
(0.0094257210, -0.6739030000, 0.7387552000)
(0.0082358900, -0.6732439000, 0.7393599000)
(0.0099838930, -0.6729890000, 0.7395738000)
(0.0124153100, -0.6729342000, 0.7395869000)
(0.0133038500, -0.6731050000, 0.7394139000)
(0.0139996700, -0.6739529000, 0.7386375000)
(0.0134968900, -0.6744708000, 0.7381694000)
(0.0142754400, -0.6746124000, 0.7380270000)
(0.0170493600, -0.6760101000, 0.7366859000)
(0.0159957900, -0.6739927000, 0.7385482000)
(0.0134140500, -0.6741362000, 0.7384735000)
(0.0076292550, -0.6721292000, 0.7403944000)
(0.0088569060, -0.6730763000, 0.7395120000)
(0.0127710100, -0.6757824000, 0.7369821000)
(0.0091801010, -0.6738462000, 0.7388059000)
(0.0093916010, -0.6736733000, 0.7389629000)
(0.0103771200, -0.6736646000, 0.7389504000)
(0.0120465800, -0.6756967000, 0.7370753000)
(0.0140472100, -0.6767011000, 0.7361047000)
(0.0178360300, -0.6780750000, 0.7347658000)
(0.0176904200, -0.6794267000, 0.7335144000)
(-0.0115881200, -0.6637332000, 0.7478693000)
(-0.0134958000, -0.6628480000, 0.7486165000)
(-0.0134320100, -0.6630846000, 0.7484238000)
(0.0118192100, -0.6762944000, 0.7365189000)
(0.0122059400, -0.6763149000, 0.7365035000)
(0.0121022900, -0.6763217000, 0.7365032000)
(0.0128874300, -0.6778520000, 0.7350708000)
(0.0135958000, -0.6785580000, 0.7344016000)
(0.0133688100, -0.6780015000, 0.7349222000)
(0.0132150500, -0.6780526000, 0.7348762000)
(0.0139049000, -0.6785777000, 0.7343878000)
(0.0144611400, -0.6783088000, 0.7346308000)
(0.0147640400, -0.6780491000, 0.7348642000)
(0.0138989700, -0.6772917000, 0.7355773000)
(0.0147268800, -0.6769134000, 0.7358989000)
(0.0160557700, -0.6771427000, 0.7356566000)
(0.0157304200, -0.6774631000, 0.7353683000)
(0.0141717900, -0.6770598000, 0.7357870000)
(0.0124423100, -0.6766987000, 0.7361473000)
(0.0140434500, -0.6774858000, 0.7353883000)
(0.0168684300, -0.6782018000, 0.7346698000)
(0.0161991000, -0.6787707000, 0.7341596000)
(0.0143260200, -0.6762990000, 0.7364821000)
(0.0142086300, -0.6764984000, 0.7362881000)
(0.0134004800, -0.6758280000, 0.7369251000)
(0.0142731500, -0.6753498000, 0.7373551000)
(0.0163550600, -0.6762974000, 0.7364320000)
(0.0158515200, -0.6756350000, 0.7370616000)
(0.0129612100, -0.6743314000, 0.7383015000)
(0.0138434400, -0.6731059000, 0.7393999000)
(0.0144046100, -0.6720500000, 0.7403624000)
(-0.0102399800, -0.6658579000, 0.7459955000)
(-0.0114427400, -0.6686136000, 0.7435117000)
(-0.0061148630, -0.6693682000, 0.7428916000)
(0.0157709100, -0.6722587000, 0.7401370000)
(0.0174255500, -0.6729059000, 0.7395205000)
(0.0203569700, -0.6720160000, 0.7402394000)
(0.0215867700, -0.6714181000, 0.7407574000)
(0.0185543000, -0.6712257000, 0.7410032000)
(0.0152576500, -0.6720911000, 0.7403065000)
(0.0163069400, -0.6737657000, 0.7387505000)
(0.0191180800, -0.6737294000, 0.7387288000)
(0.0185804700, -0.6754612000, 0.7371430000)
(0.0180966500, -0.6745684000, 0.7379770000)
(0.0191416900, -0.6754065000, 0.7371904000)
(0.0183202700, -0.6753229000, 0.7372833000)
(0.0169889300, -0.6752291000, 0.7374051000)
(0.0161846000, -0.6739337000, 0.7385997000)
(0.0168072700, -0.6740947000, 0.7384411000)
(0.0166812600, -0.6729880000, 0.7394491000)
(0.0157736700, -0.6731766000, 0.7392963000)
(0.0154536800, -0.6728942000, 0.7395679000)
(0.0161058500, -0.6719918000, 0.7403772000)
(0.0154740400, -0.6713455000, 0.7409730000)
(0.0155357700, -0.6713297000, 0.7409854000)
(0.0158495200, -0.6702934000, 0.7419125000)
(0.0167864600, -0.6698911000, 0.7422526000)
(0.0170480100, -0.6702632000, 0.7419192000)
(0.0168203300, -0.6713521000, 0.7409281000)
(0.0159254000, -0.6717013000, 0.7406340000)
(0.0156240400, -0.6709900000, 0.7412915000)
(0.0124111600, -0.6715325000, 0.7408592000)
(0.0117053200, -0.6727852000, 0.7397373000)
(0.0133569400, -0.6734005000, 0.7391521000)
(0.0140059500, -0.6728625000, 0.7396156000)
(0.0136551100, -0.6733570000, 0.7391731000)
(0.0134225700, -0.6738784000, 0.7387069000)
(0.0243369900, -0.6759162000, 0.7365624000)
(0.0233155400, -0.6758853000, 0.7366277000)
(0.0100672000, -0.6743914000, 0.7383000000)
(0.0002280876, -0.6700972000, 0.7422543000)
(0.0029242930, -0.6720942000, 0.7404568000)
(0.0175639200, -0.6764916000, 0.7362207000)
(0.0153734100, -0.6740950000, 0.7384772000)
(0.0069560000, -0.6698039000, 0.7424927000)
(0.0027066000, -0.6664408000, 0.7455458000)
(0.0031590800, -0.6675439000, 0.7445630000)
(0.0075102060, -0.6682067000, 0.7439197000)
(0.0080408670, -0.6667477000, 0.7452244000)
(-0.0012804520, -0.6668830000, 0.7451420000)
(-0.0029082340, -0.6661935000, 0.7457541000)
(0.0053441650, -0.6685152000, 0.7436789000)
(0.0095357560, -0.6692246000, 0.7429965000)
(0.0107157700, -0.6693441000, 0.7428712000)
(0.0204867500, -0.6736414000, 0.7387693000)
(0.0267753700, -0.6732415000, 0.7389208000)
(0.0266771100, -0.6739058000, 0.7383251000)
(0.0201302400, -0.6730190000, 0.7393475000)
(0.0115032100, -0.6690603000, 0.7431039000)
(0.0113381300, -0.6695598000, 0.7426596000)
(0.0098470530, -0.6683343000, 0.7437925000)
(0.0077465060, -0.6676907000, 0.7443796000)
(0.0094923810, -0.6683211000, 0.7438002000)
(0.0113499600, -0.6706142000, 0.7417181000)
(0.0249195000, -0.6757985000, 0.7366490000)
(0.0259292900, -0.6757774000, 0.7366467000)
(0.0260699000, -0.6777431000, 0.7348180000)
(0.0151939900, -0.6741346000, 0.7384428000)
(0.0145816300, -0.6736364000, 0.7389035000)
(0.0129265600, -0.6730761000, 0.7394404000)
(0.0118659100, -0.6736860000, 0.7389180000)
(0.0090545130, -0.6725814000, 0.7399593000)
(0.0088855460, -0.6732147000, 0.7393928000)
(0.0089907560, -0.6733373000, 0.7392603000)
(0.0103381200, -0.6735052000, 0.7390931000)
(0.0148909300, -0.6761060000, 0.7366378000)
(0.0155537800, -0.6767834000, 0.7359972000)
(0.0180991200, -0.6770841000, 0.7356707000)
(0.0175818800, -0.6765478000, 0.7361687000)
(0.0156149700, -0.6766393000, 0.7361422000)
(0.0172988200, -0.6770064000, 0.7357581000)
(0.0158189200, -0.6760064000, 0.7367141000)
(-0.0112322000, -0.6636051000, 0.7479819000)
(-0.0119259300, -0.6627250000, 0.7487661000)
(-0.0107021100, -0.6637022000, 0.7479202000)
(0.0143585700, -0.6774636000, 0.7354033000)
(0.0125072400, -0.6770364000, 0.7358428000)
(0.0122783400, -0.6772698000, 0.7356151000)
(0.0126018100, -0.6774636000, 0.7354455000)
(0.0137962800, -0.6792569000, 0.7337689000)
(0.0132401900, -0.6783202000, 0.7346404000)
(0.0109554900, -0.6765800000, 0.7362717000)
(0.0099059460, -0.6760617000, 0.7367762000)
(0.0086480690, -0.6754436000, 0.7373421000)
(0.0092506580, -0.6745842000, 0.7381329000)
(0.0087050890, -0.6750719000, 0.7376948000)
(0.0096265990, -0.6735126000, 0.7391103000)
(0.0103000600, -0.6730639000, 0.7395101000)
(0.0121934300, -0.6738285000, 0.7387742000)
(0.0127422000, -0.6733438000, 0.7392072000)
(0.0256563700, -0.6817626000, 0.7311056000)
(0.0248870300, -0.6813127000, 0.7315523000)
(0.0248112000, -0.6815019000, 0.7313861000)
(0.0114347100, -0.6725582000, 0.7399473000)
(0.0117377400, -0.6715494000, 0.7408477000)
(0.0113658400, -0.6729876000, 0.7395621000)
(0.0214643200, -0.6779290000, 0.7348081000)
(0.0202459600, -0.6790044000, 0.7338424000)
(0.0215663200, -0.6785309000, 0.7342371000)
(0.0191272700, -0.6796899000, 0.7332401000)
(0.0109991300, -0.6723824000, 0.7401199000)
(0.0115867600, -0.6727143000, 0.7398031000)
(0.0119005200, -0.6732949000, 0.7392658000)
(0.0109276600, -0.6720797000, 0.7403920000)
(0.0096941660, -0.6715450000, 0.7408873000)
(0.0214414200, -0.6815227000, 0.7314621000)
(0.0222717500, -0.6837821000, 0.7293341000)
(0.0228024300, -0.6836793000, 0.7294167000)
(0.0127074600, -0.6758853000, 0.7368959000)
(0.0105825700, -0.6738700000, 0.7387698000)
(0.0106495600, -0.6741282000, 0.7385218000)
(0.0087175710, -0.6727391000, 0.7398167000)
(0.0086496750, -0.6731305000, 0.7394696000)
(0.0192896900, -0.6828983000, 0.7302497000)
(0.0200240400, -0.6837178000, 0.7294587000)
(0.0182275200, -0.6842123000, 0.7290513000)
(0.0180698300, -0.6838815000, 0.7293491000)
(0.0110640700, -0.6761949000, 0.7366380000)
(0.0095534870, -0.6747007000, 0.7380287000)
(0.0073257500, -0.6743670000, 0.7383435000)
(0.0102022700, -0.6757879000, 0.7370185000)
(0.0203295200, -0.6845404000, 0.7286855000)
(0.0185912600, -0.6849455000, 0.7283539000)
(0.0201351900, -0.6846562000, 0.7285749000)
(0.0181931200, -0.6822317000, 0.7308998000)
(0.0212109700, -0.6836864000, 0.7294496000)
(0.0218044300, -0.6829517000, 0.7301237000)
(0.0208763600, -0.6813713000, 0.7316320000)
(0.0098934320, -0.6714970000, 0.7409306000)
(0.0087198620, -0.6693668000, 0.7428700000)
(0.0118565500, -0.6716910000, 0.7407199000)
(0.0083118080, -0.6710234000, 0.7413706000)
(-0.0058716870, -0.6528504000, 0.7574478000)
(-0.0081791860, -0.6522853000, 0.7579252000)
(-0.0069137050, -0.6531182000, 0.7572079000)
(-0.0068762390, -0.6531571000, 0.7571898000)
(-0.0074495740, -0.6542892000, 0.7561979000)
(-0.0058631220, -0.6528881000, 0.7574312000)
(-0.0059479250, -0.6548817000, 0.7556947000)
(0.0022864240, -0.6630652000, 0.7485377000)
(0.0226206600, -0.6785170000, 0.7342297000)
(0.0186878100, -0.6753186000, 0.7372800000)
(0.0149911200, -0.6711016000, 0.7412133000)
(-0.0042942320, -0.6550303000, 0.7555857000)
(-0.0057754100, -0.6509398000, 0.7590894000)
(-0.0056166630, -0.6520538000, 0.7581364000)
(0.0128673800, -0.6719061000, 0.7405122000)
(0.0125778500, -0.6711472000, 0.7412054000)
(-0.0074647530, -0.6528028000, 0.7574870000)
(-0.0099525560, -0.6509936000, 0.7590139000)
(-0.0099410460, -0.6520184000, 0.7581187000)
(-0.0081730380, -0.6545956000, 0.7559239000)
(0.0164129800, -0.6698223000, 0.7423193000)
(0.0136734500, -0.6685401000, 0.7435365000)
(0.0125448600, -0.6685822000, 0.7435169000)
(0.0148034400, -0.6692308000, 0.7429034000)
(0.0175649500, -0.6704016000, 0.7417838000)
(0.0163741800, -0.6699961000, 0.7421811000)
(0.0135915500, -0.6683354000, 0.7437207000)
(0.0118221100, -0.6676873000, 0.7443338000)
(0.0114370500, -0.6678122000, 0.7442221000)
(0.0138610500, -0.6670719000, 0.7448477000)
(0.0141185800, -0.6674704000, 0.7444919000)
(0.0147176400, -0.6679171000, 0.7440736000)
(0.0150887000, -0.6683304000, 0.7437057000)
(0.0162890300, -0.6694347000, 0.7426791000)
(0.0168216700, -0.6678209000, 0.7441240000)
(0.0137117700, -0.6672436000, 0.7447128000)
(0.0130685700, -0.6649239000, 0.7467813000)
(0.0144664200, -0.6660284000, 0.7457787000)
(0.0150595500, -0.6661226000, 0.7456739000)
(0.0140816500, -0.6659455000, 0.7458512000)
(0.0301996100, -0.6718013000, 0.7401089000)
(0.0311955400, -0.6701419000, 0.7415747000)
(0.0344047400, -0.6729243000, 0.7388902000)
(0.0110394200, -0.6678520000, 0.7442045000)
(0.0125482900, -0.6684057000, 0.7436903000)
(0.0155533200, -0.6687690000, 0.7432953000)
(0.0158645300, -0.6690190000, 0.7430719000)
(0.0145620600, -0.6685131000, 0.7435390000)
(0.0147625900, -0.6682273000, 0.7437976000)
(0.0174086800, -0.6674544000, 0.7444326000)
(0.0168695400, -0.6693450000, 0.7427410000)
(0.0148362700, -0.6687605000, 0.7433186000)
(0.0150794900, -0.6684496000, 0.7435977000)
(0.0190440400, -0.6695365000, 0.7425297000)
(0.0185531000, -0.6695600000, 0.7425160000)
(0.0287234700, -0.6740544000, 0.7381184000)
(0.0342665600, -0.6768112000, 0.7353480000)
(0.0335245600, -0.6773315000, 0.7349073000)
(0.0287818800, -0.6754706000, 0.7368135000)
(0.0176986100, -0.6702039000, 0.7419616000)
(0.0170772000, -0.6687386000, 0.7432874000)
(0.0173089900, -0.6695572000, 0.7425566000)
(0.0146813500, -0.6682920000, 0.7437392000)
(0.0151038800, -0.6684404000, 0.7436093000)
(0.0169564500, -0.6698498000, 0.7422982000)
(0.0331810900, -0.6755002000, 0.7365964000)
(0.0330824400, -0.6756573000, 0.7364630000)
(0.0327159000, -0.6754858000, 0.7366292000)
(0.0156061000, -0.6690671000, 0.7430300000)
(0.0177553500, -0.6690891000, 0.7429542000)
(0.0186503200, -0.6704365000, 0.7417120000)
(0.0156342600, -0.6696618000, 0.7424999000)
(0.0145633600, -0.6681626000, 0.7438576000)
(0.0131715500, -0.6667742000, 0.7451333000)
(0.0138491900, -0.6680226000, 0.7439992000)
(0.0138975200, -0.6672724000, 0.7446696000)
(0.0127162200, -0.6671934000, 0.7447581000)
(0.0120268900, -0.6674070000, 0.7445840000)
(0.0135879100, -0.6654081000, 0.7463516000)
(0.0096364450, -0.6674605000, 0.7445717000)
(0.0113025800, -0.6671562000, 0.7448289000)
(0.0152384800, -0.6679761000, 0.7440235000)
(0.0146734600, -0.6686478000, 0.7434221000)
(0.0148102700, -0.6673545000, 0.7445784000)
(0.0170373200, -0.6688204000, 0.7432160000)
(0.0179109000, -0.6676849000, 0.7442124000)
(0.0148784500, -0.6668766000, 0.7450058000)
(0.0123111100, -0.6671376000, 0.7448278000)
(0.0169355200, -0.6656424000, 0.7460684000)
(0.0148596600, -0.6641714000, 0.7474182000)
(0.0127880500, -0.6633009000, 0.7482318000)
(0.0110319500, -0.6621140000, 0.7493058000)
(0.0134578300, -0.6630231000, 0.7484611000)
(0.0162870400, -0.6627017000, 0.7486917000)
(0.0167999800, -0.6629410000, 0.7484809000)
(0.0159418100, -0.6627295000, 0.7486688000)
(0.0160811200, -0.6629022000, 0.7485126000)
(0.0150116700, -0.6634547000, 0.7480583000)
(0.0156699400, -0.6614836000, 0.7497762000)
(0.0156432500, -0.6629736000, 0.7484714000)
(0.0147771900, -0.6634739000, 0.7480392000)
(0.0141208000, -0.6625674000, 0.7488686000)
(0.0145134100, -0.6624846000, 0.7489247000)
(0.0162079000, -0.6630844000, 0.7483516000)
(0.0164521100, -0.6628851000, 0.7485271000)
(0.0159603900, -0.6627750000, 0.7486472000)
(0.0144849300, -0.6625044000, 0.7489060000)
(0.0146494700, -0.6632492000, 0.7482379000)
(0.0137933400, -0.6638693000, 0.7477063000)
(0.0124766100, -0.6640538000, 0.7475790000)
(0.0128803300, -0.6642487000, 0.7473859000)
(0.0130791000, -0.6655018000, 0.7462662000)
(0.0131608500, -0.6658858000, 0.7459273000)
(0.0141630700, -0.6666332000, 0.7452425000)
(0.0135966400, -0.6654617000, 0.7462882000)
(0.0141017400, -0.6652664000, 0.7464625000)
(0.0143870500, -0.6651494000, 0.7465692000)
(0.0102322100, -0.6646932000, 0.7470458000)
(0.0085039130, -0.6648588000, 0.7469156000)
(0.0106978300, -0.6642724000, 0.7474047000)
(0.0147130500, -0.6650487000, 0.7466397000)
(0.0116674300, -0.6638235000, 0.7477850000)
(0.0137838300, -0.6639306000, 0.7476516000)
(0.0126068800, -0.6644302000, 0.7472249000)
(0.0131552800, -0.6640512000, 0.7475638000)
(0.0137766700, -0.6636980000, 0.7478611000)
(0.0146675200, -0.6634420000, 0.7480687000)
(0.0141805600, -0.6632666000, 0.7482458000)
(0.0138691000, -0.6632032000, 0.7482986000)
(0.0130297200, -0.6636017000, 0.7479651000)
(0.0129868600, -0.6637976000, 0.7477902000)
(0.0254991000, -0.6670219000, 0.7445997000)
(0.0274996800, -0.6659400000, 0.7454865000)
(0.0276095400, -0.6666500000, 0.7448505000)
(0.0258045800, -0.6659703000, 0.7455120000)
(0.0134312800, -0.6621554000, 0.7492371000)
(0.0135435600, -0.6626150000, 0.7488245000)
(0.0136532100, -0.6619096000, 0.7494533000)
(0.0106262600, -0.6601452000, 0.7510601000)
(0.0091675760, -0.6605610000, 0.7507047000)
(0.0117751700, -0.6608272000, 0.7504354000)
(0.0125237400, -0.6611918000, 0.7501109000)
(0.0133220200, -0.6611858000, 0.7500958000)
(0.0139049200, -0.6610904000, 0.7501648000)
(0.0141270800, -0.6606752000, 0.7505329000)
(0.0140507800, -0.6609766000, 0.7502687000)
(0.0143059600, -0.6607938000, 0.7504278000)
(0.0133189800, -0.6615694000, 0.7497545000)
(0.0131074200, -0.6607209000, 0.7505080000)
(0.0139935200, -0.6612055000, 0.7500589000)
(0.0147486200, -0.6625329000, 0.7488818000)
(0.0043135280, -0.6593074000, 0.7518548000)
(-0.0088353900, -0.6514573000, 0.7586260000)
(-0.0129068700, -0.6501312000, 0.7596949000)
(-0.0115109500, -0.6499361000, 0.7598902000)
(-0.0120157900, -0.6495827000, 0.7601821000)
(-0.0121586300, -0.6513723000, 0.7586472000)
(-0.0107502600, -0.6496318000, 0.7601620000)
(0.0107340000, -0.6633844000, 0.7481944000)
(-0.0037446180, -0.6517846000, 0.7583816000)
(-0.0079514420, -0.6490598000, 0.7606815000)
(-0.0109849400, -0.6502290000, 0.7596516000)
(-0.0101487400, -0.6525088000, 0.7577038000)
(-0.0076465320, -0.6541100000, 0.7563434000)
(0.0044481630, -0.6601443000, 0.7511072000)
(0.0123932500, -0.6638063000, 0.7477958000)
(0.0126305600, -0.6639487000, 0.7476700000)
(0.0115530000, -0.6641032000, 0.7475314000)
(0.0126163900, -0.6637844000, 0.7478154000)
(0.0242418700, -0.6695145000, 0.7424029000)
(0.0243400900, -0.6696143000, 0.7422941000)
(0.0257856300, -0.6685069000, 0.7432470000)
(0.0244001100, -0.6675633000, 0.7441444000)
(0.0126814000, -0.6649284000, 0.7467957000)
(0.0127818200, -0.6648681000, 0.7468309000)
(0.0099570090, -0.6643380000, 0.7473562000)
(0.0078882820, -0.6650640000, 0.7467252000)
(0.0103408700, -0.6654965000, 0.7463255000)
(0.0124582700, -0.6657151000, 0.7460927000)
(0.0107150200, -0.6653977000, 0.7463923000)
(0.0063036660, -0.6649631000, 0.7468328000)
(-0.0067422780, -0.6623696000, 0.7491372000)
(-0.0096783470, -0.6614168000, 0.7499402000)
(0.0099121080, -0.6665555000, 0.7453812000)
(0.0166807400, -0.6685057000, 0.7435114000)
(0.0097820280, -0.6664355000, 0.7454833000)
(0.0022954980, -0.6647153000, 0.7470854000)
(0.0033966500, -0.6643726000, 0.7473937000)
(0.0100448400, -0.6703890000, 0.7419361000)
(0.0144785100, -0.6704408000, 0.7418198000)
(0.0138227100, -0.6695742000, 0.7426158000)
(0.0097893180, -0.6688462000, 0.7433175000)
(0.0157987700, -0.6714042000, 0.7409068000)
(0.0260369800, -0.6745427000, 0.7377639000)
(0.0257822800, -0.6754638000, 0.7369249000)
(0.0236655400, -0.6762218000, 0.7363020000)
(0.0218410100, -0.6746939000, 0.7377643000)
(0.0090242920, -0.6692993000, 0.7429315000)
(0.0105855100, -0.6696969000, 0.7425408000)
(0.0103017700, -0.6697938000, 0.7424724000)
(0.0127714800, -0.6695725000, 0.7426360000)
(0.0127296400, -0.6679363000, 0.7440941000)
(0.0119788500, -0.6676515000, 0.7443672000)
(0.0117282900, -0.6669207000, 0.7450165000)
(0.0116267000, -0.6655761000, 0.7462192000)
(-0.0184183300, -0.6544018000, 0.7559128000)
(-0.0171662700, -0.6537521000, 0.7565126000)
(-0.0164748000, -0.6540018000, 0.7562944000)
(-0.0175392200, -0.6527610000, 0.7573549000)
(-0.0150087500, -0.6546907000, 0.7557431000)
(0.0218865600, -0.6688240000, 0.7430980000)
(0.0185185500, -0.6686041000, 0.7433857000)
(0.0090574930, -0.6652067000, 0.7466021000)
(0.0091461310, -0.6645071000, 0.7472253000)
(0.0130533600, -0.6647590000, 0.7469283000)
(0.0134745100, -0.6652888000, 0.7464553000)
(0.0084170090, -0.6631610000, 0.7484263000)
(0.0097212500, -0.6632864000, 0.7482951000)
(0.0145606000, -0.6655670000, 0.7461887000)
(0.0143605500, -0.6641964000, 0.7474129000)
(-0.0150641200, -0.6528435000, 0.7573312000)
(-0.0157203000, -0.6516343000, 0.7583681000)
(-0.0161439300, -0.6520118000, 0.7580281000)
(0.0159229000, -0.6670904000, 0.7447930000)
(0.0168919700, -0.6671786000, 0.7446929000)
(0.0252721500, -0.6716411000, 0.7404285000)
(0.0276924800, -0.6733104000, 0.7388393000)
(0.0263889800, -0.6729792000, 0.7391735000)
(0.0231111100, -0.6721104000, 0.7400843000)
(0.0113573100, -0.6677691000, 0.7442778000)
(0.0103586500, -0.6672999000, 0.7447146000)
(0.0117072700, -0.6682798000, 0.7438009000)
(0.0140319300, -0.6693435000, 0.7428178000)
(0.0138794400, -0.6694911000, 0.7426865000)
(0.0123553500, -0.6693221000, 0.7428543000)
(0.0126889900, -0.6682708000, 0.7437930000)
(0.0255462600, -0.6736957000, 0.7385543000)
(0.0305399800, -0.6724694000, 0.7394907000)
(0.0304746200, -0.6726941000, 0.7392895000)
(0.0271427400, -0.6713780000, 0.7406005000)
(0.0148589000, -0.6654435000, 0.7462992000)
(0.0120108600, -0.6630317000, 0.7484866000)
(0.0111520600, -0.6624507000, 0.7490041000)
(0.0131835100, -0.6644719000, 0.7471840000)
(0.0050481520, -0.6583225000, 0.7527162000)
(-0.0103124000, -0.6497318000, 0.7600791000)
(-0.0115379700, -0.6491725000, 0.7605362000)
(-0.0113842700, -0.6500689000, 0.7597767000)
(-0.0133124900, -0.6504884000, 0.7593822000)
(0.0122200200, -0.6651744000, 0.7465749000)
(0.0110098400, -0.6647582000, 0.7469643000)
(0.0106860700, -0.6644057000, 0.7472813000)
(0.0143892600, -0.6640021000, 0.7475884000)
(0.0147618800, -0.6652297000, 0.7464918000)
(0.0035518050, -0.6561446000, 0.7546175000)
(-0.0121269100, -0.6527757000, 0.7574410000)
(-0.0118334600, -0.6526315000, 0.7575714000)
(-0.0097060810, -0.6535094000, 0.7568550000)
(0.0098892390, -0.6613621000, 0.7499942000)
(0.0103727100, -0.6627744000, 0.7487351000)
(0.0112037000, -0.6631196000, 0.7484282000)
(0.0066823440, -0.6629163000, 0.7486594000)
(-0.0027598260, -0.6576978000, 0.7532760000)
(-0.0029718670, -0.6570433000, 0.7538381000)
(0.0054774520, -0.6623135000, 0.7491971000)
(0.0118146600, -0.6657612000, 0.7460532000)
(0.0114979700, -0.6655418000, 0.7462685000)
(0.0087639700, -0.6639068000, 0.7477579000)
(0.0059414110, -0.6630717000, 0.7485183000)
(0.0053394180, -0.6624379000, 0.7490838000)
(0.0078901580, -0.6644714000, 0.7472547000)
(0.0232733200, -0.6699709000, 0.7420145000)
(0.0230079400, -0.6700402000, 0.7419677000)
(0.0228591000, -0.6705969000, 0.7414691000)
(0.0097444640, -0.6657797000, 0.7460696000)
(0.0087955150, -0.6649930000, 0.7467912000)
(0.0195298800, -0.6671196000, 0.7446909000)
(0.0231944000, -0.6679838000, 0.7438033000)
(0.0262609800, -0.6686799000, 0.7430857000)
(0.0220959100, -0.6655033000, 0.7460601000)
(0.0090645560, -0.6605334000, 0.7507307000)
(0.0105627200, -0.6608419000, 0.7504361000)
(0.0098784780, -0.6608803000, 0.7504200000)
(0.0092805010, -0.6618841000, 0.7495461000)
(0.0231318400, -0.6676071000, 0.7441470000)
(0.0226099100, -0.6676830000, 0.7440943000)
(0.0219129900, -0.6676911000, 0.7441086000)
(0.0206503100, -0.6669865000, 0.7447766000)
(0.0227796800, -0.6670737000, 0.7446399000)
(0.0231841200, -0.6667598000, 0.7449014000)
(0.0222898500, -0.6658239000, 0.7457686000)
(0.0099779420, -0.6605630000, 0.7506852000)
(0.0078071280, -0.6598266000, 0.7513604000)
(0.0084855140, -0.6599357000, 0.7512629000)
(0.0089216870, -0.6595328000, 0.7516207000)
(0.0086230640, -0.6599171000, 0.7512790000)
(0.0081276330, -0.6603820000, 0.7508820000)
(0.0093486530, -0.6607974000, 0.7504930000)
(0.0097990050, -0.6606194000, 0.7506539000)
(0.0088914640, -0.6624122000, 0.7490740000)
(0.0025579090, -0.6589983000, 0.7521258000)
(0.0041577280, -0.6591466000, 0.7519984000)
(0.0078865690, -0.6606355000, 0.7506577000)
(0.0201026300, -0.6659617000, 0.7457042000)
(0.0200704100, -0.6666826000, 0.7450650000)
(0.0210100700, -0.6668248000, 0.7449175000)
(0.0174484000, -0.6684405000, 0.7435535000)
(0.0017433870, -0.6612865000, 0.7501237000)
(0.0040883820, -0.6626287000, 0.7489308000)
(0.0055002980, -0.6626593000, 0.7488873000)
(0.0158244600, -0.6692753000, 0.7428427000)
(0.0259143700, -0.6814629000, 0.7313725000)
(0.0182377100, -0.6803133000, 0.7326810000)
(0.0169519500, -0.6776155000, 0.7352120000)
(0.0020952430, -0.6730045000, 0.7396246000)
(0.0179362800, -0.6765369000, 0.7361891000)
(0.0176378500, -0.6760756000, 0.7366144000)
(0.0166823000, -0.6750097000, 0.7376020000)
(0.0142337400, -0.6750010000, 0.7376665000)
(0.0116023900, -0.6738276000, 0.7387902000)
(0.0138267800, -0.6744027000, 0.7382180000)
(0.0153016600, -0.6741959000, 0.7383862000)
(0.0171525600, -0.6739378000, 0.7385834000)
(0.0172057000, -0.6733910000, 0.7390733000)
(0.0169563500, -0.6736535000, 0.7388366000)
(0.0192732500, -0.6732118000, 0.7391941000)
(0.0179592400, -0.6727889000, 0.7396117000)
(0.0183348700, -0.6726625000, 0.7397102000)
(0.0187352900, -0.6726801000, 0.7396869000)
(0.0173493600, -0.6743790000, 0.7381734000)
(0.0086211110, -0.6723953000, 0.7401246000)
(-0.0120349800, -0.6615407000, 0.7498017000)
(-0.0112100700, -0.6642036000, 0.7474663000)
(-0.0022667660, -0.6666988000, 0.7453042000)
(0.0000140218, -0.6668788000, 0.7451492000)
(0.0125104700, -0.6717488000, 0.7406681000)
(0.0127672500, -0.6723802000, 0.7400887000)
(0.0103887600, -0.6720213000, 0.7404431000)
(0.0082530610, -0.6711794000, 0.7412295000)
(0.0029178640, -0.6677299000, 0.7443775000)
(0.0071259610, -0.6695290000, 0.7427410000)
(0.0216371200, -0.6747512000, 0.7377115000)
(0.0255561800, -0.6789359000, 0.7337372000)
(0.0238146000, -0.6794863000, 0.7332854000)
(0.0202777100, -0.6777608000, 0.7349961000)
(0.0224743100, -0.6796858000, 0.7331412000)
(0.0251845700, -0.6804692000, 0.7323268000)
(0.0267097200, -0.6805269000, 0.7322180000)
(0.0038099520, -0.6708723000, 0.7415518000)
(-0.0110269800, -0.6608776000, 0.7503986000)
(-0.0125252500, -0.6619594000, 0.7494242000)
(-0.0139425400, -0.6593179000, 0.7517176000)
(0.0195016600, -0.6768954000, 0.7358086000)
(0.0181639800, -0.6772091000, 0.7355500000)
(0.0136827400, -0.6745502000, 0.7380930000)
(0.0255962100, -0.6792687000, 0.7334228000)
(0.0296163800, -0.6805568000, 0.7320861000)
(0.0286635200, -0.6811024000, 0.7316117000)
(-0.0148241100, -0.6591946000, 0.7518247000)
(-0.0130533000, -0.6591883000, 0.7518539000)
(-0.0121852600, -0.6595911000, 0.7515206000)
(0.0126584100, -0.6753001000, 0.7374198000)
(0.0124803700, -0.6752114000, 0.7375000000)
(0.0123330700, -0.6753063000, 0.7374173000)
(0.0111330400, -0.6752529000, 0.7375008000)
(0.0110447600, -0.6752993000, 0.7374595000)
(0.0145582800, -0.6764690000, 0.7363219000)
(0.0171003000, -0.6786041000, 0.7343049000)
(0.0174502400, -0.6789765000, 0.7339339000)
(0.0155372800, -0.6768630000, 0.7359340000)
(0.0137350800, -0.6745238000, 0.7381125000)
(0.0141968500, -0.6745530000, 0.7380716000)
(0.0141491700, -0.6744736000, 0.7381430000)
(0.0141134900, -0.6757401000, 0.7369886000)
(0.0140368100, -0.6750870000, 0.7375947000)
(0.0156688900, -0.6741003000, 0.7384601000)
(0.0144075600, -0.6756933000, 0.7370324000)
(0.0165297900, -0.6767836000, 0.7359828000)
(0.0161879800, -0.6762431000, 0.7364893000)
(0.0141758500, -0.6737009000, 0.7388494000)
(0.0139051100, -0.6735740000, 0.7389873000)
(0.0176525200, -0.6759992000, 0.7366894000)
(0.0199905000, -0.6785706000, 0.7342585000)
(0.0196279600, -0.6768637000, 0.7358269000)
(0.0141523000, -0.6707307000, 0.7415642000)
(0.0119888000, -0.6683507000, 0.7437420000)
(0.0113526100, -0.6683450000, 0.7437449000)
(0.0113639000, -0.6687491000, 0.7433874000)
(0.0113869300, -0.6678190000, 0.7442333000)
(0.0104834900, -0.6676199000, 0.7444108000)
(0.0115344600, -0.6684400000, 0.7436614000)
(0.0118475000, -0.6686209000, 0.7435005000)
(0.0302847500, -0.6805555000, 0.7320595000)
(0.0266873600, -0.6791739000, 0.7334846000)
(0.0267609700, -0.6749384000, 0.7373680000)
(0.0258908600, -0.6748977000, 0.7374392000)
(0.0172559500, -0.6704978000, 0.7416923000)
(0.0178973700, -0.6699029000, 0.7422277000)
(0.0164961900, -0.6691439000, 0.7429394000)
(0.0161703500, -0.6689913000, 0.7430776000)
(0.0167384900, -0.6690428000, 0.7430330000)
(0.0165966700, -0.6694227000, 0.7426928000)
(0.0155150300, -0.6697351000, 0.7424330000)
(0.0147358100, -0.6689948000, 0.7431124000)
(0.0156977800, -0.6686441000, 0.7434086000)
(0.0138790400, -0.6677324000, 0.7442569000)
(0.0140121400, -0.6678617000, 0.7441420000)
(0.0171413300, -0.6704589000, 0.7417288000)
(0.0158553600, -0.6730731000, 0.7393968000)
(0.0158505300, -0.6729815000, 0.7394729000)
(0.0180917400, -0.6749372000, 0.7376504000)
(0.0151185300, -0.6741897000, 0.7383963000)
(0.0175165700, -0.6750999000, 0.7375048000)
(0.0187481400, -0.6764336000, 0.7362599000)
(0.0157544400, -0.6748561000, 0.7377619000)
(0.0125021500, -0.6730988000, 0.7394437000)
(0.0158499400, -0.6737190000, 0.7387969000)
(0.0237891200, -0.6788169000, 0.7339134000)
(0.0239337100, -0.6786578000, 0.7340570000)
(0.0188401200, -0.6735796000, 0.7388623000)
(0.0137170400, -0.6688792000, 0.7432290000)
(0.0126630700, -0.6697336000, 0.7424858000)
(0.0139312500, -0.6703674000, 0.7418777000)
(0.0140209400, -0.6707715000, 0.7415192000)
(0.0121396500, -0.6704279000, 0.7418670000)
(0.0106919800, -0.6697251000, 0.7425281000)
(0.0109672400, -0.6698145000, 0.7424285000)
(0.0124981000, -0.6704034000, 0.7418851000)
(0.0136325700, -0.6715001000, 0.7408677000)
(0.0139468300, -0.6724611000, 0.7399929000)
(0.0142522100, -0.6728435000, 0.7396302000)
(0.0132517800, -0.6739528000, 0.7386382000)
(0.0136387500, -0.6736770000, 0.7388888000)
(0.0149966700, -0.6737192000, 0.7388285000)
(0.0158649500, -0.6748933000, 0.7377424000)
(0.0149333500, -0.6744562000, 0.7381461000)
(0.0278639600, -0.6847912000, 0.7281942000)
(0.0276658300, -0.6846914000, 0.7282879000)
(0.0288634000, -0.6860060000, 0.7270091000)
(0.0147831000, -0.6740344000, 0.7385465000)
(0.0297776000, -0.6833046000, 0.7295207000)
(0.0303722000, -0.6848917000, 0.7280100000)
(0.0309302800, -0.6846166000, 0.7282336000)
(0.0120715200, -0.6700407000, 0.7422086000)
(0.0125640600, -0.6712118000, 0.7411416000)
(0.0264830600, -0.6810169000, 0.7317816000)
(0.0297907300, -0.6806294000, 0.7320100000)
(0.0224542100, -0.6802915000, 0.7325903000)
(0.0223927700, -0.6810481000, 0.7318853000)
(0.0255956200, -0.6791404000, 0.7335410000)
(0.0258509300, -0.6794471000, 0.7332651000)
(0.0221371800, -0.6766970000, 0.7359200000)
(0.0112136200, -0.6688023000, 0.7433521000)
(0.0184824700, -0.6745772000, 0.7379713000)
(0.0267562500, -0.6799541000, 0.7327644000)
(0.0274812700, -0.6799740000, 0.7327049000)
(0.0276156600, -0.6792321000, 0.7333907000)
(0.0130883900, -0.6697884000, 0.7424157000)
(0.0134300100, -0.6696255000, 0.7425619000)
(0.0112909900, -0.6722717000, 0.7402179000)
(-0.0116132300, -0.6594992000, 0.7516029000)
(-0.0123917700, -0.6590909000, 0.7519447000)
(-0.0113989400, -0.6592795000, 0.7518004000)
(0.0079628820, -0.6655676000, 0.7462758000)
(-0.0098342930, -0.6564580000, 0.7542807000)
(-0.0105222400, -0.6556656000, 0.7549654000)
(-0.0116022700, -0.6552513000, 0.7553142000)
(0.0068383420, -0.6634398000, 0.7481935000)
(-0.0075534270, -0.6587083000, 0.7523422000)
(-0.0140327600, -0.6561716000, 0.7544674000)
(-0.0148563600, -0.6557960000, 0.7547805000)
(-0.0164330100, -0.6542704000, 0.7560765000)
(0.0179204000, -0.6673802000, 0.7444999000)
(0.0270254600, -0.6696739000, 0.7421436000)
(0.0243616300, -0.6688893000, 0.7429581000)
(0.0267017800, -0.6694219000, 0.7423894000)
(0.0156925100, -0.6634902000, 0.7480025000)
(0.0323882900, -0.6674909000, 0.7438981000)
(0.0294141100, -0.6674021000, 0.7440973000)
(0.0289440200, -0.6674254000, 0.7441127000)
(0.0190421300, -0.6641939000, 0.7473058000)
(0.0292956600, -0.6679708000, 0.7436066000)
(0.0297962300, -0.6674873000, 0.7440186000)
(0.0287804300, -0.6674188000, 0.7441181000)
(0.0111564300, -0.6626629000, 0.7488344000)
(0.0102232300, -0.6618596000, 0.7495485000)
(0.0084880920, -0.6604116000, 0.7508393000)
(0.0099007220, -0.6585445000, 0.7524660000)
(0.0166860800, -0.6542671000, 0.7560724000)
(0.0089156860, -0.6542743000, 0.7561916000)
(0.0098430980, -0.6553640000, 0.7552387000)
(-0.0163829300, -0.6550595000, 0.7553915000)
(-0.0193919800, -0.6542723000, 0.7560039000)
(-0.0138371000, -0.6564136000, 0.7542729000)
(0.0126967200, -0.6594160000, 0.7516533000)
(0.0130893800, -0.6602654000, 0.7509161000)
(0.0093569500, -0.6542125000, 0.7562519000)
(0.0410587000, -0.6675088000, 0.7434626000)
(0.0414482100, -0.6658041000, 0.7449549000)
(0.0390293800, -0.6643592000, 0.7463807000)
(0.0215446000, -0.6584908000, 0.7522700000)
(0.0198703100, -0.6592866000, 0.7516190000)
(0.0203235000, -0.6589884000, 0.7518638000)
(0.0145771600, -0.6593927000, 0.7516527000)
(0.0362279100, -0.6610695000, 0.7494320000)
(0.0342830800, -0.6593171000, 0.7510751000)
(0.0329414600, -0.6601443000, 0.7504052000)
(-0.0002793959, -0.6570976000, 0.7537952000)
(-0.0198901600, -0.6545309000, 0.7557582000)
(0.0401248700, -0.6687763000, 0.7423739000)
(0.0382672300, -0.6667645000, 0.7442783000)
(0.0360530700, -0.6639970000, 0.7468538000)
(0.0376289300, -0.6625097000, 0.7481043000)
(0.0352704200, -0.6610553000, 0.7494918000)
(0.0004707474, -0.6512462000, 0.7588548000)
(0.0148587300, -0.6549901000, 0.7554830000)
(0.0201284400, -0.6561164000, 0.7543874000)
(0.0205392800, -0.6557891000, 0.7546606000)
(0.0207639800, -0.6559225000, 0.7545375000)
(0.0207617400, -0.6561424000, 0.7543423000)
(0.0206216100, -0.6565116000, 0.7540151000)
(0.0209440000, -0.6571133000, 0.7534819000)
(0.0211121500, -0.6570580000, 0.7535284000)
(0.0215687100, -0.6577724000, 0.7528951000)
(0.0210598200, -0.6573758000, 0.7532646000)
(0.0195798700, -0.6568384000, 0.7537636000)
(0.0191373100, -0.6568218000, 0.7537966000)
(0.0158901300, -0.6568559000, 0.7538383000)
(0.0200956000, -0.6547149000, 0.7555932000)
(0.0349868000, -0.6571606000, 0.7529286000)
(-0.0193254600, -0.6510763000, 0.7587572000)
(-0.0204644100, -0.6507464000, 0.7590047000)
(-0.0194825000, -0.6507073000, 0.7590600000)
(-0.0198950600, -0.6497915000, 0.7598365000)
(-0.0198341700, -0.6497248000, 0.7598958000)
(0.0072479130, -0.6543212000, 0.7561656000)
(0.0145561200, -0.6556819000, 0.7548792000)
(0.0138922500, -0.6559827000, 0.7546336000)
(0.0138999800, -0.6555341000, 0.7550324000)
(0.0128588100, -0.6564838000, 0.7542293000)
(0.0114298500, -0.6568238000, 0.7539435000)
(0.0073192290, -0.6565318000, 0.7542530000)
(0.0070559350, -0.6566530000, 0.7541441000)
(0.0102807100, -0.6559953000, 0.7546760000)
(0.0139850300, -0.6581792000, 0.7527171000)
(0.0141694800, -0.6577181000, 0.7531114000)
(0.0104251100, -0.6572852000, 0.7535516000)
(0.0118726100, -0.6574781000, 0.7533628000)
(0.0336616200, -0.6607286000, 0.7498509000)
(0.0334912500, -0.6623490000, 0.7484449000)
(0.0333262000, -0.6610220000, 0.7496108000)
(0.0158195700, -0.6587468000, 0.7521917000)
(0.0135679100, -0.6580191000, 0.7528593000)
(0.0132408000, -0.6577572000, 0.7530969000)
(0.0279630900, -0.6592053000, 0.7514244000)
(0.0322558800, -0.6591500000, 0.7513038000)
(0.0324850200, -0.6591621000, 0.7512932000)
(0.0285067400, -0.6589593000, 0.7516356000)
(0.0087761460, -0.6568416000, 0.7539657000)
(-0.0205888700, -0.6444675000, 0.7643438000)
(-0.0183396400, -0.6445783000, 0.7642983000)
(-0.0170451900, -0.6537809000, 0.7564731000)
(-0.0239437900, -0.6462280000, 0.7627674000)
(-0.0200396500, -0.6529933000, 0.7570899000)
(0.0297170300, -0.6626797000, 0.7483082000)
(0.0289275900, -0.6634752000, 0.7476268000)
(0.0285619900, -0.6613757000, 0.7494955000)
(0.0230283300, -0.6599808000, 0.7509134000)
(-0.0193132300, -0.6505527000, 0.7592029000)
(-0.0183271100, -0.6498861000, 0.7598022000)
(-0.0191503300, -0.6503078000, 0.7594233000)
(-0.0176741000, -0.6504534000, 0.7593381000)
(0.0134041300, -0.6579846000, 0.7528921000)
(0.0129467000, -0.6581305000, 0.7527828000)
(0.0315234700, -0.6612219000, 0.7495076000)
(0.0313153400, -0.6623890000, 0.7484888000)
(0.0307217700, -0.6621696000, 0.7487240000)
(0.0106910200, -0.6589491000, 0.7521070000)
(0.0280988200, -0.6621987000, 0.7487956000)
(0.0317430000, -0.6635232000, 0.7474796000)
(0.0320891500, -0.6635641000, 0.7474187000)
(0.0294082900, -0.6622983000, 0.7486495000)
(0.0137910500, -0.6593800000, 0.7516668000)
(0.0142958000, -0.6596910000, 0.7513895000)
(0.0143952000, -0.6591445000, 0.7518620000)
(0.0145482300, -0.6602632000, 0.7508813000)
(0.0159802100, -0.6605850000, 0.7505795000)
(0.0159957900, -0.6605475000, 0.7506105000)
(0.0141307300, -0.6604855000, 0.7506865000)
(0.0140423500, -0.6596799000, 0.7514012000)
(0.0140568100, -0.6606081000, 0.7505932000)
(0.0146449600, -0.6612069000, 0.7500409000)
(0.0147924100, -0.6613212000, 0.7499403000)
(0.0148973800, -0.6619109000, 0.7494298000)
(0.0148591300, -0.6613205000, 0.7499370000)
(0.0154016800, -0.6610908000, 0.7501433000)
(0.0162497900, -0.6599543000, 0.7511210000)
(0.0320818600, -0.6658995000, 0.7453324000)
(0.0264751400, -0.6666214000, 0.7449079000)
(0.0300554700, -0.6687360000, 0.7428917000)
(0.0311288500, -0.6677160000, 0.7437534000)
(0.0315145700, -0.6677678000, 0.7436864000)
(0.0315384600, -0.6688398000, 0.7427253000)
(0.0180588100, -0.6650477000, 0.7465786000)
(0.0092238600, -0.6621000000, 0.7493528000)
(0.0095821490, -0.6619108000, 0.7495022000)
(0.0104486600, -0.6610574000, 0.7502459000)
(0.0127491600, -0.6620924000, 0.7493080000)
(0.0153471200, -0.6634899000, 0.7480241000)
(0.0165688100, -0.6638316000, 0.7476806000)
(0.0168722700, -0.6629773000, 0.7484452000)
(0.0134943500, -0.6620889000, 0.7492918000)
(0.0148440500, -0.6609957000, 0.7502309000)
(0.0154341800, -0.6612256000, 0.7500260000)
(0.0143643300, -0.6611558000, 0.7501054000)
(0.0154326000, -0.6613680000, 0.7499008000)
(0.0157126400, -0.6611096000, 0.7501124000)
(0.0130963700, -0.6607366000, 0.7504970000)
(0.0124035500, -0.6609052000, 0.7503508000)
(0.0142959700, -0.6612555000, 0.7500175000)
(0.0158070200, -0.6613524000, 0.7498932000)
(0.0133467900, -0.6614402000, 0.7498726000)
(0.0120150800, -0.6605510000, 0.7506815000)
(0.0117306900, -0.6607508000, 0.7505062000)
(0.0098604720, -0.6585991000, 0.7524208000)
(0.0044914750, -0.6568392000, 0.7540018000)
(0.0063120620, -0.6575814000, 0.7533450000)
(0.0133585100, -0.6602269000, 0.7509351000)
(0.0134398400, -0.6608585000, 0.7503721000)
(0.0128523900, -0.6604905000, 0.7507224000)
(0.0137178100, -0.6608198000, 0.7504056000)
(0.0123605500, -0.6605197000, 0.7506934000)
(0.0144007500, -0.6607522000, 0.7504483000)
(0.0133278800, -0.6599621000, 0.7511715000)
(0.0143887100, -0.6593863000, 0.7516469000)
(0.0144795300, -0.6604073000, 0.7507532000)
(0.0121259000, -0.6596071000, 0.7515045000)
(0.0128758800, -0.6569853000, 0.7537850000)
(0.0094668920, -0.6550980000, 0.7554815000)
(0.0041952670, -0.6528546000, 0.7574702000)
(-0.0069220950, -0.6515233000, 0.7585962000)
(-0.0086372350, -0.6509051000, 0.7590972000)
(-0.0205581200, -0.6469755000, 0.7622144000)
(-0.0223644300, -0.6463086000, 0.7627419000)
(-0.0164334400, -0.6486206000, 0.7609189000)
(0.0134017100, -0.6570654000, 0.7536958000)
(0.0139907100, -0.6579399000, 0.7529340000)
(0.0138777300, -0.6572446000, 0.7535337000)
(0.0143302000, -0.6573001000, 0.7534845000)
(0.0131598400, -0.6564181000, 0.7542701000)
(0.0145997600, -0.6571320000, 0.7536175000)
(0.0154159700, -0.6574085000, 0.7533720000)
(0.0154578600, -0.6570071000, 0.7537257000)
(0.0143615600, -0.6558700000, 0.7547187000)
(0.0154837200, -0.6577592000, 0.7530562000)
(0.0133489400, -0.6545876000, 0.7558627000)
(0.0120923500, -0.6543701000, 0.7560743000)
(0.0117946200, -0.6547379000, 0.7557440000)
(0.0132642600, -0.6555612000, 0.7550138000)
(0.0140258700, -0.6554925000, 0.7550568000)
(0.0156035200, -0.6559280000, 0.7546520000)
(0.0163984300, -0.6558753000, 0.7546781000)
(0.0153392600, -0.6565636000, 0.7541022000)
(0.0140602300, -0.6570329000, 0.7537202000)
(0.0133218300, -0.6567671000, 0.7539754000)
(0.0136699900, -0.6570103000, 0.7537380000)
(0.0141782600, -0.6576238000, 0.7531950000)
(0.0121726000, -0.6570558000, 0.7537394000)
(0.0115041000, -0.6571057000, 0.7537106000)
(0.0115123500, -0.6574125000, 0.7534382000)
(0.0112379100, -0.6571775000, 0.7536465000)
(0.0124854100, -0.6569592000, 0.7538214000)
(0.0126506100, -0.6560101000, 0.7546278000)
(0.0119320700, -0.6568506000, 0.7539188000)
(0.0118505500, -0.6577139000, 0.7531693000)
(0.0122617700, -0.6575754000, 0.7532727000)
(0.0122243000, -0.6575974000, 0.7532502000)
(0.0120337700, -0.6581770000, 0.7527574000)
(0.0125520800, -0.6584517000, 0.7525162000)
(0.0144129900, -0.6582543000, 0.7526549000)
(0.0138207900, -0.6578187000, 0.7530392000)
(0.0122562400, -0.6569173000, 0.7538586000)
(0.0115312700, -0.6569479000, 0.7538322000)
(0.0124165600, -0.6569114000, 0.7538474000)
(0.0128265700, -0.6571721000, 0.7536147000)
(0.0114125500, -0.6571125000, 0.7537047000)
(0.0107485000, -0.6557298000, 0.7549186000)
(0.0108176700, -0.6549739000, 0.7555720000)
(0.0109719000, -0.6525918000, 0.7576164000)
(-0.0189365200, -0.6438151000, 0.7649329000)
(-0.0239740200, -0.6424692000, 0.7659346000)
(-0.0204575200, -0.6428819000, 0.7656808000)
(0.0150123700, -0.6524789000, 0.7576398000)
(0.0144831400, -0.6534508000, 0.7568138000)
(0.0131702400, -0.6510873000, 0.7588739000)
(0.0029305160, -0.6477051000, 0.7618710000)
(-0.0178275500, -0.6395111000, 0.7685649000)
(-0.0179786700, -0.6381869000, 0.7696680000)
(0.0003371435, -0.6435294000, 0.7654141000)
(0.0099913760, -0.6437150000, 0.7651883000)
(0.0113283400, -0.6433366000, 0.7654976000)
(0.0090590040, -0.6432492000, 0.7655964000)
(0.0078447330, -0.6418897000, 0.7667463000)
(0.0123578800, -0.6403553000, 0.7679695000)
(0.0120066300, -0.6418090000, 0.7667697000)
(0.0125262600, -0.6411983000, 0.7672566000)
(-0.0022281620, -0.6489099000, 0.7608501000)
(-0.0182811600, -0.6419795000, 0.7664934000)
(-0.0202949600, -0.6399705000, 0.7681266000)
(-0.0183634500, -0.6437531000, 0.7650096000)
(-0.0061522600, -0.6511021000, 0.7589521000)
(-0.0140267000, -0.6503505000, 0.7595011000)
(-0.0183308100, -0.6491275000, 0.7604422000)
(-0.0169485700, -0.6483216000, 0.7611696000)
(-0.0079780560, -0.6497935000, 0.7600568000)
(0.0106913200, -0.6579022000, 0.7530203000)
(0.0173331900, -0.6580911000, 0.7527210000)
(0.0222926000, -0.6595489000, 0.7513186000)
(0.0205388500, -0.6580766000, 0.7526551000)
(0.0172877600, -0.6538633000, 0.7564081000)
(0.0001335685, -0.6439584000, 0.7650440000)
(-0.0107823100, -0.6378427000, 0.7700791000)
(-0.0105306800, -0.6379082000, 0.7700364000)
(0.0044533860, -0.6435959000, 0.7653388000)
(0.0120404700, -0.6461867000, 0.7630675000)
(0.0035236700, -0.6565024000, 0.7543154000)
(-0.0048787990, -0.6493783000, 0.7604330000)
(-0.0015173020, -0.6529061000, 0.7574314000)
(0.0127373300, -0.6617812000, 0.7495799000)
(0.0107016100, -0.6645194000, 0.7471939000)
(0.0131162500, -0.6640129000, 0.7475899000)
(0.0078196740, -0.6594552000, 0.7516889000)
(0.0084921360, -0.6599008000, 0.7512926000)
(0.0109170200, -0.6612747000, 0.7500504000)
(0.0116781800, -0.6587337000, 0.7522784000)
(0.0102629500, -0.6558354000, 0.7548220000)
(0.0111469500, -0.6566197000, 0.7541237000)
(-0.0075711540, -0.6499006000, 0.7599804000)
(-0.0077832070, -0.6499789000, 0.7599110000)
(0.0036273340, -0.6545237000, 0.7560226000)
(0.0147967800, -0.6585577000, 0.7523789000)
(0.0175589600, -0.6599915000, 0.7510480000)
(0.0156052300, -0.6585340000, 0.7523835000)
(0.0103117800, -0.6549076000, 0.7556278000)
(0.0100426900, -0.6545439000, 0.7559552000)
(0.0098990730, -0.6532109000, 0.7571030000)
(0.0099908620, -0.6521480000, 0.7580093000)
(0.0080860920, -0.6510499000, 0.7589831000)
(0.0080156400, -0.6509544000, 0.7590708000)
(0.0086162660, -0.6502600000, 0.7596546000)
(0.0074940470, -0.6491069000, 0.7606584000)
(0.0044937370, -0.6473259000, 0.7621825000)
