1617.7210000000
1617.7370000000
1617.7480000000
1617.7720000000
1617.7930000000
1617.8140000000
1617.8370000000
1617.8590000000
1617.8810000000
1617.9040000000
1617.9250000000
1617.9470000000
1617.9700000000
1617.9920000000
1618.0140000000
1618.0370000000
1618.0580000000
1618.0810000000
1618.1040000000
1618.1250000000
1618.1470000000
1618.1700000000
1618.1920000000
1618.2140000000
1618.2370000000
1618.2580000000
1618.2810000000
1618.3040000000
1618.3250000000
1618.3470000000
1618.3700000000
1618.3910000000
1618.4140000000
1618.4370000000
1618.4580000000
1618.4800000000
1618.5030000000
1618.5250000000
1618.5370000000
1618.5580000000
1618.5800000000
1618.6030000000
1618.6250000000
1618.6470000000
1618.6700000000
1618.6920000000
1618.7140000000
1618.7370000000
1618.7580000000
1618.7810000000
1618.8030000000
1618.8250000000
1618.8470000000
1618.8700000000
1618.8910000000
1618.9140000000
1618.9370000000
1618.9580000000
1618.9800000000
1619.0030000000
1619.0250000000
1619.0470000000
1619.0700000000
1619.0910000000
1619.1140000000
1619.1360000000
1619.1590000000
1619.1800000000
1619.2030000000
1619.2250000000
1619.2470000000
1619.2700000000
1619.2910000000
1619.3140000000
1619.3370000000
1619.3590000000
1619.3800000000
1619.4030000000
1619.4250000000
1619.4470000000
1619.4700000000
1619.4910000000
1619.5130000000
1619.5240000000
1619.5470000000
1619.5700000000
1619.5910000000
1619.6130000000
1619.6360000000
1619.6580000000
1619.6800000000
1619.7030000000
1619.7240000000
1619.7460000000
1619.7700000000
1619.7910000000
1619.8130000000
1619.8360000000
1619.8580000000
1619.8800000000
1619.9030000000
1619.9240000000
1619.9470000000
1619.9690000000
1619.9910000000
1620.0130000000
1620.0360000000
1620.0580000000
1620.0800000000
1620.1030000000
1620.1240000000
1620.1470000000
1620.1690000000
1620.1910000000
1620.2130000000
1620.2360000000
1620.2590000000
1620.2800000000
1620.3030000000
1620.3240000000
1620.3460000000
1620.3700000000
1620.3910000000
1620.4130000000
1620.4360000000
1620.4580000000
1620.4800000000
1620.5020000000
1620.5240000000
1620.5360000000
1620.5570000000
1620.5800000000
1620.6020000000
1620.6240000000
1620.6460000000
1620.6690000000
1620.6910000000
1620.7130000000
1620.7360000000
1620.7570000000
1620.7800000000
1620.8020000000
1620.8240000000
1620.8460000000
1620.8690000000
1620.8910000000
1620.9130000000
1620.9350000000
1620.9570000000
1620.9800000000
1621.0020000000
1621.0240000000
1621.0460000000
1621.0690000000
1621.0910000000
1621.1130000000
1621.1350000000
1621.1570000000
1621.1800000000
1621.2020000000
1621.2240000000
1621.2470000000
1621.2680000000
1621.2900000000
1621.3130000000
1621.3350000000
1621.3580000000
1621.3800000000
1621.4020000000
1621.4240000000
1621.4460000000
1621.4690000000
1621.4900000000
1621.5130000000
1621.5350000000
1621.5460000000
1621.5680000000
1621.5900000000
1621.6120000000
1621.6350000000
1621.6570000000
1621.6790000000
1621.7020000000
1621.7230000000
1621.7460000000
1621.7680000000
1621.7900000000
1621.8130000000
1621.8340000000
1621.8570000000
1621.8790000000
1621.9010000000
1621.9230000000
1621.9460000000
1621.9680000000
1621.9900000000
1622.0120000000
1622.0340000000
1622.0560000000
1622.0790000000
1622.1010000000
1622.1240000000
1622.1460000000
1622.1680000000
1622.1900000000
1622.2120000000
1622.2340000000
1622.2560000000
1622.2780000000
1622.3010000000
1622.3230000000
1622.3450000000
1622.3680000000
1622.3900000000
1622.4120000000
1622.4340000000
1622.4570000000
1622.4780000000
1622.5000000000
1622.5230000000
1622.5450000000
1622.5560000000
1622.5780000000
1622.6010000000
1622.6230000000
1622.6450000000
1622.6670000000
1622.6900000000
1622.7120000000
1622.7340000000
1622.7560000000
1622.7790000000
1622.8010000000
1622.8230000000
1622.8450000000
1622.8680000000
1622.8900000000
1622.9120000000
1622.9340000000
1622.9560000000
1622.9780000000
1623.0000000000
1623.0230000000
1623.0450000000
1623.0670000000
1623.0890000000
1623.1110000000
1623.1340000000
1623.1560000000
1623.1780000000
1623.2000000000
1623.2230000000
1623.2450000000
1623.2670000000
1623.2890000000
1623.3110000000
1623.3340000000
1623.3560000000
1623.3790000000
1623.4010000000
1623.4220000000
1623.4450000000
1623.4680000000
1623.4890000000
1623.5110000000
1623.5340000000
1623.5440000000
1623.5670000000
1623.5890000000
1623.6110000000
1623.6340000000
1623.6560000000
1623.6780000000
1623.7000000000
1623.7220000000
1623.7450000000
1623.7680000000
1623.7890000000
1623.8110000000
1623.8340000000
1623.8560000000
1623.8780000000
1623.9000000000
1623.9220000000
1623.9450000000
1623.9670000000
1623.9890000000
1624.0110000000
1624.0330000000
1624.0560000000
1624.0780000000
1624.1000000000
1624.1220000000
1624.1440000000
1624.1670000000
1624.1890000000
1624.2110000000
1624.2330000000
1624.2550000000
1624.2780000000
1624.3000000000
1624.3220000000
1624.3440000000
1624.3670000000
1624.3890000000
1624.4110000000
1624.4330000000
1624.4550000000
1624.4770000000
1624.5000000000
1624.5220000000
1624.5330000000
1624.5550000000
1624.5770000000
1624.6000000000
1624.6220000000
1624.6440000000
1624.6670000000
1624.6890000000
1624.7110000000
1624.7330000000
1624.7550000000
1624.7770000000
1624.8000000000
1624.8220000000
1624.8440000000
1624.8660000000
1624.8880000000
1624.9110000000
1624.9330000000
1624.9550000000
1624.9770000000
1625.0000000000
1625.0220000000
1625.0440000000
1625.0660000000
1625.0880000000
1625.1110000000
1625.1330000000
1625.1550000000
1625.1770000000
1625.1990000000
1625.2220000000
1625.2440000000
1625.2660000000
1625.2880000000
1625.3110000000
1625.3330000000
1625.3550000000
1625.3770000000
1625.4000000000
1625.4220000000
1625.4440000000
1625.4660000000
1625.4880000000
1625.5100000000
1625.5210000000
1625.5430000000
1625.5660000000
1625.5880000000
1625.6100000000
1625.6330000000
1625.6550000000
1625.6770000000
1625.6990000000
1625.7210000000
1625.7440000000
1625.7660000000
1625.7880000000
1625.8100000000
1625.8320000000
1625.8550000000
1625.8770000000
1625.8990000000
1625.9210000000
1625.9430000000
1625.9660000000
1625.9880000000
1626.0100000000
1626.0320000000
1626.0550000000
1626.0770000000
1626.0990000000
1626.1210000000
1626.1430000000
1626.1660000000
1626.1880000000
1626.2100000000
1626.2320000000
1626.2540000000
1626.2770000000
1626.2990000000
1626.3210000000
1626.3430000000
1626.3650000000
1626.3880000000
1626.4100000000
1626.4320000000
1626.4540000000
1626.4770000000
1626.4990000000
1626.5210000000
1626.5320000000
1626.5540000000
1626.5770000000
1626.5990000000
1626.6210000000
1626.6430000000
1626.6650000000
1626.6880000000
1626.7100000000
1626.7320000000
1626.7550000000
1626.7760000000
1626.7990000000
1626.8210000000
1626.8430000000
1626.8650000000
1626.8870000000
1626.9100000000
1626.9320000000
1626.9540000000
1626.9760000000
1626.9980000000
1627.0210000000
1627.0430000000
1627.0650000000
1627.0880000000
1627.1100000000
1627.1320000000
1627.1540000000
1627.1770000000
1627.1980000000
1627.2210000000
1627.2430000000
1627.2650000000
1627.2870000000
1627.3100000000
1627.3320000000
1627.3540000000
1627.3760000000
1627.3980000000
1627.4210000000
1627.4430000000
1627.4650000000
1627.4870000000
1627.5100000000
1627.5310000000
1627.5430000000
1627.5650000000
1627.5870000000
1627.6090000000
1627.6310000000
1627.6540000000
1627.6770000000
1627.6980000000
1627.7200000000
1627.7420000000
1627.7650000000
1627.7870000000
1627.8090000000
1627.8310000000
1627.8540000000
1627.8760000000
1627.8980000000
1627.9200000000
1627.9420000000
1627.9640000000
1627.9870000000
1628.0090000000
1628.0310000000
1628.0530000000
1628.0760000000
1628.0980000000
1628.1200000000
1628.1420000000
1628.1640000000
1628.1870000000
1628.2090000000
1628.2310000000
1628.2530000000
1628.2760000000
1628.2980000000
1628.3200000000
1628.3420000000
1628.3640000000
1628.3860000000
1628.4090000000
1628.4310000000
1628.4530000000
1628.4760000000
1628.4970000000
1628.5090000000
1628.5310000000
1628.5420000000
1628.5640000000
1628.5760000000
1628.5970000000
1628.6090000000
1628.6300000000
1628.6420000000
1628.6640000000
1628.6860000000
1628.7090000000
1628.7310000000
1628.7530000000
1628.7640000000
1628.7760000000
1628.7970000000
1628.8190000000
1628.8420000000
1628.8640000000
1628.8860000000
1628.9090000000
1628.9310000000
1628.9530000000
1628.9760000000
1628.9970000000
1629.0190000000
1629.0420000000
1629.0640000000
1629.0860000000
1629.1090000000
1629.1300000000
1629.1530000000
1629.1760000000
1629.1970000000
1629.2200000000
1629.2420000000
1629.2640000000
1629.2860000000
1629.3090000000
1629.3310000000
1629.3530000000
1629.3760000000
1629.3970000000
1629.4200000000
1629.4430000000
1629.4640000000
1629.4860000000
1629.5090000000
1629.5310000000
1629.5530000000
1629.5760000000
1629.5970000000
1629.6200000000
1629.6420000000
1629.6640000000
1629.6860000000
1629.7090000000
1629.7300000000
1629.7530000000
1629.7630000000
1629.7860000000
1629.8090000000
1629.8300000000
1629.8530000000
1629.8760000000
1629.8970000000
1629.9190000000
1629.9420000000
1629.9640000000
1629.9860000000
1630.0090000000
1630.0300000000
1630.0520000000
1630.0760000000
1630.0970000000
1630.1190000000
1630.1420000000
1630.1640000000
1630.1860000000
1630.2090000000
1630.2300000000
1630.2520000000
1630.2760000000
1630.2970000000
1630.3190000000
1630.3420000000
1630.3640000000
1630.3860000000
1630.4090000000
1630.4300000000
1630.4530000000
1630.4750000000
1630.4970000000
1630.5190000000
1630.5420000000
1630.5630000000
1630.5860000000
1630.6090000000
1630.6300000000
1630.6520000000
1630.6750000000
1630.6970000000
1630.7190000000
1630.7420000000
1630.7630000000
1630.7750000000
1630.7970000000
1630.8190000000
1630.8420000000
1630.8630000000
1630.8860000000
1630.9080000000
1630.9300000000
1630.9520000000
1630.9750000000
1630.9970000000
1631.0190000000
1631.0420000000
1631.0630000000
1631.0850000000
1631.1080000000
1631.1300000000
1631.1520000000
1631.1750000000
1631.1970000000
1631.2190000000
1631.2420000000
1631.2630000000
1631.2850000000
1631.3080000000
1631.3300000000
1631.3520000000
1631.3750000000
1631.3960000000
1631.4190000000
1631.4410000000
1631.4630000000
1631.4860000000
1631.5080000000
1631.5300000000
1631.5520000000
1631.5750000000
1631.5960000000
1631.6180000000
1631.6420000000
1631.6630000000
1631.6850000000
1631.7080000000
1631.7290000000
1631.7520000000
1631.7630000000
1631.7850000000
1631.8080000000
1631.8290000000
1631.8520000000
1631.8750000000
1631.8960000000
1631.9190000000
1631.9410000000
1631.9630000000
1631.9850000000
1632.0080000000
1632.0290000000
1632.0520000000
1632.0740000000
1632.0960000000
1632.1180000000
1632.1410000000
1632.1620000000
1632.1860000000
1632.2080000000
1632.2290000000
1632.2510000000
1632.2740000000
1632.2970000000
1632.3180000000
1632.3410000000
1632.3630000000
1632.3850000000
1632.4070000000
1632.4290000000
1632.4520000000
1632.4740000000
1632.4960000000
1632.5180000000
1632.5410000000
1632.5630000000
1632.5850000000
1632.6070000000
1632.6290000000
1632.6510000000
1632.6740000000
1632.6960000000
1632.7180000000
1632.7400000000
1632.7630000000
1632.7850000000
1632.7960000000
1632.8180000000
1632.8410000000
1632.8630000000
1632.8850000000
1632.9070000000
1632.9290000000
1632.9510000000
1632.9730000000
1632.9960000000
1633.0180000000
1633.0410000000
1633.0630000000
1633.0840000000
1633.1070000000
1633.1290000000
1633.1510000000
1633.1730000000
1633.1960000000
1633.2180000000
1633.2410000000
1633.2620000000
1633.2840000000
1633.3070000000
1633.3290000000
1633.3510000000
1633.3730000000
1633.3960000000
1633.4170000000
1633.4400000000
1633.4620000000
1633.4850000000
1633.5060000000
1633.5290000000
1633.5510000000
1633.5730000000
1633.5960000000
1633.6180000000
1633.6400000000
1633.6620000000
1633.6840000000
1633.7070000000
1633.7290000000
1633.7510000000
1633.7730000000
1633.7840000000
1633.8060000000
1633.8290000000
1633.8510000000
1633.8730000000
1633.8950000000
1633.9170000000
1633.9400000000
1633.9620000000
1633.9840000000
1634.0060000000
1634.0280000000
1634.0510000000
1634.0730000000
1634.0950000000
1634.1170000000
1634.1390000000
1634.1630000000
1634.1840000000
1634.2060000000
1634.2280000000
1634.2510000000
1634.2730000000
1634.2950000000
1634.3170000000
1634.3390000000
1634.3620000000
1634.3840000000
1634.4060000000
1634.4280000000
1634.4500000000
1634.4730000000
1634.4960000000
1634.5170000000
1634.5390000000
1634.5620000000
1634.5830000000
1634.6060000000
1634.6290000000
1634.6500000000
1634.6720000000
1634.6960000000
1634.7170000000
1634.7390000000
1634.7620000000
1634.7830000000
1634.7950000000
1634.8170000000
1634.8390000000
1634.8610000000
1634.8840000000
1634.9060000000
1634.9280000000
1634.9500000000
1634.9720000000
1634.9950000000
1635.0170000000
1635.0390000000
1635.0610000000
1635.0830000000
1635.1060000000
1635.1280000000
1635.1500000000
1635.1720000000
1635.1950000000
1635.2170000000
1635.2390000000
1635.2610000000
1635.2840000000
1635.3050000000
1635.3280000000
1635.3500000000
1635.3720000000
1635.3950000000
1635.4170000000
1635.4390000000
1635.4610000000
1635.4830000000
1635.5050000000
1635.5280000000
1635.5500000000
1635.5720000000
1635.5940000000
1635.6160000000
1635.6390000000
1635.6610000000
1635.6830000000
1635.7050000000
1635.7270000000
1635.7500000000
1635.7720000000
1635.7830000000
1635.8050000000
1635.8270000000
1635.8500000000
1635.8720000000
1635.8940000000
1635.9160000000
1635.9380000000
1635.9610000000
1635.9830000000
1636.0050000000
1636.0270000000
1636.0490000000
1636.0720000000
1636.0940000000
1636.1160000000
1636.1390000000
1636.1600000000
1636.1830000000
1636.2050000000
1636.2270000000
1636.2500000000
1636.2720000000
1636.2940000000
1636.3160000000
1636.3380000000
1636.3600000000
1636.3830000000
1636.4050000000
1636.4270000000
1636.4490000000
1636.4720000000
1636.4940000000
1636.5160000000
1636.5380000000
1636.5600000000
1636.5830000000
1636.6050000000
1636.6270000000
1636.6490000000
1636.6710000000
1636.6940000000
1636.7160000000
1636.7380000000
1636.7600000000
1636.7820000000
1636.7940000000
1636.8160000000
1636.8380000000
1636.8600000000
1636.8820000000
1636.9050000000
1636.9270000000
1636.9490000000
1636.9710000000
1636.9940000000
1637.0160000000
1637.0380000000
1637.0600000000
1637.0820000000
1637.1040000000
1637.1270000000
1637.1490000000
1637.1710000000
1637.1940000000
1637.2160000000
1637.2380000000
1637.2600000000
1637.2820000000
1637.3050000000
1637.3270000000
1637.3490000000
1637.3710000000
1637.3930000000
1637.4160000000
1637.4380000000
1637.4600000000
1637.4820000000
1637.5040000000
1637.5270000000
1637.5500000000
1637.5710000000
1637.5930000000
1637.6150000000
1637.6380000000
1637.6600000000
1637.6820000000
1637.7040000000
1637.7260000000
1637.7490000000
1637.7710000000
1637.7820000000
1637.8050000000
1637.8260000000
1637.8480000000
1637.8710000000
1637.8930000000
1637.9150000000
1637.9370000000
1637.9590000000
1637.9820000000
1638.0040000000
1638.0270000000
1638.0480000000
1638.0710000000
1638.0930000000
1638.1150000000
1638.1370000000
1638.1600000000
1638.1820000000
1638.2040000000
1638.2260000000
1638.2480000000
1638.2710000000
1638.2930000000
1638.3150000000
1638.3380000000
1638.3590000000
1638.3820000000
1638.4040000000
1638.4260000000
1638.4480000000
1638.4710000000
1638.4930000000
1638.5150000000
1638.5370000000
1638.5590000000
1638.5820000000
1638.6040000000
1638.6260000000
1638.6480000000
1638.6700000000
1638.6930000000
1638.7150000000
1638.7370000000
1638.7590000000
1638.7700000000
1638.7930000000
1638.8150000000
1638.8370000000
1638.8590000000
1638.8810000000
1638.9040000000
1638.9260000000
1638.9480000000
1638.9700000000
1638.9930000000
1639.0150000000
1639.0370000000
1639.0590000000
1639.0810000000
1639.1040000000
1639.1260000000
1639.1480000000
1639.1700000000
1639.1920000000
1639.2150000000
1639.2370000000
1639.2590000000
1639.2810000000
1639.3040000000
1639.3260000000
1639.3480000000
1639.3700000000
1639.3920000000
1639.4140000000
1639.4370000000
1639.4580000000
1639.4810000000
1639.5040000000
1639.5250000000
1639.5480000000
1639.5700000000
1639.5920000000
1639.6150000000
1639.6360000000
1639.6580000000
1639.6810000000
1639.7030000000
1639.7250000000
1639.7480000000
1639.7700000000
1639.7810000000
1639.8030000000
1639.8250000000
1639.8480000000
1639.8700000000
1639.8920000000
1639.9150000000
1639.9360000000
1639.9580000000
1639.9810000000
1640.0030000000
1640.0250000000
1640.0480000000
1640.0690000000
1640.0910000000
1640.1150000000
1640.1360000000
1640.1580000000
1640.1810000000
1640.2030000000
1640.2250000000
1640.2480000000
1640.2690000000
1640.2920000000
1640.3140000000
1640.3360000000
1640.3580000000
1640.3810000000
1640.4030000000
1640.4250000000
1640.4480000000
1640.4690000000
1640.4910000000
1640.5140000000
1640.5360000000
1640.5580000000
1640.5810000000
1640.6030000000
1640.6250000000
1640.6470000000
1640.6690000000
1640.6910000000
1640.7140000000
1640.7360000000
1640.7470000000
1640.7690000000
1640.7910000000
1640.8140000000
1640.8360000000
1640.8580000000
1640.8810000000
1640.9030000000
1640.9250000000
1640.9480000000
1640.9690000000
1640.9910000000
1641.0140000000
1641.0360000000
1641.0580000000
1641.0810000000
1641.1020000000
1641.1250000000
1641.1470000000
1641.1690000000
1641.1910000000
1641.2140000000
1641.2360000000
1641.2580000000
1641.2810000000
1641.3020000000
1641.3240000000
1641.3470000000
1641.3690000000
1641.3910000000
1641.4140000000
1641.4370000000
1641.4580000000
1641.4810000000
1641.5020000000
1641.5240000000
1641.5470000000
1641.5690000000
1641.5910000000
1641.6140000000
1641.6350000000
1641.6570000000
1641.6800000000
1641.7020000000
1641.7250000000
1641.7470000000
1641.7570000000
1641.7800000000
1641.8020000000
1641.8240000000
1641.8470000000
1641.8690000000
1641.8910000000
1641.9140000000
1641.9350000000
1641.9580000000
1641.9800000000
1642.0020000000
1642.0240000000
1642.0470000000
1642.0690000000
1642.0910000000
1642.1140000000
1642.1350000000
1642.1570000000
1642.1800000000
1642.2020000000
1642.2240000000
1642.2470000000
1642.2690000000
1642.2910000000
1642.3140000000
1642.3350000000
1642.3580000000
1642.3800000000
1642.4020000000
1642.4240000000
1642.4470000000
1642.4690000000
1642.4900000000
1642.5140000000
1642.5350000000
1642.5570000000
1642.5800000000
1642.6020000000
1642.6240000000
1642.6470000000
1642.6680000000
1642.6910000000
1642.7140000000
1642.7350000000
1642.7470000000
1642.7680000000
1642.7910000000
1642.8140000000
1642.8350000000
1642.8570000000
1642.8800000000
1642.9020000000
1642.9240000000
1642.9470000000
1642.9680000000
1642.9900000000
1643.0130000000
1643.0350000000
1643.0570000000
1643.0800000000
1643.1010000000
1643.1240000000
1643.1470000000
1643.1680000000
1643.1900000000
1643.2130000000
1643.2350000000
1643.2570000000
1643.2800000000
1643.3010000000
1643.3240000000
1643.3470000000
1643.3680000000
1643.3900000000
1643.4140000000
1643.4350000000
1643.4570000000
1643.4800000000
1643.5010000000
1643.5240000000
1643.5470000000
1643.5680000000
1643.5900000000
1643.6140000000
1643.6350000000
1643.6570000000
1643.6800000000
1643.7010000000
1643.7240000000
1643.7460000000
1643.7680000000
1643.7800000000
1643.8010000000
1643.8230000000
1643.8460000000
1643.8680000000
1643.8900000000
1643.9130000000
1643.9350000000
1643.9570000000
1643.9790000000
1644.0010000000
1644.0230000000
1644.0460000000
1644.0680000000
1644.0900000000
1644.1130000000
1644.1340000000
1644.1570000000
1644.1790000000
1644.2010000000
1644.2230000000
1644.2460000000
1644.2680000000
1644.2900000000
1644.3130000000
1644.3340000000
1644.3560000000
1644.3800000000
1644.4010000000
1644.4230000000
1644.4460000000
1644.4670000000
1644.4900000000
1644.5130000000
1644.5340000000
1644.5570000000
1644.5790000000
1644.6010000000
1644.6230000000
1644.6460000000
1644.6670000000
1644.6890000000
1644.7130000000
1644.7340000000
1644.7460000000
1644.7670000000
1644.7900000000
1644.8130000000
1644.8340000000
1644.8560000000
1644.8790000000
1644.9010000000
1644.9230000000
1644.9460000000
1644.9670000000
1644.9900000000
1645.0130000000
1645.0340000000
1645.0560000000
1645.0790000000
1645.1010000000
1645.1230000000
1645.1450000000
1645.1670000000
1645.1890000000
1645.2130000000
1645.2340000000
1645.2570000000
1645.2790000000
1645.3000000000
1645.3230000000
1645.3450000000
1645.3670000000
1645.3890000000
1645.4110000000
1645.4340000000
1645.4560000000
1645.4790000000
1645.5000000000
1645.5220000000
1645.5450000000
1645.5670000000
1645.5890000000
1645.6110000000
1645.6340000000
1645.6560000000
1645.6780000000
1645.7000000000
1645.7230000000
1645.7340000000
1645.7560000000
1645.7790000000
1645.8000000000
1645.8220000000
1645.8450000000
1645.8670000000
1645.8890000000
1645.9110000000
1645.9340000000
1645.9560000000
1645.9780000000
1646.0000000000
1646.0220000000
1646.0450000000
1646.0670000000
1646.0890000000
1646.1110000000
1646.1330000000
1646.1560000000
1646.1780000000
1646.2000000000
1646.2220000000
1646.2450000000
1646.2660000000
1646.2880000000
1646.3110000000
1646.3330000000
1646.3550000000
1646.3780000000
1646.4000000000
1646.4220000000
1646.4440000000
1646.4660000000
1646.4890000000
1646.5110000000
1646.5330000000
1646.5550000000
1646.5780000000
1646.6000000000
1646.6220000000
1646.6440000000
1646.6670000000
1646.6880000000
1646.7110000000
1646.7330000000
1646.7440000000
1646.7660000000
1646.7880000000
1646.8110000000
1646.8330000000
1646.8550000000
1646.8770000000
1646.8990000000
1646.9220000000
1646.9440000000
1646.9660000000
1646.9880000000
1647.0100000000
1647.0330000000
1647.0550000000
1647.0770000000
1647.1000000000
1647.1220000000
1647.1440000000
1647.1660000000
1647.1880000000
1647.2100000000
1647.2330000000
1647.2550000000
1647.2770000000
1647.3000000000
1647.3220000000
1647.3440000000
1647.3660000000
1647.3890000000
1647.4110000000
1647.4330000000
1647.4550000000
1647.4770000000
1647.5000000000
1647.5220000000
1647.5440000000
1647.5660000000
1647.5880000000
1647.6100000000
1647.6330000000
1647.6550000000
1647.6770000000
1647.6990000000
1647.7220000000
1647.7440000000
1647.7550000000
1647.7770000000
1647.7990000000
1647.8220000000
1647.8440000000
1647.8660000000
1647.8880000000
1647.9100000000
1647.9320000000
1647.9550000000
1647.9770000000
1647.9990000000
1648.0220000000
1648.0430000000
1648.0660000000
1648.0880000000
1648.1100000000
1648.1320000000
1648.1550000000
1648.1770000000
1648.1990000000
1648.2210000000
1648.2430000000
1648.2660000000
1648.2880000000
1648.3100000000
1648.3320000000
1648.3540000000
1648.3770000000
1648.3990000000
1648.4210000000
1648.4430000000
1648.4660000000
1648.4880000000
1648.5100000000
1648.5320000000
1648.5540000000
1648.5760000000
1648.5990000000
1648.6210000000
1648.6430000000
1648.6660000000
1648.6870000000
1648.7100000000
1648.7320000000
1648.7430000000
1648.7650000000
1648.7880000000
1648.8100000000
1648.8320000000
1648.8540000000
1648.8770000000
1648.8980000000
1648.9210000000
1648.9430000000
1648.9650000000
1648.9870000000
1649.0100000000
1649.0320000000
1649.0540000000
1649.0760000000
1649.0990000000
1649.1210000000
1649.1430000000
1649.1650000000
1649.1880000000
1649.2090000000
1649.2320000000
1649.2540000000
1649.2760000000
1649.2980000000
1649.3210000000
1649.3430000000
1649.3650000000
1649.3870000000
1649.4100000000
1649.4320000000
1649.4540000000
1649.4760000000
1649.4990000000
1649.5210000000
1649.5430000000
1649.5650000000
1649.5870000000
1649.6090000000
1649.6320000000
1649.6540000000
1649.6760000000
1649.6980000000
1649.7200000000
1649.7310000000
1649.7540000000
1649.7760000000
1649.7980000000
1649.8200000000
1649.8420000000
1649.8650000000
1649.8870000000
1649.9090000000
1649.9310000000
1649.9540000000
1649.9760000000
1649.9980000000
1650.0200000000
1650.0420000000
1650.0650000000
1650.0870000000
1650.1090000000
1650.1320000000
1650.1530000000
1650.1760000000
1650.1980000000
1650.2200000000
1650.2420000000
1650.2650000000
1650.2870000000
1650.3090000000
1650.3310000000
1650.3540000000
1650.3760000000
1650.3980000000
1650.4200000000
1650.4420000000
1650.4640000000
1650.4870000000
1650.5090000000
1650.5320000000
1650.5530000000
1650.5750000000
1650.5980000000
1650.6200000000
1650.6420000000
1650.6640000000
1650.6870000000
1650.7090000000
1650.7200000000
1650.7420000000
1650.7640000000
1650.7860000000
1650.8080000000
1650.8310000000
1650.8530000000
1650.8750000000
1650.8970000000
1650.9200000000
1650.9420000000
1650.9640000000
1650.9870000000
1651.0080000000
1651.0310000000
1651.0530000000
1651.0750000000
1651.0970000000
1651.1200000000
1651.1410000000
1651.1640000000
1651.1860000000
1651.2080000000
1651.2310000000
1651.2530000000
1651.2750000000
1651.2970000000
1651.3200000000
1651.3420000000
1651.3640000000
1651.3860000000
1651.4080000000
1651.4310000000
1651.4530000000
1651.4750000000
1651.4970000000
1651.5200000000
1651.5420000000
1651.5640000000
1651.5860000000
1651.6080000000
1651.6200000000
1651.6410000000
1651.6530000000
1651.6750000000
1651.6970000000
1651.7200000000
1651.7410000000
1651.7640000000
1651.7860000000
1651.8080000000
1651.8300000000
1651.8530000000
1651.8750000000
1651.8860000000
1651.9080000000
1651.9300000000
1651.9530000000
1651.9740000000
1651.9860000000
1652.0080000000
1652.0300000000
1652.0530000000
1652.0740000000
1652.0860000000
1652.1080000000
1652.1190000000
1652.1410000000
1652.1630000000
1652.1860000000
1652.2080000000
1652.2300000000
1652.2530000000
1652.2740000000
1652.2970000000
1652.3190000000
1652.3410000000
1652.3630000000
1652.3860000000
1652.4080000000
1652.4300000000
1652.4530000000
1652.4740000000
1652.4960000000
1652.5070000000
1652.5190000000
1652.5410000000
1652.5530000000
1652.5740000000
1652.5860000000
1652.6070000000
1652.6300000000
1652.6410000000
1652.6520000000
1652.6740000000
1652.6960000000
1652.7070000000
1652.7300000000
1652.7520000000
1652.7740000000
1652.7860000000
1652.8070000000
1652.8190000000
1652.8410000000
1652.8630000000
1652.8860000000
1652.9070000000
1652.9300000000
1652.9530000000
1652.9740000000
1652.9970000000
1653.0190000000
1653.0410000000
1653.0630000000
1653.0860000000
1653.1070000000
1653.1190000000
1653.1410000000
1653.1630000000
1653.1860000000
1653.2070000000
1653.2290000000
1653.2520000000
1653.2740000000
1653.2960000000
1653.3190000000
1653.3400000000
1653.3630000000
1653.3860000000
1653.4070000000
1653.4290000000
1653.4530000000
1653.4740000000
1653.4970000000
1653.5190000000
1653.5410000000
1653.5630000000
1653.5860000000
1653.6070000000
1653.6300000000
1653.6520000000
1653.6740000000
1653.6960000000
1653.7190000000
1653.7410000000
1653.7630000000
1653.7850000000
1653.8070000000
1653.8300000000
1653.8520000000
1653.8740000000
1653.8960000000
1653.9190000000
1653.9410000000
1653.9630000000
1653.9860000000
1654.0070000000
1654.0290000000
1654.0520000000
1654.0740000000
1654.0960000000
1654.1070000000
1654.1290000000
1654.1520000000
1654.1740000000
1654.1960000000
1654.2190000000
1654.2410000000
1654.2630000000
1654.2860000000
1654.3070000000
1654.3290000000
1654.3520000000
1654.3740000000
1654.3960000000
1654.4190000000
1654.4400000000
1654.4620000000
1654.4850000000
1654.5070000000
1654.5290000000
1654.5520000000
1654.5730000000
1654.5960000000
1654.6190000000
1654.6400000000
1654.6620000000
1654.6850000000
1654.7070000000
1654.7290000000
1654.7520000000
1654.7730000000
1654.7950000000
1654.8190000000
1654.8410000000
1654.8620000000
1654.8850000000
1654.9060000000
1654.9290000000
1654.9520000000
1654.9730000000
1654.9960000000
1655.0180000000
1655.0400000000
1655.0620000000
1655.0850000000
1655.1060000000
1655.1180000000
1655.1400000000
1655.1620000000
1655.1850000000
1655.2060000000
1655.2290000000
1655.2520000000
1655.2730000000
1655.2950000000
1655.3180000000
1655.3400000000
1655.3620000000
1655.3840000000
1655.4070000000
1655.4290000000
1655.4510000000
1655.4730000000
1655.4950000000
1655.5180000000
1655.5400000000
1655.5620000000
1655.5840000000
1655.6070000000
1655.6290000000
1655.6510000000
1655.6730000000
1655.6960000000
1655.7180000000
1655.7400000000
1655.7620000000
1655.7840000000
1655.8060000000
1655.8280000000
1655.8510000000
1655.8730000000
1655.8950000000
1655.9180000000
1655.9400000000
1655.9620000000
1655.9850000000
1656.0060000000
1656.0280000000
1656.0510000000
1656.0730000000
1656.0950000000
1656.1060000000
1656.1280000000
1656.1510000000
1656.1730000000
1656.1950000000
1656.2170000000
1656.2400000000
1656.2620000000
1656.2850000000
1656.3060000000
1656.3280000000
1656.3500000000
1656.3730000000
1656.3950000000
1656.4180000000
1656.4390000000
1656.4620000000
1656.4840000000
1656.5060000000
1656.5280000000
1656.5500000000
1656.5730000000
1656.5950000000
1656.6180000000
1656.6390000000
1656.6610000000
1656.6840000000
1656.7060000000
1656.7280000000
1656.7500000000
1656.7720000000
1656.7950000000
1656.8170000000
1656.8390000000
1656.8610000000
1656.8840000000
1656.9060000000
1656.9280000000
1656.9510000000
1656.9720000000
1656.9950000000
1657.0170000000
1657.0390000000
1657.0620000000
1657.0830000000
1657.1050000000
1657.1170000000
1657.1390000000
1657.1610000000
1657.1830000000
1657.2060000000
1657.2280000000
1657.2500000000
1657.2720000000
1657.2950000000
1657.3170000000
1657.3390000000
1657.3620000000
1657.3830000000
1657.4050000000
1657.4280000000
1657.4500000000
1657.4720000000
1657.4950000000
1657.5170000000
1657.5390000000
1657.5610000000
1657.5830000000
1657.6050000000
1657.6280000000
1657.6500000000
1657.6720000000
1657.6940000000
1657.7160000000
