(0.0201783600, 0.5796292000, 0.8146229000)
(0.0232472000, 0.5800328000, 0.8142568000)
(0.0237820200, 0.5806443000, 0.8137966000)
(0.0262640200, 0.5806197000, 0.8137459000)
(0.0269214900, 0.5809196000, 0.8135003000)
(0.0238729900, 0.5842807000, 0.8111824000)
(0.0107976900, 0.5802603000, 0.8143402000)
(0.0093179760, 0.5797842000, 0.8147157000)
(0.0211462800, 0.5828704000, 0.8122758000)
(0.0274517500, 0.5836818000, 0.8115118000)
(0.0268244000, 0.5849919000, 0.8105832000)
(0.0269627000, 0.5871984000, 0.8089780000)
(0.0275359000, 0.5878522000, 0.8084838000)
(0.0269526100, 0.5883611000, 0.8081447000)
(0.0043639920, 0.5884124000, 0.8085406000)
(0.0039880910, 0.5903791000, 0.8070973000)
(0.0043745140, 0.5894054000, 0.8078161000)
(0.0177423100, 0.5944760000, 0.8038999000)
(0.0117871800, 0.5962982000, 0.8026636000)
(0.0243811300, 0.5979437000, 0.8011605000)
(0.0348472200, 0.5894627000, 0.8070299000)
(0.0354944600, 0.5894182000, 0.8070433000)
(0.0349471300, 0.5903327000, 0.8063977000)
(0.0296418000, 0.5961938000, 0.8022733000)
(0.0308412800, 0.5959266000, 0.8024353000)
(0.0298721200, 0.5975781000, 0.8012492000)
(0.0288061200, 0.5985502000, 0.8005511000)
(0.0298846300, 0.5990149000, 0.8001689000)
(0.0101302600, 0.6219401000, 0.7829874000)
(0.0014062920, 0.6224554000, 0.7826350000)
(0.0020638850, 0.6207427000, 0.7840009000)
(0.0172586400, 0.6148330000, 0.7884623000)
(0.0157790600, 0.6150560000, 0.7883103000)
(0.0154931200, 0.6155346000, 0.7879460000)
(0.0209486200, 0.6167961000, 0.7868311000)
(0.0237331100, 0.6145970000, 0.7884759000)
(0.0237873400, 0.6143590000, 0.7886542000)
(0.0257496700, 0.6150429000, 0.7880643000)
(0.0246690500, 0.6133413000, 0.7894136000)
(0.0201013800, 0.6304374000, 0.7759652000)
(0.0225949100, 0.6301813000, 0.7761154000)
(0.0207144700, 0.6319847000, 0.7746878000)
(0.0147246100, 0.6329793000, 0.7740089000)
(0.0106976700, 0.6335212000, 0.7736477000)
(0.0110741100, 0.6334720000, 0.7736793000)
(0.0162850300, 0.6325994000, 0.7742922000)
(0.0171430200, 0.6315797000, 0.7751200000)
(0.0178336300, 0.6314005000, 0.7752495000)
(0.0180067000, 0.6321878000, 0.7746029000)
(0.0160698500, 0.6316279000, 0.7751032000)
(0.0150934200, 0.6313133000, 0.7753718000)
(0.0162020600, 0.6307187000, 0.7758294000)
(0.0151900100, 0.6305965000, 0.7759542000)
(0.0139719800, 0.6309955000, 0.7756541000)
(0.0148442500, 0.6314945000, 0.7752203000)
(0.0153142000, 0.6321951000, 0.7746519000)
(0.0150597100, 0.6325163000, 0.7744001000)
(0.0168673400, 0.6333016000, 0.7737204000)
(0.0169112400, 0.6332976000, 0.7737164000)
(0.0159357900, 0.6321657000, 0.7746672000)
(0.0177255500, 0.6321005000, 0.7746770000)
(0.0166814900, 0.6320517000, 0.7747292000)
(0.0150118000, 0.6324869000, 0.7744219000)
(0.0137200800, 0.6327711000, 0.7742093000)
(0.0260849700, 0.6347671000, 0.7722514000)
(0.0237532900, 0.6358724000, 0.7714262000)
(0.0230487100, 0.6356956000, 0.7715805000)
(0.0092035970, 0.6428378000, 0.7659339000)
(0.0102003200, 0.6421893000, 0.7664666000)
(0.0097227520, 0.6425101000, 0.7661998000)
(0.0095548410, 0.6422764000, 0.7664062000)
(0.0055335220, 0.6393593000, 0.7688683000)
(0.0013040740, 0.6450781000, 0.7640978000)
(0.0039606970, 0.6426490000, 0.7661380000)
(0.0071930680, 0.6414523000, 0.7671173000)
(0.0087958040, 0.6409941000, 0.7674920000)
(0.0093969110, 0.6400554000, 0.7682664000)
(0.0107879500, 0.6387137000, 0.7693496000)
(0.0132064800, 0.6377324000, 0.7701315000)
(0.0124048700, 0.6380323000, 0.7698964000)
(0.0121603700, 0.6390634000, 0.7690453000)
(0.0117161500, 0.6395959000, 0.7686051000)
(-0.0053480980, 0.6622829000, 0.7492321000)
(-0.0121189200, 0.6618345000, 0.7495510000)
(-0.0136452300, 0.6615819000, 0.7497417000)
(-0.0141763700, 0.6616299000, 0.7496940000)
(0.0146105100, 0.6508818000, 0.7590337000)
(0.0168545200, 0.6509740000, 0.7589099000)
(0.0161440400, 0.6517907000, 0.7582129000)
(0.0159413800, 0.6527012000, 0.7574421000)
(0.0165142900, 0.6541156000, 0.7562033000)
(0.0157197400, 0.6545236000, 0.7558743000)
(0.0154856500, 0.6551196000, 0.7553633000)
(0.0159713600, 0.6552585000, 0.7552190000)
(0.0161199800, 0.6553751000, 0.7551202000)
(0.0157036100, 0.6559644000, 0.7546273000)
(0.0141586300, 0.6558731000, 0.7547369000)
(0.0162542300, 0.6558379000, 0.7547256000)
(0.0161167800, 0.6556855000, 0.7548418000)
(0.0178715900, 0.6558894000, 0.7546275000)
(0.0193012000, 0.6560643000, 0.7544519000)
(0.0183858300, 0.6556789000, 0.7548103000)
(0.0179084200, 0.6562426000, 0.7543203000)
(0.0168110400, 0.6560259000, 0.7545432000)
(0.0120509700, 0.6595019000, 0.7515877000)
(0.0110330800, 0.6600482000, 0.7511269000)
(0.0130564900, 0.6601456000, 0.7510181000)
(0.0164175900, 0.6558279000, 0.7547138000)
(0.0124384100, 0.6597167000, 0.7513984000)
(0.0259747400, 0.6608185000, 0.7500827000)
(0.0314927500, 0.6488013000, 0.7602893000)
(0.0289526100, 0.6538997000, 0.7560152000)
(0.0266792700, 0.6529771000, 0.7568966000)
(0.0163623300, 0.6619554000, 0.7493477000)
(0.0167471500, 0.6623890000, 0.7489628000)
(0.0166005800, 0.6628942000, 0.7485090000)
(0.0199132200, 0.6628085000, 0.7485146000)
(0.0243607500, 0.6602289000, 0.7506540000)
(0.0253638300, 0.6613255000, 0.7496611000)
(0.0231656000, 0.6627271000, 0.7484928000)
(0.0201719400, 0.6641284000, 0.7473377000)
(0.0197443600, 0.6633577000, 0.7480399000)
(0.0172144100, 0.6633760000, 0.7480857000)
(0.0130641200, 0.6663217000, 0.7455426000)
(0.0116247800, 0.6661963000, 0.7456673000)
(0.0170978300, 0.6627108000, 0.7486790000)
(0.0155483000, 0.6640618000, 0.7475031000)
(0.0126699700, 0.6655727000, 0.7462251000)
(0.0117462000, 0.6662164000, 0.7456648000)
(0.0130188800, 0.6655604000, 0.7462187000)
(0.0175083200, 0.6639746000, 0.7475328000)
(0.0181401000, 0.6633686000, 0.7480620000)
(0.0177867900, 0.6635644000, 0.7479001000)
(0.0172653300, 0.6649304000, 0.7466964000)
(0.0160525600, 0.6653219000, 0.7463753000)
(0.0165997100, 0.6641767000, 0.7473881000)
(0.0174348800, 0.6624665000, 0.7488751000)
(0.0136892200, 0.6649790000, 0.7467231000)
(0.0145819900, 0.6650543000, 0.7466500000)
(0.0201240100, 0.6598370000, 0.7511282000)
(0.0212698200, 0.6585753000, 0.7521999000)
(0.0171845200, 0.6577636000, 0.7530093000)
(0.0155070600, 0.6594524000, 0.7515762000)
(0.0130543400, 0.6629747000, 0.7485074000)
(0.0119329800, 0.6646481000, 0.7470446000)
(0.0135879800, 0.6622948000, 0.7491012000)
(0.0168544600, 0.6614191000, 0.7498270000)
(0.0190995100, 0.6627098000, 0.7486123000)
(0.0009907784, 0.6686267000, 0.7435856000)
(0.0034621810, 0.6666144000, 0.7453804000)
(0.0104967700, 0.6630672000, 0.7484856000)
(0.0070749720, 0.6643718000, 0.7473546000)
(0.0261542400, 0.6541306000, 0.7559235000)
(0.0284926300, 0.6511602000, 0.7583863000)
(0.0331641000, 0.6512976000, 0.7580792000)
(0.0323478000, 0.6522234000, 0.7573267000)
(0.0185302900, 0.6580894000, 0.7527083000)
(0.0161162500, 0.6571902000, 0.7535402000)
(0.0161935700, 0.6567149000, 0.7539583000)
(0.0162550000, 0.6579658000, 0.7528670000)
(0.0158289600, 0.6580855000, 0.7527628000)
(0.0146270600, 0.6581810000, 0.7527028000)
(0.0150579000, 0.6580463000, 0.7528073000)
(0.0150873400, 0.6578757000, 0.7529601000)
(0.0148642600, 0.6577876000, 0.7530547000)
(0.0137425300, 0.6585301000, 0.7524227000)
(0.0085546560, 0.6611047000, 0.7502413000)
(0.0090041840, 0.6602377000, 0.7510012000)
(0.0131684700, 0.6586381000, 0.7523429000)
(0.0149142700, 0.6569152000, 0.7538107000)
(0.0136379900, 0.6582735000, 0.7526500000)
(0.0127094900, 0.6581386000, 0.7527846000)
(0.0100598200, 0.6604529000, 0.7507973000)
(0.0141938800, 0.6595387000, 0.7515327000)
(0.0172161400, 0.6568567000, 0.7538001000)
(0.0326640200, 0.6489159000, 0.7601461000)
(0.0326349700, 0.6489253000, 0.7601404000)
(0.0319500100, 0.6485857000, 0.7604632000)
(0.0297622300, 0.6496111000, 0.7596662000)
(0.0303781600, 0.6478664000, 0.7611423000)
(0.0317350600, 0.6485609000, 0.7604940000)
(0.0316143800, 0.6485309000, 0.7605211000)
(0.0318813900, 0.6479215000, 0.7610316000)
(0.0322238600, 0.6490863000, 0.7600121000)
(0.0315964300, 0.6497866000, 0.7594586000)
(0.0178981600, 0.6582908000, 0.7525458000)
(0.0172846200, 0.6555650000, 0.7549405000)
(0.0142854800, 0.6563107000, 0.7543503000)
(0.0124943400, 0.6566449000, 0.7540957000)
(0.0303599900, 0.6436486000, 0.7647066000)
(0.0316000600, 0.6430740000, 0.7651481000)
(0.0297584900, 0.6433823000, 0.7649546000)
(0.0271798400, 0.6450884000, 0.7636122000)
(0.0274441400, 0.6432174000, 0.7651891000)
(0.0273242500, 0.6441563000, 0.7643951000)
(0.0145251900, 0.6552536000, 0.7552519000)
(0.0135690000, 0.6561212000, 0.7545279000)
(0.0129061000, 0.6560156000, 0.7546192000)
(0.0136596000, 0.6567812000, 0.7539400000)
(0.0147949700, 0.6553545000, 0.7551613000)
(0.0298981100, 0.6439806000, 0.7644423000)
(0.0303249100, 0.6439809000, 0.7644345000)
(0.0300872800, 0.6435910000, 0.7647645000)
(0.0146986800, 0.6518336000, 0.7581995000)
(0.0141959300, 0.6526873000, 0.7574934000)
(0.0134928400, 0.6535859000, 0.7567309000)
(0.0291633400, 0.6479129000, 0.7611421000)
(0.0316672600, 0.6475003000, 0.7614023000)
(0.0317142100, 0.6474056000, 0.7614660000)
(0.0308760600, 0.6487103000, 0.7603909000)
(0.0326783300, 0.6471136000, 0.7616736000)
(0.0318318200, 0.6466048000, 0.7621583000)
(0.0321820800, 0.6466827000, 0.7620592000)
(0.0162600600, 0.6542538000, 0.7560827000)
(0.0171507300, 0.6543184000, 0.7560049000)
(0.0181054000, 0.6537157000, 0.7565119000)
(0.0182362800, 0.6542245000, 0.7560626000)
(0.0163524100, 0.6558087000, 0.7547369000)
(0.0067641930, 0.6617038000, 0.7497334000)
(-0.0027251860, 0.6648220000, 0.7469878000)
(0.0283984200, 0.6536531000, 0.7562489000)
(0.0324429300, 0.6514236000, 0.7580074000)
(0.0326499500, 0.6510728000, 0.7583053000)
(0.0318669100, 0.6509829000, 0.7584027000)
(0.0142222900, 0.6606751000, 0.7505368000)
(0.0333978900, 0.6499382000, 0.7592390000)
(0.0302703900, 0.6522251000, 0.7574192000)
(0.0168277100, 0.6496011000, 0.7600746000)
(-0.0115082400, 0.6676859000, 0.7443344000)
(-0.0080701310, 0.6661722000, 0.7457357000)
(0.0050283840, 0.6645995000, 0.7471722000)
(0.0080949880, 0.6617927000, 0.7496227000)
(0.0122157700, 0.6599519000, 0.7512026000)
(0.0200756100, 0.6557788000, 0.7546856000)
(-0.0097275270, 0.6647692000, 0.7469731000)
(-0.0146340900, 0.6672475000, 0.7446785000)
(-0.0131133800, 0.6673476000, 0.7446218000)
(0.0066173380, 0.6613994000, 0.7500015000)
(0.0134208900, 0.6586649000, 0.7523098000)
(-0.0044151710, 0.6668989000, 0.7451193000)
(-0.0115345300, 0.6698232000, 0.7424306000)
(-0.0140748700, 0.6699911000, 0.7422343000)
(-0.0054198750, 0.6668956000, 0.7451140000)
(0.0163788400, 0.6581892000, 0.7526639000)
(0.0145639600, 0.6599651000, 0.7511411000)
(0.0141055800, 0.6586660000, 0.7522955000)
(0.0109281200, 0.6606936000, 0.7505625000)
(-0.0085910320, 0.6695389000, 0.7427083000)
(-0.0083985580, 0.6692540000, 0.7429842000)
(0.0042412910, 0.6635568000, 0.7481133000)
(0.0173495900, 0.6590929000, 0.7518576000)
(0.0171731700, 0.6577070000, 0.7530580000)
(0.0147287700, 0.6575238000, 0.7532803000)
(0.0135917300, 0.6579690000, 0.7529139000)
(0.0139432600, 0.6569700000, 0.7537734000)
(0.0166348000, 0.6553658000, 0.7551218000)
(0.0155696600, 0.6546032000, 0.7557932000)
(0.0143150700, 0.6569172000, 0.7538221000)
(0.0100983400, 0.6573315000, 0.7535146000)
(0.0066798720, 0.6601105000, 0.7511322000)
(0.0056235580, 0.6620331000, 0.7494467000)
(0.0039486580, 0.6627494000, 0.7488117000)
(-0.0023987340, 0.6638383000, 0.7478681000)
(0.0102196400, 0.6598824000, 0.7512831000)
(0.0127598800, 0.6585782000, 0.7523891000)
(0.0117195000, 0.6592680000, 0.7518027000)
(0.0106105600, 0.6595591000, 0.7515575000)
(0.0109734900, 0.6602689000, 0.7509283000)
(0.0143623700, 0.6592799000, 0.7517569000)
(0.0125668600, 0.6592159000, 0.7518410000)
(0.0126074400, 0.6591904000, 0.7518605000)
(0.0037227770, 0.6619977000, 0.7494817000)
(-0.0090882220, 0.6650179000, 0.7467559000)
(-0.0100522500, 0.6697907000, 0.7424698000)
(0.0008360531, 0.6649843000, 0.7468542000)
(0.0121382300, 0.6586840000, 0.7523165000)
(-0.0098530000, 0.6721476000, 0.7403491000)
(-0.0101172900, 0.6713664000, 0.7410406000)
(-0.0102811000, 0.6706684000, 0.7416816000)
(0.0132673100, 0.6605072000, 0.7506960000)
(0.0152950700, 0.6609824000, 0.7502269000)
(0.0128999300, 0.6611410000, 0.7501496000)
(0.0153177100, 0.6606200000, 0.7505479000)
(0.0180186900, 0.6595447000, 0.7514334000)
(0.0176290500, 0.6592658000, 0.7517018000)
(0.0175690900, 0.6596143000, 0.7513883000)
(0.0184682400, 0.6596610000, 0.7513356000)
(0.0196140700, 0.6592253000, 0.7516720000)
(-0.0125463700, 0.6731703000, 0.7393687000)
(-0.0128779200, 0.6732966000, 0.7392529000)
(-0.0126315900, 0.6724533000, 0.7400280000)
(-0.0126911400, 0.6721689000, 0.7402835000)
(0.0146581000, 0.6605435000, 0.7506295000)
(0.0161094700, 0.6605160000, 0.7506310000)
(0.0154743000, 0.6604303000, 0.7507215000)
(0.0142748500, 0.6587104000, 0.7522417000)
(0.0137142400, 0.6604635000, 0.7507135000)
(0.0126173800, 0.6604438000, 0.7507599000)
(0.0139526000, 0.6607572000, 0.7504548000)
(0.0143230300, 0.6595719000, 0.7514972000)
(0.0132943000, 0.6608436000, 0.7503922000)
(0.0127639500, 0.6618209000, 0.7495359000)
(0.0126364000, 0.6609581000, 0.7503092000)
(0.0115648900, 0.6612588000, 0.7500484000)
(0.0101866800, 0.6617863000, 0.7496099000)
(0.0127126200, 0.6612059000, 0.7500866000)
(0.0168400500, 0.6578628000, 0.7529409000)
(0.0299592000, 0.6524910000, 0.7571957000)
(0.0291838900, 0.6534512000, 0.7563951000)
(0.0289128500, 0.6540983000, 0.7558377000)
(0.0304246100, 0.6544724000, 0.7554588000)
(0.0304245300, 0.6540199000, 0.7558615000)
(0.0299314400, 0.6536771000, 0.7561777000)
(0.0147724300, 0.6603190000, 0.7508346000)
(0.0146986000, 0.6606687000, 0.7505270000)
(0.0150760400, 0.6597674000, 0.7513143000)
(0.0155879100, 0.6583787000, 0.7525134000)
(0.0140178200, 0.6563109000, 0.7543447000)
(0.0147536100, 0.6568229000, 0.7538937000)
(0.0151492400, 0.6561285000, 0.7544816000)
(0.0160494700, 0.6548924000, 0.7555451000)
(0.0142182000, 0.6561672000, 0.7544718000)
(0.0119439000, 0.6570722000, 0.7537286000)
(0.0108698400, 0.6580948000, 0.7528460000)
(0.0091455200, 0.6594883000, 0.7516518000)
(0.0096363250, 0.6609128000, 0.7503855000)
(0.0112086000, 0.6622146000, 0.7492190000)
(0.0273732600, 0.6546693000, 0.7554185000)
(0.0274324100, 0.6574766000, 0.7529591000)
(0.0267893900, 0.6579211000, 0.7525957000)
(0.0216135700, 0.6582381000, 0.7524916000)
(0.0083143090, 0.6614403000, 0.7499422000)
(0.0070711300, 0.6605891000, 0.7507119000)
(0.0082377020, 0.6585150000, 0.7525101000)
(0.0067648090, 0.6586435000, 0.7524227000)
(0.0072399970, 0.6581683000, 0.7528292000)
(0.0093102370, 0.6577879000, 0.7531323000)
(0.0114002000, 0.6580527000, 0.7528696000)
(0.0114212900, 0.6595995000, 0.7515267000)
(0.0160541400, 0.6605931000, 0.7505610000)
(0.0190829300, 0.6597635000, 0.7512295000)
(0.0103821400, 0.6600173000, 0.7511708000)
(0.0091636830, 0.6610161000, 0.7503052000)
(0.0069701350, 0.6611487000, 0.7502135000)
(0.0065343720, 0.6609949000, 0.7503456000)
(0.0106191200, 0.6601881000, 0.7510206000)
(0.0124953800, 0.6603466000, 0.7508557000)
(0.0117104000, 0.6610376000, 0.7502502000)
(0.0106514000, 0.6615663000, 0.7498100000)
(0.0108577600, 0.6619353000, 0.7494816000)
(0.0109597200, 0.6621308000, 0.7493056000)
(0.0102609300, 0.6625610000, 0.7489256000)
(0.0112231900, 0.6619177000, 0.7494811000)
(0.0118057500, 0.6616141000, 0.7497401000)
(0.0109467700, 0.6614836000, 0.7498664000)
(0.0111385500, 0.6606522000, 0.7505912000)
(0.0124801400, 0.6604354000, 0.7507785000)
(0.0124616500, 0.6611815000, 0.7501124000)
(0.0127794800, 0.6614579000, 0.7498674000)
(0.0278984600, 0.6533381000, 0.7565320000)
(0.0280242100, 0.6532248000, 0.7566365000)
(0.0279147100, 0.6533157000, 0.7565543000)
(0.0268223700, 0.6527896000, 0.7570546000)
(0.0254931300, 0.6529654000, 0.7569443000)
(0.0224009200, 0.6493181000, 0.7601795000)
(-0.0020804490, 0.6623836000, 0.7491503000)
(-0.0021428230, 0.6613535000, 0.7500697000)
(0.0096569470, 0.6614646000, 0.7498944000)
(0.0141650100, 0.6601269000, 0.7510002000)
(0.0127622700, 0.6587437000, 0.7522424000)
(0.0137385400, 0.6594839000, 0.7515762000)
(0.0159748600, 0.6592818000, 0.7517155000)
(0.0143999800, 0.6612374000, 0.7500359000)
(0.0148351300, 0.6616198000, 0.7496738000)
(0.0151418100, 0.6613660000, 0.7499048000)
(0.0167027800, 0.6616963000, 0.7495856000)
(0.0149526600, 0.6607139000, 0.7504849000)
(0.0083168620, 0.6619811000, 0.7494615000)
(0.0047964990, 0.6629235000, 0.7486663000)
(0.0054887880, 0.6630176000, 0.7485688000)
(0.0080970290, 0.6614491000, 0.7499322000)
(0.0105935100, 0.6610978000, 0.7502215000)
(0.0105521700, 0.6605876000, 0.7506614000)
(0.0100362200, 0.6620768000, 0.7493665000)
(0.0101899900, 0.6616597000, 0.7497180000)
(0.0108583700, 0.6627699000, 0.7487319000)
(0.0112548900, 0.6647491000, 0.7469718000)
(0.0106460300, 0.6652114000, 0.7465737000)
(0.0101726900, 0.6656910000, 0.7461399000)
(0.0102088200, 0.6654838000, 0.7463266000)
(0.0105140800, 0.6653226000, 0.7464737000)
(0.0096805200, 0.6645289000, 0.7471969000)
(0.0103473700, 0.6633722000, 0.7482129000)
(0.0124542800, 0.6634929000, 0.7480650000)
(0.0125525800, 0.6622594000, 0.7491661000)
(0.0121687100, 0.6615019000, 0.7498377000)
(0.0123725400, 0.6607741000, 0.7504684000)
(0.0102195000, 0.6617315000, 0.7496558000)
(0.0432187200, 0.6620347000, 0.7482097000)
(0.0362362500, 0.6574390000, 0.7526168000)
(0.0370771700, 0.6585815000, 0.7515924000)
(0.0383442900, 0.6566676000, 0.7531890000)
(0.0190633200, 0.6677937000, 0.7441006000)
(0.0140506100, 0.6700274000, 0.7421857000)
(0.0161954300, 0.6703053000, 0.7418950000)
(0.0225946500, 0.6655102000, 0.7460286000)
(0.0226255400, 0.6647524000, 0.7467086000)
(0.0219264400, 0.6651744000, 0.7463462000)
(0.0204669100, 0.6649038000, 0.7466288000)
(0.0174559200, 0.6669751000, 0.7448653000)
(0.0169284500, 0.6674408000, 0.7444625000)
(0.0193179200, 0.6675815000, 0.7442793000)
(0.0184069700, 0.6662034000, 0.7455391000)
(0.0175286000, 0.6676340000, 0.7442780000)
(0.0180485700, 0.6668633000, 0.7449431000)
(-0.0143427100, 0.6796526000, 0.7333928000)
(-0.0155159000, 0.6809950000, 0.7321082000)
(-0.0063860960, 0.6774064000, 0.7355807000)
(0.0219829400, 0.6648274000, 0.7466645000)
(0.0128800900, 0.6683249000, 0.7437393000)
(0.0120588800, 0.6691970000, 0.7429745000)
(0.0177096500, 0.6662150000, 0.7455426000)
(0.0104745500, 0.6703565000, 0.7419463000)
(0.0349968200, 0.6371845000, 0.7699095000)
(0.0000000000, 0.0000000000, 0.0000000000)
(0.0000000000, 0.0000000000, 0.0000000000)
(0.0000000000, 0.0000000000, 0.0000000000)
(0.0000000000, 0.0000000000, 0.0000000000)
(0.0000000000, 0.0000000000, 0.0000000000)
(0.0000000000, 0.0000000000, 0.0000000000)
(0.0377788100, 0.6647345000, 0.7461144000)
(0.0356805100, 0.6551895000, 0.7546098000)
(0.0383150500, 0.6595809000, 0.7506534000)
(0.0330937500, 0.6520082000, 0.7574701000)
(-0.0186783500, 0.6859220000, 0.7274146000)
(-0.0195668700, 0.6855310000, 0.7277663000)
(-0.0209676400, 0.6871940000, 0.7261614000)
(-0.0177782800, 0.6842051000, 0.7290602000)
(-0.0031596630, 0.6768932000, 0.7360706000)
(0.0142204500, 0.6673471000, 0.7446098000)
(0.0165752600, 0.6674188000, 0.7444825000)
(-0.0029031620, 0.6767330000, 0.7362165000)
(-0.0080970090, 0.6794595000, 0.7336580000)
(-0.0017236040, 0.6768455000, 0.7361099000)
(0.0128110300, 0.6690959000, 0.7430545000)
(0.0107483200, 0.6697864000, 0.7424614000)
(0.0147461500, 0.6675592000, 0.7444059000)
(0.0171858400, 0.6653242000, 0.7463553000)
(0.0164682400, 0.6680007000, 0.7439650000)
(0.0074815900, 0.6731561000, 0.7394471000)
(-0.0155917600, 0.6837117000, 0.7295663000)
(-0.0137579000, 0.6826409000, 0.7306187000)
(-0.0066298080, 0.6783771000, 0.7346768000)
(0.0032639670, 0.6727148000, 0.7398784000)
(0.0137040900, 0.6663805000, 0.7454833000)
(0.0142031100, 0.6658099000, 0.7459822000)
(0.0145079200, 0.6663925000, 0.7454405000)
(0.0171545000, 0.6654317000, 0.7462413000)
(0.0189063000, 0.6638783000, 0.7475818000)
(0.0207301800, 0.6636395000, 0.7477496000)
(0.0193174100, 0.6641309000, 0.7473611000)
(0.0182263500, 0.6637632000, 0.7477197000)
(0.0190643900, 0.6625952000, 0.7487329000)
(0.0183750300, 0.6631032000, 0.7482898000)
(0.0176899300, 0.6643621000, 0.7472008000)
(0.0173845800, 0.6647677000, 0.7468359000)
(0.0166862700, 0.6650007000, 0.7466367000)
(0.0178330100, 0.6650572000, 0.7465631000)
(0.0179788700, 0.6652684000, 0.7463737000)
(0.0174689800, 0.6650119000, 0.7466173000)
(0.0182307900, 0.6647286000, 0.7468556000)
(0.0190321400, 0.6648266000, 0.7467378000)
(0.0188504200, 0.6648471000, 0.7467214000)
(0.0211214600, 0.6636878000, 0.7477098000)
(0.0199558200, 0.6629122000, 0.7484111000)
(0.0168331200, 0.6644719000, 0.7471125000)
(0.0127820900, 0.6659353000, 0.7458925000)
(0.0146059900, 0.6651430000, 0.7465721000)
(0.0153508200, 0.6650824000, 0.7465957000)
(0.0155365400, 0.6652990000, 0.7463991000)
(0.0145611000, 0.6659579000, 0.7458268000)
(0.0131855200, 0.6659319000, 0.7458824000)
(0.0146364900, 0.6648224000, 0.7468439000)
(0.0133619200, 0.6648850000, 0.7468172000)
(0.0116333900, 0.6661311000, 0.7457314000)
(0.0103514100, 0.6656070000, 0.7462240000)
(0.0124491800, 0.6659477000, 0.7458764000)
(0.0103712300, 0.6696140000, 0.7426251000)
(0.0016134870, 0.6750026000, 0.7377976000)
(0.0096387900, 0.6716510000, 0.7407997000)
(0.0104377600, 0.6684705000, 0.7436501000)
(0.0094583160, 0.6677835000, 0.7442941000)
(0.0066279780, 0.6689770000, 0.7432395000)
(0.0063726770, 0.6692887000, 0.7429589000)
(0.0066610430, 0.6692860000, 0.7429667000)
(-0.0148560100, 0.6785395000, 0.7344130000)
(-0.0145576300, 0.6791752000, 0.7338255000)
(-0.0142959500, 0.6778416000, 0.7350565000)
(-0.0141071900, 0.6785495000, 0.7344069000)
(0.0147351500, 0.6658424000, 0.7459300000)
(0.0149958100, 0.6658784000, 0.7459056000)
(0.0155659500, 0.6654739000, 0.7462449000)
(0.0170589400, 0.6649784000, 0.7466637000)
(0.0167720800, 0.6653645000, 0.7463180000)
(0.0005982762, 0.6706089000, 0.7417935000)
(-0.0097137700, 0.6753958000, 0.7373856000)
(-0.0097134440, 0.6772853000, 0.7356389000)
(-0.0095984210, 0.6774590000, 0.7354835000)
(-0.0077932220, 0.6766735000, 0.7362421000)
(-0.0042551290, 0.6750754000, 0.7377203000)
(0.0047954800, 0.6714875000, 0.7409867000)
(0.0155518200, 0.6650487000, 0.7466331000)
(0.0168304500, 0.6646554000, 0.7469511000)
(0.0159846500, 0.6646072000, 0.7470106000)
(0.0133538300, 0.6660742000, 0.7457576000)
(0.0100625600, 0.6672622000, 0.7447460000)
(0.0103111300, 0.6664969000, 0.7454306000)
(0.0130259600, 0.6649727000, 0.7467515000)
(0.0120147400, 0.6653414000, 0.7464405000)
(0.0131040800, 0.6642745000, 0.7473575000)
(-0.0157351500, 0.6756573000, 0.7370317000)
(-0.0183785300, 0.6758260000, 0.7368117000)
(-0.0183783200, 0.6756582000, 0.7369651000)
(-0.0163749200, 0.6740115000, 0.7385187000)
(0.0142248000, 0.6663349000, 0.7455125000)
(0.0318839800, 0.6605556000, 0.7500973000)
(0.0317861800, 0.6636679000, 0.7473430000)
(0.0312326800, 0.6629406000, 0.7480028000)
(0.0310699200, 0.6618317000, 0.7489897000)
(0.0117897700, 0.6682086000, 0.7438753000)
(0.0105894900, 0.6682365000, 0.7438614000)
(0.0104823200, 0.6684026000, 0.7437091000)
(0.0105174900, 0.6677493000, 0.7442917000)
(0.0148648700, 0.6650521000, 0.7466388000)
(0.0175567500, 0.6641766000, 0.7473623000)
(0.0168211500, 0.6635634000, 0.7479234000)
(0.0162067200, 0.6643748000, 0.7472132000)
(0.0177048400, 0.6635605000, 0.7478951000)
(0.0179450700, 0.6645712000, 0.7469981000)
(0.0152083700, 0.6660852000, 0.7457042000)
(0.0147078000, 0.6666665000, 0.7452025000)
(0.0153678400, 0.6658220000, 0.7459429000)
(0.0160784600, 0.6645319000, 0.7470791000)
(0.0165589400, 0.6651644000, 0.7465003000)
(0.0160408900, 0.6648344000, 0.7468061000)
(0.0167416900, 0.6639315000, 0.7476017000)
(0.0186670400, 0.6639441000, 0.7475472000)
(0.0181580600, 0.6648288000, 0.7467738000)
(0.0168605900, 0.6657312000, 0.7459814000)
(0.0173164400, 0.6663632000, 0.7454181000)
(0.0182844600, 0.6654399000, 0.7462249000)
(0.0171586500, 0.6664438000, 0.7453388000)
(0.0167413900, 0.6667305000, 0.7451002000)
(0.0156082500, 0.6669570000, 0.7449257000)
(0.0143646500, 0.6680108000, 0.7440006000)
(0.0151143400, 0.6663718000, 0.7454642000)
(0.0194586700, 0.6649512000, 0.7466291000)
(0.0209749600, 0.6642993000, 0.7471649000)
(0.0220168500, 0.6638107000, 0.7475665000)
(0.0216231200, 0.6651555000, 0.7463861000)
(0.0180885400, 0.6671648000, 0.7446849000)
(0.0109605100, 0.6696515000, 0.7425834000)
(0.0146499700, 0.6680698000, 0.7439461000)
(0.0164710000, 0.6680590000, 0.7439132000)
(0.0163678700, 0.6684679000, 0.7435484000)
(0.0151390000, 0.6689827000, 0.7431126000)
(0.0133217100, 0.6698338000, 0.7423789000)
(0.0139218100, 0.6693610000, 0.7428028000)
(0.0165032100, 0.6686503000, 0.7433838000)
(0.0163720900, 0.6680768000, 0.7439107000)
(0.0141127200, 0.6682479000, 0.7437977000)
(0.0131064700, 0.6692216000, 0.7429409000)
(0.0146819700, 0.6680807000, 0.7439338000)
(0.0156277200, 0.6677709000, 0.7441978000)
(0.0163546600, 0.6662242000, 0.7455600000)
(0.0158215600, 0.6663865000, 0.7454351000)
(0.0146497000, 0.6668313000, 0.7450447000)
(0.0152210100, 0.6659091000, 0.7458742000)
(0.0153358100, 0.6653160000, 0.7463844000)
(0.0180400400, 0.6662571000, 0.7454914000)
(0.0164542400, 0.6653685000, 0.7463301000)
(0.0159744800, 0.6653045000, 0.7463995000)
(0.0159620400, 0.6657657000, 0.7459704000)
(0.0180118500, 0.6654652000, 0.7461973000)
(0.0181541200, 0.6652429000, 0.7463908000)
(0.0171306600, 0.6646824000, 0.7469288000)
(0.0155975300, 0.6671456000, 0.7447528000)
(0.0109187700, 0.6688743000, 0.7432943000)
(0.0127789100, 0.6682834000, 0.7437951000)
(0.0173430900, 0.6652882000, 0.7463686000)
(0.0160966200, 0.6659372000, 0.7458138000)
(0.0077147620, 0.6693487000, 0.7429001000)
(0.0025000350, 0.6712800000, 0.7411938000)
(0.0057478780, 0.6686280000, 0.7435674000)
(0.0133780600, 0.6649088000, 0.7467946000)
(0.0160335500, 0.6637473000, 0.7477688000)
(0.0136619300, 0.6633583000, 0.7481771000)
(0.0144328000, 0.6647597000, 0.7469168000)
(0.0140308700, 0.6649094000, 0.7467726000)
(0.0121918800, 0.6660665000, 0.7457888000)
(0.0138611800, 0.6655985000, 0.7461608000)
(0.0151293900, 0.6649532000, 0.7467276000)
(0.0151023500, 0.6658705000, 0.7459037000)
(0.0153220100, 0.6658504000, 0.7459111000)
(0.0164032100, 0.6654404000, 0.7462627000)
(0.0176814000, 0.6653002000, 0.7463545000)
(0.0183438600, 0.6649003000, 0.7467000000)
(0.0186061900, 0.6651195000, 0.7465038000)
(0.0173740600, 0.6660911000, 0.7456675000)
(0.0161341100, 0.6660516000, 0.7457152000)
(0.0152087700, 0.6666019000, 0.7452521000)
(0.0114810200, 0.6700685000, 0.7421905000)
(0.0041656080, 0.6749411000, 0.7378564000)
(0.0065842990, 0.6735482000, 0.7390977000)
(0.0162470600, 0.6666770000, 0.7451554000)
(0.0101313300, 0.6682450000, 0.7438672000)
(0.0065348470, 0.6703012000, 0.7420405000)
(0.0093683940, 0.6682097000, 0.7439137000)
(0.0164084400, 0.6623407000, 0.7490080000)
(0.0162854600, 0.6623735000, 0.7489942000)
(0.0148458000, 0.6610797000, 0.7501550000)
(0.0121611800, 0.6622773000, 0.7491455000)
(0.0061391720, 0.6682631000, 0.7438945000)
(-0.0043011080, 0.6797382000, 0.7334387000)
(-0.0056178570, 0.6811561000, 0.7320997000)
(-0.0054294880, 0.6805660000, 0.7326486000)
(0.0148999200, 0.6598964000, 0.7511899000)
(0.0144041400, 0.6616224000, 0.7496893000)
(0.0136051800, 0.6624063000, 0.7490022000)
(0.0126164700, 0.6621584000, 0.7492396000)
(0.0104489100, 0.6635660000, 0.7480434000)
(0.0041424750, 0.6705889000, 0.7418025000)
(-0.0049198460, 0.6766122000, 0.7363057000)
(-0.0043195650, 0.6757677000, 0.7370833000)
(-0.0039115160, 0.6751816000, 0.7376310000)
(-0.0036060330, 0.6745051000, 0.7382559000)
(-0.0059790090, 0.6739721000, 0.7387123000)
(-0.0082032040, 0.6745975000, 0.7381361000)
(-0.0074626540, 0.6744849000, 0.7382397000)
(0.0124967700, 0.6626294000, 0.7488350000)
(0.0129035800, 0.6621672000, 0.7492364000)
(0.0155650900, 0.6609612000, 0.7502555000)
(0.0172851900, 0.6582412000, 0.7525930000)
(0.0170812300, 0.6582791000, 0.7525744000)
(0.0162721100, 0.6575206000, 0.7532489000)
(0.0164946000, 0.6570600000, 0.7536391000)
(0.0158218800, 0.6601348000, 0.7509710000)
(0.0153362300, 0.6602414000, 0.7508938000)
(0.0147672300, 0.6588802000, 0.7520850000)
(0.0131784900, 0.6609034000, 0.7503473000)
(0.0136085200, 0.6618578000, 0.7494968000)
(0.0151955000, 0.6605756000, 0.7505987000)
(0.0163971400, 0.6609883000, 0.7502143000)
(0.0175121400, 0.6611109000, 0.7500741000)
(0.0173565500, 0.6609991000, 0.7501798000)
(0.0175611500, 0.6601967000, 0.7508747000)
(0.0168522800, 0.6596845000, 0.7513399000)
(0.0153928200, 0.6590801000, 0.7519098000)
(0.0060865300, 0.6652414000, 0.7465908000)
(0.0081278900, 0.6653511000, 0.7464712000)
(0.0131967400, 0.6613119000, 0.7499784000)
(0.0122701900, 0.6654590000, 0.7463314000)
(0.0043567830, 0.6709221000, 0.7415047000)
(0.0062185550, 0.6690644000, 0.7431595000)
(0.0151278900, 0.6637852000, 0.7477659000)
(0.0147976400, 0.6630450000, 0.7484260000)
(0.0153237500, 0.6646420000, 0.7469858000)
(0.0161209600, 0.6629260000, 0.7485006000)
(0.0170924900, 0.6620869000, 0.7492173000)
(0.0164600900, 0.6634893000, 0.7480024000)
(0.0110851200, 0.6651745000, 0.7465965000)
(0.0116988300, 0.6659669000, 0.7458717000)
(0.0141805400, 0.6642624000, 0.7473519000)
(0.0128977300, 0.6652651000, 0.7464875000)
(0.0108672700, 0.6669552000, 0.7450023000)
(0.0109253100, 0.6655482000, 0.7462604000)
(0.0118821900, 0.6631781000, 0.7483633000)
(0.0095588030, 0.6659894000, 0.7458937000)
(0.0085427680, 0.6667533000, 0.7452204000)
(0.0095222910, 0.6645828000, 0.7471337000)
(0.0120284100, 0.6629149000, 0.7485784000)
(0.0119174000, 0.6642866000, 0.7473766000)
(0.0104533300, 0.6653417000, 0.7464625000)
(0.0105374500, 0.6657867000, 0.7460662000)
(0.0106650000, 0.6662858000, 0.7456166000)
(0.0137728800, 0.6648148000, 0.7468772000)
(0.0152459700, 0.6649923000, 0.7466904000)
(0.0149027400, 0.6652065000, 0.7464963000)
(0.0156993600, 0.6648105000, 0.7468379000)
(0.0155859000, 0.6640627000, 0.7475064000)
(0.0160864800, 0.6642941000, 0.7472827000)
(0.0165974700, 0.6644088000, 0.7471651000)
(0.0154522100, 0.6655601000, 0.7461655000)
(0.0156565400, 0.6652560000, 0.7464368000)
(0.0163556900, 0.6657863000, 0.7459496000)
(0.0153423000, 0.6664438000, 0.7453954000)
(0.0156932900, 0.6661838000, 0.7456099000)
(0.0139170400, 0.6662918000, 0.7455587000)
(0.0114967800, 0.6677978000, 0.7442538000)
(0.0121666000, 0.6679121000, 0.7441369000)
(0.0129474600, 0.6663778000, 0.7454930000)
(0.0134724400, 0.6656871000, 0.7460939000)
(0.0116580300, 0.6663533000, 0.7455417000)
(0.0137666800, 0.6660728000, 0.7457561000)
(0.0139086100, 0.6658733000, 0.7459309000)
(0.0132953400, 0.6667596000, 0.7451369000)
(0.0124905400, 0.6672434000, 0.7447166000)
(0.0136611500, 0.6670663000, 0.7448641000)
(0.0145140600, 0.6672408000, 0.7446926000)
(0.0123350200, 0.6671187000, 0.7448488000)
(0.0127223800, 0.6674082000, 0.7445756000)
(0.0142128800, 0.6663467000, 0.7454886000)
(0.0137527700, 0.6681346000, 0.7439080000)
(0.0124562800, 0.6686555000, 0.7434556000)
(0.0139050900, 0.6674702000, 0.7445063000)
(0.0162884400, 0.6673998000, 0.7445086000)
(0.0136893500, 0.6674939000, 0.7444811000)
(0.0108409400, 0.6687502000, 0.7433987000)
(0.0121727800, 0.6674677000, 0.7445359000)
(0.0170745900, 0.6661118000, 0.7456436000)
(0.0249088900, 0.6642463000, 0.7470896000)
(0.0245969300, 0.6642318000, 0.7471214000)
(0.0210161700, 0.6650060000, 0.7465227000)
(0.0169631100, 0.6673046000, 0.7445747000)
(0.0162942100, 0.6674821000, 0.7444318000)
(0.0167933100, 0.6671765000, 0.7446904000)
(0.0166078200, 0.6685947000, 0.7434246000)
(0.0200181100, 0.6653659000, 0.7462289000)
(0.0195027600, 0.6651136000, 0.7464722000)
(0.0162711300, 0.6659917000, 0.7457782000)
(0.0188630900, 0.6659917000, 0.7457029000)
(0.0230869600, 0.6645710000, 0.7468653000)
(0.0242257000, 0.6635853000, 0.7477073000)
(0.0198451500, 0.6670271000, 0.7447664000)
(0.0154395100, 0.6680550000, 0.7439318000)
(0.0173755000, 0.6675722000, 0.7443390000)
(0.0196546000, 0.6663774000, 0.7453409000)
(0.0183769400, 0.6667792000, 0.7450175000)
(0.0186261000, 0.6670981000, 0.7447163000)
(0.0202591300, 0.6659415000, 0.7457182000)
(0.0196761700, 0.6662015000, 0.7454985000)
(0.0171365300, 0.6675498000, 0.7443585000)
(0.0169539900, 0.6677175000, 0.7442055000)
(0.0163635300, 0.6668470000, 0.7449984000)
(0.0145410800, 0.6677961000, 0.7441956000)
(0.0149729600, 0.6678883000, 0.7440999000)
(0.0146329000, 0.6676049000, 0.7443674000)
(0.0196513700, 0.6657710000, 0.7458816000)
(0.0234837400, 0.6637526000, 0.7475786000)
(0.0219343300, 0.6641933000, 0.7472310000)
(0.0181068700, 0.6658236000, 0.7458877000)
(0.0163244000, 0.6671056000, 0.7447705000)
(0.0155310900, 0.6682608000, 0.7437492000)
(0.0141214200, 0.6692595000, 0.7428872000)
(0.0136639900, 0.6693093000, 0.7428402000)
(0.0139485500, 0.6688120000, 0.7432845000)
(0.0248015200, 0.6662009000, 0.7453470000)
(0.0260397900, 0.6653807000, 0.7460438000)
(0.0231918700, 0.6664655000, 0.7451550000)
(0.0156642600, 0.6686060000, 0.7434472000)
(0.0135724300, 0.6698039000, 0.7424013000)
(0.0151253100, 0.6704681000, 0.7417786000)
(0.0154700000, 0.6703238000, 0.7418906000)
(0.0161488400, 0.6694806000, 0.7426447000)
(0.0160974900, 0.6696207000, 0.7425240000)
(0.0168801000, 0.6689206000, 0.7431311000)
(0.0196749500, 0.6670269000, 0.7447660000)
(0.0192617700, 0.6671636000, 0.7446430000)
(0.0154133700, 0.6694176000, 0.7427207000)
(0.0160777200, 0.6689897000, 0.7430868000)
(0.0155457800, 0.6696610000, 0.7425011000)
(0.0150500400, 0.6693407000, 0.7427849000)
(0.0175115400, 0.6691191000, 0.7429445000)
(0.0259610800, 0.6651465000, 0.7462575000)
(0.0258726500, 0.6647850000, 0.7465841000)
(0.0167278600, 0.6673393000, 0.7445475000)
(0.0223766100, 0.6652959000, 0.7462351000)
(0.0252719900, 0.6638296000, 0.7474475000)
(0.0235332900, 0.6642984000, 0.7470768000)
(0.0140247100, 0.6690059000, 0.7431220000)
(0.0140482600, 0.6688907000, 0.7432193000)
(0.0137212300, 0.6690973000, 0.7430341000)
(0.0133644000, 0.6689816000, 0.7431565000)
(0.0138628800, 0.6694034000, 0.7427611000)
(0.0140345200, 0.6699869000, 0.7422282000)
(0.0174249700, 0.6688913000, 0.7431516000)
(0.0181464100, 0.6680679000, 0.7438723000)
(0.0149333500, 0.6694734000, 0.7426859000)
(-0.0054290970, 0.6747555000, 0.7380147000)
(-0.0051471890, 0.6750333000, 0.7377496000)
(0.0031862510, 0.6705328000, 0.7418636000)
(0.0164438500, 0.6665039000, 0.7453125000)
(0.0230776900, 0.6649030000, 0.7465630000)
(0.0146577600, 0.6672160000, 0.7447047000)
(0.0113105500, 0.6686779000, 0.7434472000)
(0.0202477400, 0.6672933000, 0.7445181000)
(0.0260402200, 0.6654508000, 0.7459873000)
(0.0244672300, 0.6651403000, 0.7463153000)
(0.0154242900, 0.6668726000, 0.7449929000)
(0.0128732900, 0.6678637000, 0.7441700000)
(0.0125677400, 0.6669213000, 0.7450083000)
(0.0116165900, 0.6669965000, 0.7449542000)
(0.0093789170, 0.6678990000, 0.7441882000)
(0.0124709000, 0.6669130000, 0.7450120000)
(0.0131760300, 0.6663671000, 0.7454917000)
(0.0117887900, 0.6658816000, 0.7459500000)
(0.0107496500, 0.6671985000, 0.7448019000)
(0.0103168300, 0.6660755000, 0.7458014000)
(0.0116704500, 0.6653069000, 0.7464774000)
(0.0111889100, 0.6662394000, 0.7456462000)
(0.0099631540, 0.6658413000, 0.7460067000)
(0.0076873320, 0.6676378000, 0.7444450000)
(0.0076234740, 0.6681051000, 0.7440276000)
(0.0090731910, 0.6670897000, 0.7449042000)
(0.0210823600, 0.6634101000, 0.7479444000)
(0.0229435200, 0.6640294000, 0.7473533000)
(0.0232227300, 0.6631824000, 0.7480895000)
(0.0199627900, 0.6634138000, 0.7479768000)
(0.0080699700, 0.6657630000, 0.7461017000)
(0.0069198410, 0.6662403000, 0.7457042000)
(0.0216454500, 0.6609704000, 0.7500930000)
(0.0209461000, 0.6600820000, 0.7508939000)
(0.0223808800, 0.6600405000, 0.7508812000)
(0.0259348400, 0.6595709000, 0.7511923000)
(0.0259981800, 0.6597551000, 0.7510276000)
(0.0246991500, 0.6626212000, 0.7485421000)
(0.0247689200, 0.6610931000, 0.7498833000)
(0.0034687770, 0.6638229000, 0.7478741000)
(0.0069124420, 0.6626153000, 0.7489195000)
(0.0064796850, 0.6628178000, 0.7487360000)
(0.0104235600, 0.6636311000, 0.7479798000)
(0.0125622000, 0.6637779000, 0.7478079000)
(0.0132467200, 0.6641441000, 0.7474841000)
(0.0118337800, 0.6640088000, 0.7476187000)
(0.0113300500, 0.6641050000, 0.7475485000)
(0.0109730800, 0.6639602000, 0.7476743000)
(0.0110585600, 0.6635675000, 0.7480248000)
(0.0113794600, 0.6626516000, 0.7488239000)
(0.0107105300, 0.6618895000, 0.7495207000)
(0.0094404010, 0.6616126000, 0.7497779000)
(0.0098469150, 0.6613657000, 0.7499785000)
(0.0110994000, 0.6613054000, 0.7500244000)
(0.0103758900, 0.6615995000, 0.7497748000)
(0.0085995870, 0.6628456000, 0.7486874000)
(0.0253092900, 0.6584173000, 0.7522179000)
(0.0243829600, 0.6586260000, 0.7520643000)
(0.0244063400, 0.6596081000, 0.7512052000)
(0.0209797500, 0.6612637000, 0.7498441000)
(0.0216260500, 0.6583449000, 0.7523980000)
(0.0217506700, 0.6583886000, 0.7523568000)
(0.0187370200, 0.6591929000, 0.7517309000)
(0.0001131418, 0.6585779000, 0.7525035000)
(-0.0219453300, 0.6667437000, 0.7449586000)
(-0.0223417600, 0.6665087000, 0.7451623000)
(-0.0068870390, 0.6636806000, 0.7479697000)
(0.0017868110, 0.6634866000, 0.7481806000)
(0.0023269450, 0.6646324000, 0.7471616000)
(0.0011652560, 0.6631464000, 0.7484812000)
(-0.0018462120, 0.6628338000, 0.7487516000)
(0.0004292512, 0.6617674000, 0.7497041000)
(0.0056497370, 0.6603386000, 0.7509423000)
(0.0078613710, 0.6602208000, 0.7510279000)
(0.0082153090, 0.6590205000, 0.7520612000)
(0.0004805940, 0.6613330000, 0.7500734000)
(-0.0015145230, 0.6587897000, 0.7523055000)
(0.0017091350, 0.6580354000, 0.7529663000)
(0.0051578230, 0.6540712000, 0.7564119000)
(0.0050145690, 0.6544290000, 0.7560957000)
(0.0039487250, 0.6563494000, 0.7544328000)
(0.0035399340, 0.6556060000, 0.7550904000)
(0.0063236360, 0.6575497000, 0.7533786000)
(-0.0002648068, 0.6592144000, 0.7519350000)
(-0.0046034140, 0.6604714000, 0.7508169000)
(-0.0044734480, 0.6601101000, 0.7511415000)
(0.0058103930, 0.6565084000, 0.7542864000)
(0.0055086750, 0.6565340000, 0.7542613000)
(0.0068286990, 0.6565319000, 0.7542517000)
(0.0070743600, 0.6564360000, 0.7543380000)
(0.0074290780, 0.6555710000, 0.7550960000)
(0.0067831640, 0.6558810000, 0.7548335000)
(0.0062701030, 0.6562555000, 0.7545111000)
(0.0063814870, 0.6573789000, 0.7535314000)
(0.0078914040, 0.6575816000, 0.7533400000)
(0.0066873900, 0.6581286000, 0.7528681000)
(0.0041595550, 0.6589803000, 0.7521429000)
(0.0058696880, 0.6583775000, 0.7526553000)
(0.0074181200, 0.6578996000, 0.7530582000)
(0.0047473330, 0.6583709000, 0.7526743000)
(0.0034597990, 0.6590527000, 0.7520744000)
(0.0053540950, 0.6592099000, 0.7519287000)
(0.0076993690, 0.6592047000, 0.7519132000)
(0.0084067660, 0.6590355000, 0.7520518000)
(0.0091877070, 0.6583384000, 0.7526620000)
(0.0083970390, 0.6578543000, 0.7530898000)
(0.0094019640, 0.6577246000, 0.7531930000)
(0.0123475300, 0.6561676000, 0.7545053000)
(0.0113306000, 0.6583136000, 0.7526422000)
(0.0085693500, 0.6579728000, 0.7529815000)
(0.0026279310, 0.6601889000, 0.7510949000)
(0.0040090990, 0.6591123000, 0.7520260000)
(0.0079462060, 0.6563172000, 0.7544350000)
(0.0044950720, 0.6582898000, 0.7527426000)
(0.0045127330, 0.6581823000, 0.7528386000)
(0.0055652850, 0.6584283000, 0.7526093000)
(0.0071704890, 0.6565046000, 0.7542822000)
(0.0093485850, 0.6553030000, 0.7552897000)
(0.0130883000, 0.6536996000, 0.7566308000)
(0.0128019300, 0.6523430000, 0.7578008000)
(-0.0167272400, 0.6678931000, 0.7440589000)
(-0.0189103600, 0.6687083000, 0.7432683000)
(-0.0185017200, 0.6686753000, 0.7433242000)
(0.0066623510, 0.6558256000, 0.7548658000)
(0.0072018090, 0.6558245000, 0.7548713000)
(0.0074130170, 0.6554866000, 0.7551670000)
(0.0080364360, 0.6542453000, 0.7562255000)
(0.0087997300, 0.6534498000, 0.7568998000)
(0.0085030190, 0.6537996000, 0.7566037000)
(0.0084728680, 0.6538061000, 0.7565968000)
(0.0090120550, 0.6532622000, 0.7570693000)
(0.0096210250, 0.6534483000, 0.7569063000)
(0.0099986780, 0.6536667000, 0.7567125000)
(0.0089902640, 0.6545939000, 0.7559215000)
(0.0101536500, 0.6549923000, 0.7555515000)
(0.0113272800, 0.6546533000, 0.7558251000)
(0.0109247400, 0.6543816000, 0.7560659000)
(0.0093224730, 0.6546793000, 0.7558449000)
(0.0075302750, 0.6549969000, 0.7555866000)
(0.0092071470, 0.6541475000, 0.7562979000)
(0.0120535900, 0.6535743000, 0.7567545000)
(0.0113647100, 0.6530038000, 0.7572578000)
(0.0093955440, 0.6557668000, 0.7548994000)
(0.0093812740, 0.6552569000, 0.7553296000)
(0.0083529780, 0.6558810000, 0.7548060000)
(0.0094198550, 0.6564068000, 0.7543440000)
(0.0116300300, 0.6555159000, 0.7550772000)
(0.0108964700, 0.6561953000, 0.7545084000)
(0.0084229560, 0.6577806000, 0.7531492000)
(0.0090676420, 0.6585324000, 0.7524814000)
(0.0094750060, 0.6596634000, 0.7514983000)
(-0.0153168100, 0.6656953000, 0.7460538000)
(-0.0163920000, 0.6630317000, 0.7484018000)
(-0.0111808800, 0.6624750000, 0.7489867000)
(0.0110289000, 0.6597866000, 0.7513610000)
(0.0123674300, 0.6590932000, 0.7519574000)
(0.0153290500, 0.6599163000, 0.7511657000)
(0.0166661700, 0.6605042000, 0.7506306000)
(0.0136063800, 0.6608530000, 0.7503747000)
(0.0104589600, 0.6600736000, 0.7511235000)
(0.0115913800, 0.6584967000, 0.7524801000)
(0.0141855000, 0.6580058000, 0.7528773000)
(0.0138500700, 0.6564145000, 0.7542553000)
(0.0131955600, 0.6573880000, 0.7534235000)
(0.0144505900, 0.6567740000, 0.7539424000)
(0.0135430700, 0.6568707000, 0.7538705000)
(0.0121962800, 0.6568646000, 0.7539029000)
(0.0112897400, 0.6582538000, 0.7526969000)
(0.0119789400, 0.6577756000, 0.7531064000)
(0.0119269700, 0.6589230000, 0.7521000000)
(0.0107653100, 0.6587682000, 0.7522520000)
(0.0105893800, 0.6591926000, 0.7518905000)
(0.0112161700, 0.6597683000, 0.7513794000)
(0.0105221800, 0.6604184000, 0.7508144000)
(0.0105968200, 0.6606775000, 0.7505847000)
(0.0109066000, 0.6617132000, 0.7496635000)
(0.0118701700, 0.6622466000, 0.7491751000)
(0.0120958100, 0.6620740000, 0.7493326000)
(0.0118622800, 0.6607482000, 0.7504947000)
(0.0109510500, 0.6603671000, 0.7508464000)
(0.0108453500, 0.6611581000, 0.7501581000)
(0.0074687780, 0.6604187000, 0.7508486000)
(0.0067796450, 0.6594412000, 0.7517177000)
(0.0087417430, 0.6588544000, 0.7522147000)
(0.0094932900, 0.6592959000, 0.7518048000)
(0.0089615160, 0.6586499000, 0.7523782000)
(0.0087223850, 0.6581007000, 0.7528663000)
(0.0195584600, 0.6560174000, 0.7544786000)
(0.0186289200, 0.6560526000, 0.7544751000)
(0.0051759010, 0.6576744000, 0.7532792000)
(-0.0045124110, 0.6621274000, 0.7493590000)
(-0.0017049660, 0.6601925000, 0.7510915000)
(0.0131350600, 0.6555791000, 0.7549926000)
(0.0105970800, 0.6578653000, 0.7530538000)
(0.0022357640, 0.6622552000, 0.7492623000)
(-0.0024044590, 0.6652328000, 0.7466249000)
(-0.0016759840, 0.6643123000, 0.7474525000)
(0.0027221750, 0.6639141000, 0.7477859000)
(0.0032776550, 0.6653470000, 0.7465115000)
(-0.0063308610, 0.6649622000, 0.7468310000)
(-0.0081994720, 0.6657023000, 0.7461533000)
(0.0004477785, 0.6635814000, 0.7481037000)
(0.0049612970, 0.6627965000, 0.7487807000)
(0.0059689550, 0.6625758000, 0.7489672000)
(0.0157654400, 0.6583097000, 0.7525771000)
(0.0220990100, 0.6584430000, 0.7522895000)
(0.0219844800, 0.6577873000, 0.7528725000)
(0.0155484500, 0.6587092000, 0.7522334000)
(0.0064328550, 0.6628387000, 0.7487196000)
(0.0065335660, 0.6622457000, 0.7492466000)
(0.0051219740, 0.6635445000, 0.7481160000)
(0.0027272890, 0.6642399000, 0.7474958000)
(0.0044728270, 0.6635758000, 0.7480837000)
(0.0065262430, 0.6612971000, 0.7500944000)
(0.0202177100, 0.6559672000, 0.7545029000)
(0.0209802300, 0.6559024000, 0.7545514000)
(0.0214767500, 0.6538140000, 0.7563326000)
(0.0104245500, 0.6575379000, 0.7533401000)
(0.0096553180, 0.6580862000, 0.7528654000)
(0.0081105130, 0.6588223000, 0.7522354000)
(0.0071464310, 0.6579937000, 0.7529852000)
(0.0044744240, 0.6590930000, 0.7520399000)
(0.0042945960, 0.6585888000, 0.7524901000)
(0.0042408800, 0.6586442000, 0.7524224000)
(0.0056240330, 0.6584504000, 0.7525864000)
(0.0102574200, 0.6558016000, 0.7548479000)
(0.0111119600, 0.6550913000, 0.7554480000)
(0.0135848400, 0.6547824000, 0.7556835000)
(0.0129814800, 0.6553378000, 0.7552049000)
(0.0110202100, 0.6554502000, 0.7551512000)
(0.0125160100, 0.6547700000, 0.7557094000)
(0.0112972200, 0.6556088000, 0.7550047000)
(-0.0160531600, 0.6675882000, 0.7443408000)
(-0.0169107500, 0.6685718000, 0.7434537000)
(-0.0158183500, 0.6678647000, 0.7441145000)
(0.0098317640, 0.6546112000, 0.7558894000)
(0.0078811590, 0.6549528000, 0.7556284000)
(0.0076643220, 0.6545004000, 0.7560062000)
(0.0079502610, 0.6540766000, 0.7563837000)
(0.0094132340, 0.6522528000, 0.7579412000)
(0.0086430700, 0.6533661000, 0.7569863000)
(0.0064781490, 0.6551048000, 0.7554949000)
(0.0055905050, 0.6554937000, 0.7551779000)
(0.0045142970, 0.6564029000, 0.7543786000)
(0.0046724390, 0.6568822000, 0.7539720000)
(0.0043439100, 0.6566898000, 0.7541428000)
(0.0052745490, 0.6581590000, 0.7528579000)
(0.0055472710, 0.6585066000, 0.7525523000)
(0.0078160900, 0.6577269000, 0.7532033000)
(0.0082454030, 0.6582907000, 0.7527064000)
(0.0213684600, 0.6498909000, 0.7597100000)
(0.0206592500, 0.6501641000, 0.7594965000)
(0.0203798300, 0.6496416000, 0.7599582000)
(0.0069065980, 0.6588442000, 0.7522392000)
(0.0073551620, 0.6600007000, 0.7512101000)
(0.0067861040, 0.6586376000, 0.7524256000)
(0.0171251400, 0.6536721000, 0.7565786000)
(0.0156950000, 0.6524444000, 0.7576619000)
(0.0173827700, 0.6526518000, 0.7574411000)
(0.0149476100, 0.6514144000, 0.7585653000)
(0.0062853970, 0.6591240000, 0.7520058000)
(0.0069037860, 0.6590949000, 0.7520198000)
(0.0072639240, 0.6584463000, 0.7525805000)
(0.0064545430, 0.6595966000, 0.7515861000)
(0.0051131820, 0.6599005000, 0.7513229000)
(0.0171231200, 0.6495869000, 0.7600746000)
(0.0182595100, 0.6471544000, 0.7621287000)
(0.0185979900, 0.6474677000, 0.7618568000)
(0.0080835740, 0.6556633000, 0.7550089000)
(0.0057259940, 0.6576962000, 0.7532573000)
(0.0058414900, 0.6572700000, 0.7536172000)
(0.0040656040, 0.6589311000, 0.7521808000)
(0.0041900660, 0.6584340000, 0.7526234000)
(0.0150555200, 0.6482271000, 0.7612897000)
(0.0157139800, 0.6473393000, 0.7620274000)
(0.0137873200, 0.6468751000, 0.7624677000)
(0.0138607400, 0.6472508000, 0.7621319000)
(0.0065311790, 0.6553324000, 0.7553108000)
(0.0050463520, 0.6570014000, 0.7538717000)
(0.0027210090, 0.6570021000, 0.7538677000)
(0.0054670600, 0.6557428000, 0.7549579000)
(0.0159089100, 0.6464772000, 0.7627618000)
(0.0141350800, 0.6463153000, 0.7629365000)
(0.0157954300, 0.6466447000, 0.7626152000)
(0.0134842200, 0.6489705000, 0.7606845000)
(0.0170043400, 0.6473790000, 0.7619614000)
(0.0173387400, 0.6481487000, 0.7613027000)
(0.0166026000, 0.6501472000, 0.7596190000)
(0.0055789450, 0.6603112000, 0.7509609000)
(0.0043007360, 0.6622532000, 0.7492570000)
(0.0071263110, 0.6597540000, 0.7514316000)
(0.0037963870, 0.6604469000, 0.7508445000)
(-0.0110489000, 0.6783143000, 0.7346720000)
(-0.0131787600, 0.6788166000, 0.7341852000)
(-0.0123355500, 0.6780759000, 0.7348714000)
(-0.0118945600, 0.6778711000, 0.7350830000)
(-0.0122809400, 0.6767490000, 0.7361012000)
(-0.0109573000, 0.6780825000, 0.7349035000)
(-0.0107806300, 0.6762732000, 0.7365585000)
(-0.0024476920, 0.6685305000, 0.7436602000)
(0.0183677400, 0.6528241000, 0.7572804000)
(0.0144447700, 0.6561077000, 0.7545200000)
(0.0102257500, 0.6602852000, 0.7509448000)
(-0.0088202470, 0.6761536000, 0.7367030000)
(-0.0104543200, 0.6801431000, 0.7329862000)
(-0.0105474700, 0.6790020000, 0.7340446000)
(0.0084231980, 0.6596304000, 0.7515308000)
(0.0076569300, 0.6605328000, 0.7507463000)
(-0.0126779200, 0.6783541000, 0.7346216000)
(-0.0151812000, 0.6800468000, 0.7330075000)
(-0.0151243600, 0.6790224000, 0.7339419000)
(-0.0129582900, 0.6765072000, 0.7363105000)
(0.0118443200, 0.6614221000, 0.7498998000)
(0.0089650220, 0.6628454000, 0.7486889000)
(0.0078389230, 0.6629315000, 0.7486237000)
(0.0102863900, 0.6624234000, 0.7490553000)
(0.0131492600, 0.6614829000, 0.7498384000)
(0.0116772200, 0.6617802000, 0.7496040000)
(0.0091120910, 0.6634616000, 0.7481397000)
(0.0071541010, 0.6639482000, 0.7477302000)
(0.0068147730, 0.6639588000, 0.7477184000)
(0.0092808360, 0.6646576000, 0.7470739000)
(0.0094106360, 0.6641453000, 0.7475339000)
(0.0099625420, 0.6638647000, 0.7477700000)
(0.0104490300, 0.6634594000, 0.7481335000)
(0.0113897300, 0.6624029000, 0.7490481000)
(0.0120580500, 0.6639770000, 0.7476479000)
(0.0089095040, 0.6644414000, 0.7472868000)
(0.0082676650, 0.6668109000, 0.7451657000)
(0.0096160000, 0.6658686000, 0.7459998000)
(0.0100791800, 0.6658727000, 0.7459809000)
(0.0092812550, 0.6657851000, 0.7460696000)
(0.0254949800, 0.6596494000, 0.7511345000)
(0.0264981000, 0.6613614000, 0.7495970000)
(0.0296854000, 0.6586190000, 0.7518706000)
(0.0063029380, 0.6640208000, 0.7476799000)
(0.0075718120, 0.6637124000, 0.7479489000)
(0.0109304300, 0.6631477000, 0.7483964000)
(0.0111464900, 0.6629434000, 0.7485827000)
(0.0095474180, 0.6633217000, 0.7482548000)
(0.0100508200, 0.6635376000, 0.7480624000)
(0.0126512200, 0.6643630000, 0.7472885000)
(0.0120871800, 0.6624055000, 0.7490290000)
(0.0098834070, 0.6629320000, 0.7486031000)
(0.0102588600, 0.6633278000, 0.7482519000)
(0.0140316200, 0.6624885000, 0.7489356000)
(0.0140220200, 0.6623735000, 0.7490326000)
(0.0241598300, 0.6574599000, 0.7530976000)
(0.0298267800, 0.6544886000, 0.7554730000)
(0.0293603300, 0.6538891000, 0.7560142000)
(0.0243568300, 0.6561912000, 0.7541901000)
(0.0132304500, 0.6617866000, 0.7495713000)
(0.0124570400, 0.6629826000, 0.7485173000)
(0.0126883300, 0.6622994000, 0.7491296000)
(0.0098484930, 0.6635107000, 0.7480872000)
(0.0104339600, 0.6631360000, 0.7484233000)
(0.0125509900, 0.6618853000, 0.7494954000)
(0.0287714300, 0.6560002000, 0.7541962000)
(0.0289244800, 0.6558825000, 0.7542986000)
(0.0282350300, 0.6558696000, 0.7543288000)
(0.0109753400, 0.6626942000, 0.7488016000)
(0.0131037500, 0.6624689000, 0.7489591000)
(0.0139874200, 0.6613374000, 0.7499381000)
(0.0110131400, 0.6620364000, 0.7493892000)
(0.0100677100, 0.6635862000, 0.7480171000)
(0.0087110140, 0.6650190000, 0.7467656000)
(0.0091170970, 0.6639462000, 0.7477121000)
(0.0093090070, 0.6645618000, 0.7471609000)
(0.0082362830, 0.6648458000, 0.7469175000)
(0.0073415530, 0.6643746000, 0.7473517000)
(0.0088864690, 0.6664538000, 0.7454891000)
(0.0050038150, 0.6643783000, 0.7473685000)
(0.0068755380, 0.6647604000, 0.7470219000)
(0.0107311900, 0.6638113000, 0.7478200000)
(0.0099724210, 0.6632522000, 0.7483172000)
(0.0103252800, 0.6643954000, 0.7472956000)
(0.0127319300, 0.6628140000, 0.7486632000)
(0.0135670500, 0.6640022000, 0.7475916000)
(0.0103854200, 0.6648737000, 0.7468699000)
(0.0078945290, 0.6645386000, 0.7472073000)
(0.0122203200, 0.6661932000, 0.7456688000)
(0.0101375400, 0.6676553000, 0.7443871000)
(0.0082144380, 0.6681485000, 0.7439710000)
(0.0062182180, 0.6695300000, 0.7427428000)
(0.0088395700, 0.6688269000, 0.7433487000)
(0.0115231700, 0.6689206000, 0.7432298000)
(0.0121828200, 0.6686375000, 0.7434865000)
(0.0114975900, 0.6688573000, 0.7432814000)
(0.0114747800, 0.6684161000, 0.7436781000)
(0.0104109400, 0.6679415000, 0.7441332000)
(0.0109148600, 0.6700019000, 0.7422593000)
(0.0112734600, 0.6686228000, 0.7435084000)
(0.0101829800, 0.6679609000, 0.7441124000)
(0.0096233330, 0.6689885000, 0.7432098000)
(0.0099936250, 0.6691105000, 0.7430854000)
(0.0115772700, 0.6686882000, 0.7434353000)
(0.0116288600, 0.6688539000, 0.7432897000)
(0.0112911600, 0.6688795000, 0.7432837000)
(0.0100046100, 0.6689490000, 0.7432290000)
(0.0098430120, 0.6682364000, 0.7438664000)
(0.0092033080, 0.6677619000, 0.7443030000)
(0.0079050320, 0.6675117000, 0.7445559000)
(0.0082832330, 0.6673199000, 0.7447104000)
(0.0083590550, 0.6662507000, 0.7456657000)
(0.0087592710, 0.6657702000, 0.7460953000)
(0.0096959100, 0.6648793000, 0.7468792000)
(0.0093471500, 0.6660983000, 0.7457856000)
(0.0096412890, 0.6666089000, 0.7453349000)
(0.0100861600, 0.6665839000, 0.7453594000)
(0.0058586590, 0.6669405000, 0.7450875000)
(0.0043381690, 0.6669443000, 0.7450900000)
(0.0064910090, 0.6676815000, 0.7444095000)
(0.0104891100, 0.6664838000, 0.7454304000)
(0.0073385620, 0.6679857000, 0.7441247000)
(0.0091808210, 0.6679593000, 0.7441257000)
(0.0082188630, 0.6674554000, 0.7445855000)
(0.0088049110, 0.6677153000, 0.7443571000)
(0.0094484420, 0.6680685000, 0.7440270000)
(0.0100747300, 0.6681101000, 0.7439789000)
(0.0097053210, 0.6684349000, 0.7437044000)
(0.0092589590, 0.6683258000, 0.7437986000)
(0.0085987700, 0.6681532000, 0.7439666000)
(0.0086058790, 0.6679848000, 0.7441158000)
(0.0211949100, 0.6644902000, 0.7469946000)
(0.0231323200, 0.6655295000, 0.7460014000)
(0.0231690100, 0.6648740000, 0.7465872000)
(0.0212187500, 0.6655579000, 0.7460248000)
(0.0092083430, 0.6693273000, 0.7429015000)
(0.0089974450, 0.6689212000, 0.7432657000)
(0.0090400200, 0.6695597000, 0.7426973000)
(0.0061219180, 0.6711161000, 0.7413242000)
(0.0045588770, 0.6706187000, 0.7417765000)
(0.0071762080, 0.6705690000, 0.7418021000)
(0.0078775820, 0.6702289000, 0.7421111000)
(0.0084040010, 0.6702692000, 0.7420624000)
(0.0093331520, 0.6703124000, 0.7420077000)
(0.0092738800, 0.6706942000, 0.7416698000)
(0.0094546140, 0.6707660000, 0.7416025000)
(0.0093264520, 0.6708344000, 0.7415451000)
(0.0085385650, 0.6700150000, 0.7422872000)
(0.0080086990, 0.6708735000, 0.7415194000)
(0.0090604450, 0.6704034000, 0.7419261000)
(0.0100169700, 0.6691813000, 0.7430259000)
(-0.0005861237, 0.6723121000, 0.7402612000)
(-0.0141953200, 0.6797349000, 0.7333123000)
(-0.0180748500, 0.6808180000, 0.7322114000)
(-0.0166480400, 0.6809025000, 0.7321731000)
(-0.0171404300, 0.6811420000, 0.7319363000)
(-0.0172294100, 0.6794912000, 0.7334673000)
(-0.0157143400, 0.6812162000, 0.7319022000)
(0.0063153490, 0.6683646000, 0.7437997000)
(-0.0087341550, 0.6793275000, 0.7337696000)
(-0.0132192300, 0.6818974000, 0.7313135000)
(-0.0160192400, 0.6807621000, 0.7323219000)
(-0.0153576400, 0.6786902000, 0.7342545000)
(-0.0126386300, 0.6773138000, 0.7355677000)
(-0.0003228388, 0.6713068000, 0.7411608000)
(0.0073642540, 0.6679912000, 0.7441267000)
(0.0077301360, 0.6677701000, 0.7443259000)
(0.0067682990, 0.6676949000, 0.7443838000)
(0.0075555390, 0.6678334000, 0.7442704000)
(0.0194830600, 0.6621560000, 0.7491124000)
(0.0196646500, 0.6621193000, 0.7491246000)
(0.0211431300, 0.6631768000, 0.7481523000)
(0.0194216600, 0.6640525000, 0.7474251000)
(0.0076500070, 0.6669280000, 0.7450792000)
(0.0079950900, 0.6669593000, 0.7450307000)
(0.0049488820, 0.6674029000, 0.7446706000)
(0.0029400230, 0.6667817000, 0.7452279000)
(0.0055074420, 0.6663994000, 0.7455708000)
(0.0076194440, 0.6663033000, 0.7456326000)
(0.0055841570, 0.6665278000, 0.7454394000)
(0.0014093350, 0.6669053000, 0.7451243000)
(-0.0116874500, 0.6691374000, 0.7430370000)
(-0.0147470900, 0.6699768000, 0.7422194000)
(0.0053274280, 0.6652040000, 0.7466345000)
(0.0120325100, 0.6635014000, 0.7480697000)
(0.0048017660, 0.6654021000, 0.7464547000)
(-0.0024067340, 0.6670616000, 0.7449909000)
(-0.0013670680, 0.6671759000, 0.7448989000)
(0.0051305080, 0.6613185000, 0.7500820000)
(0.0098583500, 0.6615857000, 0.7498029000)
(0.0094170740, 0.6620596000, 0.7493914000)
(0.0055399830, 0.6627597000, 0.7487931000)
(0.0114493600, 0.6601585000, 0.7510231000)
(0.0216958400, 0.6565953000, 0.7539187000)
(0.0217227900, 0.6558776000, 0.7545376000)
(0.0194707300, 0.6550376000, 0.7553299000)
(0.0177014300, 0.6568328000, 0.7538186000)
(0.0046597040, 0.6622543000, 0.7492583000)
(0.0062602620, 0.6616975000, 0.7497265000)
(0.0057903740, 0.6617258000, 0.7497203000)
(0.0084182890, 0.6621472000, 0.7493256000)
(0.0081732140, 0.6639949000, 0.7476771000)
(0.0074624430, 0.6642096000, 0.7474989000)
(0.0069475140, 0.6646843000, 0.7470723000)
(0.0071491170, 0.6660041000, 0.7458937000)
(-0.0235501800, 0.6765833000, 0.7359793000)
(-0.0221553800, 0.6771019000, 0.7355543000)
(-0.0214346400, 0.6770323000, 0.7356215000)
(-0.0223987700, 0.6782041000, 0.7345260000)
(-0.0201323800, 0.6762441000, 0.7363978000)
(0.0172452700, 0.6628948000, 0.7485134000)
(0.0137120400, 0.6634212000, 0.7481183000)
(0.0042970050, 0.6667448000, 0.7452715000)
(0.0042399240, 0.6672063000, 0.7448604000)
(0.0082610820, 0.6670331000, 0.7449668000)
(0.0084676640, 0.6665158000, 0.7454336000)
(0.0037613550, 0.6682965000, 0.7438824000)
(0.0046507430, 0.6685587000, 0.7436375000)
(0.0095804030, 0.6661359000, 0.7457615000)
(0.0094184480, 0.6677245000, 0.7443417000)
(-0.0199705800, 0.6782672000, 0.7345318000)
(-0.0208392200, 0.6793323000, 0.7335325000)
(-0.0212442000, 0.6787790000, 0.7340263000)
(0.0110904500, 0.6644513000, 0.7472357000)
(0.0119051400, 0.6645192000, 0.7471631000)
(0.0206222000, 0.6598660000, 0.7510834000)
(0.0230524900, 0.6584232000, 0.7522930000)
(0.0219073400, 0.6587954000, 0.7519864000)
(0.0184694700, 0.6595817000, 0.7514002000)
(0.0065029300, 0.6640521000, 0.7476541000)
(0.0054937760, 0.6647197000, 0.7470701000)
(0.0067979390, 0.6638358000, 0.7478307000)
(0.0093778430, 0.6627644000, 0.7487666000)
(0.0092498610, 0.6623645000, 0.7491209000)
(0.0074778280, 0.6622136000, 0.7492628000)
(0.0078695210, 0.6634175000, 0.7481912000)
(0.0209654600, 0.6579153000, 0.7527875000)
(0.0257853300, 0.6592731000, 0.7514575000)
(0.0257150000, 0.6590425000, 0.7516627000)
(0.0223634000, 0.6604064000, 0.7505583000)
(0.0098785930, 0.6664004000, 0.7455276000)
(0.0070007420, 0.6686959000, 0.7434946000)
(0.0062090540, 0.6693655000, 0.7428889000)
(0.0083432770, 0.6673837000, 0.7446544000)
(0.0000004485, 0.6734891000, 0.7391942000)
(-0.0155635300, 0.6813325000, 0.7317936000)
(-0.0168023600, 0.6819077000, 0.7312270000)
(-0.0167757100, 0.6809605000, 0.7321141000)
(-0.0185734200, 0.6808027000, 0.7322134000)
(0.0072090650, 0.6667861000, 0.7452012000)
(0.0062232180, 0.6670288000, 0.7449927000)
(0.0061033200, 0.6675410000, 0.7445336000)
(0.0095506340, 0.6680079000, 0.7440891000)
(0.0098822960, 0.6668463000, 0.7451289000)
(-0.0013144350, 0.6756799000, 0.7371844000)
(-0.0172882900, 0.6784290000, 0.7344490000)
(-0.0167567100, 0.6787634000, 0.7341538000)
(-0.0150876200, 0.6778213000, 0.7350706000)
(0.0048398540, 0.6706181000, 0.7417797000)
(0.0054854490, 0.6690501000, 0.7431849000)
(0.0062177980, 0.6687365000, 0.7434722000)
(0.0017075410, 0.6686620000, 0.7435603000)
(-0.0077891130, 0.6739882000, 0.7387002000)
(-0.0080321630, 0.6744956000, 0.7382262000)
(0.0005710587, 0.6696947000, 0.7426265000)
(0.0070629520, 0.6661886000, 0.7457319000)
(0.0067263350, 0.6664465000, 0.7455190000)
(0.0034680900, 0.6678106000, 0.7443171000)
(0.0007864118, 0.6686329000, 0.7435783000)
(0.0003888005, 0.6693191000, 0.7429609000)
(0.0030600780, 0.6672143000, 0.7448422000)
(0.0184921500, 0.6618824000, 0.7493717000)
(0.0181659400, 0.6619068000, 0.7493656000)
(0.0178203000, 0.6614164000, 0.7498066000)
(0.0047829430, 0.6660210000, 0.7459025000)
(0.0039270060, 0.6668493000, 0.7451757000)
(0.0145308700, 0.6648068000, 0.7468704000)
(0.0181536500, 0.6637657000, 0.7477094000)
(0.0212631800, 0.6630793000, 0.7482465000)
(0.0173648200, 0.6662005000, 0.7455629000)
(0.0039733070, 0.6713590000, 0.7411103000)
(0.0054019550, 0.6707839000, 0.7416185000)
(0.0047094090, 0.6708436000, 0.7415775000)
(0.0043015860, 0.6701608000, 0.7422010000)
(0.0185437400, 0.6642532000, 0.7472704000)
(0.0177647600, 0.6640326000, 0.7474847000)
(0.0172511600, 0.6642898000, 0.7472690000)
(0.0161071500, 0.6650398000, 0.7466273000)
(0.0181205200, 0.6648123000, 0.7467873000)
(0.0184961400, 0.6647947000, 0.7467866000)
(0.0172438300, 0.6658161000, 0.7459093000)
(0.0049798540, 0.6710734000, 0.7413548000)
(0.0030847580, 0.6719950000, 0.7405322000)
(0.0035120570, 0.6718993000, 0.7406227000)
(0.0037287770, 0.6721129000, 0.7404373000)
(0.0035079150, 0.6719487000, 0.7405792000)
(0.0029888900, 0.6712533000, 0.7412183000)
(0.0042405880, 0.6707606000, 0.7416486000)
(0.0048152720, 0.6709709000, 0.7414650000)
(0.0039542850, 0.6694593000, 0.7428254000)
(-0.0023555130, 0.6725695000, 0.7400157000)
(-0.0008552139, 0.6726277000, 0.7399759000)
(0.0029192410, 0.6713002000, 0.7411721000)
(0.0151429000, 0.6657448000, 0.7460152000)
(0.0153334700, 0.6651444000, 0.7465509000)
(0.0161672000, 0.6651295000, 0.7465522000)
(0.0129236200, 0.6634372000, 0.7481130000)
(-0.0033431100, 0.6705049000, 0.7418898000)
(-0.0007983200, 0.6690072000, 0.7432493000)
(0.0007991268, 0.6689506000, 0.7432930000)
(0.0112116400, 0.6625620000, 0.7489198000)
(0.0216029900, 0.6501607000, 0.7594692000)
(0.0136286700, 0.6517332000, 0.7583129000)
(0.0122094500, 0.6543334000, 0.7560989000)
(-0.0024620490, 0.6588225000, 0.7522838000)
(0.0136442500, 0.6550729000, 0.7554414000)
(0.0132004900, 0.6557983000, 0.7548143000)
(0.0121897700, 0.6569168000, 0.7538469000)
(0.0095977260, 0.6569485000, 0.7538617000)
(0.0071001600, 0.6580921000, 0.7528967000)
(0.0088859450, 0.6574634000, 0.7534181000)
(0.0105586100, 0.6578304000, 0.7530845000)
(0.0125859500, 0.6580302000, 0.7528809000)
(0.0127245300, 0.6586218000, 0.7523537000)
(0.0122505900, 0.6582227000, 0.7527078000)
(0.0145631000, 0.6586962000, 0.7522638000)
(0.0132570600, 0.6589295000, 0.7520832000)
(0.0140971300, 0.6591460000, 0.7518712000)
(0.0139277600, 0.6593482000, 0.7516997000)
(0.0128286800, 0.6571015000, 0.7536851000)
(0.0039026630, 0.6592695000, 0.7518795000)
(-0.0171449800, 0.6694819000, 0.7426193000)
(-0.0158105700, 0.6669595000, 0.7449251000)
(-0.0069283100, 0.6651662000, 0.7466437000)
(-0.0047504120, 0.6648711000, 0.7469261000)
(0.0078549860, 0.6603406000, 0.7509200000)
(0.0082451850, 0.6592621000, 0.7518610000)
(0.0060297160, 0.6597888000, 0.7514112000)
(0.0036552710, 0.6605813000, 0.7507265000)
(-0.0015933900, 0.6638387000, 0.7478537000)
(0.0025608710, 0.6623900000, 0.7491442000)
(0.0174861400, 0.6569830000, 0.7536865000)
(0.0211672800, 0.6523840000, 0.7575781000)
(0.0195641400, 0.6519303000, 0.7580108000)
(0.0157974100, 0.6539348000, 0.7563794000)
(0.0180572100, 0.6517639000, 0.7581899000)
(0.0209206100, 0.6509591000, 0.7588082000)
(0.0222437900, 0.6507214000, 0.7589732000)
(-0.0008204976, 0.6611785000, 0.7502169000)
(-0.0160128900, 0.6707322000, 0.7415125000)
(-0.0169660000, 0.6692916000, 0.7427952000)
(-0.0187141900, 0.6717002000, 0.7405690000)
(0.0148851300, 0.6544988000, 0.7559048000)
(0.0142949400, 0.6546329000, 0.7557958000)
(0.0093819240, 0.6572695000, 0.7535883000)
(0.0214194500, 0.6522412000, 0.7576892000)
(0.0254952900, 0.6504327000, 0.7591259000)
(0.0245333300, 0.6501852000, 0.7593650000)
(-0.0193937700, 0.6720765000, 0.7402262000)
(-0.0175841500, 0.6720288000, 0.7403054000)
(-0.0169390400, 0.6718825000, 0.7404588000)
(0.0082406740, 0.6564690000, 0.7542938000)
(0.0079815660, 0.6564467000, 0.7543119000)
(0.0081433560, 0.6563141000, 0.7544273000)
(0.0069828380, 0.6565337000, 0.7542630000)
(0.0065961710, 0.6563038000, 0.7544664000)
(0.0101810900, 0.6551582000, 0.7554179000)
(0.0129448800, 0.6527876000, 0.7574303000)
(0.0135216300, 0.6525018000, 0.7576485000)
(0.0110482300, 0.6545030000, 0.7559678000)
(0.0090197640, 0.6572652000, 0.7535928000)
(0.0097198320, 0.6571119000, 0.7537125000)
(0.0096502700, 0.6569851000, 0.7538218000)
(0.0094674180, 0.6559083000, 0.7547654000)
(0.0093466090, 0.6563450000, 0.7543933000)
(0.0111279300, 0.6573197000, 0.7535164000)
(0.0097881470, 0.6559070000, 0.7547688000)
(0.0119393800, 0.6547471000, 0.7557406000)
(0.0119118500, 0.6553215000, 0.7552451000)
(0.0094196420, 0.6578521000, 0.7530698000)
(0.0094122610, 0.6579294000, 0.7530193000)
(0.0130916800, 0.6553739000, 0.7551898000)
(0.0156250400, 0.6528043000, 0.7573609000)
(0.0152491900, 0.6540506000, 0.7562779000)
(0.0094833720, 0.6605729000, 0.7507002000)
(0.0071474500, 0.6631766000, 0.7484214000)
(0.0063550020, 0.6631234000, 0.7484633000)
(0.0066965580, 0.6625028000, 0.7490157000)
(0.0063220660, 0.6638277000, 0.7478557000)
(0.0056496110, 0.6640145000, 0.7476808000)
(0.0066554110, 0.6629459000, 0.7486228000)
(0.0069502390, 0.6628999000, 0.7486675000)
(0.0259108500, 0.6508506000, 0.7587531000)
(0.0220798900, 0.6521004000, 0.7578037000)
(0.0219994500, 0.6563113000, 0.7541493000)
(0.0211253800, 0.6563834000, 0.7541142000)
(0.0122907000, 0.6612588000, 0.7500387000)
(0.0131332500, 0.6617119000, 0.7496380000)
(0.0114835600, 0.6625900000, 0.7488840000)
(0.0113034700, 0.6627327000, 0.7487543000)
(0.0120664500, 0.6628546000, 0.7486486000)
(0.0116631600, 0.6621853000, 0.7492459000)
(0.0107091100, 0.6618125000, 0.7495880000)
(0.0098914650, 0.6627104000, 0.7488019000)
(0.0109823900, 0.6631132000, 0.7484304000)
(0.0089397010, 0.6637912000, 0.7478495000)
(0.0090458620, 0.6637384000, 0.7478988000)
(0.0123413200, 0.6611281000, 0.7501521000)
(0.0110726400, 0.6581811000, 0.7527692000)
(0.0108574100, 0.6586159000, 0.7523847000)
(0.0130809700, 0.6564767000, 0.7542301000)
(0.0102877300, 0.6572257000, 0.7536167000)
(0.0127076800, 0.6564347000, 0.7542626000)
(0.0139689700, 0.6548993000, 0.7555820000)
(0.0108907400, 0.6565040000, 0.7542252000)
(0.0075770680, 0.6584303000, 0.7526005000)
(0.0108552600, 0.6575979000, 0.7532708000)
(0.0187199400, 0.6524208000, 0.7576173000)
(0.0189759900, 0.6526497000, 0.7574149000)
(0.0136852200, 0.6579447000, 0.7529300000)
(0.0084044020, 0.6626828000, 0.7488375000)
(0.0075865220, 0.6618510000, 0.7495895000)
(0.0085203710, 0.6613262000, 0.7500294000)
(0.0085876690, 0.6606814000, 0.7506052000)
(0.0070798680, 0.6611777000, 0.7501877000)
(0.0053037850, 0.6618604000, 0.7496045000)
(0.0055889550, 0.6616312000, 0.7497898000)
(0.0070361220, 0.6611533000, 0.7502115000)
(0.0082324260, 0.6600212000, 0.7511908000)
(0.0088454760, 0.6591162000, 0.7519811000)
(0.0090804930, 0.6587484000, 0.7522915000)
(0.0080921530, 0.6576014000, 0.7533056000)
(0.0086399210, 0.6577116000, 0.7532092000)
(0.0096843770, 0.6578490000, 0.7530810000)
(0.0107148400, 0.6567264000, 0.7540506000)
(0.0096315450, 0.6574287000, 0.7534380000)
(0.0228378800, 0.6463869000, 0.7626565000)
(0.0228144500, 0.6463743000, 0.7626603000)
(0.0239266700, 0.6451226000, 0.7636909000)
(0.0095951470, 0.6577333000, 0.7531844000)
(0.0248404400, 0.6482109000, 0.7610505000)
(0.0253874300, 0.6462415000, 0.7627090000)
(0.0259056200, 0.6465147000, 0.7624491000)
(0.0067397480, 0.6617929000, 0.7496390000)
(0.0071153670, 0.6605285000, 0.7507500000)
(0.0213056400, 0.6505591000, 0.7591500000)
(0.0245641200, 0.6509073000, 0.7587482000)
(0.0175053900, 0.6512799000, 0.7586285000)
(0.0171821000, 0.6506286000, 0.7591913000)
(0.0206396900, 0.6524122000, 0.7575630000)
(0.0207732600, 0.6521974000, 0.7577609000)
(0.0170987500, 0.6550159000, 0.7554131000)
(0.0058364980, 0.6627831000, 0.7487851000)
(0.0134860400, 0.6570528000, 0.7537223000)
(0.0218960700, 0.6512415000, 0.7585527000)
(0.0225811600, 0.6513795000, 0.7584003000)
(0.0229436100, 0.6521862000, 0.7576990000)
(0.0077797100, 0.6618834000, 0.7495456000)
(0.0081990480, 0.6620404000, 0.7494079000)
(0.0064181080, 0.6595159000, 0.7516629000)
(-0.0166437400, 0.6716090000, 0.7407060000)
(-0.0172537300, 0.6720434000, 0.7402940000)
(-0.0164375000, 0.6718904000, 0.7404569000)
(0.0029382240, 0.6658961000, 0.7460196000)
(-0.0150739100, 0.6746494000, 0.7379663000)
(-0.0157469100, 0.6754268000, 0.7372459000)
(-0.0168546900, 0.6759420000, 0.7367542000)
(0.0018781950, 0.6682289000, 0.7439485000)
(-0.0127065300, 0.6727360000, 0.7397547000)
(-0.0192519200, 0.6749457000, 0.7376020000)
(-0.0201220800, 0.6753190000, 0.7372395000)
(-0.0217272100, 0.6767275000, 0.7359071000)
(0.0131038000, 0.6644718000, 0.7471969000)
(0.0220817300, 0.6618878000, 0.7492582000)
(0.0193521000, 0.6627150000, 0.7486171000)
(0.0217621200, 0.6620902000, 0.7490954000)
(0.0104848100, 0.6683185000, 0.7437835000)
(0.0273101500, 0.6640646000, 0.7471614000)
(0.0245621700, 0.6641965000, 0.7471354000)
(0.0239540900, 0.6644021000, 0.7469901000)
(0.0141821700, 0.6676623000, 0.7443172000)
(0.0242643400, 0.6637644000, 0.7475441000)
(0.0247688300, 0.6642607000, 0.7470844000)
(0.0237441500, 0.6643953000, 0.7469960000)
(0.0058343500, 0.6695747000, 0.7427216000)
(0.0049056950, 0.6699777000, 0.7423554000)
(0.0033890030, 0.6715314000, 0.7409517000)
(0.0045610490, 0.6732416000, 0.7393978000)
(0.0111319300, 0.6773561000, 0.7355638000)
(0.0036006390, 0.6771911000, 0.7357849000)
(0.0043749450, 0.6760070000, 0.7368718000)
(-0.0216317800, 0.6758564000, 0.7367076000)
(-0.0246483200, 0.6763409000, 0.7361695000)
(-0.0192715300, 0.6746845000, 0.7378531000)
(0.0073356380, 0.6725464000, 0.7400005000)
(0.0076938890, 0.6716667000, 0.7408111000)
(0.0040125910, 0.6776263000, 0.7353945000)
(0.0357968700, 0.6640792000, 0.7467984000)
(0.0364671500, 0.6657411000, 0.7452717000)
(0.0339385000, 0.6671605000, 0.7441275000)
(0.0159469800, 0.6734150000, 0.7390822000)
(0.0145627800, 0.6723882000, 0.7400452000)
(0.0147936100, 0.6727957000, 0.7396656000)
(0.0090002580, 0.6723014000, 0.7402181000)
(0.0310006000, 0.6703772000, 0.7413549000)
(0.0289946300, 0.6723762000, 0.7396337000)
(0.0272945000, 0.6715189000, 0.7404735000)
(-0.0058593910, 0.6744603000, 0.7382773000)
(-0.0253276600, 0.6764315000, 0.7360542000)
(0.0350266600, 0.6629311000, 0.7478544000)
(0.0327403800, 0.6648790000, 0.7462260000)
(0.0306876200, 0.6677051000, 0.7437813000)
(0.0322007300, 0.6690667000, 0.7425013000)
(0.0295795800, 0.6703192000, 0.7414669000)
(-0.0053358890, 0.6801535000, 0.7330384000)
(0.0092577140, 0.6766863000, 0.7362047000)
(0.0145142900, 0.6757047000, 0.7370258000)
(0.0150881900, 0.6759035000, 0.7368317000)
(0.0151956500, 0.6756293000, 0.7370797000)
(0.0151908700, 0.6754161000, 0.7372710000)
(0.0151418500, 0.6752365000, 0.7374265000)
(0.0155383000, 0.6748350000, 0.7377856000)
(0.0157005700, 0.6746010000, 0.7379993000)
(0.0163095700, 0.6740625000, 0.7384813000)
(0.0155094200, 0.6744618000, 0.7381427000)
(0.0140940600, 0.6750140000, 0.7376565000)
(0.0135822000, 0.6749744000, 0.7377097000)
(0.0103557200, 0.6747085000, 0.7380011000)
(0.0144683400, 0.6766305000, 0.7361647000)
(0.0292810600, 0.6742773000, 0.7378877000)
(-0.0248643700, 0.6795838000, 0.7331672000)
(-0.0260031300, 0.6796425000, 0.7330673000)
(-0.0248758700, 0.6796990000, 0.7330499000)
(-0.0254058100, 0.6806466000, 0.7321553000)
(-0.0252465600, 0.6806960000, 0.7321154000)
(0.0018631110, 0.6771662000, 0.7358110000)
(0.0089156680, 0.6755391000, 0.7372522000)
(0.0084281950, 0.6754040000, 0.7373850000)
(0.0082416340, 0.6758885000, 0.7369526000)
(0.0076091810, 0.6750593000, 0.7377229000)
(0.0059818720, 0.6749611000, 0.7378148000)
(0.0019606480, 0.6749154000, 0.7378825000)
(0.0015535530, 0.6747621000, 0.7380177000)
(0.0047919160, 0.6753865000, 0.7374290000)
(0.0086939940, 0.6733195000, 0.7392861000)
(0.0087261880, 0.6741750000, 0.7385002000)
(0.0052191460, 0.6744651000, 0.7382697000)
(0.0069054240, 0.6741620000, 0.7385336000)
(0.0283837100, 0.6708286000, 0.7410501000)
(0.0281928300, 0.6692386000, 0.7425110000)
(0.0281456600, 0.6704382000, 0.7414159000)
(0.0103874800, 0.6729335000, 0.7396234000)
(0.0084128750, 0.6734554000, 0.7391601000)
(0.0079826720, 0.6740993000, 0.7385807000)
(0.0227142300, 0.6724580000, 0.7397679000)
(0.0271054700, 0.6725234000, 0.7395635000)
(0.0271499200, 0.6726495000, 0.7394573000)
(0.0235455900, 0.6728479000, 0.7394035000)
(0.0035085160, 0.6750636000, 0.7377391000)
(-0.0260885600, 0.6860178000, 0.7271058000)
(-0.0239991500, 0.6862162000, 0.7269807000)
(-0.0224447300, 0.6773260000, 0.7353214000)
(-0.0295690900, 0.6841723000, 0.7287194000)
(-0.0255161900, 0.6780111000, 0.7345998000)
(0.0243971400, 0.6692646000, 0.7426187000)
(0.0241788800, 0.6684632000, 0.7433400000)
(0.0235177300, 0.6704615000, 0.7415560000)
(0.0181393200, 0.6717432000, 0.7405457000)
(-0.0244083800, 0.6803820000, 0.7324380000)
(-0.0238570400, 0.6809427000, 0.7319394000)
(-0.0245221500, 0.6805226000, 0.7323105000)
(-0.0229203400, 0.6805345000, 0.7323551000)
(0.0079164750, 0.6739843000, 0.7386830000)
(0.0076624180, 0.6738339000, 0.7388332000)
(0.0261475400, 0.6706562000, 0.7412869000)
(0.0260294000, 0.6697049000, 0.7421545000)
(0.0255492000, 0.6699846000, 0.7419352000)
(0.0054291590, 0.6729869000, 0.7396299000)
(0.0228700500, 0.6699632000, 0.7420363000)
(0.0265475500, 0.6684043000, 0.7433217000)
(0.0269070500, 0.6683556000, 0.7433428000)
(0.0242264400, 0.6694293000, 0.7424672000)
(0.0083424290, 0.6726034000, 0.7399393000)
(0.0087143780, 0.6724137000, 0.7401126000)
(0.0093709000, 0.6728252000, 0.7397254000)
(0.0092089220, 0.6718034000, 0.7406600000)
(0.0107096600, 0.6716488000, 0.7407906000)
(0.0104387000, 0.6718151000, 0.7406421000)
(0.0089534890, 0.6719541000, 0.7405192000)
(0.0087542660, 0.6723349000, 0.7401809000)
(0.0087278040, 0.6715324000, 0.7409177000)
(0.0094027360, 0.6708580000, 0.7415064000)
(0.0095979030, 0.6708803000, 0.7414866000)
(0.0093547490, 0.6702415000, 0.7420796000)
(0.0093798610, 0.6708345000, 0.7415283000)
(0.0098219320, 0.6711063000, 0.7412915000)
(0.0107859400, 0.6722705000, 0.7402180000)
(0.0268423300, 0.6661844000, 0.7452849000)
(0.0214411600, 0.6656196000, 0.7459650000)
(0.0246285900, 0.6635562000, 0.7477205000)
(0.0259764900, 0.6645392000, 0.7467903000)
(0.0264822100, 0.6645688000, 0.7467419000)
(0.0263658900, 0.6635941000, 0.7476162000)
(0.0128372400, 0.6672159000, 0.7447498000)
(0.0035682990, 0.6701896000, 0.7421754000)
(0.0040904400, 0.6703207000, 0.7420410000)
(0.0049636260, 0.6711082000, 0.7413259000)
(0.0074241900, 0.6703492000, 0.7420030000)
(0.0100905600, 0.6689076000, 0.7432735000)
(0.0111970000, 0.6685909000, 0.7435281000)
(0.0115572800, 0.6693988000, 0.7428093000)
(0.0082168590, 0.6701207000, 0.7421947000)
(0.0094383170, 0.6714410000, 0.7409858000)
(0.0100102900, 0.6710359000, 0.7413550000)
(0.0089596340, 0.6709648000, 0.7414293000)
(0.0102909600, 0.6706110000, 0.7417357000)
(0.0106180000, 0.6708767000, 0.7414805000)
(0.0076208670, 0.6713851000, 0.7410629000)
(0.0074834310, 0.6711662000, 0.7412528000)
(0.0089974220, 0.6709957000, 0.7413995000)
(0.0105637300, 0.6706415000, 0.7416908000)
(0.0081628950, 0.6707917000, 0.7415943000)
(0.0065194010, 0.6714934000, 0.7409784000)
(0.0066632380, 0.6714424000, 0.7410193000)
(0.0044639970, 0.6734974000, 0.7391674000)
(-0.0007184899, 0.6752328000, 0.7375885000)
(0.0009585379, 0.6747465000, 0.7380368000)
(0.0081059660, 0.6720361000, 0.7404616000)
(0.0082476860, 0.6714162000, 0.7410164000)
(0.0078144660, 0.6716622000, 0.7408144000)
(0.0084145970, 0.6713103000, 0.7411149000)
(0.0072260400, 0.6716222000, 0.7408450000)
(0.0091764810, 0.6714033000, 0.7410176000)
(0.0080773880, 0.6720911000, 0.7404150000)
(0.0093716170, 0.6724755000, 0.7400401000)
(0.0091439170, 0.6715379000, 0.7408987000)
(0.0069038240, 0.6722589000, 0.7402757000)
(0.0072835130, 0.6750536000, 0.7377241000)
(0.0038604350, 0.6768027000, 0.7361512000)
(-0.0012976530, 0.6787186000, 0.7343959000)
(-0.0125479000, 0.6800016000, 0.7331026000)
(-0.0145400400, 0.6801132000, 0.7329499000)
(-0.0262852700, 0.6837599000, 0.7292135000)
(-0.0279565900, 0.6842768000, 0.7286795000)
(-0.0221189800, 0.6823409000, 0.7306834000)
(0.0080843580, 0.6748858000, 0.7378590000)
(0.0085754250, 0.6739414000, 0.7387285000)
(0.0086873560, 0.6743193000, 0.7383727000)
(0.0089132480, 0.6744644000, 0.7382452000)
(0.0079603550, 0.6752434000, 0.7375395000)
(0.0093989840, 0.6746835000, 0.7380303000)
(0.0099996730, 0.6746180000, 0.7380945000)
(0.0100998600, 0.6744953000, 0.7382100000)
(0.0088192480, 0.6759024000, 0.7369195000)
(0.0099043950, 0.6741953000, 0.7384736000)
(0.0076869380, 0.6772347000, 0.7357213000)
(0.0066269160, 0.6774030000, 0.7355788000)
(0.0063145030, 0.6769289000, 0.7360010000)
(0.0078356360, 0.6761387000, 0.7367207000)
(0.0086762810, 0.6761857000, 0.7366652000)
(0.0101481200, 0.6759164000, 0.7368981000)
(0.0106109900, 0.6760911000, 0.7367284000)
(0.0098911020, 0.6752095000, 0.7375469000)
(0.0083576690, 0.6747421000, 0.7379954000)
(0.0077086810, 0.6749541000, 0.7378190000)
(0.0079684460, 0.6747422000, 0.7379904000)
(0.0086790980, 0.6741952000, 0.7384839000)
(0.0065708610, 0.6748736000, 0.7378998000)
(0.0059368320, 0.6746061000, 0.7381539000)
(0.0060947710, 0.6742759000, 0.7384496000)
(0.0058648670, 0.6744737000, 0.7382699000)
(0.0069461130, 0.6745322000, 0.7382113000)
(0.0071605180, 0.6754059000, 0.7373930000)
(0.0063024340, 0.6749659000, 0.7378144000)
(0.0063255190, 0.6741443000, 0.7385674000)
(0.0067309740, 0.6741440000, 0.7385527000)
(0.0064617810, 0.6740523000, 0.7386348000)
(0.0064362860, 0.6737641000, 0.7389089000)
(0.0071802680, 0.6736293000, 0.7390324000)
(0.0090313410, 0.6737324000, 0.7389174000)
(0.0084035730, 0.6739579000, 0.7387115000)
(0.0064627990, 0.6749187000, 0.7378592000)
(0.0060183170, 0.6748122000, 0.7379490000)
(0.0070036580, 0.6748912000, 0.7378656000)
(0.0071580610, 0.6748768000, 0.7378787000)
(0.0058130620, 0.6747028000, 0.7380652000)
(0.0051253870, 0.6761179000, 0.7367750000)
(0.0049900050, 0.6768864000, 0.7360685000)
(0.0053048870, 0.6790378000, 0.7340699000)
(-0.0249323600, 0.6865280000, 0.7266613000)
(-0.0299015900, 0.6874756000, 0.7255899000)
(-0.0264253600, 0.6873897000, 0.7257961000)
(0.0094213510, 0.6789595000, 0.7340965000)
(0.0087702410, 0.6781518000, 0.7348524000)
(0.0072730480, 0.6802740000, 0.7329068000)
(-0.0029389450, 0.6833395000, 0.7300798000)
(-0.0238154200, 0.6905194000, 0.7229109000)
(-0.0242257700, 0.6917870000, 0.7216915000)
(-0.0057561840, 0.6875526000, 0.7261042000)
(0.0041279860, 0.6875529000, 0.7261102000)
(0.0051794760, 0.6875950000, 0.7260739000)
(0.0030303350, 0.6877730000, 0.7259123000)
(0.0015606190, 0.6891403000, 0.7246153000)
(0.0061792560, 0.6908636000, 0.7229483000)
(0.0059764960, 0.6893395000, 0.7244130000)
(0.0064561480, 0.6899796000, 0.7237827000)
(-0.0080172370, 0.6822308000, 0.7310805000)
(-0.0242968600, 0.6884463000, 0.7248693000)
(-0.0265449500, 0.6904103000, 0.7229258000)
(-0.0243457900, 0.6866485000, 0.7265784000)
(-0.0118470500, 0.6803119000, 0.7328135000)
(-0.0201043600, 0.6805230000, 0.7324470000)
(-0.0240920400, 0.6817502000, 0.7311710000)
(-0.0230656200, 0.6826489000, 0.7303740000)
(-0.0138837000, 0.6815916000, 0.7315887000)
(0.0052351860, 0.6738074000, 0.7388813000)
(0.0116779100, 0.6736453000, 0.7389446000)
(0.0162561900, 0.6721773000, 0.7401991000)
(0.0146981500, 0.6737280000, 0.7388173000)
(0.0113288100, 0.6777277000, 0.7352184000)
(-0.0060786440, 0.6868485000, 0.7267578000)
(-0.0171646900, 0.6926094000, 0.7210957000)
(-0.0170703500, 0.6923835000, 0.7213235000)
(-0.0016803550, 0.6874032000, 0.7262596000)
(0.0058261970, 0.6852677000, 0.7282504000)
(-0.0022514090, 0.6753044000, 0.7375356000)
(-0.0109861200, 0.6820019000, 0.7312505000)
(-0.0073551820, 0.6785519000, 0.7345097000)
(0.0070945840, 0.6700401000, 0.7422820000)
(0.0052069760, 0.6671060000, 0.7449443000)
(0.0076540590, 0.6677656000, 0.7443162000)
(0.0023514870, 0.6722580000, 0.7402987000)
(0.0030270900, 0.6719305000, 0.7405957000)
(0.0054113080, 0.6705093000, 0.7418672000)
(0.0062552170, 0.6728663000, 0.7397305000)
(0.0045433440, 0.6758819000, 0.7369836000)
(0.0054540400, 0.6751878000, 0.7376097000)
(-0.0133864500, 0.6814063000, 0.7317818000)
(-0.0139254800, 0.6812997000, 0.7318709000)
(-0.0023791940, 0.6773741000, 0.7356246000)
(0.0089953650, 0.6733087000, 0.7393008000)
(0.0117832400, 0.6721957000, 0.7402596000)
(0.0097699430, 0.6735123000, 0.7391057000)
(0.0043984030, 0.6767528000, 0.7361861000)
(0.0042244940, 0.6772292000, 0.7357579000)
(0.0040945120, 0.6784694000, 0.7346088000)
(0.0041811390, 0.6794119000, 0.7337283000)
(0.0021850110, 0.6803152000, 0.7329075000)
(0.0021905220, 0.6805814000, 0.7326654000)
(0.0027830670, 0.6814330000, 0.7318667000)
(0.0015048850, 0.6824415000, 0.7309368000)
(-0.0015245410, 0.6841812000, 0.7292923000)
