1860.5250000000
1860.5410000000
1860.5590000000
1860.5780000000
1860.5900000000
1860.6120000000
1860.6340000000
1860.6570000000
1860.6780000000
1860.7000000000
1860.7240000000
1860.7450000000
1860.7670000000
1860.7900000000
1860.8110000000
1860.8340000000
1860.8570000000
1860.8780000000
1860.9010000000
1860.9230000000
1860.9450000000
1860.9670000000
1860.9900000000
1861.0110000000
1861.0340000000
1861.0560000000
1861.0780000000
1861.1000000000
1861.1230000000
1861.1450000000
1861.1560000000
1861.1780000000
1861.2010000000
1861.2230000000
1861.2450000000
1861.2670000000
1861.2900000000
1861.3120000000
1861.3330000000
1861.3570000000
1861.3780000000
1861.4010000000
1861.4230000000
1861.4450000000
1861.4670000000
1861.4900000000
1861.5110000000
1861.5340000000
1861.5560000000
1861.5780000000
1861.6000000000
1861.6230000000
1861.6450000000
1861.6670000000
1861.6900000000
1861.7120000000
1861.7340000000
1861.7560000000
1861.7780000000
1861.8000000000
1861.8230000000
1861.8440000000
1861.8670000000
1861.8890000000
1861.9110000000
1861.9330000000
1861.9570000000
1861.9780000000
1862.0000000000
1862.0230000000
1862.0440000000
1862.0670000000
1862.0890000000
1862.1110000000
1862.1330000000
1862.1440000000
1862.1670000000
1862.1890000000
1862.2110000000
1862.2330000000
1862.2560000000
1862.2780000000
1862.3010000000
1862.3230000000
1862.3450000000
1862.3670000000
1862.3890000000
1862.4110000000
1862.4330000000
1862.4560000000
1862.4780000000
1862.5000000000
1862.5230000000
1862.5440000000
1862.5670000000
1862.5890000000
1862.6110000000
1862.6330000000
1862.6560000000
1862.6770000000
1862.7000000000
1862.7220000000
1862.7450000000
1862.7660000000
1862.7880000000
1862.8110000000
1862.8330000000
1862.8560000000
1862.8780000000
1862.9000000000
1862.9230000000
1862.9440000000
1862.9660000000
1862.9890000000
1863.0110000000
1863.0330000000
1863.0560000000
1863.0770000000
1863.1000000000
1863.1230000000
1863.1440000000
1863.1560000000
1863.1770000000
1863.1990000000
1863.2230000000
1863.2440000000
1863.2660000000
1863.2890000000
1863.3100000000
1863.3330000000
1863.3560000000
1863.3770000000
1863.3990000000
1863.4230000000
1863.4440000000
1863.4660000000
1863.4890000000
1863.5100000000
1863.5330000000
1863.5560000000
1863.5770000000
1863.5990000000
1863.6230000000
1863.6440000000
1863.6660000000
1863.6890000000
1863.7100000000
1863.7330000000
1863.7560000000
1863.7770000000
1863.7990000000
1863.8220000000
1863.8430000000
1863.8660000000
1863.8890000000
1863.9110000000
1863.9320000000
1863.9550000000
1863.9770000000
1863.9990000000
1864.0220000000
1864.0440000000
1864.0660000000
1864.0890000000
1864.1110000000
1864.1320000000
1864.1430000000
1864.1660000000
1864.1890000000
1864.2100000000
1864.2320000000
1864.2550000000
1864.2760000000
1864.2990000000
1864.3220000000
1864.3430000000
1864.3650000000
1864.3890000000
1864.4100000000
1864.4320000000
1864.4550000000
1864.4760000000
1864.4990000000
1864.5220000000
1864.5430000000
1864.5650000000
1864.5890000000
1864.6100000000
1864.6320000000
1864.6550000000
1864.6760000000
1864.6990000000
1864.7220000000
1864.7430000000
1864.7660000000
1864.7880000000
1864.8100000000
1864.8320000000
1864.8550000000
1864.8770000000
1864.8990000000
1864.9210000000
1864.9430000000
1864.9650000000
1864.9880000000
1865.0100000000
1865.0320000000
1865.0550000000
1865.0760000000
1865.0980000000
1865.1220000000
1865.1430000000
1865.1550000000
1865.1760000000
1865.1990000000
1865.2220000000
1865.2430000000
1865.2650000000
1865.2870000000
1865.3100000000
1865.3320000000
1865.3550000000
1865.3760000000
1865.3990000000
1865.4220000000
1865.4430000000
1865.4650000000
1865.4880000000
1865.5100000000
1865.5320000000
1865.5540000000
1865.5760000000
1865.5980000000
1865.6210000000
1865.6430000000
1865.6650000000
1865.6880000000
1865.7100000000
1865.7320000000
1865.7550000000
1865.7760000000
1865.7980000000
1865.8220000000
1865.8430000000
1865.8650000000
1865.8880000000
1865.9090000000
1865.9320000000
1865.9550000000
1865.9760000000
1865.9980000000
1866.0220000000
1866.0420000000
1866.0650000000
1866.0880000000
1866.1090000000
1866.1310000000
1866.1420000000
1866.1650000000
1866.1890000000
1866.2090000000
1866.2320000000
1866.2540000000
1866.2760000000
1866.2980000000
1866.3210000000
1866.3430000000
1866.3650000000
1866.3870000000
1866.4090000000
1866.4310000000
1866.4530000000
1866.4760000000
1866.4980000000
1866.5200000000
1866.5420000000
1866.5650000000
1866.5880000000
1866.6090000000
1866.6310000000
1866.6530000000
1866.6760000000
1866.6980000000
1866.7200000000
1866.7420000000
1866.7650000000
1866.7870000000
1866.8090000000
1866.8310000000
1866.8530000000
1866.8750000000
1866.8980000000
1866.9200000000
1866.9420000000
1866.9640000000
1866.9860000000
1867.0090000000
1867.0310000000
1867.0530000000
1867.0750000000
1867.0970000000
1867.1200000000
1867.1420000000
1867.1530000000
1867.1750000000
1867.1980000000
1867.2200000000
1867.2420000000
1867.2640000000
1867.2860000000
1867.3080000000
1867.3310000000
1867.3530000000
1867.3750000000
1867.3970000000
1867.4200000000
1867.4420000000
1867.4640000000
1867.4860000000
1867.5090000000
1867.5310000000
1867.5530000000
1867.5750000000
1867.5970000000
1867.6200000000
1867.6420000000
1867.6640000000
1867.6860000000
1867.7080000000
1867.7300000000
1867.7530000000
1867.7750000000
1867.7970000000
1867.8190000000
1867.8420000000
1867.8640000000
1867.8860000000
1867.9080000000
1867.9300000000
1867.9530000000
1867.9750000000
1867.9970000000
1868.0200000000
1868.0420000000
1868.0640000000
1868.0860000000
1868.1080000000
1868.1300000000
1868.1410000000
1868.1630000000
1868.1860000000
1868.2080000000
1868.2300000000
1868.2530000000
1868.2750000000
1868.2970000000
1868.3190000000
1868.3410000000
1868.3640000000
1868.3860000000
1868.4080000000
1868.4300000000
1868.4530000000
1868.4750000000
1868.4970000000
1868.5190000000
1868.5410000000
1868.5630000000
1868.5860000000
1868.6080000000
1868.6300000000
1868.6520000000
1868.6750000000
1868.6970000000
1868.7190000000
1868.7410000000
1868.7630000000
1868.7860000000
1868.8080000000
1868.8300000000
1868.8520000000
1868.8740000000
1868.8970000000
1868.9190000000
1868.9410000000
1868.9630000000
1868.9850000000
1869.0080000000
1869.0300000000
1869.0520000000
1869.0740000000
1869.0970000000
1869.1200000000
1869.1410000000
1869.1520000000
1869.1740000000
1869.1960000000
1869.2190000000
1869.2410000000
1869.2630000000
1869.2860000000
1869.3080000000
1869.3300000000
1869.3520000000
1869.3740000000
1869.3960000000
1869.4180000000
1869.4410000000
1869.4630000000
1869.4850000000
1869.5070000000
1869.5300000000
1869.5520000000
1869.5740000000
1869.5960000000
1869.6190000000
1869.6410000000
1869.6630000000
1869.6850000000
1869.7070000000
1869.7290000000
1869.7520000000
1869.7740000000
1869.7960000000
1869.8180000000
1869.8410000000
1869.8630000000
1869.8850000000
1869.9070000000
1869.9300000000
1869.9520000000
1869.9740000000
1869.9960000000
1870.0180000000
1870.0410000000
1870.0630000000
1870.0850000000
1870.1070000000
1870.1290000000
1870.1400000000
1870.1620000000
1870.1850000000
1870.2070000000
1870.2300000000
1870.2510000000
1870.2740000000
1870.2960000000
1870.3180000000
1870.3400000000
1870.3620000000
1870.3850000000
1870.4070000000
1870.4290000000
1870.4520000000
1870.4730000000
1870.4960000000
1870.5180000000
1870.5400000000
1870.5620000000
1870.5850000000
1870.6070000000
1870.6290000000
1870.6510000000
1870.6740000000
1870.6960000000
1870.7180000000
1870.7400000000
1870.7620000000
1870.7850000000
1870.8070000000
1870.8290000000
1870.8510000000
1870.8740000000
1870.8960000000
1870.9180000000
1870.9400000000
1870.9620000000
1870.9840000000
1871.0070000000
1871.0290000000
1871.0510000000
1871.0730000000
1871.0950000000
1871.1170000000
1871.1290000000
1871.1510000000
1871.1730000000
1871.1960000000
1871.2180000000
1871.2400000000
1871.2500000000
1871.2730000000
1871.2960000000
1871.3180000000
1871.3400000000
1871.3620000000
1871.3840000000
1871.4070000000
1871.4300000000
1871.4510000000
1871.4730000000
1871.4960000000
1871.5170000000
1871.5400000000
1871.5620000000
1871.5840000000
1871.6060000000
1871.6290000000
1871.6510000000
1871.6730000000
1871.6950000000
1871.7170000000
1871.7390000000
1871.7610000000
1871.7720000000
1871.7840000000
1871.8060000000
1871.8280000000
1871.8510000000
1871.8730000000
1871.8960000000
1871.9170000000
1871.9390000000
1871.9620000000
1871.9840000000
1872.0060000000
1872.0290000000
1872.0500000000
1872.0720000000
1872.0950000000
1872.1170000000
1872.1390000000
1872.1620000000
1872.1840000000
1872.2060000000
1872.2290000000
1872.2510000000
1872.2720000000
1872.2950000000
1872.3170000000
1872.3390000000
1872.3620000000
1872.3830000000
1872.4060000000
1872.4290000000
1872.4500000000
1872.4720000000
1872.4950000000
1872.5170000000
1872.5390000000
1872.5620000000
1872.5830000000
1872.6060000000
1872.6290000000
1872.6500000000
1872.6720000000
1872.6950000000
1872.7170000000
1872.7390000000
1872.7620000000
1872.7830000000
1872.7950000000
1872.8170000000
1872.8390000000
1872.8620000000
1872.8830000000
1872.9060000000
1872.9290000000
1872.9500000000
1872.9720000000
1872.9950000000
1873.0160000000
1873.0390000000
1873.0620000000
1873.0830000000
1873.1050000000
1873.1290000000
1873.1500000000
1873.1720000000
1873.1950000000
1873.2160000000
1873.2390000000
1873.2620000000
1873.2830000000
1873.3050000000
1873.3280000000
1873.3500000000
1873.3720000000
1873.3950000000
1873.4170000000
1873.4390000000
1873.4620000000
1873.4830000000
1873.5050000000
1873.5280000000
1873.5500000000
1873.5720000000
1873.5830000000
1873.5950000000
1873.6160000000
1873.6380000000
1873.6500000000
1873.6720000000
1873.6940000000
1873.7160000000
1873.7270000000
1873.7490000000
1873.7710000000
1873.7820000000
1873.7940000000
1873.8160000000
1873.8280000000
1873.8490000000
1873.8620000000
1873.8820000000
1873.8940000000
1873.9160000000
1873.9280000000
1873.9490000000
1873.9610000000
1873.9830000000
1874.0050000000
1874.0280000000
1874.0500000000
1874.0720000000
1874.0940000000
1874.1170000000
1874.1380000000
1874.1610000000
1874.1830000000
1874.2050000000
1874.2280000000
1874.2490000000
1874.2710000000
1874.2940000000
1874.3160000000
1874.3380000000
1874.3610000000
1874.3830000000
1874.4050000000
1874.4280000000
1874.4490000000
1874.4710000000
1874.4940000000
1874.5160000000
1874.5380000000
1874.5610000000
1874.5830000000
1874.6050000000
1874.6280000000
1874.6490000000
1874.6720000000
1874.6940000000
1874.7160000000
1874.7380000000
1874.7610000000
1874.7820000000
1874.8050000000
1874.8280000000
1874.8490000000
1874.8710000000
1874.8940000000
1874.9160000000
1874.9380000000
1874.9610000000
1874.9820000000
1874.9940000000
1875.0160000000
1875.0380000000
1875.0610000000
1875.0830000000
1875.1040000000
1875.1280000000
1875.1490000000
1875.1710000000
1875.1940000000
1875.2160000000
1875.2390000000
1875.2610000000
1875.2820000000
1875.3050000000
1875.3280000000
1875.3490000000
1875.3710000000
1875.3940000000
1875.4150000000
1875.4380000000
1875.4600000000
1875.4820000000
1875.5040000000
1875.5270000000
1875.5490000000
1875.5710000000
1875.5940000000
1875.6160000000
1875.6380000000
1875.6610000000
1875.6820000000
1875.7040000000
1875.7270000000
1875.7490000000
1875.7710000000
1875.7930000000
1875.8150000000
1875.8380000000
1875.8600000000
1875.8820000000
1875.9040000000
1875.9280000000
1875.9480000000
1875.9600000000
1875.9820000000
1876.0040000000
1876.0260000000
1876.0480000000
1876.0710000000
1876.0930000000
1876.1150000000
1876.1380000000
1876.1600000000
1876.1820000000
1876.2040000000
1876.2270000000
1876.2490000000
1876.2710000000
1876.2930000000
1876.3150000000
1876.3380000000
1876.3600000000
1876.3820000000
1876.4040000000
1876.4260000000
1876.4490000000
1876.4710000000
1876.4930000000
1876.5150000000
1876.5380000000
1876.5600000000
1876.5820000000
1876.6040000000
1876.6270000000
1876.6480000000
1876.6720000000
1876.6930000000
1876.7150000000
1876.7380000000
1876.7600000000
1876.7810000000
1876.8040000000
1876.8260000000
1876.8480000000
1876.8710000000
1876.8920000000
1876.9150000000
1876.9370000000
1876.9590000000
1876.9710000000
1876.9930000000
1877.0150000000
1877.0370000000
1877.0590000000
1877.0810000000
1877.1040000000
1877.1260000000
1877.1480000000
1877.1710000000
1877.1920000000
1877.2150000000
1877.2370000000
1877.2590000000
1877.2810000000
1877.3040000000
1877.3260000000
1877.3480000000
1877.3700000000
1877.3920000000
1877.4140000000
1877.4370000000
1877.4590000000
1877.4810000000
1877.5040000000
1877.5260000000
1877.5480000000
1877.5710000000
1877.5930000000
1877.6150000000
1877.6370000000
1877.6590000000
1877.6810000000
1877.7040000000
1877.7260000000
1877.7480000000
1877.7700000000
1877.7920000000
1877.8140000000
1877.8370000000
1877.8590000000
1877.8810000000
1877.9040000000
1877.9250000000
1877.9480000000
1877.9700000000
1877.9920000000
1878.0040000000
1878.0260000000
1878.0480000000
1878.0700000000
1878.0920000000
1878.1140000000
1878.1370000000
1878.1580000000
1878.1810000000
1878.2040000000
1878.2250000000
1878.2480000000
1878.2700000000
1878.2920000000
1878.3140000000
1878.3370000000
1878.3590000000
1878.3810000000
1878.4040000000
1878.4250000000
1878.4480000000
1878.4700000000
1878.4920000000
1878.5140000000
1878.5370000000
1878.5590000000
1878.5800000000
1878.6030000000
1878.6250000000
1878.6470000000
1878.6710000000
1878.6920000000
1878.7140000000
1878.7360000000
1878.7580000000
1878.7810000000
1878.8030000000
1878.8250000000
1878.8470000000
1878.8690000000
1878.8920000000
1878.9140000000
1878.9360000000
1878.9580000000
1878.9800000000
1878.9910000000
1879.0140000000
1879.0360000000
1879.0580000000
1879.0800000000
1879.1030000000
1879.1250000000
1879.1470000000
1879.1690000000
1879.1920000000
1879.2140000000
1879.2360000000
1879.2580000000
1879.2800000000
1879.3020000000
1879.3250000000
1879.3470000000
1879.3690000000
1879.3910000000
1879.4140000000
1879.4360000000
1879.4580000000
1879.4800000000
1879.5020000000
1879.5250000000
1879.5470000000
1879.5690000000
1879.5920000000
1879.6130000000
1879.6350000000
1879.6580000000
1879.6800000000
1879.7020000000
1879.7240000000
1879.7470000000
1879.7690000000
1879.7910000000
1879.8130000000
1879.8350000000
1879.8580000000
1879.8800000000
1879.9020000000
1879.9240000000
1879.9470000000
1879.9690000000
1879.9800000000
1880.0020000000
1880.0240000000
1880.0470000000
1880.0690000000
1880.0910000000
1880.1130000000
1880.1350000000
1880.1580000000
1880.1800000000
1880.2020000000
1880.2240000000
1880.2470000000
1880.2690000000
1880.2910000000
1880.3130000000
1880.3350000000
1880.3580000000
1880.3800000000
1880.4020000000
1880.4240000000
1880.4470000000
1880.4690000000
1880.4910000000
1880.5130000000
1880.5350000000
1880.5580000000
1880.5800000000
1880.6020000000
1880.6240000000
1880.6460000000
1880.6680000000
1880.6910000000
1880.7130000000
1880.7350000000
1880.7570000000
1880.7800000000
1880.8020000000
1880.8240000000
1880.8470000000
1880.8680000000
1880.8900000000
1880.9130000000
1880.9350000000
1880.9580000000
1880.9790000000
1880.9900000000
1881.0130000000
1881.0350000000
1881.0570000000
1881.0790000000
1881.1020000000
1881.1240000000
1881.1460000000
1881.1680000000
1881.1900000000
1881.2130000000
1881.2350000000
1881.2570000000
1881.2800000000
1881.3020000000
1881.3240000000
1881.3460000000
1881.3690000000
1881.3900000000
1881.4130000000
1881.4350000000
1881.4570000000
1881.4790000000
1881.5020000000
1881.5240000000
1881.5460000000
1881.5680000000
1881.5900000000
1881.6130000000
1881.6350000000
1881.6570000000
1881.6790000000
1881.7010000000
1881.7240000000
1881.7460000000
1881.7680000000
1881.7900000000
1881.8120000000
1881.8340000000
1881.8570000000
1881.8790000000
1881.9010000000
1881.9230000000
1881.9450000000
1881.9680000000
1881.9790000000
1882.0010000000
1882.0230000000
1882.0460000000
1882.0680000000
1882.0900000000
1882.1120000000
1882.1340000000
1882.1570000000
1882.1790000000
1882.2010000000
1882.2230000000
1882.2450000000
1882.2670000000
1882.2900000000
1882.3120000000
1882.3340000000
1882.3560000000
1882.3790000000
1882.4010000000
1882.4230000000
1882.4450000000
1882.4670000000
1882.4900000000
1882.5120000000
1882.5340000000
1882.5570000000
1882.5790000000
1882.6010000000
1882.6230000000
1882.6450000000
1882.6670000000
1882.6900000000
1882.7120000000
1882.7340000000
1882.7570000000
1882.7780000000
1882.8010000000
1882.8230000000
1882.8450000000
1882.8670000000
1882.8890000000
1882.9120000000
1882.9340000000
1882.9560000000
1882.9790000000
1882.9890000000
1883.0120000000
1883.0340000000
1883.0560000000
1883.0780000000
1883.1010000000
1883.1230000000
1883.1450000000
1883.1680000000
1883.1890000000
1883.2120000000
1883.2340000000
1883.2560000000
1883.2780000000
1883.3000000000
1883.3230000000
1883.3450000000
1883.3670000000
1883.3890000000
1883.4110000000
1883.4340000000
1883.4560000000
1883.4780000000
1883.5000000000
1883.5220000000
1883.5450000000
1883.5670000000
1883.5890000000
1883.6110000000
1883.6340000000
1883.6560000000
1883.6780000000
1883.7000000000
1883.7220000000
1883.7440000000
1883.7670000000
1883.7890000000
1883.8110000000
1883.8330000000
1883.8550000000
1883.8780000000
1883.9000000000
1883.9220000000
1883.9440000000
1883.9550000000
1883.9780000000
1884.0000000000
1884.0220000000
1884.0440000000
1884.0550000000
1884.0770000000
1884.0880000000
1884.1000000000
1884.1220000000
1884.1440000000
1884.1670000000
1884.1880000000
1884.2110000000
1884.2340000000
1884.2550000000
1884.2770000000
1884.2880000000
1884.3000000000
1884.3220000000
1884.3440000000
1884.3670000000
1884.3890000000
1884.4110000000
1884.4330000000
1884.4550000000
1884.4770000000
1884.5000000000
1884.5220000000
1884.5440000000
1884.5670000000
1884.5880000000
1884.6110000000
1884.6330000000
1884.6550000000
1884.6770000000
1884.7000000000
1884.7220000000
1884.7440000000
1884.7670000000
1884.7880000000
1884.8100000000
1884.8340000000
1884.8550000000
1884.8770000000
1884.9000000000
1884.9220000000
1884.9440000000
1884.9670000000
1884.9890000000
1885.0110000000
1885.0330000000
1885.0550000000
1885.0770000000
1885.1000000000
1885.1220000000
1885.1440000000
1885.1670000000
1885.1880000000
1885.2110000000
1885.2330000000
1885.2550000000
1885.2770000000
1885.2880000000
1885.3100000000
1885.3330000000
1885.3550000000
1885.3770000000
1885.4000000000
1885.4220000000
1885.4440000000
1885.4670000000
1885.4880000000
1885.5110000000
1885.5330000000
1885.5550000000
1885.5770000000
1885.6000000000
1885.6210000000
1885.6440000000
1885.6670000000
1885.6880000000
1885.7100000000
1885.7330000000
1885.7550000000
1885.7770000000
1885.8000000000
1885.8220000000
1885.8440000000
1885.8670000000
1885.8880000000
1885.9100000000
1885.9330000000
1885.9550000000
1885.9770000000
1885.9990000000
1886.0220000000
1886.0440000000
1886.0660000000
1886.0880000000
1886.1100000000
1886.1330000000
1886.1550000000
1886.1770000000
1886.2000000000
1886.2220000000
1886.2430000000
1886.2670000000
1886.2880000000
1886.3100000000
1886.3210000000
1886.3440000000
1886.3660000000
1886.3880000000
1886.4100000000
1886.4330000000
1886.4540000000
1886.4770000000
1886.5000000000
1886.5220000000
1886.5430000000
1886.5660000000
1886.5880000000
1886.6100000000
1886.6320000000
1886.6550000000
1886.6760000000
1886.6990000000
1886.7210000000
1886.7430000000
1886.7660000000
1886.7870000000
1886.8090000000
1886.8330000000
1886.8540000000
1886.8770000000
1886.8990000000
1886.9210000000
1886.9430000000
1886.9660000000
1886.9870000000
1887.0100000000
1887.0330000000
1887.0540000000
1887.0760000000
1887.0990000000
1887.1200000000
1887.1430000000
1887.1660000000
1887.1870000000
1887.2100000000
1887.2330000000
1887.2540000000
1887.2760000000
1887.2990000000
1887.3210000000
1887.3330000000
1887.3540000000
1887.3760000000
1887.3990000000
1887.4210000000
1887.4430000000
1887.4660000000
1887.4870000000
1887.5090000000
1887.5320000000
1887.5540000000
1887.5770000000
1887.5990000000
1887.6200000000
1887.6430000000
1887.6660000000
1887.6870000000
1887.7100000000
1887.7320000000
1887.7540000000
1887.7760000000
1887.7990000000
1887.8200000000
1887.8420000000
1887.8660000000
1887.8870000000
1887.9090000000
1887.9320000000
1887.9540000000
1887.9760000000
1887.9980000000
1888.0200000000
1888.0420000000
1888.0650000000
1888.0870000000
1888.1090000000
1888.1320000000
1888.1530000000
1888.1760000000
1888.1980000000
1888.2200000000
1888.2420000000
1888.2650000000
1888.2870000000
1888.3090000000
1888.3200000000
1888.3420000000
1888.3650000000
1888.3870000000
1888.4100000000
1888.4310000000
1888.4530000000
1888.4760000000
1888.4990000000
1888.5200000000
1888.5420000000
1888.5640000000
1888.5870000000
1888.6090000000
1888.6320000000
1888.6540000000
1888.6760000000
1888.6980000000
1888.7210000000
1888.7420000000
1888.7640000000
1888.7870000000
1888.8090000000
1888.8310000000
1888.8530000000
1888.8750000000
1888.8980000000
1888.9200000000
1888.9420000000
1888.9640000000
1888.9870000000
1889.0090000000
1889.0310000000
1889.0540000000
1889.0760000000
1889.0980000000
1889.1210000000
1889.1420000000
1889.1640000000
1889.1870000000
1889.2080000000
1889.2310000000
1889.2540000000
1889.2760000000
1889.2970000000
1889.3080000000
1889.3310000000
1889.3530000000
1889.3750000000
1889.3970000000
1889.4200000000
1889.4420000000
1889.4640000000
1889.4870000000
1889.5080000000
1889.5310000000
1889.5540000000
1889.5750000000
1889.5980000000
1889.6200000000
1889.6420000000
1889.6640000000
1889.6870000000
1889.7080000000
1889.7310000000
1889.7540000000
1889.7750000000
1889.7970000000
1889.8200000000
1889.8420000000
1889.8650000000
1889.8870000000
1889.9080000000
1889.9300000000
1889.9530000000
1889.9750000000
1889.9970000000
1890.0200000000
1890.0410000000
1890.0640000000
1890.0870000000
1890.1080000000
1890.1300000000
1890.1530000000
1890.1750000000
1890.1970000000
1890.2200000000
1890.2410000000
1890.2640000000
1890.2860000000
1890.3080000000
1890.3200000000
1890.3410000000
1890.3630000000
1890.3870000000
1890.4080000000
1890.4300000000
1890.4530000000
1890.4750000000
1890.4970000000
1890.5200000000
1890.5410000000
1890.5630000000
1890.5870000000
1890.6080000000
1890.6300000000
1890.6530000000
1890.6750000000
1890.6970000000
1890.7190000000
1890.7410000000
1890.7630000000
1890.7860000000
1890.8080000000
1890.8300000000
1890.8530000000
1890.8750000000
1890.8970000000
1890.9190000000
1890.9410000000
1890.9630000000
1890.9850000000
1891.0080000000
1891.0300000000
1891.0520000000
1891.0750000000
1891.0960000000
1891.1190000000
1891.1410000000
1891.1630000000
1891.1850000000
1891.2080000000
1891.2300000000
1891.2520000000
1891.2750000000
1891.2970000000
1891.3190000000
1891.3300000000
1891.3520000000
1891.3750000000
1891.3970000000
1891.4190000000
1891.4410000000
1891.4630000000
1891.4850000000
1891.5080000000
1891.5300000000
1891.5520000000
1891.5740000000
1891.5960000000
1891.6190000000
1891.6410000000
1891.6630000000
1891.6850000000
1891.7070000000
1891.7300000000
1891.7520000000
1891.7740000000
1891.7960000000
1891.8180000000
1891.8410000000
1891.8630000000
1891.8850000000
1891.9070000000
1891.9300000000
1891.9520000000
1891.9740000000
1891.9960000000
1892.0180000000
1892.0410000000
1892.0630000000
1892.0850000000
1892.1080000000
1892.1300000000
1892.1510000000
1892.1730000000
1892.1960000000
1892.2180000000
1892.2410000000
1892.2630000000
1892.2850000000
1892.3070000000
1892.3180000000
1892.3400000000
1892.3630000000
1892.3850000000
1892.4070000000
1892.4290000000
1892.4510000000
1892.4740000000
1892.4960000000
1892.5180000000
1892.5400000000
1892.5620000000
1892.5850000000
1892.6070000000
1892.6290000000
1892.6510000000
1892.6730000000
1892.6960000000
1892.7180000000
1892.7400000000
1892.7620000000
1892.7850000000
1892.8070000000
1892.8290000000
1892.8510000000
1892.8730000000
1892.8960000000
1892.9180000000
1892.9400000000
1892.9620000000
1892.9840000000
1893.0070000000
1893.0290000000
1893.0510000000
1893.0730000000
1893.0960000000
1893.1180000000
1893.1400000000
1893.1620000000
1893.1850000000
1893.2070000000
1893.2290000000
1893.2510000000
1893.2730000000
1893.2960000000
1893.3180000000
1893.3290000000
1893.3510000000
1893.3730000000
1893.3960000000
1893.4170000000
1893.4400000000
1893.4620000000
1893.4840000000
1893.5070000000
1893.5290000000
1893.5510000000
1893.5730000000
1893.5950000000
1893.6170000000
1893.6400000000
1893.6620000000
1893.6840000000
1893.7060000000
1893.7290000000
1893.7510000000
1893.7730000000
1893.7950000000
1893.8170000000
1893.8400000000
1893.8620000000
1893.8850000000
1893.9060000000
1893.9280000000
1893.9510000000
1893.9730000000
1893.9950000000
1894.0170000000
1894.0390000000
1894.0620000000
1894.0840000000
1894.1060000000
1894.1280000000
1894.1510000000
1894.1730000000
1894.1950000000
1894.2180000000
1894.2390000000
1894.2620000000
1894.2850000000
1894.3060000000
1894.3280000000
1894.3390000000
1894.3610000000
1894.3840000000
1894.4060000000
1894.4280000000
1894.4500000000
1894.4730000000
1894.4950000000
1894.5170000000
1894.5390000000
1894.5610000000
1894.5840000000
1894.6060000000
1894.6280000000
1894.6500000000
1894.6720000000
1894.6950000000
1894.7170000000
1894.7390000000
1894.7610000000
1894.7840000000
1894.8060000000
1894.8280000000
1894.8500000000
1894.8730000000
1894.8940000000
1894.9170000000
1894.9390000000
1894.9610000000
1894.9830000000
1895.0060000000
1895.0280000000
1895.0500000000
1895.0720000000
1895.0940000000
1895.1170000000
1895.1390000000
1895.1610000000
1895.1830000000
1895.2060000000
1895.2280000000
1895.2500000000
1895.2730000000
1895.2940000000
1895.3160000000
1895.3270000000
1895.3390000000
1895.3610000000
1895.3830000000
1895.4050000000
1895.4280000000
1895.4490000000
1895.4720000000
1895.4940000000
1895.5160000000
1895.5390000000
1895.5610000000
1895.5720000000
1895.5940000000
1895.6160000000
1895.6390000000
1895.6600000000
1895.6830000000
1895.7060000000
1895.7270000000
1895.7490000000
1895.7720000000
1895.7940000000
1895.8160000000
1895.8390000000
1895.8600000000
1895.8830000000
1895.9060000000
1895.9270000000
1895.9500000000
1895.9720000000
1895.9940000000
1896.0160000000
1896.0390000000
1896.0600000000
1896.0830000000
1896.1050000000
1896.1270000000
1896.1490000000
1896.1720000000
1896.1940000000
1896.2160000000
1896.2390000000
1896.2600000000
1896.2830000000
1896.3060000000
1896.3270000000
1896.3500000000
1896.3730000000
1896.3940000000
1896.4160000000
1896.4390000000
1896.4600000000
1896.4830000000
1896.5050000000
1896.5270000000
1896.5490000000
1896.5600000000
1896.5720000000
1896.5930000000
1896.6150000000
1896.6270000000
1896.6390000000
1896.6600000000
1896.6820000000
1896.7050000000
1896.7270000000
1896.7490000000
1896.7720000000
1896.7930000000
1896.8160000000
1896.8380000000
1896.8600000000
1896.8820000000
1896.9050000000
1896.9270000000
1896.9490000000
1896.9720000000
1896.9940000000
1897.0160000000
1897.0390000000
1897.0600000000
1897.0820000000
1897.1050000000
1897.1270000000
1897.1490000000
1897.1720000000
1897.1930000000
1897.2160000000
1897.2390000000
1897.2600000000
1897.2820000000
1897.3050000000
1897.3270000000
1897.3490000000
1897.3720000000
1897.3940000000
1897.4160000000
1897.4390000000
1897.4600000000
1897.4820000000
1897.5050000000
1897.5270000000
1897.5490000000
1897.5720000000
1897.5940000000
1897.6150000000
1897.6380000000
1897.6600000000
1897.6720000000
1897.6940000000
1897.7150000000
1897.7380000000
1897.7600000000
1897.7820000000
1897.8050000000
1897.8260000000
1897.8490000000
1897.8720000000
1897.8930000000
1897.9150000000
1897.9380000000
1897.9590000000
1897.9820000000
1898.0050000000
1898.0260000000
1898.0480000000
1898.0720000000
1898.0930000000
1898.1150000000
1898.1380000000
1898.1590000000
1898.1820000000
1898.2050000000
1898.2260000000
1898.2480000000
1898.2710000000
1898.2940000000
1898.3150000000
1898.3380000000
1898.3590000000
1898.3820000000
1898.4050000000
1898.4260000000
1898.4480000000
1898.4710000000
1898.4930000000
1898.5150000000
1898.5380000000
1898.5590000000
1898.5820000000
1898.6040000000
1898.6260000000
1898.6480000000
1898.6590000000
1898.6820000000
1898.7050000000
1898.7260000000
1898.7480000000
1898.7710000000
1898.7930000000
1898.8150000000
1898.8380000000
1898.8590000000
1898.8810000000
1898.9040000000
1898.9260000000
1898.9480000000
1898.9710000000
1898.9930000000
1899.0150000000
1899.0370000000
1899.0590000000
1899.0810000000
1899.1040000000
1899.1260000000
1899.1480000000
1899.1710000000
1899.1930000000
1899.2150000000
1899.2370000000
1899.2590000000
1899.2810000000
1899.3040000000
1899.3260000000
1899.3480000000
1899.3710000000
1899.3920000000
1899.4150000000
1899.4370000000
1899.4590000000
1899.4810000000
1899.5040000000
1899.5260000000
1899.5480000000
1899.5700000000
1899.5930000000
1899.6150000000
1899.6370000000
1899.6480000000
1899.6700000000
1899.6920000000
1899.7140000000
1899.7370000000
1899.7590000000
1899.7810000000
1899.8030000000
1899.8260000000
1899.8480000000
1899.8700000000
1899.8920000000
1899.9140000000
1899.9370000000
1899.9590000000
1899.9810000000
1900.0030000000
1900.0250000000
1900.0480000000
1900.0700000000
1900.0920000000
1900.1140000000
1900.1360000000
1900.1590000000
1900.1810000000
1900.2030000000
