(-0.6689868000, -0.6238188000, 0.4041087000)
(-0.6715828000, -0.6228675000, 0.4012245000)
(-0.6690063000, -0.6248628000, 0.4024356000)
(-0.6695982000, -0.6244774000, 0.4020582000)
(-0.6701254000, -0.6239190000, 0.4020539000)
(-0.6703552000, -0.6237979000, 0.4018380000)
(-0.5993752000, -0.6764770000, 0.4279237000)
(-0.5464131000, -0.7230341000, 0.4226574000)
(-0.5118873000, -0.7545217000, 0.4106688000)
(-0.5108305000, -0.7556169000, 0.4099833000)
(-0.5130697000, -0.7550563000, 0.4081930000)
(-0.5104487000, -0.7530623000, 0.4151082000)
(-0.5210181000, -0.7450724000, 0.4164062000)
(-0.5168236000, -0.7462980000, 0.4194219000)
(-0.5167562000, -0.7446233000, 0.4224863000)
(-0.5150740000, -0.7419094000, 0.4292568000)
(-0.5164358000, -0.7394109000, 0.4319259000)
(-0.5205438000, -0.7384042000, 0.4286832000)
(-0.5233737000, -0.7365324000, 0.4284706000)
(-0.5233822000, -0.7368401000, 0.4279212000)
(-0.5231982000, -0.7374195000, 0.4271699000)
(-0.5219887000, -0.7387289000, 0.4263720000)
(-0.5233584000, -0.7380365000, 0.4258998000)
(-0.5504596000, -0.7117038000, 0.4364139000)
(-0.5484310000, -0.7117599000, 0.4388610000)
(-0.5511916000, -0.7082744000, 0.4410537000)
(-0.5513127000, -0.7041246000, 0.4474722000)
(-0.5511351000, -0.7035172000, 0.4486620000)
(-0.5503618000, -0.7044435000, 0.4481501000)
(-0.5514176000, -0.7026903000, 0.4496142000)
(-0.5501351000, -0.7018945000, 0.4523995000)
(-0.5596829000, -0.6675100000, 0.4910780000)
(-0.5571082000, -0.6689449000, 0.4920649000)
(-0.5597208000, -0.6674575000, 0.4911039000)
(-0.5576697000, -0.6694422000, 0.4907458000)
(-0.5847752000, -0.6474915000, 0.4886333000)
(-0.5876790000, -0.6399060000, 0.4951124000)
(-0.5902680000, -0.6464703000, 0.4833697000)
(-0.5995978000, -0.6498709000, 0.4670504000)
(-0.5961846000, -0.6474746000, 0.4746886000)
(-0.5972404000, -0.6467663000, 0.4743164000)
(-0.5992391000, -0.6467733000, 0.4717797000)
(-0.6004646000, -0.6476550000, 0.4690011000)
(-0.6008381000, -0.6441875000, 0.4732742000)
(-0.5939250000, -0.6430936000, 0.4834016000)
(-0.5950856000, -0.6436755000, 0.4811752000)
(-0.6029384000, -0.6354219000, 0.4823687000)
(-0.6042258000, -0.6379333000, 0.4774266000)
(-0.6037330000, -0.6379458000, 0.4780339000)
(-0.6028438000, -0.6365738000, 0.4809602000)
(-0.6037654000, -0.6360264000, 0.4805386000)
(-0.6047379000, -0.6361022000, 0.4792069000)
(-0.6060219000, -0.6358262000, 0.4779560000)
(-0.6045218000, -0.6363220000, 0.4792090000)
(-0.6036319000, -0.6364098000, 0.4802167000)
(-0.6033285000, -0.6362233000, 0.4808234000)
(-0.6032919000, -0.6365907000, 0.4804033000)
(-0.6040516000, -0.6358786000, 0.4803715000)
(-0.6174951000, -0.6320221000, 0.4682077000)
(-0.6161379000, -0.6324984000, 0.4693725000)
(-0.6175582000, -0.6305810000, 0.4700899000)
(-0.6139072000, -0.6297345000, 0.4759545000)
(-0.6113319000, -0.6310818000, 0.4774997000)
(-0.6119806000, -0.6299284000, 0.4781911000)
(-0.6114088000, -0.6310901000, 0.4773634000)
(-0.6119736000, -0.6327002000, 0.4745256000)
(-0.6099651000, -0.6316075000, 0.4785477000)
(-0.6099558000, -0.6313883000, 0.4788551000)
(-0.6094099000, -0.6321330000, 0.4785362000)
(-0.6169904000, -0.6262406000, 0.4765800000)
(-0.6182076000, -0.6254988000, 0.4759879000)
(-0.6193714000, -0.6245980000, 0.4756590000)
(-0.6139866000, -0.6230283000, 0.4846034000)
(-0.6132513000, -0.6218713000, 0.4870118000)
(-0.6140875000, -0.6210755000, 0.4869785000)
(-0.6142760000, -0.6211888000, 0.4865820000)
(-0.6157435000, -0.6191462000, 0.4873374000)
(-0.6169986000, -0.6174791000, 0.4878810000)
(-0.6175032000, -0.6166593000, 0.4882753000)
(-0.6188067000, -0.6147509000, 0.4890243000)
(-0.6188110000, -0.6147043000, 0.4890713000)
(-0.6324209000, -0.6141623000, 0.4720615000)
(-0.6309690000, -0.6136778000, 0.4746137000)
(-0.6315635000, -0.6142944000, 0.4730296000)
(-0.6305450000, -0.6149788000, 0.4734922000)
(-0.6227699000, -0.6188484000, 0.4786999000)
(-0.6227373000, -0.6185784000, 0.4791038000)
(-0.6233720000, -0.6188133000, 0.4779770000)
(-0.6233232000, -0.6189171000, 0.4778965000)
(-0.6321784000, -0.6153405000, 0.4708408000)
(-0.6330283000, -0.6153646000, 0.4696790000)
(-0.6325780000, -0.6161646000, 0.4692096000)
(-0.6250786000, -0.6173037000, 0.4777067000)
(-0.6241297000, -0.6181458000, 0.4778615000)
(-0.6242511000, -0.6181250000, 0.4777104000)
(-0.6243384000, -0.6182031000, 0.4775177000)
(-0.6242670000, -0.6186017000, 0.4770933000)
(-0.6233236000, -0.6188890000, 0.4779448000)
(-0.6237149000, -0.6188756000, 0.4774361000)
(-0.6046010000, -0.6259956000, 0.4925050000)
(0.0000000000, 0.0000000000, 0.0000000000)
(0.0000000000, 0.0000000000, 0.0000000000)
(0.0000000000, 0.0000000000, 0.0000000000)
(0.0000000000, 0.0000000000, 0.0000000000)
(0.0000000000, 0.0000000000, 0.0000000000)
(0.0000000000, 0.0000000000, 0.0000000000)
(0.0000000000, 0.0000000000, 0.0000000000)
(0.0000000000, 0.0000000000, 0.0000000000)
(0.0000000000, 0.0000000000, 0.0000000000)
(-0.6412062000, -0.6047018000, 0.4724162000)
(-0.6395785000, -0.6068043000, 0.4719261000)
(-0.6452222000, -0.5984832000, 0.4748543000)
(-0.6402677000, -0.5982192000, 0.4818585000)
(-0.6426809000, -0.5991292000, 0.4774836000)
(-0.6469323000, -0.5977271000, 0.4734659000)
(-0.6510459000, -0.5908802000, 0.4764276000)
(-0.6434032000, -0.6039798000, 0.4703431000)
(-0.6264631000, -0.5943837000, 0.5042201000)
(-0.6265399000, -0.5949939000, 0.5034090000)
(-0.6260000000, -0.5956371000, 0.5033258000)
(-0.6290680000, -0.5942758000, 0.5011025000)
(-0.6375901000, -0.5938697000, 0.4907032000)
(-0.6433792000, -0.5944372000, 0.4823944000)
(-0.6498787000, -0.5938207000, 0.4743580000)
(-0.6518971000, -0.5880474000, 0.4787720000)
(-0.6437810000, -0.5983258000, 0.4770117000)
(-0.6393214000, -0.5957156000, 0.4861824000)
(-0.6233006000, -0.5973495000, 0.5046445000)
(-0.6191657000, -0.5993083000, 0.5073992000)
(-0.6208305000, -0.6014948000, 0.5027470000)
(-0.6216096000, -0.6021330000, 0.5010175000)
(-0.6390811000, -0.5980517000, 0.4836219000)
(-0.6126529000, -0.6007398000, 0.5135654000)
(-0.6124980000, -0.6008314000, 0.5136375000)
(-0.6113619000, -0.6023234000, 0.5132612000)
(-0.6111094000, -0.6033219000, 0.5123926000)
(-0.6110417000, -0.6030069000, 0.5128384000)
(-0.6158047000, -0.6054831000, 0.5041281000)
(-0.6365204000, -0.6051627000, 0.4781262000)
(-0.6371118000, -0.6051764000, 0.4773333000)
(-0.6388987000, -0.6038536000, 0.4766008000)
(-0.6389158000, -0.6037795000, 0.4766887000)
(-0.6369156000, -0.6056905000, 0.4769431000)
(-0.6369784000, -0.6055710000, 0.4770007000)
(-0.6374940000, -0.6054117000, 0.4765018000)
(-0.6339612000, -0.6049706000, 0.4817685000)
(-0.6244881000, -0.6067020000, 0.4918312000)
(-0.6085259000, -0.6022489000, 0.5166899000)
(-0.6040472000, -0.6083367000, 0.5148224000)
(-0.6154853000, -0.6080536000, 0.5014305000)
(-0.6264554000, -0.6076710000, 0.4881416000)
(-0.6295082000, -0.6074839000, 0.4844122000)
(-0.6292021000, -0.6073714000, 0.4849713000)
(-0.6286130000, -0.6077116000, 0.4853083000)
(-0.6295447000, -0.6052420000, 0.4871853000)
(-0.6292515000, -0.6031971000, 0.4900953000)
(-0.6296047000, -0.6013916000, 0.4918477000)
(-0.6306390000, -0.6016101000, 0.4902365000)
(-0.6334149000, -0.6009512000, 0.4874733000)
(-0.6353661000, -0.5983343000, 0.4881391000)
(-0.6340384000, -0.5978613000, 0.4904602000)
(-0.6313106000, -0.6004412000, 0.4908242000)
(-0.6293868000, -0.6004044000, 0.4933260000)
(-0.6290973000, -0.5999045000, 0.4943093000)
(-0.6305256000, -0.5994959000, 0.4929837000)
(-0.6303280000, -0.6009520000, 0.4914577000)
(-0.6298277000, -0.6020997000, 0.4906982000)
(-0.6306086000, -0.6010764000, 0.4909507000)
(-0.6256424000, -0.6066752000, 0.4903962000)
(-0.6063675000, -0.6217459000, 0.4957098000)
(-0.6046633000, -0.6242035000, 0.4946970000)
(-0.6080616000, -0.6253381000, 0.4890911000)
(-0.6114897000, -0.6251566000, 0.4850072000)
(-0.6120450000, -0.6254978000, 0.4838783000)
(-0.6120476000, -0.6253123000, 0.4841203000)
(-0.6131030000, -0.6240782000, 0.4843696000)
(-0.6130621000, -0.6226333000, 0.4862876000)
(-0.6130145000, -0.6222427000, 0.4868296000)
(-0.6137531000, -0.6219292000, 0.4863065000)
(-0.6137717000, -0.6217022000, 0.4865653000)
(-0.6145280000, -0.6213802000, 0.4860382000)
(-0.6159672000, -0.6216750000, 0.4838304000)
(-0.6172963000, -0.6204097000, 0.4837670000)
(-0.6172488000, -0.6198194000, 0.4845690000)
(-0.6165329000, -0.6191955000, 0.4862870000)
(-0.6176205000, -0.6190847000, 0.4850382000)
(-0.6200382000, -0.6175172000, 0.4839383000)
(-0.6196368000, -0.6184539000, 0.4832725000)
(-0.6163112000, -0.6190091000, 0.4868089000)
(-0.6145859000, -0.6189686000, 0.4890194000)
(-0.6129154000, -0.6195193000, 0.4904172000)
(-0.6138467000, -0.6196457000, 0.4890987000)
(-0.6145661000, -0.6197062000, 0.4881179000)
(-0.6161656000, -0.6183482000, 0.4878305000)
(-0.6173695000, -0.6188509000, 0.4856465000)
(-0.6181755000, -0.6189022000, 0.4845764000)
(-0.6102673000, -0.6255257000, 0.4860758000)
(-0.6179350000, -0.6394882000, 0.4573834000)
(0.0000000000, 0.0000000000, 0.0000000000)
(0.0000000000, 0.0000000000, 0.0000000000)
(0.0000000000, 0.0000000000, 0.0000000000)
(0.0000000000, 0.0000000000, 0.0000000000)
(0.0000000000, 0.0000000000, 0.0000000000)
(0.0000000000, 0.0000000000, 0.0000000000)
(0.0000000000, 0.0000000000, 0.0000000000)
(-0.6137457000, -0.6282942000, 0.4780724000)
(-0.6102543000, -0.6302741000, 0.4799215000)
(-0.6155534000, -0.6313010000, 0.4717365000)
(-0.6150824000, -0.6281156000, 0.4765648000)
(-0.6150973000, -0.6252593000, 0.4803003000)
(-0.6126078000, -0.6290667000, 0.4784955000)
(-0.6146381000, -0.6270246000, 0.4785769000)
(-0.6202281000, -0.6226876000, 0.4770428000)
(-0.6190962000, -0.6231589000, 0.4779039000)
(-0.6108842000, -0.6236234000, 0.4877497000)
(-0.6103150000, -0.6232512000, 0.4889369000)
(-0.6099961000, -0.6242030000, 0.4881143000)
(-0.6102768000, -0.6242514000, 0.4876973000)
(-0.6105897000, -0.6238196000, 0.4878782000)
(-0.6102217000, -0.6244814000, 0.4874797000)
(-0.6112083000, -0.6236222000, 0.4873353000)
(-0.6122306000, -0.6235215000, 0.4861958000)
(-0.6184385000, -0.6247205000, 0.4767149000)
(-0.6190464000, -0.6246312000, 0.4760284000)
(-0.6190079000, -0.6245589000, 0.4761802000)
(-0.6201286000, -0.6243447000, 0.4749813000)
(-0.6201211000, -0.6244032000, 0.4749116000)
(-0.6202590000, -0.6243924000, 0.4747555000)
(-0.6130983000, -0.6230046000, 0.4857587000)
(-0.6127269000, -0.6230695000, 0.4861405000)
(-0.6169716000, -0.6249882000, 0.4782322000)
(-0.6208910000, -0.6224621000, 0.4764787000)
(-0.6216089000, -0.6218116000, 0.4763717000)
(-0.6210433000, -0.6219312000, 0.4769560000)
(-0.6201184000, -0.6230913000, 0.4766581000)
(-0.6124978000, -0.6267450000, 0.4816834000)
(-0.6109158000, -0.6277317000, 0.4824108000)
(-0.6153623000, -0.6252772000, 0.4799340000)
(-0.6178160000, -0.6281210000, 0.4730112000)
(-0.6181342000, -0.6278231000, 0.4730071000)
(-0.6162143000, -0.6249630000, 0.4792545000)
(-0.6171256000, -0.6257759000, 0.4770234000)
(-0.6166477000, -0.6265552000, 0.4766010000)
(-0.6132441000, -0.6267693000, 0.4807067000)
(-0.6121798000, -0.6262886000, 0.4826792000)
(-0.6118268000, -0.6270458000, 0.4821626000)
(-0.6117586000, -0.6270482000, 0.4822403000)
(-0.6112881000, -0.6267053000, 0.4832748000)
(-0.6116423000, -0.6270217000, 0.4824004000)
(-0.6126013000, -0.6262620000, 0.4821849000)
(-0.6127083000, -0.6259699000, 0.4824373000)
(-0.6127338000, -0.6264354000, 0.4817793000)
(-0.6120465000, -0.6271090000, 0.4817728000)
(-0.6119202000, -0.6278996000, 0.4809162000)
(-0.6131324000, -0.6281281000, 0.4790778000)
(-0.6132240000, -0.6283016000, 0.4787293000)
(-0.6129162000, -0.6281636000, 0.4793026000)
(-0.6126695000, -0.6283377000, 0.4793790000)
(-0.6126081000, -0.6283998000, 0.4793732000)
(-0.6118873000, -0.6283180000, 0.4803964000)
(-0.6119220000, -0.6285264000, 0.4801026000)
(-0.6128775000, -0.6283650000, 0.4790838000)
(-0.6131451000, -0.6282224000, 0.4789327000)
(-0.6134113000, -0.6276041000, 0.4794074000)
(-0.6093217000, -0.6279950000, 0.4840744000)
(-0.6094767000, -0.6298872000, 0.4814066000)
(-0.6082710000, -0.6296269000, 0.4832813000)
(-0.6074537000, -0.6306618000, 0.4829727000)
(-0.5900024000, -0.6229466000, 0.5136207000)
(-0.6004587000, -0.6282554000, 0.4946924000)
(-0.5980712000, -0.6203461000, 0.5074045000)
(-0.5940376000, -0.6249110000, 0.5065448000)
(-0.5974635000, -0.6240272000, 0.5036083000)
(-0.6137394000, -0.6235002000, 0.4842971000)
(-0.6134211000, -0.6235536000, 0.4846305000)
(-0.6134968000, -0.6232436000, 0.4849377000)
(-0.6134422000, -0.6228337000, 0.4855471000)
(-0.6128197000, -0.6231884000, 0.4858706000)
(-0.6130489000, -0.6227550000, 0.4861274000)
(-0.6132317000, -0.6222462000, 0.4865569000)
(-0.6128595000, -0.6223697000, 0.4868651000)
(-0.6124143000, -0.6228896000, 0.4867560000)
(-0.6137500000, -0.6210128000, 0.4874836000)
(-0.6139311000, -0.6195643000, 0.4890897000)
(-0.6131015000, -0.6188349000, 0.4910398000)
(-0.6119668000, -0.6169292000, 0.4948679000)
(-0.6111463000, -0.6174880000, 0.4951587000)
(-0.6115792000, -0.6195738000, 0.4920285000)
(-0.6134439000, -0.6197652000, 0.4894397000)
(-0.6139171000, -0.6186273000, 0.4902807000)
(-0.6136371000, -0.6181369000, 0.4912754000)
(-0.6138850000, -0.6184660000, 0.4905505000)
(-0.6147335000, -0.6176657000, 0.4904719000)
(-0.6144435000, -0.6179001000, 0.4905622000)
(-0.6148420000, -0.6188061000, 0.4889097000)
(-0.6162322000, -0.6182679000, 0.4878310000)
(-0.6158573000, -0.6181710000, 0.4884275000)
(-0.6155289000, -0.6194111000, 0.4872900000)
(-0.6149073000, -0.6369231000, 0.4649791000)
(0.0000000000, 0.0000000000, 0.0000000000)
(0.0000000000, 0.0000000000, 0.0000000000)
(0.0000000000, 0.0000000000, 0.0000000000)
(0.0000000000, 0.0000000000, 0.0000000000)
(0.0000000000, 0.0000000000, 0.0000000000)
(0.0000000000, 0.0000000000, 0.0000000000)
(0.0000000000, 0.0000000000, 0.0000000000)
(0.0000000000, 0.0000000000, 0.0000000000)
(-0.6316914000, -0.6179351000, 0.4681032000)
(-0.6356293000, -0.6110040000, 0.4718289000)
(-0.6369365000, -0.6114312000, 0.4695324000)
(-0.6294764000, -0.6161394000, 0.4734094000)
(-0.5946426000, -0.6167122000, 0.5158129000)
(-0.5947407000, -0.6152004000, 0.5174887000)
(-0.6224617000, -0.6153716000, 0.4835872000)
(-0.6211323000, -0.6170194000, 0.4831872000)
(-0.6193007000, -0.6166059000, 0.4860666000)
(-0.6181498000, -0.6171443000, 0.4868360000)
(-0.6179788000, -0.6176165000, 0.4864610000)
(-0.6195932000, -0.6168478000, 0.4853701000)
(-0.6218566000, -0.6146740000, 0.4852442000)
(-0.6297957000, -0.6177099000, 0.4709454000)
(-0.6319615000, -0.6152198000, 0.4712778000)
(-0.6310526000, -0.6159697000, 0.4715317000)
(-0.6226311000, -0.6212185000, 0.4758071000)
(-0.6281813000, -0.6187808000, 0.4716647000)
(-0.6282676000, -0.6205354000, 0.4692597000)
(-0.6280550000, -0.6208014000, 0.4692011000)
(-0.6192438000, -0.6206392000, 0.4809784000)
(-0.6175566000, -0.6210994000, 0.4825464000)
(-0.6166217000, -0.6227245000, 0.4816455000)
(-0.6147130000, -0.6233512000, 0.4832688000)
(-0.6147425000, -0.6219704000, 0.4850093000)
(-0.6165059000, -0.6211706000, 0.4837740000)
(-0.6151199000, -0.6228123000, 0.4834309000)
(-0.6143210000, -0.6225639000, 0.4847774000)
(-0.6146141000, -0.6220132000, 0.4850995000)
(-0.6140525000, -0.6230773000, 0.4844478000)
(-0.6115357000, -0.6231339000, 0.4875633000)
(-0.6106947000, -0.6234421000, 0.4882311000)
(-0.6147571000, -0.6215967000, 0.4854760000)
(-0.6160671000, -0.6219046000, 0.4834095000)
(-0.6170645000, -0.6218507000, 0.4821933000)
(-0.6173992000, -0.6216562000, 0.4820223000)
(-0.6175480000, -0.6223841000, 0.4809008000)
(-0.6178722000, -0.6221696000, 0.4807561000)
(-0.6175262000, -0.6227947000, 0.4803760000)
(-0.6229447000, -0.6200129000, 0.4769894000)
(-0.6214015000, -0.6202446000, 0.4786714000)
(-0.6174816000, -0.6207498000, 0.4830860000)
(-0.6175537000, -0.6207772000, 0.4829518000)
(-0.6187683000, -0.6196786000, 0.4828116000)
(-0.6199376000, -0.6193624000, 0.4817242000)
(-0.6220862000, -0.6188005000, 0.4796722000)
(-0.6232774000, -0.6188850000, 0.4780209000)
(-0.6210435000, -0.6193898000, 0.4802526000)
(-0.6195061000, -0.6194900000, 0.4820951000)
(-0.6190243000, -0.6196932000, 0.4824662000)
(-0.6182188000, -0.6202493000, 0.4827876000)
(-0.6178280000, -0.6200613000, 0.4835105000)
(-0.6184413000, -0.6201845000, 0.4825947000)
(-0.6175092000, -0.6208816000, 0.4828654000)
(-0.6172637000, -0.6205056000, 0.4836828000)
(-0.6168415000, -0.6202343000, 0.4845534000)
(-0.6144630000, -0.6231551000, 0.4838495000)
(-0.6160274000, -0.6202998000, 0.4855265000)
(-0.6164606000, -0.6195246000, 0.4859386000)
(-0.6170498000, -0.6203024000, 0.4842003000)
(-0.6159040000, -0.6217306000, 0.4838350000)
(-0.6155686000, -0.6219788000, 0.4839284000)
(-0.6155854000, -0.6246217000, 0.4805120000)
(-0.6201629000, -0.6210420000, 0.4792560000)
(-0.6203820000, -0.6202731000, 0.4799632000)
(-0.6195515000, -0.6197925000, 0.4816676000)
(-0.6186708000, -0.6202316000, 0.4822410000)
(-0.6205587000, -0.6183091000, 0.4822829000)
(-0.6214179000, -0.6179659000, 0.4816162000)
(-0.6211010000, -0.6182383000, 0.4816501000)
(-0.6190314000, -0.6188847000, 0.4834891000)
(-0.6131716000, -0.6199752000, 0.4895281000)
(-0.6119164000, -0.6208214000, 0.4900121000)
(-0.6161259000, -0.6193966000, 0.4865405000)
(-0.6189392000, -0.6184140000, 0.4842275000)
(-0.6201625000, -0.6181520000, 0.4829681000)
(-0.6218122000, -0.6169863000, 0.4823481000)
(-0.6201976000, -0.6162603000, 0.4853412000)
(-0.6158479000, -0.6165182000, 0.4905255000)
(-0.6131227000, -0.6165044000, 0.4939583000)
(-0.6201185000, -0.6146061000, 0.4875367000)
(-0.6219177000, -0.6153247000, 0.4843350000)
(-0.6229748000, -0.6148060000, 0.4836372000)
(-0.6234322000, -0.6149496000, 0.4828631000)
(-0.6222216000, -0.6165873000, 0.4823279000)
(-0.6229103000, -0.6160139000, 0.4821791000)
(-0.6239169000, -0.6145822000, 0.4827089000)
(-0.6250023000, -0.6140190000, 0.4820147000)
(-0.6267452000, -0.6121593000, 0.4821300000)
(-0.6266668000, -0.6122397000, 0.4821112000)
(-0.5986201000, -0.6224752000, 0.5041435000)
(-0.5935694000, -0.6240855000, 0.5081188000)
(-0.6221206000, -0.6165834000, 0.4824626000)
(-0.6341845000, -0.6139362000, 0.4699630000)
(-0.6340410000, -0.6145488000, 0.4693592000)
(-0.6251637000, -0.6189380000, 0.4754553000)
(-0.6367832000, -0.6271054000, 0.4486007000)
(0.0000000000, 0.0000000000, 0.0000000000)
(0.0000000000, 0.0000000000, 0.0000000000)
(0.0000000000, 0.0000000000, 0.0000000000)
(0.0000000000, 0.0000000000, 0.0000000000)
(0.0000000000, 0.0000000000, 0.0000000000)
(0.0000000000, 0.0000000000, 0.0000000000)
(0.0000000000, 0.0000000000, 0.0000000000)
(0.0000000000, 0.0000000000, 0.0000000000)
(-0.6362836000, -0.6178802000, 0.4619128000)
(-0.6361200000, -0.6177166000, 0.4623429000)
(-0.6025400000, -0.6343195000, 0.4843149000)
(-0.6404990000, -0.6122622000, 0.4635563000)
(-0.6367117000, -0.6151127000, 0.4649929000)
(-0.6372571000, -0.6142483000, 0.4653957000)
(-0.6376686000, -0.6140001000, 0.4651555000)
(-0.6319144000, -0.6159942000, 0.4703541000)
(-0.6365950000, -0.6146306000, 0.4657791000)
(-0.6366466000, -0.6150973000, 0.4651176000)
(-0.6342202000, -0.6156035000, 0.4677375000)
(-0.6284370000, -0.6164718000, 0.4743543000)
(-0.6270030000, -0.6160877000, 0.4767309000)
(-0.6251454000, -0.6177200000, 0.4770837000)
(-0.6258937000, -0.6176647000, 0.4761530000)
(-0.6268508000, -0.6171897000, 0.4755189000)
(-0.6264342000, -0.6183455000, 0.4745736000)
(-0.6229615000, -0.6229011000, 0.4731822000)
(-0.6315640000, -0.6176529000, 0.4686373000)
(-0.6312965000, -0.6175603000, 0.4691167000)
(-0.6324672000, -0.6163832000, 0.4690718000)
(-0.6291767000, -0.6189076000, 0.4701979000)
(-0.6274042000, -0.6193035000, 0.4720151000)
(-0.6262667000, -0.6200417000, 0.4725860000)
(-0.6256929000, -0.6196955000, 0.4737966000)
(-0.6197928000, -0.6207957000, 0.4800518000)
(-0.6266382000, -0.6203597000, 0.4716713000)
(-0.6347879000, -0.6120039000, 0.4716676000)
(-0.6309645000, -0.6204529000, 0.4657328000)
(-0.6291544000, -0.6213118000, 0.4670340000)
(-0.6213298000, -0.6231549000, 0.4749708000)
(-0.6244859000, -0.6217642000, 0.4726479000)
(-0.6244906000, -0.6217310000, 0.4726904000)
(-0.6240366000, -0.6228225000, 0.4718490000)
(-0.6243359000, -0.6223752000, 0.4720485000)
(-0.6247469000, -0.6212732000, 0.4729491000)
(-0.6333459000, -0.6189786000, 0.4644581000)
(-0.6328353000, -0.6195808000, 0.4643569000)
(-0.6343721000, -0.6170682000, 0.4655939000)
(-0.6263847000, -0.6187674000, 0.4740835000)
(-0.6286252000, -0.6085974000, 0.4841608000)
(-0.6176310000, -0.6143445000, 0.4910226000)
(-0.6110054000, -0.6168573000, 0.4961292000)
(-0.6148888000, -0.6139985000, 0.4948749000)
(-0.6250821000, -0.6098338000, 0.4871804000)
(-0.6264182000, -0.6081042000, 0.4876436000)
(-0.6257496000, -0.6084421000, 0.4880926000)
(-0.6257663000, -0.6086583000, 0.4877747000)
(-0.6198654000, -0.6131473000, 0.4896882000)
(-0.6178198000, -0.6144350000, 0.4906687000)
(-0.6243583000, -0.6116007000, 0.4859032000)
(-0.6266004000, -0.6106876000, 0.4841538000)
(-0.6183962000, -0.6183053000, 0.4850380000)
(-0.6427599000, -0.6095260000, 0.4640196000)
(-0.6427317000, -0.6090483000, 0.4646844000)
(-0.6425788000, -0.6084151000, 0.4657284000)
(-0.6312695000, -0.6130375000, 0.4750354000)
(-0.6324080000, -0.6124600000, 0.4742894000)
(-0.6328670000, -0.6121227000, 0.4740901000)
(-0.6102560000, -0.6173571000, 0.4964276000)
(-0.6034522000, -0.6211950000, 0.4999457000)
(-0.6080315000, -0.6198613000, 0.4960307000)
(-0.6258735000, -0.6143262000, 0.4804820000)
(-0.6254572000, -0.6141529000, 0.4812528000)
(-0.6253006000, -0.6140334000, 0.4816218000)
(-0.6251960000, -0.6138383000, 0.4819886000)
(-0.6259854000, -0.6132222000, 0.4817618000)
(-0.6262987000, -0.6127365000, 0.4819516000)
(-0.6271312000, -0.6128861000, 0.4806910000)
(-0.6295132000, -0.6121192000, 0.4785604000)
(-0.6298531000, -0.6120675000, 0.4781733000)
(-0.6266212000, -0.6132619000, 0.4808891000)
(-0.6242183000, -0.6117736000, 0.4858722000)
(-0.6008702000, -0.6205218000, 0.5038878000)
(-0.6070236000, -0.6205513000, 0.4963988000)
(-0.6210818000, -0.6175722000, 0.4825390000)
(-0.6299680000, -0.6139246000, 0.4756295000)
(-0.6342532000, -0.6133476000, 0.4706374000)
(-0.6318225000, -0.6142441000, 0.4727608000)
(-0.6284701000, -0.6165254000, 0.4742425000)
(-0.6234376000, -0.6191710000, 0.4774354000)
(-0.6269645000, -0.6183783000, 0.4738141000)
(-0.6246318000, -0.6196128000, 0.4752804000)
(-0.6246909000, -0.6198865000, 0.4748464000)
(-0.6246306000, -0.6199707000, 0.4748232000)
(-0.6244813000, -0.6205643000, 0.4742499000)
(-0.6238741000, -0.6207449000, 0.4748047000)
(-0.6233202000, -0.6213558000, 0.4747308000)
(-0.6228104000, -0.6199071000, 0.4772832000)
(-0.6015629000, -0.6298729000, 0.4913007000)
(-0.6028051000, -0.6297671000, 0.4899079000)
(-0.5980886000, -0.6316570000, 0.4932330000)
(-0.5976911000, -0.6318777000, 0.4934380000)
(-0.6278331000, -0.6201045000, 0.4704133000)
(-0.6291564000, -0.6195717000, 0.4693291000)
(-0.6298487000, -0.6197097000, 0.4682137000)
(-0.6298776000, -0.6196969000, 0.4681904000)
(-0.6392198000, -0.6173965000, 0.4584779000)
(-0.6342744000, -0.6215273000, 0.4597739000)
(-0.6293283000, -0.6368040000, 0.4454431000)
(0.0000000000, 0.0000000000, 0.0000000000)
(0.0000000000, 0.0000000000, 0.0000000000)
(0.0000000000, 0.0000000000, 0.0000000000)
(0.0000000000, 0.0000000000, 0.0000000000)
(0.0000000000, 0.0000000000, 0.0000000000)
(0.0000000000, 0.0000000000, 0.0000000000)
(0.0000000000, 0.0000000000, 0.0000000000)
(0.0000000000, 0.0000000000, 0.0000000000)
(0.0000000000, 0.0000000000, 0.0000000000)
(-0.6473714000, -0.6150043000, 0.4501825000)
(-0.6351815000, -0.6274804000, 0.4503177000)
(-0.6427853000, -0.6179891000, 0.4526725000)
(-0.6423215000, -0.6130276000, 0.4600005000)
(-0.6146377000, -0.6216739000, 0.4855087000)
(-0.6426554000, -0.6080924000, 0.4660345000)
(-0.6439660000, -0.6010741000, 0.4732973000)
(-0.6380622000, -0.6040145000, 0.4775189000)
(-0.6266816000, -0.6122949000, 0.4820165000)
(-0.6281720000, -0.6116314000, 0.4809251000)
(-0.6294001000, -0.6106709000, 0.4805352000)
(-0.6291179000, -0.6107878000, 0.4807568000)
(-0.6301845000, -0.6079199000, 0.4829982000)
(-0.6265193000, -0.6094443000, 0.4858356000)
(-0.6274230000, -0.6087010000, 0.4856055000)
(-0.6275317000, -0.6079165000, 0.4864374000)
(-0.6320467000, -0.6043156000, 0.4850730000)
(-0.6308235000, -0.6065179000, 0.4839146000)
(-0.6061532000, -0.6277004000, 0.4884156000)
(-0.6067637000, -0.6269929000, 0.4885772000)
(-0.6087328000, -0.6257268000, 0.4877475000)
(-0.6326975000, -0.6080073000, 0.4795828000)
(-0.6316665000, -0.6110681000, 0.4770629000)
(-0.6300927000, -0.6126073000, 0.4771703000)
(-0.6202816000, -0.6218298000, 0.4780873000)
(-0.6200927000, -0.6211872000, 0.4791512000)
(-0.6206401000, -0.6207731000, 0.4789811000)
(-0.6188087000, -0.6225492000, 0.4790438000)
(-0.6305888000, -0.6150684000, 0.4733151000)
(-0.6309326000, -0.6152922000, 0.4725797000)
(-0.6301311000, -0.6167930000, 0.4716952000)
(-0.6172223000, -0.6241326000, 0.4790556000)
(-0.6193750000, -0.6241753000, 0.4762057000)
(-0.6200402000, -0.6257025000, 0.4733152000)
(-0.6201959000, -0.6246608000, 0.4744780000)
(-0.6195796000, -0.6253422000, 0.4744003000)
(-0.6194315000, -0.6253528000, 0.4745724000)
(-0.6199916000, -0.6275867000, 0.4708681000)
(-0.6129790000, -0.6286347000, 0.4785935000)
(-0.6097837000, -0.6280319000, 0.4834440000)
(-0.6093300000, -0.6285296000, 0.4833778000)
(-0.6242988000, -0.6283661000, 0.4641077000)
(-0.6270136000, -0.6274186000, 0.4617153000)
(-0.6299494000, -0.6255262000, 0.4603029000)
(-0.6134366000, -0.6275942000, 0.4793944000)
(-0.6029832000, -0.6279603000, 0.4919854000)
(-0.6049479000, -0.6271225000, 0.4906379000)
(-0.6157146000, -0.6275299000, 0.4765462000)
(-0.6158662000, -0.6276237000, 0.4762176000)
(-0.6158214000, -0.6273376000, 0.4766579000)
(-0.6199243000, -0.6272207000, 0.4714440000)
(-0.6053121000, -0.6312284000, 0.4849086000)
(-0.6041760000, -0.6306743000, 0.4870393000)
(-0.6078560000, -0.6290458000, 0.4845735000)
(-0.6259372000, -0.6238366000, 0.4679801000)
(-0.6258344000, -0.6233995000, 0.4687212000)
(-0.6264314000, -0.6233974000, 0.4679034000)
(-0.6266890000, -0.6234384000, 0.4675256000)
(-0.6265126000, -0.6241880000, 0.4667587000)
(-0.6276705000, -0.6280425000, 0.4599585000)
(-0.5993581000, -0.6376261000, 0.4839356000)
(-0.6039020000, -0.6345376000, 0.4823255000)
(-0.6054854000, -0.6359489000, 0.4784665000)
(-0.6249353000, -0.6309714000, 0.4596882000)
(-0.6254894000, -0.6309530000, 0.4589774000)
(-0.6261106000, -0.6308724000, 0.4582112000)
(-0.6069815000, -0.6355522000, 0.4771157000)
(-0.6035875000, -0.6386520000, 0.4772889000)
(-0.6003815000, -0.6387419000, 0.4811887000)
(-0.6068777000, -0.6367621000, 0.4756345000)
(-0.6215940000, -0.6309893000, 0.4641736000)
(-0.6254234000, -0.6293452000, 0.4612452000)
(-0.6113878000, -0.6357039000, 0.4712434000)
(-0.6061516000, -0.6351924000, 0.4786525000)
(-0.6046988000, -0.6356198000, 0.4799128000)
(-0.6041226000, -0.6369534000, 0.4788609000)
(-0.6043589000, -0.6366296000, 0.4789990000)
(-0.6052736000, -0.6364018000, 0.4781529000)
(-0.6075728000, -0.6363983000, 0.4752209000)
(-0.6047605000, -0.6367072000, 0.4783851000)
(-0.6054987000, -0.6354853000, 0.4790783000)
(-0.5954471000, -0.6351510000, 0.4919534000)
(-0.5959308000, -0.6355763000, 0.4907964000)
(-0.6243184000, -0.6278480000, 0.4647642000)
(-0.6292605000, -0.6264014000, 0.4600340000)
(-0.6224108000, -0.6277499000, 0.4674702000)
(-0.6216541000, -0.6284291000, 0.4675704000)
(-0.6207384000, -0.6288134000, 0.4682410000)
(-0.6201473000, -0.6292503000, 0.4684570000)
(-0.6202278000, -0.6278074000, 0.4702910000)
(-0.6203402000, -0.6282066000, 0.4696037000)
(-0.6220728000, -0.6268810000, 0.4690845000)
(-0.6232929000, -0.6256637000, 0.4690776000)
(-0.6295816000, -0.6249741000, 0.4615540000)
(-0.6336148000, -0.6223624000, 0.4595560000)
(-0.6345014000, -0.6213896000, 0.4596269000)
(-0.6391423000, -0.6221150000, 0.4521589000)
(-0.6029065000, -0.6427387000, 0.4726306000)
(-0.6031305000, -0.6422380000, 0.4730264000)
(-0.6031604000, -0.6431372000, 0.4717670000)
(-0.6240339000, -0.6362957000, 0.4535300000)
(-0.6269748000, -0.6333454000, 0.4536228000)
(-0.6204951000, -0.6388720000, 0.4547572000)
(-0.6285175000, -0.6500679000, 0.4270386000)
(0.0000000000, 0.0000000000, 0.0000000000)
(0.0000000000, 0.0000000000, 0.0000000000)
(0.0000000000, 0.0000000000, 0.0000000000)
(0.0000000000, 0.0000000000, 0.0000000000)
(0.0000000000, 0.0000000000, 0.0000000000)
(0.0000000000, 0.0000000000, 0.0000000000)
(0.0000000000, 0.0000000000, 0.0000000000)
(-0.6307307000, -0.6244710000, 0.4606553000)
(-0.6210555000, -0.6240997000, 0.4740894000)
(-0.6219735000, -0.6188505000, 0.4797435000)
(-0.6170858000, -0.6208583000, 0.4834509000)
(-0.6223730000, -0.6161414000, 0.4826929000)
(-0.6165864000, -0.6204976000, 0.4845361000)
(-0.6169343000, -0.6204868000, 0.4841344000)
(-0.6214513000, -0.6189038000, 0.4803626000)
(-0.6249210000, -0.6177236000, 0.4773756000)
(-0.6226157000, -0.6211542000, 0.4759339000)
(-0.6186125000, -0.6232076000, 0.4784515000)
(-0.6139158000, -0.6291236000, 0.4767682000)
(-0.6036552000, -0.6327146000, 0.4850198000)
(-0.6066187000, -0.6316939000, 0.4826612000)
(-0.6185870000, -0.6256099000, 0.4753510000)
(-0.6257131000, -0.6216627000, 0.4711571000)
(-0.6236773000, -0.6238996000, 0.4709077000)
(-0.6245160000, -0.6240928000, 0.4695559000)
(-0.6290739000, -0.6225341000, 0.4655184000)
(-0.6253411000, -0.6200934000, 0.4737260000)
(-0.6114362000, -0.6260601000, 0.4839058000)
(-0.6230597000, -0.6206565000, 0.4759751000)
(-0.6189116000, -0.6230107000, 0.4783242000)
(-0.6210912000, -0.6212825000, 0.4777412000)
(-0.6204282000, -0.6205209000, 0.4795875000)
(-0.6126056000, -0.6251419000, 0.4836397000)
(-0.6118208000, -0.6251735000, 0.4845910000)
(-0.6100419000, -0.6288378000, 0.4820864000)
(-0.6163244000, -0.6248142000, 0.4792959000)
(-0.6207517000, -0.6222585000, 0.4769085000)
(-0.6147749000, -0.6260411000, 0.4796860000)
(-0.6157627000, -0.6246825000, 0.4802154000)
(-0.6186783000, -0.6221061000, 0.4798033000)
(-0.6176310000, -0.6225188000, 0.4805996000)
(-0.6203377000, -0.6209214000, 0.4791873000)
(-0.6214852000, -0.6209174000, 0.4777155000)
(-0.6204910000, -0.6207289000, 0.4792329000)
(-0.6216713000, -0.6196814000, 0.4790581000)
(-0.6231116000, -0.6185936000, 0.4785964000)
(-0.6248544000, -0.6172230000, 0.4780881000)
(-0.6223099000, -0.6173958000, 0.4811741000)
(-0.6255063000, -0.6112905000, 0.4848270000)
(-0.6254264000, -0.6095744000, 0.4870940000)
(-0.6249980000, -0.6122915000, 0.4842085000)
(-0.6341876000, -0.6053419000, 0.4809824000)
(-0.6353345000, -0.6036578000, 0.4815811000)
(-0.6362320000, -0.6026836000, 0.4816158000)
(-0.6240599000, -0.6060110000, 0.4932356000)
(-0.6264009000, -0.6042957000, 0.4923823000)
(-0.6348943000, -0.6008950000, 0.4856010000)
(-0.6162445000, -0.6197717000, 0.4858972000)
(-0.6152282000, -0.6194969000, 0.4875499000)
(-0.6239632000, -0.6142446000, 0.4830739000)
(-0.6175438000, -0.6198366000, 0.4841697000)
(-0.6129174000, -0.6211152000, 0.4883827000)
(-0.6185982000, -0.6172802000, 0.4860928000)
(-0.6378852000, -0.6107404000, 0.4691284000)
(-0.6388347000, -0.6103162000, 0.4683965000)
(-0.6367912000, -0.6112821000, 0.4698952000)
(-0.6273775000, -0.6151149000, 0.4775065000)
(-0.6282228000, -0.6164022000, 0.4747180000)
(-0.6283128000, -0.6164297000, 0.4745685000)
(-0.6288203000, -0.6168035000, 0.4734014000)
(-0.6286767000, -0.6179614000, 0.4721052000)
(-0.6285594000, -0.6189334000, 0.4709857000)
(-0.6267244000, -0.6185678000, 0.4738904000)
(-0.6245312000, -0.6209593000, 0.4736751000)
(-0.6236412000, -0.6220362000, 0.4734105000)
(-0.6231638000, -0.6242186000, 0.4711731000)
(-0.6225564000, -0.6254662000, 0.4703145000)
(-0.6224584000, -0.6255034000, 0.4704095000)
(-0.6209121000, -0.6265436000, 0.4710500000)
(-0.6206667000, -0.6266751000, 0.4712098000)
(-0.6188361000, -0.6295421000, 0.4697858000)
(-0.6199334000, -0.6289851000, 0.4690928000)
(-0.6177343000, -0.6287599000, 0.4722867000)
(-0.6112918000, -0.6308354000, 0.4778604000)
(-0.6065794000, -0.6347164000, 0.4787385000)
(-0.6054703000, -0.6341813000, 0.4808316000)
(-0.6036081000, -0.6340753000, 0.4833006000)
(-0.6088428000, -0.6341428000, 0.4766228000)
(-0.6090452000, -0.6336882000, 0.4769482000)
(-0.6073884000, -0.6342962000, 0.4782463000)
(-0.6230471000, -0.6339152000, 0.4581991000)
(-0.6254339000, -0.6318885000, 0.4577424000)
(-0.6262324000, -0.6318759000, 0.4566580000)
(-0.6190391000, -0.6354291000, 0.4615330000)
(-0.6166070000, -0.6360857000, 0.4638700000)
(-0.5965293000, -0.6453141000, 0.4771900000)
(-0.5989496000, -0.6427641000, 0.4775987000)
(-0.6015055000, -0.6397862000, 0.4783817000)
(-0.6006646000, -0.6401926000, 0.4788934000)
(-0.6209741000, -0.6327372000, 0.4626099000)
(-0.5979326000, -0.6452619000, 0.4754866000)
(-0.6196678000, -0.6337599000, 0.4629758000)
(-0.6182135000, -0.6359830000, 0.4618550000)
(-0.6178594000, -0.6368336000, 0.4611807000)
(-0.6110625000, -0.6357722000, 0.4715682000)
(-0.6106882000, -0.6346393000, 0.4735786000)
(-0.6112457000, -0.6343328000, 0.4732555000)
(-0.6100552000, -0.6335586000, 0.4758429000)
(-0.6276608000, -0.6308732000, 0.4561070000)
(-0.6274735000, -0.6327375000, 0.4537724000)
(-0.6276861000, -0.6325814000, 0.4536842000)
(-0.6036643000, -0.6424857000, 0.4720134000)
(-0.6170686000, -0.6368830000, 0.4621646000)
(-0.6175298000, -0.6363018000, 0.4623432000)
(-0.6184441000, -0.6358326000, 0.4617629000)
(-0.6197323000, -0.6351520000, 0.4609862000)
(-0.6208208000, -0.6345987000, 0.4602716000)
(-0.6157873000, -0.6396042000, 0.4601211000)
(-0.6146587000, -0.6407881000, 0.4599692000)
(-0.6191474000, -0.6371688000, 0.4589899000)
(-0.6166309000, -0.6366165000, 0.4631137000)
(-0.5873685000, -0.6381342000, 0.4977593000)
(-0.5877271000, -0.6389261000, 0.4963308000)
(-0.5884516000, -0.6391107000, 0.4952259000)
(-0.5966657000, -0.6403695000, 0.4836428000)
(-0.6222737000, -0.6350195000, 0.4577383000)
(-0.6228186000, -0.6372809000, 0.4538150000)
(-0.6230563000, -0.6365403000, 0.4545203000)
(-0.6205006000, -0.6363271000, 0.4583039000)
(-0.6177864000, -0.6376676000, 0.4600973000)
(-0.6178073000, -0.6374652000, 0.4603492000)
(-0.6183916000, -0.6373559000, 0.4597275000)
(-0.6182007000, -0.6374613000, 0.4598588000)
(-0.6198632000, -0.6334780000, 0.4630993000)
(-0.6050026000, -0.6409445000, 0.4723852000)
(-0.5943111000, -0.6393156000, 0.4878940000)
(-0.6196827000, -0.6380216000, 0.4570642000)
(-0.6201964000, -0.6369595000, 0.4578541000)
(-0.6199379000, -0.6367651000, 0.4584512000)
(-0.6210817000, -0.6346986000, 0.4597773000)
(-0.6188657000, -0.6336902000, 0.4641395000)
(-0.6176170000, -0.6354074000, 0.4634520000)
(-0.6145529000, -0.6360193000, 0.4666843000)
(-0.6169580000, -0.6332174000, 0.4673255000)
(-0.6166858000, -0.6300318000, 0.4719665000)
(-0.6207617000, -0.6288818000, 0.4681250000)
(-0.6197148000, -0.6305717000, 0.4672407000)
(-0.6201047000, -0.6290347000, 0.4688060000)
(-0.6213983000, -0.6287249000, 0.4675035000)
(-0.6206369000, -0.6288870000, 0.4682777000)
(-0.6205491000, -0.6287627000, 0.4685862000)
(-0.6216931000, -0.6286441000, 0.4672228000)
(-0.6185398000, -0.6295854000, 0.4701383000)
(-0.6192117000, -0.6291819000, 0.4697673000)
(-0.5970333000, -0.6363181000, 0.4884956000)
(-0.6131755000, -0.6273050000, 0.4800882000)
(-0.6061518000, -0.6312714000, 0.4837920000)
(-0.6084209000, -0.6254455000, 0.4884940000)
(-0.6273721000, -0.6285346000, 0.4597246000)
(-0.6229349000, -0.6402789000, 0.4494286000)
(0.0000000000, 0.0000000000, 0.0000000000)
(0.0000000000, 0.0000000000, 0.0000000000)
(0.0000000000, 0.0000000000, 0.0000000000)
(0.0000000000, 0.0000000000, 0.0000000000)
(0.0000000000, 0.0000000000, 0.0000000000)
(0.0000000000, 0.0000000000, 0.0000000000)
(0.0000000000, 0.0000000000, 0.0000000000)
(0.0000000000, 0.0000000000, 0.0000000000)
(0.0000000000, 0.0000000000, 0.0000000000)
(0.0000000000, 0.0000000000, 0.0000000000)
(-0.6385158000, -0.6226773000, 0.4522703000)
(-0.6091024000, -0.6267054000, 0.4860171000)
(-0.6324795000, -0.6227326000, 0.4606125000)
(-0.6330563000, -0.6211249000, 0.4619827000)
(-0.6320820000, -0.6236840000, 0.4598540000)
(-0.6304777000, -0.6202404000, 0.4666599000)
(-0.6289952000, -0.6233532000, 0.4645278000)
(-0.5994657000, -0.6285691000, 0.4955076000)
(-0.6019958000, -0.6265680000, 0.4949616000)
(-0.5974119000, -0.6379156000, 0.4859435000)
(-0.5986252000, -0.6428239000, 0.4779257000)
(-0.6111193000, -0.6433513000, 0.4610900000)
(-0.6106721000, -0.6427656000, 0.4625155000)
(-0.6116886000, -0.6408229000, 0.4638762000)
(-0.6116656000, -0.6421771000, 0.4620188000)
(-0.6140106000, -0.6429570000, 0.4578055000)
(-0.6065171000, -0.6433049000, 0.4671968000)
(-0.6085257000, -0.6451500000, 0.4620211000)
(-0.6115508000, -0.6458684000, 0.4569890000)
(-0.5916699000, -0.6382625000, 0.4924787000)
(-0.5873274000, -0.6410513000, 0.4940427000)
(-0.5903557000, -0.6328036000, 0.5010120000)
(-0.5907945000, -0.6326971000, 0.5006398000)
(-0.6120910000, -0.6393298000, 0.4653991000)
(-0.5940211000, -0.6335760000, 0.4956847000)
(-0.5927125000, -0.6348308000, 0.4956581000)
(-0.5912040000, -0.6343375000, 0.4980764000)
(-0.5920006000, -0.6366658000, 0.4941357000)
(-0.5981625000, -0.6433456000, 0.4778022000)
(-0.5982091000, -0.6411524000, 0.4806938000)
(-0.5970656000, -0.6409611000, 0.4823698000)
(-0.5975618000, -0.6402813000, 0.4826313000)
(-0.5987646000, -0.6402293000, 0.4812140000)
(-0.6156501000, -0.6388140000, 0.4613688000)
(-0.6175955000, -0.6384351000, 0.4593005000)
(-0.5998102000, -0.6410613000, 0.4787935000)
(-0.5998947000, -0.6411334000, 0.4785873000)
(-0.5944060000, -0.6412999000, 0.4851732000)
(-0.5940450000, -0.6347342000, 0.4941798000)
(-0.5970922000, -0.6340705000, 0.4913326000)
(-0.5954477000, -0.6323895000, 0.4954957000)
(-0.5945755000, -0.6332637000, 0.4954141000)
(-0.6043093000, -0.6382006000, 0.4769661000)
(-0.5948222000, -0.6361415000, 0.4914086000)
(-0.5958187000, -0.6382127000, 0.4875209000)
(-0.5956929000, -0.6382376000, 0.4876483000)
(-0.6118102000, -0.6435797000, 0.4598739000)
(-0.6103966000, -0.6472946000, 0.4565137000)
(-0.6096098000, -0.6472154000, 0.4576798000)
(-0.6073601000, -0.6457461000, 0.4627198000)
(-0.6061916000, -0.6485537000, 0.4603139000)
(-0.5980461000, -0.6412015000, 0.4808336000)
(-0.5940043000, -0.6406891000, 0.4864772000)
(-0.5975397000, -0.6361475000, 0.4881184000)
(-0.5937477000, -0.6344630000, 0.4948840000)
(-0.5913665000, -0.6323355000, 0.5004302000)
(-0.5891110000, -0.6337261000, 0.5013301000)
(-0.5894247000, -0.6328940000, 0.5019933000)
(-0.5919424000, -0.6353221000, 0.4959370000)
(-0.5953531000, -0.6288679000, 0.5000777000)
(-0.5971468000, -0.6399046000, 0.4836698000)
(-0.6015621000, -0.6440657000, 0.4725259000)
(-0.6128003000, -0.6433434000, 0.4588846000)
(-0.6118799000, -0.6383980000, 0.4669361000)
(-0.6057575000, -0.6452269000, 0.4655469000)
(-0.6086075000, -0.6380482000, 0.4716731000)
(-0.6096312000, -0.6362308000, 0.4727903000)
(-0.6239224000, -0.6283343000, 0.4646508000)
(-0.6236375000, -0.6339849000, 0.4572980000)
(-0.6233606000, -0.6323698000, 0.4599020000)
(-0.6243968000, -0.6315884000, 0.4595747000)
(-0.6259146000, -0.6314189000, 0.4577397000)
(-0.6241521000, -0.6331882000, 0.4576977000)
(-0.6203676000, -0.6388531000, 0.4549708000)
(-0.5985649000, -0.6380960000, 0.4842781000)
(-0.5981275000, -0.6378772000, 0.4851220000)
(-0.5975895000, -0.6389224000, 0.4844193000)
(-0.5964620000, -0.6393343000, 0.4852508000)
(-0.6147137000, -0.6390878000, 0.4622494000)
(-0.6132884000, -0.6364873000, 0.4676861000)
(-0.6184023000, -0.6279687000, 0.4724633000)
(-0.5955296000, -0.6331975000, 0.4943579000)
(-0.6090286000, -0.6288142000, 0.4833890000)
(-0.6233833000, -0.6188280000, 0.4779319000)
(-0.6223395000, -0.6150959000, 0.4840863000)
(-0.6214740000, -0.6188629000, 0.4803916000)
(-0.6265606000, -0.6114560000, 0.4832492000)
(-0.6173955000, -0.6209119000, 0.4829878000)
(-0.6147623000, -0.6226979000, 0.4840418000)
(-0.6148301000, -0.6206760000, 0.4865435000)
(-0.6251054000, -0.6181629000, 0.4765663000)
(-0.6266367000, -0.6161526000, 0.4771438000)
(-0.6254966000, -0.6190047000, 0.4749489000)
(-0.6229357000, -0.6222654000, 0.4740427000)
(-0.6146823000, -0.6223731000, 0.4845512000)
(-0.6162462000, -0.6211813000, 0.4840965000)
(-0.6109413000, -0.6247218000, 0.4862649000)
(-0.6231114000, -0.6307177000, 0.4625090000)
(-0.6170551000, -0.6393135000, 0.4588251000)
(-0.6136871000, -0.6405706000, 0.4615650000)
(-0.6041687000, -0.6381567000, 0.4772012000)
(-0.6092131000, -0.6402124000, 0.4679359000)
(-0.6065062000, -0.6396554000, 0.4722098000)
(-0.6047620000, -0.6385543000, 0.4759156000)
(-0.5898420000, -0.6359962000, 0.4975647000)
(-0.5874729000, -0.6352925000, 0.5012730000)
(-0.5870140000, -0.6369638000, 0.4996706000)
(-0.5878381000, -0.6375138000, 0.4980084000)
(-0.6113589000, -0.6392469000, 0.4664669000)
(-0.6081654000, -0.6395023000, 0.4702564000)
(-0.6068711000, -0.6399775000, 0.4713110000)
(-0.6113763000, -0.6390380000, 0.4667350000)
(-0.6107100000, -0.6493755000, 0.4531265000)
(-0.6125236000, -0.6462653000, 0.4551272000)
(-0.6052707000, -0.6478388000, 0.4625465000)
(-0.5921125000, -0.6334157000, 0.4981792000)
(-0.5911713000, -0.6346131000, 0.4977692000)
(-0.5902687000, -0.6353277000, 0.4979110000)
(-0.6083112000, -0.6402372000, 0.4690720000)
(-0.6096171000, -0.6417210000, 0.4653382000)
(-0.6089205000, -0.6419992000, 0.4658701000)
(-0.6133310000, -0.6372457000, 0.4666284000)
(-0.6114873000, -0.6402399000, 0.4649224000)
(-0.6115184000, -0.6405118000, 0.4645171000)
(-0.6136343000, -0.6426650000, 0.4587245000)
(-0.6113026000, -0.6419391000, 0.4628164000)
(-0.6100574000, -0.6419049000, 0.4645022000)
(-0.6090885000, -0.6406639000, 0.4674773000)
(-0.6108804000, -0.6416563000, 0.4637609000)
(-0.6104006000, -0.6421726000, 0.4637038000)
(-0.6106155000, -0.6416253000, 0.4641772000)
(-0.6117098000, -0.6407282000, 0.4639772000)
(-0.6137741000, -0.6389664000, 0.4636686000)
(-0.6115143000, -0.6389573000, 0.4666670000)
(-0.6057677000, -0.6373730000, 0.4762118000)
(-0.6082668000, -0.6381007000, 0.4720308000)
(-0.6145963000, -0.6402714000, 0.4607840000)
(-0.6115789000, -0.6416439000, 0.4628623000)
(-0.6144184000, -0.6404603000, 0.4607547000)
(-0.6142478000, -0.6414066000, 0.4596540000)
(-0.5976084000, -0.6375827000, 0.4861484000)
(-0.5957363000, -0.6294221000, 0.4989111000)
(-0.5909732000, -0.6342020000, 0.4985250000)
(-0.5905802000, -0.6345342000, 0.4985700000)
(-0.5905153000, -0.6339605000, 0.4993658000)
(-0.5902739000, -0.6334471000, 0.5003025000)
(-0.5902183000, -0.6336929000, 0.5000504000)
(-0.5902564000, -0.6335543000, 0.5001815000)
(-0.5914459000, -0.6320761000, 0.5006440000)
(-0.6012953000, -0.6375893000, 0.4815737000)
(-0.6084666000, -0.6407604000, 0.4681638000)
(-0.5920362000, -0.6386288000, 0.4915727000)
(-0.5979839000, -0.6371117000, 0.4863104000)
(-0.5967126000, -0.6393118000, 0.4849591000)
(-0.6139234000, -0.6388578000, 0.4636279000)
(-0.5961787000, -0.6391231000, 0.4858859000)
(-0.5946279000, -0.6413333000, 0.4848763000)
(-0.5969653000, -0.6414444000, 0.4818361000)
(-0.6074561000, -0.6422752000, 0.4674154000)
(-0.5904973000, -0.6377078000, 0.4946044000)
(-0.6149369000, -0.6418397000, 0.4581357000)
(-0.6140659000, -0.6442985000, 0.4558205000)
(0.0000000000, 0.0000000000, 0.0000000000)
(0.0000000000, 0.0000000000, 0.0000000000)
(0.0000000000, 0.0000000000, 0.0000000000)
(0.0000000000, 0.0000000000, 0.0000000000)
(0.0000000000, 0.0000000000, 0.0000000000)
(0.0000000000, 0.0000000000, 0.0000000000)
(0.0000000000, 0.0000000000, 0.0000000000)
(0.0000000000, 0.0000000000, 0.0000000000)
(0.0000000000, 0.0000000000, 0.0000000000)
(-0.6355513000, -0.6230624000, 0.4558926000)
(-0.6291682000, -0.6245553000, 0.4626593000)
(-0.6285027000, -0.6217240000, 0.4673716000)
(-0.6007181000, -0.6218129000, 0.5024572000)
(-0.6229397000, -0.6172196000, 0.4805874000)
(-0.6066836000, -0.6186426000, 0.4992016000)
(-0.6280035000, -0.6179643000, 0.4729838000)
(-0.6344357000, -0.6144262000, 0.4689815000)
(-0.6367410000, -0.6044135000, 0.4787818000)
(-0.6372768000, -0.6070381000, 0.4747133000)
(-0.6386386000, -0.6059620000, 0.4742762000)
(-0.6348592000, -0.6094106000, 0.4749248000)
(-0.6311430000, -0.6105281000, 0.4784199000)
(-0.6363571000, -0.6086693000, 0.4738780000)
(-0.6166352000, -0.6120722000, 0.4950985000)
(-0.6248907000, -0.6186686000, 0.4761889000)
(-0.6220267000, -0.6217542000, 0.4759127000)
(-0.6237345000, -0.6201710000, 0.4757431000)
(-0.6234413000, -0.6207278000, 0.4753942000)
(-0.6223081000, -0.6225750000, 0.4744708000)
(-0.6218060000, -0.6223642000, 0.4753930000)
(-0.6155834000, -0.6297916000, 0.4737284000)
(-0.6186433000, -0.6294214000, 0.4701947000)
(-0.6249716000, -0.6289928000, 0.4623279000)
(-0.6235018000, -0.6304578000, 0.4623450000)
(-0.6178823000, -0.6308469000, 0.4692862000)
(-0.6138898000, -0.6324543000, 0.4723747000)
(-0.6146730000, -0.6323779000, 0.4714556000)
(-0.5904104000, -0.6310802000, 0.5031388000)
(-0.5905403000, -0.6311414000, 0.5028961000)
(-0.6095595000, -0.6334927000, 0.4765710000)
(-0.6057623000, -0.6316084000, 0.4838374000)
(-0.6103790000, -0.6309959000, 0.4788050000)
(-0.6224480000, -0.6274891000, 0.4677572000)
(-0.6235013000, -0.6320630000, 0.4601479000)
(-0.6223081000, -0.6302196000, 0.4642546000)
(-0.6108355000, -0.6243212000, 0.4869173000)
(-0.6140427000, -0.6246926000, 0.4823954000)
(-0.6151582000, -0.6247566000, 0.4808663000)
(-0.6167870000, -0.6265218000, 0.4764663000)
(-0.6159992000, -0.6262187000, 0.4778791000)
(-0.6172993000, -0.6221920000, 0.4814540000)
(-0.6207246000, -0.6214513000, 0.4779872000)
(-0.6185489000, -0.6201317000, 0.4825002000)
(-0.6157749000, -0.6197267000, 0.4865601000)
(-0.6181764000, -0.6200412000, 0.4831059000)
(-0.6195954000, -0.6199450000, 0.4813957000)
(-0.6039146000, -0.6281224000, 0.4906552000)
(-0.6054033000, -0.6282304000, 0.4886809000)
(-0.6179034000, -0.6240166000, 0.4783056000)
(-0.6105229000, -0.6265365000, 0.4844616000)
(-0.6205613000, -0.6234947000, 0.4755438000)
(-0.6250075000, -0.6229202000, 0.4704462000)
(-0.6240994000, -0.6246811000, 0.4693307000)
(-0.6237845000, -0.6254449000, 0.4687178000)
(-0.6255084000, -0.6246703000, 0.4674637000)
(-0.6418698000, -0.6160833000, 0.4565299000)
(-0.6048490000, -0.6348717000, 0.4807167000)
(-0.5957448000, -0.6382831000, 0.4875258000)
(-0.5989133000, -0.6364231000, 0.4860451000)
(-0.6124234000, -0.6321017000, 0.4747376000)
(-0.6113579000, -0.6333392000, 0.4744697000)
(-0.6133560000, -0.6315039000, 0.4743375000)
(-0.5985675000, -0.6331121000, 0.4907932000)
(-0.5993724000, -0.6319656000, 0.4912776000)
(-0.5974982000, -0.6344708000, 0.4903359000)
(-0.5979678000, -0.6341130000, 0.4902271000)
(-0.5987643000, -0.6340178000, 0.4893803000)
(-0.5999693000, -0.6334940000, 0.4885757000)
(-0.6163086000, -0.6311906000, 0.4709095000)
(-0.6185150000, -0.6244342000, 0.4769858000)
(-0.6168886000, -0.6240720000, 0.4795399000)
(-0.6122710000, -0.6301494000, 0.4775298000)
(-0.6057376000, -0.6295479000, 0.4865509000)
(-0.6080577000, -0.6273493000, 0.4864998000)
(-0.6076376000, -0.6282609000, 0.4858614000)
(-0.6028453000, -0.6286880000, 0.4912406000)
(-0.5970585000, -0.6287583000, 0.4981605000)
(-0.5969185000, -0.6281222000, 0.4991347000)
(-0.5976601000, -0.6278202000, 0.4986372000)
(-0.6027383000, -0.6311388000, 0.4882140000)
(-0.6068074000, -0.6273111000, 0.4881181000)
(-0.6134012000, -0.6296973000, 0.4766499000)
(-0.6146703000, -0.6312722000, 0.4729377000)
(-0.6137981000, -0.6321336000, 0.4728998000)
(-0.6138386000, -0.6323388000, 0.4725727000)
(-0.6129575000, -0.6328762000, 0.4730160000)
(-0.6131888000, -0.6345258000, 0.4704770000)
(-0.6202686000, -0.6310174000, 0.4659029000)
(-0.6005873000, -0.6382102000, 0.4816326000)
(-0.5922914000, -0.6411886000, 0.4879134000)
(-0.5922890000, -0.6402329000, 0.4891499000)
(-0.5932010000, -0.6380536000, 0.4909002000)
(-0.5913996000, -0.6394413000, 0.4912546000)
(-0.5928476000, -0.6376886000, 0.4918039000)
(-0.5892504000, -0.6372124000, 0.4967102000)
(-0.6149566000, -0.6406330000, 0.4597688000)
(-0.6239414000, -0.6320130000, 0.4595973000)
(-0.6195300000, -0.6353146000, 0.4610392000)
(-0.6225595000, -0.6315380000, 0.4621423000)
(-0.6006398000, -0.6444464000, 0.4731740000)
(-0.6021581000, -0.6416425000, 0.4750716000)
(-0.6126232000, -0.6357270000, 0.4695996000)
(-0.6051869000, -0.6351303000, 0.4799449000)
(-0.5999019000, -0.6363536000, 0.4849368000)
(-0.6000686000, -0.6358777000, 0.4853417000)
(-0.6000365000, -0.6351075000, 0.4864048000)
(-0.6217716000, -0.6282172000, 0.4676829000)
(-0.6206428000, -0.6283798000, 0.4689659000)
(-0.6171728000, -0.6286709000, 0.4731262000)
(-0.6193300000, -0.6257371000, 0.4742051000)
(-0.6061633000, -0.6333437000, 0.4810778000)
(-0.6086221000, -0.6307703000, 0.4813535000)
(-0.6088885000, -0.6309388000, 0.4807863000)
(-0.6095354000, -0.6302034000, 0.4809453000)
(-0.6231233000, -0.6234159000, 0.4722767000)
(-0.6229145000, -0.6233683000, 0.4726270000)
(-0.6208289000, -0.6248603000, 0.4733995000)
(-0.6213934000, -0.6250767000, 0.4723684000)
(-0.6206588000, -0.6261091000, 0.4719660000)
(-0.5971877000, -0.6392792000, 0.4844446000)
(-0.6004950000, -0.6357058000, 0.4850559000)
(-0.6245865000, -0.6256291000, 0.4674050000)
(-0.6236032000, -0.6267502000, 0.4672114000)
(-0.6151844000, -0.6298243000, 0.4741716000)
(-0.6180483000, -0.6290050000, 0.4715424000)
(-0.6200897000, -0.6286516000, 0.4693163000)
(-0.6205363000, -0.6288021000, 0.4685218000)
(-0.6146745000, -0.6312621000, 0.4729331000)
(-0.6127007000, -0.6315232000, 0.4751466000)
(-0.6102808000, -0.6312506000, 0.4786089000)
(-0.6105402000, -0.6310034000, 0.4785882000)
(-0.6131407000, -0.6306389000, 0.4757417000)
(-0.6154857000, -0.6292082000, 0.4746102000)
(-0.6168334000, -0.6301741000, 0.4715843000)
(-0.6155612000, -0.6308913000, 0.4722795000)
(-0.6161695000, -0.6310759000, 0.4712282000)
(-0.6148579000, -0.6328394000, 0.4705964000)
(-0.6138092000, -0.6332961000, 0.4713270000)
(-0.6131987000, -0.6349825000, 0.4698633000)
(-0.6199926000, -0.6277280000, 0.4706841000)
(-0.6193290000, -0.6290457000, 0.4697899000)
(-0.6175987000, -0.6288037000, 0.4724099000)
(-0.6226153000, -0.6285072000, 0.4661820000)
(-0.6273149000, -0.6248918000, 0.4647171000)
(-0.6225842000, -0.6295719000, 0.4647797000)
(-0.5934544000, -0.6391187000, 0.4892041000)
(-0.5931272000, -0.6393217000, 0.4893390000)
(-0.6088793000, -0.6364184000, 0.4735316000)
(-0.6131721000, -0.6317869000, 0.4741770000)
(-0.6097245000, -0.6358979000, 0.4731172000)
(-0.6037916000, -0.6323130000, 0.4853860000)
(-0.6070229000, -0.6319988000, 0.4817366000)
(-0.6124306000, -0.6347001000, 0.4712572000)
(-0.6123649000, -0.6355972000, 0.4701106000)
(-0.6108797000, -0.6351638000, 0.4726201000)
(-0.6103890000, -0.6349772000, 0.4735281000)
(-0.6089214000, -0.6355258000, 0.4746642000)
(-0.6114624000, -0.6324791000, 0.4754648000)
(-0.6077602000, -0.6383396000, 0.4723667000)
(-0.6079889000, -0.6350786000, 0.4764653000)
(-0.6098840000, -0.6358553000, 0.4729692000)
(-0.6126472000, -0.6351738000, 0.4703160000)
(-0.6127621000, -0.6356865000, 0.4694688000)
(-0.6144327000, -0.6355351000, 0.4674983000)
(-0.6175058000, -0.6337618000, 0.4658518000)
(-0.6107959000, -0.6344228000, 0.4737326000)
(-0.6188065000, -0.6352159000, 0.4621192000)
(-0.6224952000, -0.6367326000, 0.4550410000)
(-0.6164957000, -0.6401988000, 0.4583136000)
(-0.5993138000, -0.6422901000, 0.4777903000)
(-0.6027218000, -0.6405899000, 0.4757832000)
(-0.6128852000, -0.6372461000, 0.4671952000)
(-0.6228066000, -0.6362332000, 0.4553046000)
(-0.6236484000, -0.6359170000, 0.4546045000)
(-0.6231291000, -0.6371138000, 0.4536401000)
(-0.6185255000, -0.6389639000, 0.4573168000)
(-0.6111159000, -0.6448179000, 0.4590527000)
(-0.6117235000, -0.6445402000, 0.4586355000)
(-0.6202723000, -0.6429428000, 0.4493052000)
(-0.6194980000, -0.6457406000, 0.4463631000)
(-0.6092698000, -0.6495873000, 0.4547696000)
(-0.6053644000, -0.6535839000, 0.4542394000)
(-0.6088659000, -0.6502186000, 0.4544139000)
(-0.5978162000, -0.6473212000, 0.4728277000)
(-0.6028376000, -0.6480300000, 0.4654346000)
(-0.6033610000, -0.6487370000, 0.4637665000)
(-0.6044845000, -0.6489455000, 0.4620229000)
(-0.6023381000, -0.6489587000, 0.4647885000)
(-0.6095688000, -0.6481938000, 0.4563620000)
(-0.6104336000, -0.6460313000, 0.4582487000)
(-0.6097508000, -0.6467628000, 0.4581441000)
(-0.6108359000, -0.6452603000, 0.4588008000)
(-0.6096442000, -0.6460152000, 0.4593139000)
(-0.6093376000, -0.6464872000, 0.4590787000)
(-0.6100391000, -0.6466819000, 0.4578591000)
(-0.6127036000, -0.6443560000, 0.4575865000)
(-0.6062573000, -0.6406153000, 0.4712184000)
(-0.6230993000, -0.6291048000, 0.4647227000)
(-0.6179233000, -0.6392793000, 0.4576884000)
(-0.6229033000, -0.6397219000, 0.4502655000)
(0.0000000000, 0.0000000000, 0.0000000000)
(0.0000000000, 0.0000000000, 0.0000000000)
(0.0000000000, 0.0000000000, 0.0000000000)
(0.0000000000, 0.0000000000, 0.0000000000)
(0.0000000000, 0.0000000000, 0.0000000000)
(0.0000000000, 0.0000000000, 0.0000000000)
(0.0000000000, 0.0000000000, 0.0000000000)
(0.0000000000, 0.0000000000, 0.0000000000)
(0.0000000000, 0.0000000000, 0.0000000000)
(-0.6178210000, -0.6260840000, 0.4756982000)
(-0.6129212000, -0.6265983000, 0.4813529000)
(-0.6120772000, -0.6283192000, 0.4801555000)
(-0.6066614000, -0.6337698000, 0.4798796000)
(-0.6130803000, -0.6265486000, 0.4812153000)
(-0.6154365000, -0.6262917000, 0.4785284000)
(-0.6128576000, -0.6259876000, 0.4822099000)
(-0.6063964000, -0.6255399000, 0.4908953000)
(-0.6045502000, -0.6254851000, 0.4932207000)
(-0.6085361000, -0.6327727000, 0.4788189000)
(-0.6129411000, -0.6288518000, 0.4783805000)
(-0.6068842000, -0.6356329000, 0.4771344000)
(-0.5984148000, -0.6348758000, 0.4886887000)
(-0.6023491000, -0.6357569000, 0.4826614000)
(-0.6051767000, -0.6347637000, 0.4804288000)
(-0.5973665000, -0.6444247000, 0.4773559000)
(-0.5965384000, -0.6391504000, 0.4854121000)
(-0.5908602000, -0.6461846000, 0.4830371000)
(-0.6167442000, -0.6535187000, 0.4387625000)
(0.0000000000, 0.0000000000, 0.0000000000)
(0.0000000000, 0.0000000000, 0.0000000000)
(0.0000000000, 0.0000000000, 0.0000000000)
(0.0000000000, 0.0000000000, 0.0000000000)
(0.0000000000, 0.0000000000, 0.0000000000)
(0.0000000000, 0.0000000000, 0.0000000000)
(0.0000000000, 0.0000000000, 0.0000000000)
(0.0000000000, 0.0000000000, 0.0000000000)
(0.0000000000, 0.0000000000, 0.0000000000)
(-0.6360349000, -0.6374030000, 0.4349236000)
(-0.5970218000, -0.6400996000, 0.4835581000)
(-0.6256124000, -0.6405169000, 0.4453403000)
(-0.6237678000, -0.6436107000, 0.4434832000)
(-0.5992768000, -0.6355371000, 0.4867634000)
(-0.6188558000, -0.6383931000, 0.4576674000)
(-0.5961452000, -0.6396375000, 0.4852387000)
(-0.5937037000, -0.6392776000, 0.4886931000)
(-0.5956340000, -0.6386507000, 0.4871559000)
(-0.6039681000, -0.6490495000, 0.4625374000)
(-0.6158668000, -0.6449634000, 0.4524665000)
(-0.5920309000, -0.6472558000, 0.4801402000)
(-0.5912322000, -0.6529967000, 0.4733079000)
(-0.5844281000, -0.6435372000, 0.4942637000)
(-0.6143355000, -0.6423537000, 0.4581958000)
(-0.6139743000, -0.6450034000, 0.4549635000)
(-0.5874665000, -0.6435246000, 0.4906668000)
(-0.5858586000, -0.6429979000, 0.4932644000)
(-0.5869197000, -0.6417055000, 0.4936695000)
(-0.5877537000, -0.6399325000, 0.4949967000)
(-0.5883463000, -0.6391823000, 0.4952488000)
(-0.5889031000, -0.6391141000, 0.4946746000)
(-0.5899813000, -0.6369299000, 0.4962201000)
(-0.5910382000, -0.6370019000, 0.4948713000)
(-0.5915619000, -0.6381743000, 0.4927343000)
(-0.5964310000, -0.6361585000, 0.4894468000)
(-0.5959820000, -0.6365630000, 0.4894539000)
(-0.5949605000, -0.6361303000, 0.4912762000)
(-0.6058158000, -0.6396342000, 0.4731058000)
(-0.6077908000, -0.6398664000, 0.4702545000)
(-0.6099530000, -0.6389844000, 0.4686681000)
(-0.5958174000, -0.6359723000, 0.4904398000)
(-0.5951833000, -0.6355847000, 0.4917190000)
(-0.5955606000, -0.6360323000, 0.4906543000)
(-0.5962369000, -0.6359355000, 0.4899620000)
(-0.6050588000, -0.6403633000, 0.4730899000)
(-0.6149437000, -0.6370230000, 0.4647934000)
(-0.6108614000, -0.6418307000, 0.4635656000)
(-0.6167899000, -0.6383908000, 0.4604520000)
(-0.6135601000, -0.6386139000, 0.4644206000)
(-0.6090972000, -0.6362001000, 0.4735251000)
(-0.6078545000, -0.6386180000, 0.4718637000)
(-0.6087940000, -0.6370454000, 0.4727782000)
(-0.6124883000, -0.6388654000, 0.4654924000)
(-0.6157954000, -0.6423924000, 0.4561930000)
(-0.6124383000, -0.6457168000, 0.4560198000)
(-0.5949969000, -0.6500246000, 0.4726742000)
(-0.5930038000, -0.6479239000, 0.4780557000)
(-0.5950013000, -0.6471697000, 0.4765695000)
(-0.5940763000, -0.6485286000, 0.4758999000)
(-0.5941760000, -0.6476221000, 0.4769918000)
(-0.5917709000, -0.6456965000, 0.4825571000)
(-0.5908388000, -0.6499193000, 0.4780155000)
(-0.5916097000, -0.6485792000, 0.4788888000)
(-0.5925773000, -0.6464618000, 0.4805491000)
(-0.6024873000, -0.6429559000, 0.4728680000)
(-0.6040312000, -0.6428467000, 0.4710343000)
(-0.6056816000, -0.6427166000, 0.4690934000)
(-0.6091471000, -0.6386487000, 0.4701494000)
(-0.6089389000, -0.6393473000, 0.4694883000)
(-0.6041876000, -0.6471148000, 0.4649589000)
(-0.6065522000, -0.6423084000, 0.4685196000)
(-0.6085359000, -0.6421986000, 0.4661014000)
(-0.6090786000, -0.6410656000, 0.4669390000)
(-0.6075906000, -0.6430725000, 0.4661260000)
(-0.6089755000, -0.6429231000, 0.4645132000)
(-0.6091460000, -0.6412222000, 0.4666403000)
(-0.5978617000, -0.6473771000, 0.4726963000)
(-0.5950375000, -0.6483785000, 0.4748889000)
(-0.6166630000, -0.6361707000, 0.4636755000)
(-0.6186630000, -0.6326339000, 0.4658495000)
(-0.6222767000, -0.6279408000, 0.4673722000)
(-0.6193005000, -0.6297709000, 0.4688672000)
(-0.6177328000, -0.6345639000, 0.4644697000)
(-0.5930572000, -0.6436437000, 0.4837277000)
(-0.5929328000, -0.6445301000, 0.4826917000)
(-0.5933279000, -0.6512930000, 0.4730367000)
(-0.6101345000, -0.6453614000, 0.4595887000)
(-0.6100056000, -0.6434568000, 0.4624452000)
(-0.6070455000, -0.6477003000, 0.4604090000)
(-0.6023456000, -0.6488591000, 0.4649192000)
(-0.6023413000, -0.6504980000, 0.4626330000)
(-0.6032459000, -0.6498708000, 0.4623240000)
(-0.6013797000, -0.6553586000, 0.4569850000)
(-0.5989491000, -0.6542530000, 0.4617488000)
(-0.6038508000, -0.6500658000, 0.4612563000)
(-0.5965646000, -0.6541706000, 0.4649147000)
(-0.5982926000, -0.6547191000, 0.4619393000)
(-0.5964833000, -0.6559194000, 0.4625456000)
(-0.5980148000, -0.6553218000, 0.4614271000)
(-0.5984931000, -0.6565720000, 0.4590345000)
(-0.6090261000, -0.6575744000, 0.4434806000)
(-0.5994199000, -0.6572332000, 0.4568549000)
(-0.5971696000, -0.6526957000, 0.4662101000)
(-0.5966722000, -0.6524740000, 0.4671790000)
(-0.6021447000, -0.6453498000, 0.4700373000)
(-0.6000412000, -0.6451465000, 0.4729798000)
(-0.6038034000, -0.6476351000, 0.4647263000)
(-0.6002440000, -0.6467220000, 0.4705858000)
(-0.6024030000, -0.6471776000, 0.4671945000)
(-0.6020031000, -0.6492844000, 0.4647633000)
(-0.6009889000, -0.6498497000, 0.4653006000)
(-0.6023281000, -0.6483728000, 0.4656111000)
(-0.6039428000, -0.6460204000, 0.4668069000)
(-0.6142411000, -0.6274689000, 0.4785211000)
(-0.6112826000, -0.6437556000, 0.4603140000)
(0.0000000000, 0.0000000000, 0.0000000000)
(0.0000000000, 0.0000000000, 0.0000000000)
(0.0000000000, 0.0000000000, 0.0000000000)
(0.0000000000, 0.0000000000, 0.0000000000)
(0.0000000000, 0.0000000000, 0.0000000000)
(0.0000000000, 0.0000000000, 0.0000000000)
(0.0000000000, 0.0000000000, 0.0000000000)
(-0.6376365000, -0.6123071000, 0.4674200000)
(-0.6352118000, -0.6109247000, 0.4724900000)
(-0.6363286000, -0.6085656000, 0.4740348000)
(-0.6319354000, -0.6103587000, 0.4775990000)
(-0.6277268000, -0.6129830000, 0.4797725000)
(-0.6266941000, -0.6150839000, 0.4784586000)
(-0.6112565000, -0.6262655000, 0.4838679000)
(-0.6220898000, -0.6132979000, 0.4866762000)
(-0.6280351000, -0.6171689000, 0.4739783000)
(-0.6287888000, -0.6209362000, 0.4680204000)
(-0.6235183000, -0.6227879000, 0.4725954000)
(-0.6184562000, -0.6249576000, 0.4763617000)
(-0.6178957000, -0.6250157000, 0.4770173000)
(-0.6199074000, -0.6245850000, 0.4749740000)
(-0.6188203000, -0.6252080000, 0.4755602000)
(-0.6167611000, -0.6274133000, 0.4753217000)
(-0.6069995000, -0.6371315000, 0.4749677000)
(-0.6047166000, -0.6405150000, 0.4733218000)
(-0.6069766000, -0.6418948000, 0.4685573000)
(-0.6022512000, -0.6453351000, 0.4699255000)
(-0.6004487000, -0.6454704000, 0.4720199000)
(-0.5929991000, -0.6484560000, 0.4773271000)
(-0.5963421000, -0.6525044000, 0.4675568000)
(-0.5929956000, -0.6527200000, 0.4714899000)
(-0.5915484000, -0.6535737000, 0.4721126000)
(-0.5924314000, -0.6533825000, 0.4712610000)
(-0.5923262000, -0.6533026000, 0.4715038000)
(-0.5902543000, -0.6564494000, 0.4697570000)
(-0.5878075000, -0.6455581000, 0.4875600000)
(-0.5902333000, -0.6399051000, 0.4920554000)
(-0.5956662000, -0.6410858000, 0.4839130000)
(-0.6073939000, -0.6475973000, 0.4600794000)
(-0.6076763000, -0.6487803000, 0.4580279000)
(-0.6070090000, -0.6489023000, 0.4587385000)
(-0.6069177000, -0.6484252000, 0.4595458000)
(-0.6054271000, -0.6510905000, 0.4577222000)
(-0.6066207000, -0.6486873000, 0.4595581000)
(-0.6097493000, -0.6413087000, 0.4657282000)
(-0.6106799000, -0.6409328000, 0.4650410000)
(-0.6091498000, -0.6415586000, 0.4661766000)
(-0.6100495000, -0.6411126000, 0.4656255000)
(-0.6099914000, -0.6415340000, 0.4651147000)
(-0.6047795000, -0.6412742000, 0.4722232000)
(-0.6050599000, -0.6411300000, 0.4720715000)
(-0.6022772000, -0.6443980000, 0.4711824000)
(-0.6032100000, -0.6443622000, 0.4700202000)
(-0.6036206000, -0.6448082000, 0.4688891000)
(-0.6085592000, -0.6447100000, 0.4625846000)
(-0.6032390000, -0.6535615000, 0.4571199000)
(-0.5993978000, -0.6530612000, 0.4628273000)
(-0.5912785000, -0.6514569000, 0.4753696000)
(-0.5918331000, -0.6731027000, 0.4434415000)
(0.0000000000, 0.0000000000, 0.0000000000)
(0.0000000000, 0.0000000000, 0.0000000000)
(0.0000000000, 0.0000000000, 0.0000000000)
(0.0000000000, 0.0000000000, 0.0000000000)
(0.0000000000, 0.0000000000, 0.0000000000)
(0.0000000000, 0.0000000000, 0.0000000000)
(0.0000000000, 0.0000000000, 0.0000000000)
(0.0000000000, 0.0000000000, 0.0000000000)
(0.0000000000, 0.0000000000, 0.0000000000)
(-0.6209769000, -0.6464863000, 0.4431990000)
(-0.6160549000, -0.6490412000, 0.4463193000)
(-0.5995628000, -0.6407201000, 0.4795575000)
(-0.6004872000, -0.6389614000, 0.4807431000)
(-0.5986428000, -0.6418960000, 0.4791342000)
(-0.5984803000, -0.6420789000, 0.4791191000)
(-0.5963420000, -0.6445139000, 0.4785018000)
(-0.5964687000, -0.6442496000, 0.4787062000)
(-0.5952144000, -0.6449906000, 0.4792732000)
(-0.5952814000, -0.6464879000, 0.4771557000)
(-0.5938585000, -0.6501909000, 0.4738848000)
(-0.5897694000, -0.6557788000, 0.4712916000)
(-0.5902098000, -0.6569481000, 0.4690899000)
(-0.5983115000, -0.6509658000, 0.4671815000)
(-0.6091812000, -0.6445711000, 0.4619803000)
(-0.6110377000, -0.6442372000, 0.4599702000)
(-0.6106675000, -0.6444121000, 0.4602284000)
(-0.6020782000, -0.6475784000, 0.4670554000)
(-0.6032682000, -0.6453058000, 0.4686484000)
(-0.6086154000, -0.6437596000, 0.4638511000)
(-0.6083202000, -0.6449482000, 0.4625834000)
(-0.6070886000, -0.6461872000, 0.4624713000)
(-0.6070795000, -0.6463546000, 0.4622475000)
(-0.6033792000, -0.6455930000, 0.4681105000)
(-0.6033069000, -0.6456019000, 0.4681901000)
(-0.6019739000, -0.6461126000, 0.4692047000)
(-0.6012340000, -0.6463109000, 0.4698705000)
(-0.6047968000, -0.6396887000, 0.4743547000)
(-0.5979211000, -0.6417283000, 0.4802752000)
(-0.5973865000, -0.6421294000, 0.4804032000)
(-0.5975072000, -0.6430640000, 0.4789918000)
(-0.6075801000, -0.6506795000, 0.4554650000)
(-0.6022390000, -0.6450403000, 0.4703484000)
(-0.5902171000, -0.6445360000, 0.4859990000)
(-0.5833481000, -0.6437782000, 0.4952139000)
(-0.5829382000, -0.6431267000, 0.4965391000)
(-0.5822967000, -0.6437690000, 0.4964613000)
(-0.5858777000, -0.6450735000, 0.4905182000)
(-0.5917023000, -0.6494854000, 0.4775516000)
(-0.5839581000, -0.6358615000, 0.5046430000)
(-0.5804642000, -0.6384737000, 0.5053668000)
(-0.5817796000, -0.6394674000, 0.5025918000)
(-0.6038173000, -0.6453300000, 0.4679199000)
(-0.6016518000, -0.6434237000, 0.4732854000)
(-0.5830429000, -0.6480116000, 0.4900215000)
(-0.5938088000, -0.6423919000, 0.4844716000)
(-0.5916016000, -0.6503298000, 0.4765173000)
(-0.6086848000, -0.6466973000, 0.4596488000)
(-0.6118370000, -0.6460438000, 0.4563650000)
(-0.6034949000, -0.6503125000, 0.4613938000)
(-0.6022061000, -0.6426989000, 0.4735834000)
(-0.5955305000, -0.6375129000, 0.4887939000)
(-0.5962293000, -0.6348209000, 0.4914239000)
(-0.5945973000, -0.6360226000, 0.4918407000)
(-0.5955290000, -0.6359296000, 0.4908487000)
(-0.5961626000, -0.6361472000, 0.4897828000)
(-0.6062915000, -0.6373482000, 0.4755989000)
(-0.6062939000, -0.6384292000, 0.4741399000)
(-0.6142566000, -0.6319537000, 0.4725409000)
(-0.6189384000, -0.6364104000, 0.4603167000)
(-0.6241035000, -0.6246717000, 0.4693364000)
(-0.6242840000, -0.6251156000, 0.4684777000)
(-0.6309310000, -0.6134139000, 0.4750008000)
(-0.6228449000, -0.6154978000, 0.4829062000)
(-0.6236225000, -0.6167467000, 0.4803006000)
(-0.6034143000, -0.6325914000, 0.4855022000)
(-0.6116461000, -0.6436241000, 0.4600392000)
(-0.6154398000, -0.6438688000, 0.4545822000)
(-0.6140516000, -0.6427140000, 0.4580888000)
(-0.6132767000, -0.6414390000, 0.4608982000)
(-0.6111436000, -0.6424429000, 0.4623450000)
(-0.6110119000, -0.6429251000, 0.4618450000)
(-0.6074800000, -0.6427683000, 0.4666914000)
(-0.6074919000, -0.6435483000, 0.4655995000)
(-0.6063791000, -0.6435776000, 0.4669994000)
(-0.6043348000, -0.6437820000, 0.4693676000)
(-0.6041137000, -0.6447831000, 0.4682686000)
(-0.6033298000, -0.6458286000, 0.4678519000)
(-0.5998279000, -0.6498858000, 0.4667208000)
(-0.6026770000, -0.6508257000, 0.4617224000)
(-0.6028194000, -0.6520353000, 0.4598370000)
(-0.5964940000, -0.6509197000, 0.4695452000)
(-0.5991923000, -0.6508178000, 0.4662390000)
(-0.5992609000, -0.6503790000, 0.4667890000)
(-0.6048670000, -0.6474504000, 0.4636036000)
(-0.6079572000, -0.6479868000, 0.4587866000)
(-0.6110290000, -0.6441370000, 0.4601185000)
(-0.6069643000, -0.6444084000, 0.4651081000)
(-0.6060994000, -0.6470346000, 0.4625878000)
(-0.6113607000, -0.6470214000, 0.4556279000)
(-0.6095685000, -0.6464360000, 0.4588296000)
(-0.5790927000, -0.6493062000, 0.4929801000)
(-0.5807699000, -0.6482568000, 0.4924012000)
(-0.5801970000, -0.6484789000, 0.4927874000)
(-0.5848216000, -0.6473857000, 0.4887362000)
(-0.5775299000, -0.6533380000, 0.4894900000)
(-0.5983401000, -0.6511410000, 0.4669033000)
(-0.5769299000, -0.6551124000, 0.4878083000)
(-0.6022742000, -0.6539873000, 0.4577728000)
(-0.6024452000, -0.6544135000, 0.4569352000)
(-0.6019356000, -0.6570777000, 0.4537821000)
(-0.5905597000, -0.6579837000, 0.4672154000)
(-0.6040444000, -0.6589149000, 0.4482602000)
(-0.6024308000, -0.6591606000, 0.4500923000)
(-0.6005201000, -0.6581799000, 0.4540518000)
(-0.5841136000, -0.6531719000, 0.4818166000)
(-0.5828010000, -0.6536374000, 0.4828014000)
(-0.5958835000, -0.6546915000, 0.4650524000)
(-0.5986615000, -0.6565655000, 0.4588245000)
(-0.6004532000, -0.6543512000, 0.4596401000)
(-0.6002058000, -0.6549777000, 0.4590562000)
(-0.6004387000, -0.6536617000, 0.4606432000)
(-0.5946274000, -0.6492423000, 0.4742192000)
(-0.5966663000, -0.6504570000, 0.4699644000)
(-0.5940248000, -0.6507965000, 0.4728395000)
(-0.5950687000, -0.6532564000, 0.4681264000)
(-0.6060326000, -0.6486163000, 0.4604548000)
(-0.6093743000, -0.6527450000, 0.4500776000)
(-0.5954953000, -0.6477586000, 0.4751677000)
(-0.5909638000, -0.6429682000, 0.4871865000)
(-0.5912056000, -0.6432281000, 0.4865218000)
(-0.5879407000, -0.6621807000, 0.4645815000)
(-0.5939015000, -0.6598669000, 0.4602618000)
(-0.6073453000, -0.6631309000, 0.4374718000)
(0.0000000000, 0.0000000000, 0.0000000000)
(0.0000000000, 0.0000000000, 0.0000000000)
(0.0000000000, 0.0000000000, 0.0000000000)
(0.0000000000, 0.0000000000, 0.0000000000)
(0.0000000000, 0.0000000000, 0.0000000000)
(0.0000000000, 0.0000000000, 0.0000000000)
(0.0000000000, 0.0000000000, 0.0000000000)
(0.0000000000, 0.0000000000, 0.0000000000)
(-0.5991782000, -0.6466470000, 0.4720386000)
(-0.6143182000, -0.6364641000, 0.4663970000)
(-0.6215289000, -0.6342039000, 0.4598755000)
(-0.6123199000, -0.6391467000, 0.4653260000)
(-0.6090868000, -0.6394611000, 0.4691187000)
(-0.6113573000, -0.6385373000, 0.4674444000)
(-0.6043642000, -0.6338089000, 0.4827174000)
(-0.6027864000, -0.6344628000, 0.4838180000)
(-0.6033488000, -0.6323113000, 0.4859431000)
(-0.6000896000, -0.6295829000, 0.4934440000)
(-0.5996918000, -0.6310719000, 0.4920255000)
(-0.5974055000, -0.6319613000, 0.4936607000)
(-0.5929774000, -0.6325483000, 0.4982549000)
(-0.5932062000, -0.6337848000, 0.4963907000)
(-0.6061071000, -0.6356300000, 0.4781026000)
(-0.6063690000, -0.6352575000, 0.4782841000)
(-0.6064371000, -0.6347432000, 0.4788787000)
(-0.6056921000, -0.6351118000, 0.4793378000)
(-0.6065001000, -0.6351330000, 0.4782916000)
(-0.6066136000, -0.6353890000, 0.4777918000)
(-0.5987521000, -0.6357906000, 0.4870929000)
(-0.5887579000, -0.6347035000, 0.5004918000)
(-0.5871968000, -0.6370608000, 0.4993259000)
(-0.5971171000, -0.6382891000, 0.4858190000)
(-0.6093861000, -0.6379898000, 0.4707313000)
(-0.6098378000, -0.6382987000, 0.4697312000)
(-0.6098011000, -0.6381346000, 0.4700022000)
(-0.6134309000, -0.6368371000, 0.4670419000)
(-0.6152949000, -0.6374806000, 0.4636933000)
(-0.6145528000, -0.6380241000, 0.4639494000)
(-0.6085812000, -0.6375314000, 0.4724100000)
(-0.6084188000, -0.6373147000, 0.4729166000)
(-0.6092763000, -0.6389174000, 0.4696213000)
(-0.6118511000, -0.6411980000, 0.4631244000)
(-0.6135855000, -0.6408126000, 0.4613636000)
(-0.6126725000, -0.6452333000, 0.4563940000)
(-0.6170042000, -0.6375383000, 0.4613549000)
(-0.6134894000, -0.6409971000, 0.4612348000)
(-0.6092916000, -0.6372342000, 0.4718951000)
(-0.6091706000, -0.6373724000, 0.4718636000)
(-0.6097993000, -0.6366590000, 0.4720115000)
(-0.6093541000, -0.6364594000, 0.4728515000)
(-0.6094841000, -0.6362122000, 0.4730270000)
(-0.6111192000, -0.6357515000, 0.4715334000)
(-0.6118857000, -0.6358740000, 0.4703586000)
(-0.6114306000, -0.6359104000, 0.4709162000)
(-0.6126472000, -0.6342164000, 0.4716144000)
(-0.6209023000, -0.6353020000, 0.4591800000)
(-0.6215622000, -0.6348355000, 0.4589392000)
(-0.6142191000, -0.6404875000, 0.4609770000)
(-0.6134139000, -0.6386611000, 0.4645525000)
(-0.6116046000, -0.6402082000, 0.4648054000)
(-0.6104445000, -0.6392182000, 0.4677099000)
(-0.6107482000, -0.6366979000, 0.4707249000)
(-0.6104776000, -0.6370275000, 0.4706472000)
(-0.6093448000, -0.6377616000, 0.4711004000)
(-0.5995710000, -0.6335801000, 0.4889403000)
(-0.5987459000, -0.6308501000, 0.4934578000)
(-0.6035612000, -0.6295546000, 0.4892523000)
(-0.6037782000, -0.6299057000, 0.4885310000)
(-0.6041461000, -0.6296805000, 0.4883700000)
(-0.6038932000, -0.6296183000, 0.4887456000)
(-0.6060926000, -0.6285467000, 0.4874091000)
(-0.6149756000, -0.6376351000, 0.4639017000)
(-0.6099143000, -0.6451592000, 0.4601605000)
(-0.5950704000, -0.6366425000, 0.4904830000)
(-0.5915737000, -0.6345883000, 0.4973118000)
(-0.5912591000, -0.6341137000, 0.4982972000)
(-0.5993142000, -0.6375907000, 0.4840335000)
(-0.6072246000, -0.6423258000, 0.4676270000)
(-0.6083804000, -0.6410626000, 0.4678730000)
(-0.5947474000, -0.6306342000, 0.4985586000)
(-0.5953143000, -0.6299858000, 0.4987071000)
(-0.5900297000, -0.6315267000, 0.5030043000)
(-0.6152299000, -0.6402262000, 0.4599744000)
(-0.6144697000, -0.6411745000, 0.4596650000)
(-0.6143152000, -0.6407034000, 0.4605463000)
(-0.6074160000, -0.6394474000, 0.4713200000)
(-0.6073331000, -0.6396215000, 0.4711900000)
(-0.6066785000, -0.6396483000, 0.4719801000)
(-0.6050702000, -0.6401814000, 0.4733420000)
(-0.6043160000, -0.6407673000, 0.4734870000)
(-0.5978660000, -0.6409528000, 0.4813864000)
(-0.6103128000, -0.6394919000, 0.4674959000)
(-0.6065555000, -0.6508489000, 0.4565866000)
(-0.6129197000, -0.6479844000, 0.4521297000)
(0.0000000000, 0.0000000000, 0.0000000000)
(0.0000000000, 0.0000000000, 0.0000000000)
(0.0000000000, 0.0000000000, 0.0000000000)
(0.0000000000, 0.0000000000, 0.0000000000)
(0.0000000000, 0.0000000000, 0.0000000000)
(0.0000000000, 0.0000000000, 0.0000000000)
(0.0000000000, 0.0000000000, 0.0000000000)
(-0.6302605000, -0.6321196000, 0.4507402000)
(-0.6308191000, -0.6262122000, 0.4581427000)
(-0.6025816000, -0.6285413000, 0.4917418000)
(-0.6072456000, -0.6267847000, 0.4882394000)
(-0.6353321000, -0.6217063000, 0.4580482000)
(-0.6207476000, -0.6332823000, 0.4621858000)
(-0.6073564000, -0.6280412000, 0.4864746000)
(-0.6086907000, -0.6221322000, 0.4923757000)
(-0.6113260000, -0.6358299000, 0.4711646000)
(-0.6114120000, -0.6341599000, 0.4732895000)
(-0.6103005000, -0.6257020000, 0.4858032000)
(-0.6078807000, -0.6300122000, 0.4832781000)
(-0.6119334000, -0.6353871000, 0.4709734000)
(-0.6145392000, -0.6356004000, 0.4672787000)
(-0.6126619000, -0.6343208000, 0.4714488000)
(-0.6066977000, -0.6336073000, 0.4800497000)
(-0.6099336000, -0.6334840000, 0.4760941000)
(-0.6071604000, -0.6367900000, 0.4752099000)
(-0.6064650000, -0.6360707000, 0.4770818000)
(-0.6023318000, -0.6364623000, 0.4817640000)
(-0.6035063000, -0.6346468000, 0.4826879000)
(-0.6038597000, -0.6342114000, 0.4828117000)
(-0.6038481000, -0.6338611000, 0.4833073000)
(-0.6048361000, -0.6319302000, 0.4845905000)
(-0.6050161000, -0.6332403000, 0.4826300000)
(-0.6034250000, -0.6342831000, 0.4832627000)
(-0.6060656000, -0.6321122000, 0.4828149000)
(-0.6047444000, -0.6356334000, 0.4798243000)
(-0.6065975000, -0.6370951000, 0.4755256000)
(-0.6069047000, -0.6367439000, 0.4756258000)
(-0.6089948000, -0.6351874000, 0.4750296000)
(-0.6110098000, -0.6314362000, 0.4774213000)
(-0.6107694000, -0.6285236000, 0.4815763000)
(-0.6115228000, -0.6274381000, 0.4820331000)
(-0.6137469000, -0.6262364000, 0.4807549000)
(-0.6155181000, -0.6290829000, 0.4747399000)
(-0.6179006000, -0.6307678000, 0.4693678000)
(-0.6275788000, -0.6221604000, 0.4680350000)
(-0.6152048000, -0.6332312000, 0.4696090000)
(-0.6086719000, -0.6321759000, 0.4794335000)
(-0.6132974000, -0.6316187000, 0.4742423000)
(-0.6165943000, -0.6325481000, 0.4686892000)
(-0.6164474000, -0.6316806000, 0.4700746000)
(-0.6170169000, -0.6322552000, 0.4685299000)
(-0.6148763000, -0.6360742000, 0.4661735000)
(-0.6182711000, -0.6358761000, 0.4619544000)
(-0.6172300000, -0.6341655000, 0.4656678000)
(-0.6129407000, -0.6343006000, 0.4711314000)
(-0.6131318000, -0.6336893000, 0.4717030000)
(-0.6137731000, -0.6329772000, 0.4718045000)
(-0.6130576000, -0.6336539000, 0.4718419000)
(-0.6163863000, -0.6316585000, 0.4701553000)
(-0.6150855000, -0.6328505000, 0.4702833000)
(-0.6139694000, -0.6302922000, 0.4751248000)
(-0.6095469000, -0.6307519000, 0.4801828000)
(-0.6143521000, -0.6321425000, 0.4721854000)
(-0.6175222000, -0.6322412000, 0.4678857000)
(-0.6169151000, -0.6314298000, 0.4697993000)
(-0.6161774000, -0.6328486000, 0.4688365000)
(-0.6143713000, -0.6333095000, 0.4705842000)
(-0.6149527000, -0.6307101000, 0.4733073000)
(-0.6156119000, -0.6300675000, 0.4733225000)
(-0.6166940000, -0.6300452000, 0.4719274000)
(-0.6189066000, -0.6280153000, 0.4717529000)
(-0.6193673000, -0.6271788000, 0.4722563000)
(-0.6140707000, -0.6279446000, 0.4781106000)
(-0.6108618000, -0.6268373000, 0.4836357000)
(-0.6173061000, -0.6283493000, 0.4733911000)
(-0.6223756000, -0.6270173000, 0.4684852000)
(-0.6246791000, -0.6247147000, 0.4684840000)
(-0.6233585000, -0.6244316000, 0.4706268000)
(-0.6228983000, -0.6267067000, 0.4682226000)
(-0.6248754000, -0.6246052000, 0.4683971000)
(-0.6169856000, -0.6265153000, 0.4762283000)
(-0.6184373000, -0.6256849000, 0.4754469000)
(-0.6209123000, -0.6295121000, 0.4670765000)
(-0.6212237000, -0.6331329000, 0.4617509000)
(-0.6215776000, -0.6329790000, 0.4614696000)
(-0.6251056000, -0.6261671000, 0.4659910000)
(-0.6243957000, -0.6291695000, 0.4628970000)
(-0.6162391000, -0.6310678000, 0.4711627000)
(-0.6121842000, -0.6344914000, 0.4718544000)
(-0.6331092000, -0.6174548000, 0.4667932000)
(-0.6088056000, -0.6372114000, 0.4725409000)
(-0.5955080000, -0.6439704000, 0.4802788000)
(-0.5952557000, -0.6450489000, 0.4791404000)
(-0.5950589000, -0.6448731000, 0.4796028000)
(-0.6128126000, -0.6381465000, 0.4660553000)
(-0.6118412000, -0.6393956000, 0.4656305000)
(-0.6112574000, -0.6370098000, 0.4696577000)
(-0.5946935000, -0.6465981000, 0.4777483000)
(-0.5932387000, -0.6473797000, 0.4784794000)
(-0.5938715000, -0.6479627000, 0.4769075000)
(-0.6098052000, -0.6438698000, 0.4621295000)
(-0.5939377000, -0.6485165000, 0.4760925000)
(-0.5933123000, -0.6499450000, 0.4749147000)
(-0.5938773000, -0.6481537000, 0.4766371000)
(-0.5944215000, -0.6480483000, 0.4760947000)
(-0.5922500000, -0.6474966000, 0.4795693000)
(-0.5935660000, -0.6464638000, 0.4793289000)
(-0.5953777000, -0.6454591000, 0.4784243000)
(-0.6127695000, -0.6337640000, 0.4720642000)
(-0.6130195000, -0.6343507000, 0.4709399000)
(-0.6135046000, -0.6344023000, 0.4702564000)
(-0.6131684000, -0.6337104000, 0.4716014000)
(-0.6079399000, -0.6362436000, 0.4749460000)
(-0.6025621000, -0.6414627000, 0.4747819000)
(-0.6040560000, -0.6406099000, 0.4740369000)
(-0.6094825000, -0.6380140000, 0.4705843000)
(-0.6130254000, -0.6362737000, 0.4683447000)
(-0.6116489000, -0.6322327000, 0.4755599000)
(-0.6068916000, -0.6359816000, 0.4766403000)
(-0.6048092000, -0.6347468000, 0.4809148000)
(-0.5998272000, -0.6372502000, 0.4838297000)
(-0.5993381000, -0.6375411000, 0.4840766000)
(-0.6114156000, -0.6284656000, 0.4808241000)
(-0.6089221000, -0.6282966000, 0.4841857000)
(-0.6161188000, -0.6192699000, 0.4867222000)
(-0.6164600000, -0.6221341000, 0.4826238000)
(-0.6145741000, -0.6219020000, 0.4853005000)
(-0.6102959000, -0.6251709000, 0.4864962000)
(-0.6109180000, -0.6274278000, 0.4827985000)
(-0.6168782000, -0.6255842000, 0.4775736000)
(-0.6169897000, -0.6290584000, 0.4728552000)
(-0.6140933000, -0.6297993000, 0.4756305000)
(-0.5909084000, -0.6586816000, 0.4657744000)
(0.0000000000, 0.0000000000, 0.0000000000)
(0.0000000000, 0.0000000000, 0.0000000000)
(0.0000000000, 0.0000000000, 0.0000000000)
(0.0000000000, 0.0000000000, 0.0000000000)
(0.0000000000, 0.0000000000, 0.0000000000)
(0.0000000000, 0.0000000000, 0.0000000000)
(0.0000000000, 0.0000000000, 0.0000000000)
(0.0000000000, 0.0000000000, 0.0000000000)
(-0.6055467000, -0.6434615000, 0.4682481000)
(-0.6062361000, -0.6311434000, 0.4838445000)
(-0.6196663000, -0.6219531000, 0.4787132000)
(-0.6192937000, -0.6180509000, 0.4842237000)
(-0.6185125000, -0.6115969000, 0.4933368000)
(-0.6153021000, -0.6201953000, 0.4865752000)
(-0.6108429000, -0.6159920000, 0.4974132000)
(-0.6129318000, -0.6145335000, 0.4966500000)
(-0.6058557000, -0.6228185000, 0.4949910000)
(-0.6101429000, -0.6163028000, 0.4978906000)
(-0.6190405000, -0.6152015000, 0.4881470000)
(-0.6272463000, -0.5967802000, 0.5004028000)
(-0.6279498000, -0.5956761000, 0.5008165000)
(-0.6287124000, -0.5951797000, 0.5004590000)
(-0.6281707000, -0.5957226000, 0.5004851000)
(-0.6267759000, -0.5979215000, 0.4996269000)
(-0.6237952000, -0.6037280000, 0.4963748000)
(-0.6221682000, -0.6053147000, 0.4964870000)
(-0.6203125000, -0.6094908000, 0.4936898000)
(-0.6196942000, -0.6093768000, 0.4945818000)
(-0.6227842000, -0.6044568000, 0.4967472000)
(-0.6260302000, -0.5988212000, 0.4994944000)
(-0.6316462000, -0.5910598000, 0.5016657000)
(-0.6314333000, -0.5912208000, 0.5017316000)
(-0.6304919000, -0.5937722000, 0.4999084000)
(-0.6395668000, -0.5958608000, 0.4856890000)
(-0.6180989000, -0.6324710000, 0.4668132000)
(-0.6162042000, -0.6253627000, 0.4787395000)
(-0.6180352000, -0.6266404000, 0.4746921000)
(-0.6162934000, -0.6240719000, 0.4803091000)
(-0.6132094000, -0.6235604000, 0.4848906000)
(-0.6144087000, -0.6237012000, 0.4832070000)
(-0.6153829000, -0.6242411000, 0.4812654000)
(-0.6162023000, -0.6248902000, 0.4793682000)
(-0.6162854000, -0.6248532000, 0.4793192000)
(-0.6156113000, -0.6254905000, 0.4793569000)
(-0.6145590000, -0.6248764000, 0.4815034000)
(-0.6137015000, -0.6279642000, 0.4785558000)
(-0.6161710000, -0.6315466000, 0.4706166000)
(-0.6179368000, -0.6301808000, 0.4701092000)
(-0.6178870000, -0.6302417000, 0.4701106000)
(-0.6182088000, -0.6294801000, 0.4706944000)
(-0.6181554000, -0.6291441000, 0.4712200000)
(-0.6181543000, -0.6292735000, 0.4710479000)
(-0.6186233000, -0.6235526000, 0.4779864000)
(-0.6099367000, -0.6273782000, 0.4840926000)
(-0.6112446000, -0.6272916000, 0.4825521000)
(-0.6081591000, -0.6276839000, 0.4859491000)
(-0.6098998000, -0.6267946000, 0.4849121000)
(-0.6105411000, -0.6260579000, 0.4850501000)
(-0.6111659000, -0.6264200000, 0.4837879000)
(-0.6109237000, -0.6255779000, 0.4851885000)
(-0.6111548000, -0.6244212000, 0.4863934000)
(-0.6201262000, -0.6240824000, 0.4753560000)
(-0.6207705000, -0.6234958000, 0.4752626000)
(-0.6203029000, -0.6242439000, 0.4748895000)
(-0.6154169000, -0.6202170000, 0.4863771000)
(-0.6112198000, -0.6299084000, 0.4791679000)
(-0.5929657000, -0.6274788000, 0.5046149000)
(-0.6010925000, -0.6285831000, 0.4935159000)
(-0.6021551000, -0.6287123000, 0.4920523000)
(-0.6065356000, -0.6271609000, 0.4886508000)
(-0.6072333000, -0.6284601000, 0.4860998000)
(-0.6108582000, -0.6270764000, 0.4833266000)
(-0.6128605000, -0.6276081000, 0.4800903000)
(-0.6128998000, -0.6259030000, 0.4822575000)
(-0.6108840000, -0.6259701000, 0.4847436000)
(-0.6132429000, -0.6316880000, 0.4742115000)
(-0.6201495000, -0.6299175000, 0.4675587000)
(-0.6182718000, -0.6312071000, 0.4682908000)
(-0.6132836000, -0.6278700000, 0.4792020000)
(-0.6140230000, -0.6278043000, 0.4783587000)
(-0.6141097000, -0.6276951000, 0.4783714000)
(-0.6150450000, -0.6256924000, 0.4798073000)
(-0.6153432000, -0.6257853000, 0.4793102000)
(-0.6153821000, -0.6250426000, 0.4802303000)
(-0.6163397000, -0.6246199000, 0.4795566000)
(-0.6172282000, -0.6231096000, 0.4803753000)
(-0.6171834000, -0.6227953000, 0.4808387000)
(-0.6177366000, -0.6220061000, 0.4811259000)
(-0.6178239000, -0.6210250000, 0.4822952000)
(-0.6178449000, -0.6211115000, 0.4821543000)
