1321.5130000000
1321.5240000000
1321.5350000000
1321.5460000000
1321.5570000000
1321.5680000000
1321.5800000000
1321.5910000000
1321.6010000000
1321.6130000000
1321.6240000000
1321.6350000000
1321.6460000000
1321.6570000000
1321.6680000000
1321.6790000000
1321.6900000000
1321.7010000000
1321.7130000000
1321.7240000000
1321.7350000000
1321.7460000000
1321.7570000000
1321.7680000000
1321.7790000000
1321.7900000000
1321.8020000000
1321.8120000000
1321.8230000000
1321.8350000000
1321.8460000000
1321.8570000000
1321.8680000000
1321.8790000000
1321.8900000000
1321.9010000000
1321.9120000000
1321.9230000000
1321.9350000000
1321.9460000000
1321.9570000000
1321.9680000000
1321.9790000000
1321.9900000000
1322.0010000000
1322.0120000000
1322.0230000000
1322.0350000000
1322.0460000000
1322.0570000000
1322.0680000000
1322.0790000000
1322.0900000000
1322.1010000000
1322.1120000000
1322.1230000000
1322.1340000000
1322.1460000000
1322.1570000000
1322.1680000000
1322.1790000000
1322.1900000000
1322.2010000000
1322.2120000000
1322.2230000000
1322.2340000000
1322.2460000000
1322.2570000000
1322.2680000000
1322.2790000000
1322.2900000000
1322.3010000000
1322.3120000000
1322.3230000000
1322.3340000000
1322.3460000000
1322.3570000000
1322.3680000000
1322.3790000000
1322.3900000000
1322.4010000000
1322.4120000000
1322.4230000000
1322.4340000000
1322.4450000000
1322.4560000000
1322.4680000000
1322.4790000000
1322.4900000000
1322.5010000000
1322.5120000000
1322.5230000000
1322.5340000000
1322.5460000000
1322.5560000000
1322.5680000000
1322.5790000000
1322.5900000000
1322.6010000000
1322.6120000000
1322.6230000000
1322.6350000000
1322.6450000000
1322.6570000000
1322.6680000000
1322.6790000000
1322.6900000000
1322.7010000000
1322.7120000000
1322.7230000000
1322.7340000000
1322.7450000000
1322.7560000000
1322.7680000000
1322.7790000000
1322.7900000000
1322.8010000000
1322.8120000000
1322.8230000000
1322.8340000000
1322.8450000000
1322.8560000000
1322.8670000000
1322.8790000000
1322.8900000000
1322.9010000000
1322.9120000000
1322.9230000000
1322.9340000000
1322.9450000000
1322.9560000000
1322.9680000000
1322.9780000000
1322.9900000000
1323.0010000000
1323.0120000000
1323.0230000000
1323.0340000000
1323.0450000000
1323.0570000000
1323.0670000000
1323.0780000000
1323.0890000000
1323.1010000000
1323.1120000000
1323.1230000000
1323.1340000000
1323.1450000000
1323.1560000000
1323.1670000000
1323.1780000000
1323.1890000000
1323.2010000000
1323.2120000000
1323.2230000000
1323.2340000000
1323.2450000000
1323.2560000000
1323.2670000000
1323.2780000000
1323.2890000000
1323.3010000000
1323.3120000000
1323.3230000000
1323.3340000000
1323.3450000000
1323.3560000000
1323.3670000000
1323.3780000000
1323.3890000000
1323.4010000000
1323.4120000000
1323.4230000000
1323.4340000000
1323.4450000000
1323.4560000000
1323.4670000000
1323.4780000000
1323.4900000000
1323.5000000000
1323.5120000000
1323.5230000000
1323.5340000000
1323.5450000000
1323.5560000000
1323.5670000000
1323.5780000000
1323.5890000000
1323.6010000000
1323.6120000000
1323.6230000000
1323.6340000000
1323.6450000000
1323.6560000000
1323.6670000000
1323.6780000000
1323.6890000000
1323.7000000000
1323.7110000000
1323.7230000000
1323.7340000000
1323.7450000000
1323.7560000000
1323.7670000000
1323.7780000000
1323.7890000000
1323.8000000000
1323.8110000000
1323.8230000000
1323.8340000000
1323.8450000000
1323.8560000000
1323.8670000000
1323.8780000000
1323.8890000000
1323.9010000000
1323.9110000000
1323.9220000000
1323.9340000000
1323.9450000000
1323.9570000000
1323.9670000000
1323.9780000000
1323.9890000000
1324.0000000000
1324.0110000000
1324.0220000000
1324.0340000000
1324.0450000000
1324.0560000000
1324.0670000000
1324.0780000000
1324.0890000000
1324.1010000000
1324.1110000000
1324.1220000000
1324.1340000000
1324.1450000000
1324.1560000000
1324.1670000000
1324.1780000000
1324.1890000000
1324.2000000000
1324.2110000000
1324.2220000000
1324.2340000000
1324.2450000000
1324.2560000000
1324.2670000000
1324.2780000000
1324.2890000000
1324.3000000000
1324.3110000000
1324.3220000000
1324.3330000000
1324.3440000000
1324.3560000000
1324.3670000000
1324.3780000000
1324.3890000000
1324.4000000000
1324.4110000000
1324.4220000000
1324.4330000000
1324.4440000000
1324.4560000000
1324.4670000000
1324.4780000000
1324.4890000000
1324.5000000000
1324.5110000000
1324.5220000000
1324.5330000000
1324.5450000000
1324.5550000000
1324.5670000000
1324.5780000000
1324.5890000000
1324.6000000000
1324.6110000000
1324.6220000000
1324.6330000000
1324.6440000000
1324.6560000000
1324.6670000000
1324.6790000000
1324.6890000000
1324.7000000000
1324.7110000000
1324.7220000000
1324.7330000000
1324.7440000000
1324.7550000000
1324.7670000000
1324.7770000000
1324.7890000000
1324.8000000000
1324.8110000000
1324.8220000000
1324.8330000000
1324.8440000000
1324.8550000000
1324.8670000000
1324.8780000000
1324.8890000000
1324.9000000000
1324.9110000000
1324.9220000000
1324.9330000000
1324.9440000000
1324.9550000000
1324.9670000000
1324.9780000000
1324.9900000000
1325.0000000000
1325.0110000000
1325.0220000000
1325.0330000000
1325.0440000000
1325.0550000000
1325.0670000000
1325.0770000000
1325.0890000000
1325.1000000000
1325.1110000000
1325.1220000000
1325.1330000000
1325.1440000000
1325.1550000000
1325.1670000000
1325.1770000000
1325.1880000000
1325.2000000000
1325.2110000000
1325.2220000000
1325.2330000000
1325.2440000000
1325.2550000000
1325.2660000000
1325.2770000000
1325.2880000000
1325.3000000000
1325.3110000000
1325.3220000000
1325.3330000000
1325.3440000000
1325.3550000000
1325.3660000000
1325.3770000000
1325.3880000000
1325.3990000000
1325.4110000000
1325.4220000000
1325.4330000000
1325.4440000000
1325.4550000000
1325.4660000000
1325.4770000000
1325.4880000000
1325.4990000000
1325.5110000000
1325.5220000000
1325.5330000000
1325.5440000000
1325.5550000000
1325.5660000000
1325.5770000000
1325.5880000000
1325.5990000000
1325.6100000000
1325.6220000000
1325.6330000000
1325.6440000000
1325.6550000000
1325.6660000000
1325.6770000000
1325.6880000000
1325.6990000000
1325.7100000000
1325.7220000000
1325.7330000000
1325.7440000000
1325.7550000000
1325.7660000000
1325.7770000000
1325.7880000000
1325.7990000000
1325.8100000000
1325.8210000000
1325.8330000000
1325.8440000000
1325.8550000000
1325.8660000000
1325.8770000000
1325.8880000000
1325.8990000000
1325.9100000000
1325.9220000000
1325.9330000000
1325.9440000000
1325.9550000000
1325.9660000000
1325.9770000000
1325.9880000000
1325.9990000000
1326.0100000000
1326.0210000000
1326.0330000000
1326.0440000000
1326.0550000000
1326.0660000000
1326.0770000000
1326.0880000000
1326.0990000000
1326.1100000000
1326.1210000000
1326.1330000000
1326.1440000000
1326.1550000000
1326.1660000000
1326.1770000000
1326.1880000000
1326.1990000000
1326.2110000000
1326.2210000000
1326.2330000000
1326.2430000000
1326.2550000000
1326.2660000000
1326.2770000000
1326.2880000000
1326.2990000000
1326.3100000000
1326.3210000000
1326.3320000000
1326.3430000000
1326.3540000000
1326.3660000000
1326.3770000000
1326.3880000000
1326.3990000000
1326.4100000000
1326.4210000000
1326.4320000000
1326.4430000000
1326.4540000000
1326.4660000000
1326.4770000000
1326.4880000000
1326.4990000000
1326.5100000000
1326.5210000000
1326.5320000000
1326.5440000000
1326.5540000000
1326.5660000000
1326.5770000000
1326.5880000000
1326.5990000000
1326.6100000000
1326.6210000000
1326.6320000000
1326.6430000000
1326.6550000000
1326.6660000000
1326.6770000000
1326.6880000000
1326.6990000000
1326.7100000000
1326.7210000000
1326.7320000000
1326.7430000000
1326.7540000000
1326.7660000000
1326.7770000000
1326.7880000000
1326.7990000000
1326.8100000000
1326.8210000000
1326.8320000000
1326.8430000000
1326.8540000000
1326.8650000000
1326.8770000000
1326.8880000000
1326.8990000000
1326.9100000000
1326.9210000000
1326.9320000000
1326.9430000000
1326.9540000000
1326.9660000000
1326.9760000000
1326.9880000000
1326.9990000000
1327.0100000000
1327.0210000000
1327.0320000000
1327.0430000000
1327.0540000000
1327.0650000000
1327.0760000000
1327.0870000000
1327.0990000000
1327.1100000000
1327.1210000000
1327.1320000000
1327.1430000000
1327.1540000000
1327.1660000000
1327.1760000000
1327.1880000000
1327.1990000000
1327.2100000000
1327.2210000000
1327.2320000000
1327.2430000000
1327.2540000000
1327.2650000000
1327.2760000000
1327.2870000000
1327.2980000000
1327.3100000000
1327.3210000000
1327.3320000000
1327.3430000000
1327.3540000000
1327.3650000000
1327.3760000000
1327.3870000000
1327.3990000000
1327.4100000000
1327.4210000000
1327.4320000000
1327.4430000000
1327.4540000000
1327.4650000000
1327.4760000000
1327.4870000000
1327.4990000000
1327.5100000000
1327.5210000000
1327.5320000000
1327.5430000000
1327.5540000000
1327.5650000000
1327.5760000000
1327.5870000000
1327.5990000000
1327.6090000000
1327.6210000000
1327.6320000000
1327.6430000000
1327.6540000000
1327.6650000000
1327.6760000000
1327.6870000000
1327.6980000000
1327.7090000000
1327.7200000000
1327.7320000000
1327.7430000000
1327.7540000000
1327.7650000000
1327.7760000000
1327.7870000000
1327.7990000000
1327.8090000000
1327.8200000000
1327.8320000000
1327.8430000000
1327.8540000000
1327.8650000000
1327.8760000000
1327.8870000000
1327.8980000000
1327.9090000000
1327.9200000000
1327.9320000000
1327.9430000000
1327.9540000000
1327.9650000000
1327.9760000000
1327.9870000000
1327.9980000000
1328.0090000000
1328.0200000000
1328.0310000000
1328.0430000000
1328.0540000000
1328.0650000000
1328.0760000000
1328.0870000000
1328.0980000000
1328.1090000000
1328.1200000000
1328.1310000000
1328.1430000000
1328.1540000000
1328.1650000000
1328.1760000000
1328.1880000000
1328.1980000000
1328.2090000000
1328.2200000000
1328.2310000000
1328.2420000000
1328.2540000000
1328.2650000000
1328.2760000000
1328.2870000000
1328.2980000000
1328.3090000000
1328.3200000000
1328.3310000000
1328.3420000000
1328.3540000000
1328.3650000000
1328.3760000000
1328.3870000000
1328.3980000000
1328.4090000000
1328.4200000000
1328.4310000000
1328.4420000000
1328.4530000000
1328.4650000000
1328.4760000000
1328.4870000000
1328.4980000000
1328.5090000000
1328.5200000000
1328.5310000000
1328.5420000000
1328.5540000000
1328.5650000000
1328.5760000000
1328.5870000000
1328.5980000000
1328.6090000000
1328.6200000000
1328.6310000000
1328.6420000000
1328.6530000000
1328.6640000000
1328.6760000000
1328.6870000000
1328.6980000000
1328.7090000000
1328.7200000000
1328.7310000000
1328.7420000000
1328.7540000000
1328.7650000000
1328.7760000000
1328.7870000000
1328.7980000000
1328.8090000000
1328.8200000000
1328.8310000000
1328.8420000000
1328.8530000000
1328.8650000000
1328.8760000000
1328.8870000000
1328.8980000000
1328.9090000000
1328.9200000000
1328.9310000000
1328.9420000000
1328.9530000000
1328.9640000000
1328.9760000000
1328.9870000000
1328.9980000000
1329.0090000000
1329.0200000000
1329.0310000000
1329.0420000000
1329.0530000000
1329.0640000000
1329.0750000000
1329.0870000000
1329.0980000000
1329.1090000000
1329.1200000000
1329.1310000000
1329.1420000000
1329.1530000000
1329.1640000000
1329.1750000000
1329.1870000000
1329.1980000000
1329.2090000000
1329.2200000000
1329.2310000000
1329.2420000000
1329.2530000000
1329.2640000000
1329.2750000000
1329.2860000000
1329.2970000000
1329.3090000000
1329.3200000000
1329.3310000000
1329.3420000000
1329.3530000000
1329.3640000000
1329.3750000000
1329.3860000000
1329.3970000000
1329.4090000000
1329.4200000000
1329.4310000000
1329.4420000000
1329.4530000000
1329.4640000000
1329.4750000000
1329.4860000000
1329.4970000000
1329.5080000000
1329.5200000000
1329.5310000000
1329.5420000000
1329.5530000000
1329.5640000000
1329.5750000000
1329.5860000000
1329.5970000000
1329.6080000000
1329.6200000000
1329.6310000000
1329.6420000000
1329.6530000000
1329.6640000000
1329.6750000000
1329.6860000000
1329.6980000000
1329.7080000000
1329.7190000000
1329.7310000000
1329.7420000000
1329.7530000000
1329.7640000000
1329.7750000000
1329.7860000000
1329.7970000000
1329.8090000000
1329.8190000000
1329.8310000000
1329.8420000000
1329.8530000000
1329.8640000000
1329.8750000000
1329.8860000000
1329.8970000000
1329.9080000000
1329.9190000000
1329.9310000000
1329.9420000000
1329.9530000000
1329.9640000000
1329.9750000000
1329.9860000000
1329.9970000000
1330.0080000000
1330.0190000000
1330.0310000000
1330.0420000000
1330.0530000000
1330.0640000000
1330.0750000000
1330.0860000000
1330.0970000000
1330.1080000000
1330.1200000000
1330.1310000000
1330.1410000000
1330.1530000000
1330.1640000000
1330.1750000000
1330.1860000000
1330.1970000000
1330.2080000000
1330.2190000000
1330.2300000000
1330.2420000000
1330.2530000000
1330.2640000000
1330.2750000000
1330.2860000000
1330.2970000000
1330.3080000000
1330.3190000000
1330.3300000000
1330.3420000000
1330.3530000000
1330.3640000000
1330.3750000000
1330.3860000000
1330.3970000000
1330.4080000000
1330.4190000000
1330.4310000000
1330.4420000000
1330.4530000000
1330.4640000000
1330.4750000000
1330.4860000000
1330.4970000000
1330.5080000000
1330.5190000000
1330.5300000000
1330.5420000000
1330.5530000000
1330.5630000000
1330.5750000000
1330.5860000000
1330.5970000000
1330.6080000000
1330.6190000000
1330.6300000000
1330.6420000000
1330.6520000000
1330.6640000000
1330.6750000000
1330.6860000000
1330.6970000000
1330.7080000000
1330.7190000000
1330.7300000000
1330.7420000000
1330.7520000000
1330.7640000000
1330.7750000000
1330.7860000000
1330.7970000000
1330.8080000000
1330.8190000000
1330.8300000000
1330.8410000000
1330.8520000000
1330.8640000000
1330.8750000000
1330.8860000000
1330.8970000000
1330.9080000000
1330.9190000000
1330.9300000000
1330.9410000000
1330.9520000000
1330.9640000000
1330.9740000000
1330.9860000000
1330.9970000000
1331.0080000000
1331.0190000000
1331.0300000000
1331.0410000000
1331.0520000000
1331.0630000000
1331.0750000000
1331.0860000000
1331.0970000000
1331.1080000000
1331.1190000000
1331.1310000000
1331.1430000000
1331.1530000000
1331.1630000000
1331.1750000000
1331.1860000000
1331.1970000000
1331.2080000000
1331.2190000000
1331.2300000000
1331.2410000000
1331.2520000000
1331.2630000000
1331.2740000000
1331.2860000000
1331.2970000000
1331.3080000000
1331.3190000000
1331.3300000000
1331.3410000000
1331.3520000000
1331.3630000000
1331.3740000000
1331.3850000000
1331.3970000000
1331.4070000000
1331.4190000000
1331.4300000000
1331.4410000000
1331.4520000000
1331.4630000000
1331.4740000000
1331.4850000000
1331.4960000000
1331.5080000000
1331.5190000000
1331.5300000000
1331.5410000000
1331.5520000000
1331.5630000000
1331.5740000000
1331.5850000000
1331.5960000000
1331.6070000000
1331.6190000000
1331.6300000000
1331.6410000000
1331.6520000000
1331.6630000000
1331.6740000000
1331.6850000000
1331.6960000000
1331.7070000000
1331.7190000000
1331.7300000000
1331.7410000000
1331.7520000000
1331.7630000000
1331.7740000000
1331.7850000000
1331.7960000000
1331.8070000000
1331.8180000000
1331.8300000000
1331.8410000000
1331.8520000000
1331.8630000000
1331.8740000000
1331.8850000000
1331.8960000000
1331.9070000000
1331.9180000000
1331.9300000000
1331.9410000000
1331.9520000000
1331.9630000000
1331.9740000000
1331.9860000000
1331.9960000000
1332.0070000000
1332.0180000000
1332.0300000000
1332.0410000000
1332.0520000000
1332.0630000000
1332.0740000000
1332.0850000000
1332.0960000000
1332.1070000000
1332.1190000000
1332.1290000000
1332.1410000000
1332.1520000000
1332.1630000000
1332.1740000000
1332.1850000000
1332.1970000000
1332.2070000000
1332.2180000000
1332.2290000000
1332.2400000000
1332.2520000000
1332.2630000000
1332.2740000000
1332.2850000000
1332.2960000000
1332.3070000000
1332.3180000000
1332.3290000000
1332.3400000000
1332.3520000000
1332.3630000000
1332.3740000000
1332.3850000000
1332.3960000000
1332.4070000000
1332.4180000000
1332.4300000000
1332.4400000000
1332.4520000000
1332.4630000000
1332.4740000000
1332.4850000000
1332.4960000000
1332.5070000000
1332.5180000000
1332.5290000000
1332.5400000000
1332.5520000000
1332.5630000000
1332.5740000000
1332.5850000000
1332.5960000000
1332.6070000000
1332.6180000000
1332.6290000000
1332.6400000000
1332.6510000000
1332.6620000000
1332.6740000000
1332.6850000000
1332.6960000000
1332.7070000000
1332.7180000000
1332.7290000000
1332.7400000000
1332.7510000000
1332.7630000000
1332.7740000000
1332.7850000000
1332.7960000000
1332.8070000000
1332.8180000000
1332.8290000000
1332.8400000000
1332.8510000000
1332.8620000000
1332.8740000000
1332.8850000000
1332.8960000000
1332.9070000000
1332.9180000000
1332.9290000000
1332.9400000000
1332.9510000000
1332.9620000000
1332.9730000000
1332.9850000000
1332.9960000000
1333.0070000000
1333.0180000000
1333.0290000000
1333.0400000000
1333.0510000000
1333.0630000000
1333.0730000000
1333.0840000000
1333.0960000000
1333.1070000000
1333.1180000000
1333.1290000000
1333.1400000000
1333.1510000000
1333.1620000000
1333.1740000000
1333.1850000000
1333.1960000000
1333.2070000000
1333.2180000000
1333.2290000000
1333.2400000000
1333.2510000000
1333.2620000000
1333.2730000000
1333.2850000000
1333.2960000000
1333.3070000000
1333.3180000000
1333.3290000000
1333.3400000000
1333.3510000000
1333.3620000000
1333.3730000000
1333.3850000000
1333.3960000000
1333.4060000000
1333.4180000000
1333.4290000000
1333.4400000000
1333.4510000000
1333.4620000000
1333.4730000000
1333.4840000000
1333.4950000000
1333.5070000000
1333.5180000000
1333.5290000000
1333.5400000000
1333.5510000000
1333.5620000000
1333.5730000000
1333.5840000000
1333.5960000000
1333.6060000000
1333.6180000000
1333.6290000000
1333.6400000000
1333.6510000000
1333.6620000000
1333.6730000000
1333.6840000000
1333.6950000000
1333.7060000000
1333.7180000000
1333.7290000000
1333.7400000000
1333.7510000000
1333.7620000000
1333.7730000000
1333.7840000000
1333.7950000000
1333.8060000000
1333.8170000000
1333.8280000000
1333.8400000000
1333.8510000000
1333.8620000000
1333.8730000000
1333.8840000000
1333.8950000000
1333.9060000000
1333.9170000000
1333.9280000000
1333.9400000000
1333.9510000000
1333.9620000000
1333.9730000000
1333.9840000000
1333.9950000000
1334.0060000000
1334.0170000000
1334.0290000000
1334.0400000000
1334.0510000000
1334.0620000000
1334.0730000000
1334.0840000000
1334.0950000000
1334.1060000000
1334.1170000000
1334.1280000000
1334.1400000000
1334.1510000000
1334.1620000000
1334.1730000000
1334.1840000000
1334.1950000000
1334.2060000000
1334.2170000000
1334.2290000000
1334.2400000000
1334.2510000000
1334.2620000000
1334.2730000000
1334.2840000000
1334.2950000000
1334.3060000000
1334.3170000000
1334.3280000000
1334.3390000000
1334.3500000000
1334.3620000000
1334.3730000000
1334.3840000000
1334.3950000000
1334.4060000000
1334.4170000000
1334.4280000000
1334.4390000000
1334.4500000000
1334.4620000000
1334.4730000000
1334.4840000000
1334.4950000000
1334.5060000000
1334.5170000000
1334.5290000000
1334.5390000000
1334.5510000000
1334.5620000000
1334.5730000000
1334.5840000000
1334.5950000000
1334.6060000000
1334.6170000000
1334.6280000000
1334.6390000000
1334.6510000000
1334.6620000000
1334.6720000000
1334.6840000000
1334.6950000000
1334.7060000000
1334.7170000000
1334.7280000000
1334.7390000000
1334.7500000000
1334.7620000000
1334.7730000000
1334.7840000000
1334.7950000000
1334.8060000000
1334.8170000000
1334.8280000000
1334.8390000000
1334.8510000000
1334.8610000000
1334.8720000000
1334.8840000000
1334.8950000000
1334.9060000000
1334.9170000000
1334.9280000000
1334.9390000000
1334.9500000000
1334.9610000000
1334.9720000000
1334.9840000000
1334.9950000000
1335.0060000000
1335.0170000000
1335.0280000000
1335.0390000000
1335.0510000000
1335.0610000000
1335.0720000000
1335.0830000000
1335.0950000000
1335.1060000000
1335.1170000000
1335.1280000000
1335.1390000000
1335.1500000000
1335.1610000000
1335.1720000000
1335.1830000000
1335.1950000000
1335.2060000000
1335.2170000000
1335.2280000000
1335.2390000000
1335.2500000000
1335.2610000000
1335.2720000000
1335.2830000000
1335.2950000000
1335.3060000000
1335.3170000000
1335.3280000000
1335.3390000000
1335.3500000000
1335.3610000000
1335.3720000000
1335.3840000000
1335.3950000000
1335.4060000000
1335.4170000000
1335.4280000000
1335.4390000000
1335.4500000000
1335.4610000000
1335.4720000000
1335.4830000000
1335.4950000000
1335.5060000000
1335.5170000000
1335.5280000000
1335.5390000000
1335.5500000000
1335.5610000000
1335.5720000000
1335.5830000000
1335.5940000000
1335.6060000000
1335.6160000000
1335.6280000000
1335.6390000000
1335.6500000000
1335.6610000000
1335.6720000000
1335.6830000000
1335.6940000000
1335.7060000000
1335.7170000000
1335.7280000000
1335.7390000000
1335.7500000000
1335.7610000000
1335.7720000000
1335.7830000000
1335.7940000000
1335.8050000000
1335.8160000000
1335.8280000000
1335.8390000000
1335.8500000000
1335.8610000000
1335.8720000000
1335.8830000000
1335.8940000000
1335.9050000000
1335.9160000000
1335.9270000000
1335.9390000000
1335.9500000000
1335.9610000000
1335.9720000000
1335.9830000000
1335.9940000000
1336.0050000000
1336.0160000000
1336.0270000000
1336.0390000000
1336.0500000000
1336.0610000000
1336.0720000000
1336.0830000000
1336.0940000000
1336.1050000000
1336.1170000000
1336.1270000000
1336.1380000000
1336.1500000000
1336.1610000000
1336.1720000000
1336.1830000000
1336.1940000000
1336.2050000000
1336.2160000000
1336.2280000000
1336.2380000000
1336.2500000000
1336.2610000000
1336.2720000000
1336.2830000000
1336.2940000000
1336.3050000000
1336.3160000000
1336.3270000000
1336.3390000000
1336.3490000000
1336.3610000000
1336.3720000000
1336.3830000000
1336.3950000000
1336.4050000000
1336.4160000000
1336.4270000000
1336.4380000000
1336.4490000000
1336.4610000000
1336.4720000000
1336.4830000000
1336.4940000000
1336.5050000000
1336.5160000000
1336.5270000000
1336.5380000000
1336.5490000000
1336.5610000000
1336.5720000000
1336.5830000000
1336.5940000000
1336.6050000000
1336.6160000000
1336.6270000000
1336.6390000000
1336.6500000000
1336.6610000000
1336.6720000000
1336.6830000000
1336.6940000000
1336.7050000000
1336.7160000000
1336.7270000000
1336.7380000000
1336.7490000000
1336.7610000000
1336.7720000000
1336.7820000000
1336.7940000000
1336.8050000000
1336.8160000000
1336.8270000000
1336.8380000000
1336.8490000000
1336.8600000000
1336.8710000000
1336.8830000000
1336.8940000000
1336.9050000000
1336.9160000000
1336.9270000000
1336.9380000000
1336.9490000000
1336.9600000000
1336.9710000000
1336.9830000000
1336.9940000000
1337.0050000000
1337.0160000000
1337.0270000000
1337.0380000000
1337.0490000000
1337.0600000000
1337.0710000000
1337.0830000000
1337.0940000000
1337.1050000000
1337.1160000000
1337.1270000000
1337.1380000000
1337.1490000000
1337.1600000000
1337.1710000000
1337.1820000000
1337.1930000000
1337.2050000000
1337.2160000000
1337.2270000000
1337.2380000000
1337.2490000000
1337.2600000000
1337.2720000000
1337.2820000000
1337.2940000000
1337.3050000000
1337.3160000000
1337.3270000000
1337.3380000000
1337.3490000000
1337.3600000000
1337.3710000000
1337.3830000000
1337.3930000000
1337.4050000000
1337.4160000000
1337.4270000000
1337.4380000000
1337.4490000000
1337.4600000000
1337.4710000000
1337.4830000000
1337.4940000000
1337.5050000000
1337.5160000000
1337.5270000000
1337.5380000000
1337.5490000000
1337.5600000000
1337.5710000000
1337.5820000000
1337.5930000000
1337.6050000000
1337.6160000000
1337.6270000000
1337.6380000000
1337.6490000000
1337.6600000000
1337.6710000000
1337.6820000000
1337.6930000000
1337.7040000000
1337.7160000000
1337.7270000000
1337.7380000000
1337.7490000000
1337.7600000000
1337.7710000000
1337.7820000000
1337.7930000000
1337.8040000000
1337.8150000000
1337.8270000000
1337.8380000000
1337.8490000000
1337.8650000000
1337.8780000000
1337.8910000000
1337.9050000000
1337.9190000000
1337.9330000000
1337.9470000000
1337.9600000000
1337.9740000000
1337.9870000000
1338.0010000000
1338.0140000000
1338.0280000000
1338.0420000000
1338.0550000000
1338.0680000000
1338.0820000000
1338.1200000000
1338.1320000000
1338.1440000000
1338.1570000000
1338.1660000000
1338.1770000000
1338.1880000000
1338.1990000000
1338.2100000000
1338.2220000000
1338.2320000000
1338.2440000000
1338.2550000000
1338.2660000000
1338.2770000000
1338.2880000000
1338.2990000000
1338.3100000000
1338.3210000000
1338.3330000000
1338.3440000000
1338.3550000000
1338.3660000000
1338.3770000000
1338.3880000000
1338.3990000000
1338.4100000000
1338.4210000000
1338.4320000000
1338.4440000000
1338.4540000000
1338.4660000000
1338.4770000000
1338.4880000000
1338.4990000000
1338.5100000000
1338.5210000000
1338.5320000000
1338.5430000000
1338.5550000000
1338.5660000000
1338.5770000000
1338.5880000000
1338.5990000000
1338.6100000000
1338.6210000000
1338.6320000000
1338.6440000000
1338.6550000000
1338.6670000000
1338.6780000000
1338.6900000000
1338.7010000000
1338.7130000000
1338.7240000000
1338.7360000000
1338.7470000000
1338.7590000000
1338.7700000000
1338.7820000000
1338.7930000000
1338.8040000000
1338.8150000000
1338.8260000000
1338.8370000000
1338.8480000000
1338.8600000000
1338.8700000000
1338.8810000000
1338.8930000000
1338.9040000000
1338.9150000000
1338.9260000000
1338.9370000000
1338.9480000000
1338.9590000000
1338.9710000000
1338.9820000000
1338.9930000000
1339.0040000000
1339.0160000000
1339.0260000000
1339.0370000000
1339.0480000000
1339.0600000000
1339.0700000000
1339.0810000000
1339.0930000000
1339.1040000000
1339.1150000000
1339.1260000000
1339.1370000000
1339.1480000000
1339.1590000000
1339.1700000000
1339.1810000000
1339.1930000000
1339.2040000000
1339.2150000000
1339.2260000000
1339.2370000000
1339.2480000000
1339.2590000000
1339.2700000000
1339.2810000000
1339.2930000000
1339.3040000000
1339.3150000000
1339.3260000000
1339.3370000000
1339.3480000000
1339.3590000000
1339.3700000000
1339.3810000000
1339.3920000000
1339.4040000000
1339.4150000000
1339.4260000000
1339.4370000000
1339.4480000000
1339.4590000000
1339.4700000000
1339.4810000000
1339.4930000000
1339.5040000000
1339.5150000000
1339.5260000000
1339.5370000000
1339.5480000000
1339.5590000000
1339.5700000000
1339.5810000000
1339.5920000000
1339.6040000000
1339.6150000000
1339.6260000000
1339.6370000000
1339.6480000000
1339.6590000000
1339.6700000000
1339.6810000000
1339.6920000000
1339.7030000000
1339.7150000000
1339.7260000000
1339.7370000000
1339.7480000000
1339.7600000000
1339.7700000000
1339.7810000000
1339.7920000000
1339.8030000000
1339.8140000000
1339.8260000000
1339.8370000000
1339.8480000000
1339.8590000000
1339.8700000000
1339.8810000000
1339.8920000000
1339.9030000000
1339.9150000000
1339.9250000000
1339.9370000000
1339.9480000000
1339.9590000000
1339.9700000000
1339.9810000000
1339.9920000000
1340.0030000000
1340.0150000000
1340.0260000000
1340.0360000000
1340.0480000000
1340.0590000000
1340.0700000000
1340.0810000000
1340.0920000000
1340.1030000000
1340.1140000000
1340.1260000000
1340.1370000000
1340.1480000000
1340.1590000000
1340.1700000000
1340.1810000000
1340.1920000000
1340.2030000000
1340.2140000000
1340.2250000000
1340.2370000000
1340.2480000000
1340.2590000000
1340.2700000000
1340.2810000000
1340.2920000000
1340.3030000000
1340.3140000000
1340.3250000000
1340.3370000000
1340.3480000000
1340.3590000000
1340.3700000000
1340.3810000000
1340.3920000000
1340.4030000000
1340.4140000000
1340.4250000000
1340.4360000000
1340.4480000000
1340.4590000000
1340.4700000000
1340.4810000000
1340.4920000000
1340.5030000000
1340.5140000000
1340.5250000000
1340.5360000000
1340.5470000000
1340.5580000000
1340.5700000000
1340.5810000000
1340.5920000000
1340.6030000000
1340.6140000000
1340.6250000000
1340.6360000000
1340.6470000000
1340.6580000000
1340.6700000000
1340.6810000000
1340.6920000000
1340.7030000000
1340.7140000000
1340.7250000000
1340.7360000000
1340.7470000000
1340.7580000000
1340.7700000000
1340.7810000000
1340.7920000000
1340.8030000000
1340.8140000000
1340.8250000000
1340.8360000000
1340.8470000000
1340.8580000000
1340.8690000000
1340.8800000000
1340.8920000000
1340.9030000000
1340.9140000000
1340.9250000000
1340.9370000000
1340.9470000000
1340.9580000000
1340.9690000000
1340.9800000000
1340.9920000000
1341.0030000000
1341.0140000000
1341.0250000000
1341.0370000000
1341.0470000000
1341.0580000000
1341.0700000000
1341.0800000000
1341.0920000000
1341.1030000000
1341.1140000000
1341.1250000000
1341.1360000000
1341.1470000000
1341.1580000000
1341.1690000000
1341.1810000000
1341.1920000000
1341.2030000000
1341.2140000000
1341.2250000000
1341.2360000000
1341.2470000000
1341.2580000000
1341.2690000000
1341.2800000000
1341.2920000000
1341.3030000000
1341.3140000000
1341.3250000000
1341.3360000000
1341.3470000000
1341.3580000000
1341.3690000000
1341.3800000000
1341.3910000000
1341.4030000000
1341.4140000000
1341.4250000000
1341.4360000000
1341.4470000000
1341.4580000000
1341.4690000000
1341.4800000000
1341.4920000000
1341.5020000000
1341.5140000000
1341.5250000000
1341.5360000000
1341.5470000000
1341.5580000000
1341.5690000000
1341.5800000000
1341.5910000000
1341.6020000000
1341.6140000000
1341.6250000000
1341.6360000000
1341.6470000000
1341.6580000000
1341.6690000000
1341.6800000000
1341.6910000000
1341.7020000000
1341.7130000000
1341.7250000000
1341.7360000000
1341.7470000000
1341.7580000000
1341.7690000000
1341.7810000000
1341.7910000000
1341.8020000000
1341.8130000000
1341.8240000000
1341.8360000000
1341.8470000000
1341.8580000000
1341.8690000000
1341.8800000000
1341.8910000000
1341.9020000000
1341.9130000000
1341.9250000000
1341.9360000000
1341.9470000000
1341.9580000000
1341.9690000000
1341.9800000000
1341.9910000000
1342.0020000000
1342.0140000000
1342.0250000000
1342.0360000000
1342.0470000000
1342.0580000000
1342.0690000000
1342.0800000000
1342.0910000000
1342.1020000000
1342.1130000000
1342.1250000000
1342.1350000000
1342.1470000000
1342.1580000000
1342.1690000000
1342.1800000000
1342.1910000000
1342.2020000000
1342.2130000000
1342.2240000000
1342.2360000000
1342.2470000000
1342.2590000000
1342.2690000000
1342.2800000000
1342.2910000000
1342.3020000000
1342.3130000000
1342.3240000000
1342.3350000000
1342.3470000000
1342.3580000000
1342.3690000000
1342.3800000000
1342.3910000000
1342.4020000000
1342.4130000000
1342.4240000000
1342.4350000000
1342.4470000000
1342.4580000000
1342.4690000000
1342.4800000000
1342.4910000000
1342.5020000000
1342.5130000000
1342.5240000000
1342.5360000000
1342.5460000000
1342.5580000000
1342.5690000000
1342.5800000000
1342.5910000000
1342.6020000000
1342.6130000000
1342.6240000000
1342.6360000000
1342.6460000000
1342.6570000000
1342.6690000000
1342.6800000000
1342.6910000000
1342.7020000000
1342.7130000000
1342.7240000000
1342.7350000000
1342.7460000000
1342.7570000000
1342.7690000000
1342.7800000000
1342.7910000000
1342.8020000000
1342.8130000000
1342.8240000000
1342.8350000000
1342.8460000000
1342.8570000000
1342.8690000000
1342.8800000000
1342.8910000000
1342.9020000000
1342.9130000000
1342.9240000000
1342.9350000000
1342.9460000000
1342.9570000000
1342.9690000000
1342.9790000000
1342.9910000000
1343.0020000000
1343.0130000000
1343.0240000000
1343.0350000000
1343.0460000000
1343.0570000000
1343.0680000000
1343.0790000000
1343.0910000000
1343.1020000000
1343.1130000000
1343.1240000000
1343.1350000000
1343.1460000000
1343.1570000000
1343.1680000000
1343.1800000000
1343.1910000000
1343.2020000000
1343.2130000000
1343.2240000000
1343.2360000000
1343.2460000000
1343.2570000000
1343.2680000000
1343.2790000000
1343.2910000000
1343.3020000000
1343.3130000000
1343.3240000000
1343.3350000000
1343.3460000000
1343.3570000000
1343.3680000000
1343.3800000000
1343.3910000000
1343.4020000000
1343.4130000000
1343.4240000000
1343.4350000000
1343.4460000000
1343.4570000000
1343.4680000000
1343.4790000000
1343.4910000000
1343.5010000000
1343.5130000000
1343.5240000000
1343.5350000000
1343.5460000000
1343.5570000000
1343.5690000000
1343.5790000000
1343.5900000000
1343.6010000000
1343.6130000000
1343.6240000000
1343.6350000000
1343.6460000000
1343.6570000000
1343.6680000000
1343.6800000000
1343.6900000000
1343.7010000000
1343.7120000000
1343.7240000000
1343.7350000000
1343.7460000000
1343.7570000000
1343.7680000000
1343.7790000000
1343.7900000000
1343.8020000000
1343.8130000000
1343.8240000000
1343.8350000000
1343.8460000000
1343.8570000000
1343.8680000000
1343.8790000000
1343.8900000000
1343.9010000000
1343.9120000000
1343.9230000000
1343.9350000000
1343.9460000000
1343.9570000000
1343.9680000000
1343.9790000000
1343.9900000000
1344.0010000000
1344.0130000000
1344.0230000000
1344.0350000000
1344.0460000000
1344.0570000000
1344.0680000000
1344.0790000000
1344.0900000000
1344.1010000000
1344.1120000000
1344.1230000000
1344.1350000000
1344.1460000000
1344.1570000000
1344.1680000000
1344.1790000000
1344.1900000000
1344.2010000000
1344.2120000000
1344.2230000000
1344.2350000000
1344.2450000000
1344.2570000000
1344.2680000000
1344.2790000000
1344.2900000000
1344.3010000000
1344.3120000000
1344.3230000000
1344.3340000000
1344.3460000000
1344.3570000000
1344.3680000000
1344.3790000000
1344.3900000000
1344.4010000000
1344.4120000000
1344.4230000000
1344.4340000000
1344.4460000000
1344.4570000000
1344.4680000000
1344.4790000000
1344.4900000000
1344.5010000000
1344.5120000000
1344.5230000000
1344.5340000000
1344.5460000000
1344.5570000000
1344.5680000000
1344.5790000000
1344.5900000000
1344.6010000000
1344.6120000000
1344.6230000000
1344.6340000000
1344.6450000000
1344.6560000000
1344.6680000000
1344.6790000000
1344.6900000000
1344.7010000000
1344.7120000000
1344.7230000000
1344.7340000000
1344.7450000000
1344.7560000000
1344.7670000000
1344.7790000000
1344.7900000000
1344.8010000000
1344.8130000000
1344.8230000000
1344.8340000000
1344.8450000000
1344.8560000000
1344.8670000000
1344.8790000000
1344.8900000000
1344.9010000000
1344.9120000000
1344.9230000000
1344.9340000000
1344.9450000000
1344.9560000000
1344.9680000000
1344.9790000000
1344.9900000000
1345.0010000000
1345.0120000000
1345.0230000000
1345.0340000000
1345.0450000000
1345.0560000000
1345.0670000000
1345.0780000000
1345.0890000000
1345.1010000000
1345.1120000000
1345.1230000000
1345.1340000000
1345.1450000000
1345.1560000000
1345.1670000000
1345.1780000000
1345.1900000000
1345.2010000000
1345.2120000000
1345.2230000000
1345.2340000000
1345.2450000000
1345.2560000000
1345.2670000000
1345.2780000000
1345.2890000000
1345.3010000000
1345.3120000000
1345.3230000000
1345.3340000000
1345.3450000000
1345.3560000000
1345.3670000000
1345.3780000000
1345.3890000000
1345.4010000000
1345.4120000000
1345.4230000000
1345.4340000000
1345.4450000000
1345.4560000000
1345.4670000000
1345.4780000000
1345.4890000000
1345.5000000000
1345.5120000000
1345.5230000000
1345.5340000000
1345.5450000000
1345.5560000000
1345.5670000000
1345.5780000000
1345.5890000000
1345.6000000000
1345.6120000000
1345.6230000000
1345.6340000000
1345.6450000000
1345.6560000000
1345.6670000000
1345.6780000000
1345.6890000000
1345.7000000000
1345.7110000000
1345.7230000000
1345.7340000000
1345.7450000000
1345.7560000000
1345.7670000000
1345.7780000000
1345.7890000000
1345.8000000000
1345.8120000000
1345.8230000000
1345.8340000000
1345.8450000000
1345.8560000000
1345.8680000000
1345.8780000000
1345.8890000000
1345.9000000000
1345.9110000000
1345.9220000000
1345.9340000000
1345.9450000000
1345.9560000000
1345.9670000000
1345.9780000000
1345.9890000000
1346.0000000000
1346.0110000000
1346.0220000000
1346.0330000000
1346.0450000000
1346.0560000000
1346.0670000000
1346.0780000000
1346.0890000000
1346.1000000000
1346.1110000000
1346.1220000000
1346.1340000000
1346.1450000000
1346.1560000000
1346.1670000000
1346.1780000000
1346.1890000000
1346.2000000000
1346.2110000000
1346.2220000000
1346.2340000000
1346.2450000000
1346.2560000000
1346.2670000000
1346.2780000000
1346.2890000000
1346.3000000000
1346.3110000000
1346.3220000000
1346.3340000000
1346.3440000000
1346.3560000000
1346.3670000000
1346.3780000000
1346.3890000000
1346.4000000000
1346.4110000000
1346.4220000000
1346.4330000000
1346.4450000000
1346.4560000000
1346.4670000000
1346.4780000000
1346.4890000000
1346.5000000000
1346.5110000000
1346.5220000000
1346.5330000000
1346.5450000000
1346.5560000000
1346.5670000000
1346.5780000000
1346.5890000000
1346.6000000000
1346.6110000000
1346.6220000000
1346.6330000000
1346.6440000000
1346.6560000000
1346.6670000000
1346.6780000000
1346.6890000000
1346.7000000000
1346.7110000000
1346.7220000000
1346.7330000000
1346.7440000000
1346.7550000000
1346.7670000000
1346.7780000000
1346.7890000000
1346.8000000000
1346.8120000000
1346.8220000000
1346.8330000000
1346.8440000000
1346.8550000000
1346.8660000000
1346.8780000000
1346.8890000000
1346.9000000000
1346.9110000000
1346.9220000000
1346.9330000000
1346.9440000000
1346.9550000000
1346.9660000000
1346.9780000000
1346.9890000000
1347.0000000000
1347.0110000000
1347.0220000000
1347.0330000000
1347.0440000000
1347.0550000000
1347.0670000000
1347.0780000000
1347.0890000000
1347.1000000000
1347.1110000000
1347.1220000000
1347.1330000000
1347.1440000000
1347.1550000000
1347.1660000000
1347.1780000000
1347.1880000000
1347.2000000000
1347.2110000000
1347.2220000000
1347.2330000000
1347.2440000000
1347.2550000000
1347.2660000000
1347.2780000000
1347.2880000000
1347.3000000000
1347.3110000000
1347.3220000000
1347.3330000000
1347.3440000000
1347.3550000000
1347.3660000000
1347.3780000000
1347.3880000000
1347.4000000000
1347.4110000000
1347.4220000000
1347.4330000000
1347.4440000000
1347.4550000000
1347.4660000000
1347.4780000000
1347.4880000000
1347.5000000000
1347.5100000000
1347.5220000000
1347.5330000000
1347.5440000000
1347.5550000000
1347.5660000000
1347.5770000000
1347.5880000000
1347.5990000000
1347.6110000000
1347.6220000000
1347.6330000000
1347.6440000000
1347.6550000000
1347.6660000000
1347.6770000000
1347.6880000000
1347.6990000000
1347.7110000000
1347.7220000000
1347.7330000000
1347.7440000000
1347.7550000000
1347.7660000000
1347.7770000000
1347.7880000000
1347.7990000000
1347.8110000000
1347.8220000000
1347.8330000000
1347.8440000000
1347.8550000000
1347.8660000000
1347.8770000000
1347.8880000000
1347.8990000000
1347.9100000000
1347.9220000000
1347.9320000000
1347.9440000000
1347.9550000000
1347.9660000000
1347.9770000000
1347.9880000000
1347.9990000000
1348.0100000000
1348.0210000000
1348.0330000000
1348.0440000000
1348.0550000000
1348.0660000000
1348.0770000000
1348.0880000000
1348.0990000000
1348.1100000000
1348.1210000000
1348.1320000000
1348.1440000000
1348.1550000000
1348.1660000000
1348.1770000000
1348.1880000000
1348.1990000000
1348.2100000000
1348.2210000000
1348.2320000000
1348.2440000000
1348.2550000000
1348.2660000000
1348.2770000000
1348.2880000000
1348.2990000000
1348.3100000000
1348.3210000000
1348.3320000000
1348.3440000000
1348.3550000000
1348.3660000000
1348.3770000000
1348.3880000000
1348.3990000000
1348.4100000000
1348.4210000000
1348.4320000000
1348.4430000000
1348.4540000000
1348.4660000000
1348.4770000000
1348.4880000000
1348.4990000000
1348.5100000000
1348.5210000000
1348.5320000000
1348.5430000000
1348.5540000000
1348.5660000000
1348.5770000000
1348.5880000000
1348.5990000000
1348.6100000000
1348.6210000000
1348.6320000000
1348.6440000000
1348.6540000000
1348.6660000000
1348.6770000000
1348.6880000000
1348.6990000000
1348.7100000000
1348.7210000000
1348.7320000000
1348.7430000000
1348.7550000000
1348.7660000000
1348.7770000000
1348.7880000000
1348.7990000000
1348.8100000000
1348.8210000000
1348.8320000000
1348.8430000000
1348.8550000000
1348.8660000000
1348.8770000000
1348.8880000000
1348.8990000000
1348.9100000000
1348.9210000000
1348.9320000000
1348.9430000000
1348.9540000000
1348.9650000000
1348.9770000000
1348.9880000000
1348.9990000000
1349.0100000000
1349.0210000000
1349.0320000000
1349.0440000000
1349.0550000000
1349.0660000000
1349.0770000000
1349.0880000000
1349.0990000000
1349.1100000000
1349.1210000000
1349.1320000000
1349.1430000000
1349.1540000000
1349.1650000000
1349.1760000000
1349.1880000000
1349.1990000000
1349.2100000000
1349.2210000000
1349.2320000000
1349.2430000000
1349.2540000000
1349.2650000000
1349.2760000000
1349.2880000000
1349.2990000000
1349.3100000000
1349.3210000000
1349.3320000000
1349.3430000000
1349.3540000000
1349.3650000000
1349.3760000000
1349.3870000000
1349.3990000000
1349.4100000000
1349.4210000000
1349.4320000000
1349.4430000000
1349.4540000000
1349.4650000000
1349.4760000000
1349.4870000000
1349.4980000000
1349.5100000000
1349.5210000000
1349.5320000000
1349.5430000000
1349.5540000000
1349.5650000000
1349.5760000000
1349.5870000000
1349.5980000000
1349.6100000000
1349.6210000000
1349.6320000000
1349.6430000000
1349.6540000000
1349.6650000000
1349.6760000000
1349.6870000000
1349.6990000000
1349.7100000000
1349.7210000000
1349.7320000000
1349.7430000000
1349.7540000000
1349.7650000000
1349.7760000000
1349.7870000000
1349.7980000000
1349.8090000000
1349.8200000000
1349.8320000000
1349.8430000000
1349.8540000000
1349.8650000000
1349.8760000000
1349.8870000000
1349.8980000000
1349.9100000000
1349.9200000000
1349.9320000000
1349.9430000000
1349.9540000000
1349.9650000000
1349.9760000000
1349.9870000000
1349.9980000000
1350.0090000000
1350.0210000000
1350.0320000000
1350.0430000000
1350.0540000000
1350.0650000000
1350.0760000000
1350.0880000000
1350.0980000000
1350.1090000000
1350.1200000000
1350.1310000000
1350.1430000000
1350.1540000000
1350.1650000000
1350.1760000000
1350.1870000000
1350.1980000000
1350.2090000000
1350.2200000000
1350.2310000000
1350.2430000000
1350.2540000000
1350.2650000000
1350.2760000000
1350.2870000000
1350.2980000000
1350.3090000000
1350.3200000000
1350.3310000000
1350.3430000000
1350.3540000000
1350.3650000000
1350.3760000000
1350.3870000000
1350.3980000000
1350.4090000000
1350.4200000000
1350.4310000000
1350.4420000000
1350.4530000000
1350.4650000000
1350.4760000000
1350.4870000000
1350.4980000000
1350.5090000000
1350.5200000000
1350.5310000000
1350.5420000000
1350.5530000000
1350.5650000000
1350.5760000000
1350.5870000000
1350.5980000000
1350.6090000000
1350.6200000000
1350.6310000000
1350.6430000000
1350.6530000000
1350.6640000000
1350.6760000000
1350.6870000000
1350.6980000000
1350.7090000000
1350.7200000000
1350.7310000000
1350.7420000000
1350.7540000000
1350.7650000000
1350.7760000000
1350.7870000000
1350.7980000000
1350.8090000000
1350.8200000000
1350.8310000000
1350.8420000000
1350.8530000000
1350.8650000000
1350.8760000000
1350.8870000000
1350.8980000000
1350.9090000000
1350.9200000000
1350.9310000000
1350.9420000000
1350.9530000000
1350.9640000000
1350.9760000000
1350.9870000000
1350.9980000000
1351.0090000000
1351.0200000000
1351.0310000000
1351.0420000000
1351.0530000000
1351.0640000000
1351.0760000000
1351.0870000000
1351.0980000000
1351.1090000000
1351.1200000000
1351.1310000000
1351.1420000000
1351.1530000000
1351.1640000000
1351.1760000000
1351.1870000000
1351.1980000000
1351.2090000000
1351.2200000000
1351.2310000000
1351.2420000000
1351.2530000000
1351.2640000000
1351.2750000000
1351.2860000000
1351.2980000000
1351.3090000000
1351.3200000000
1351.3310000000
1351.3420000000
1351.3530000000
1351.3640000000
1351.3750000000
1351.3860000000
1351.3970000000
1351.4090000000
1351.4200000000
1351.4310000000
1351.4420000000
1351.4530000000
1351.4640000000
1351.4750000000
1351.4860000000
1351.4970000000
1351.5090000000
1351.5200000000
1351.5310000000
1351.5420000000
1351.5530000000
1351.5640000000
1351.5750000000
1351.5860000000
1351.5970000000
1351.6090000000
1351.6200000000
1351.6310000000
1351.6420000000
1351.6530000000
1351.6640000000
1351.6750000000
1351.6860000000
1351.6970000000
1351.7080000000
1351.7190000000
1351.7310000000
1351.7420000000
1351.7530000000
1351.7640000000
1351.7750000000
1351.7860000000
1351.7970000000
1351.8080000000
1351.8190000000
1351.8310000000
1351.8420000000
1351.8530000000
1351.8640000000
1351.8750000000
1351.8860000000
1351.8970000000
1351.9080000000
1351.9190000000
1351.9310000000
1351.9420000000
1351.9530000000
1351.9640000000
1351.9750000000
1351.9870000000
1351.9970000000
1352.0080000000
1352.0190000000
1352.0310000000
1352.0420000000
1352.0530000000
1352.0640000000
1352.0750000000
1352.0860000000
1352.0970000000
1352.1080000000
1352.1190000000
1352.1300000000
1352.1420000000
1352.1530000000
1352.1640000000
1352.1750000000
1352.1860000000
1352.1970000000
1352.2080000000
1352.2190000000
1352.2300000000
1352.2410000000
1352.2530000000
1352.2640000000
1352.2750000000
1352.2860000000
1352.2970000000
1352.3080000000
1352.3190000000
1352.3300000000
1352.3420000000
1352.3530000000
1352.3640000000
1352.3750000000
1352.3860000000
1352.3970000000
1352.4080000000
1352.4190000000
1352.4300000000
1352.4410000000
1352.4530000000
1352.4640000000
1352.4750000000
1352.4860000000
1352.4970000000
1352.5080000000
1352.5190000000
1352.5300000000
1352.5420000000
1352.5520000000
1352.5640000000
1352.5750000000
1352.5860000000
1352.5970000000
1352.6080000000
1352.6190000000
1352.6300000000
1352.6410000000
1352.6520000000
1352.6640000000
1352.6750000000
1352.6860000000
1352.6970000000
1352.7080000000
1352.7190000000
1352.7300000000
1352.7410000000
1352.7520000000
1352.7630000000
1352.7750000000
1352.7860000000
1352.7970000000
1352.8080000000
1352.8190000000
1352.8300000000
1352.8410000000
1352.8520000000
1352.8640000000
1352.8750000000
1352.8860000000
1352.8970000000
1352.9080000000
1352.9190000000
1352.9300000000
1352.9410000000
1352.9520000000
1352.9630000000
1352.9750000000
1352.9860000000
1352.9970000000
1353.0080000000
1353.0190000000
1353.0300000000
1353.0410000000
1353.0520000000
1353.0630000000
1353.0740000000
1353.0860000000
1353.0970000000
1353.1080000000
1353.1190000000
1353.1300000000
1353.1410000000
1353.1520000000
1353.1630000000
1353.1740000000
1353.1850000000
1353.1970000000
1353.2080000000
1353.2190000000
1353.2310000000
1353.2410000000
1353.2520000000
1353.2630000000
1353.2750000000
1353.2860000000
1353.2970000000
1353.3080000000
1353.3190000000
1353.3300000000
1353.3410000000
1353.3520000000
1353.3630000000
1353.3740000000
1353.3850000000
1353.3970000000
1353.4080000000
1353.4190000000
1353.4300000000
1353.4410000000
1353.4520000000
1353.4630000000
1353.4740000000
1353.4850000000
1353.4960000000
1353.5080000000
1353.5190000000
1353.5300000000
1353.5410000000
1353.5520000000
1353.5630000000
1353.5740000000
1353.5850000000
1353.5970000000
1353.6080000000
1353.6190000000
1353.6300000000
1353.6410000000
1353.6520000000
1353.6630000000
1353.6740000000
1353.6850000000
1353.6960000000
1353.7080000000
1353.7190000000
1353.7300000000
1353.7410000000
1353.7520000000
1353.7630000000
1353.7740000000
1353.7850000000
1353.7960000000
1353.8070000000
1353.8180000000
1353.8300000000
1353.8410000000
1353.8520000000
1353.8630000000
1353.8740000000
1353.8850000000
1353.8960000000
1353.9070000000
1353.9180000000
1353.9300000000
1353.9410000000
1353.9520000000
1353.9630000000
1353.9740000000
1353.9850000000
1353.9960000000
1354.0070000000
1354.0180000000
1354.0300000000
1354.0410000000
1354.0520000000
1354.0630000000
1354.0740000000
1354.0850000000
1354.0960000000
1354.1070000000
1354.1180000000
1354.1300000000
1354.1410000000
1354.1520000000
1354.1630000000
1354.1740000000
1354.1850000000
1354.1960000000
1354.2070000000
1354.2180000000
1354.2290000000
1354.2400000000
1354.2520000000
1354.2630000000
1354.2740000000
1354.2850000000
1354.2960000000
1354.3070000000
1354.3180000000
1354.3290000000
1354.3400000000
1354.3520000000
1354.3630000000
1354.3740000000
1354.3850000000
1354.3960000000
1354.4080000000
1354.4180000000
1354.4290000000
1354.4400000000
1354.4510000000
1354.4630000000
1354.4740000000
1354.4850000000
1354.4960000000
1354.5070000000
1354.5190000000
1354.5290000000
1354.5400000000
1354.5520000000
1354.5630000000
1354.5740000000
1354.5850000000
1354.5960000000
1354.6070000000
1354.6180000000
1354.6290000000
1354.6400000000
1354.6510000000
1354.6620000000
1354.6740000000
1354.6850000000
1354.6960000000
1354.7070000000
1354.7180000000
1354.7290000000
1354.7400000000
1354.7510000000
1354.7620000000
1354.7740000000
1354.7850000000
1354.7960000000
1354.8070000000
1354.8180000000
1354.8290000000
1354.8400000000
1354.8510000000
1354.8620000000
1354.8740000000
1354.8850000000
1354.8960000000
1354.9070000000
1354.9180000000
1354.9290000000
1354.9400000000
1354.9510000000
1354.9620000000
1354.9730000000
1354.9840000000
1354.9960000000
1355.0070000000
1355.0180000000
1355.0290000000
1355.0400000000
1355.0510000000
1355.0620000000
1355.0730000000
1355.0850000000
1355.0970000000
1355.1070000000
1355.1180000000
1355.1290000000
1355.1400000000
1355.1510000000
1355.1620000000
1355.1740000000
1355.1850000000
1355.1960000000
1355.2070000000
1355.2180000000
1355.2290000000
1355.2400000000
1355.2510000000
1355.2620000000
1355.2730000000
1355.2840000000
1355.2960000000
1355.3080000000
1355.3180000000
1355.3290000000
1355.3400000000
1355.3510000000
1355.3620000000
1355.3730000000
1355.3840000000
1355.3960000000
1355.4070000000
1355.4180000000
1355.4290000000
1355.4400000000
1355.4510000000
1355.4620000000
1355.4730000000
1355.4840000000
1355.4950000000
1355.5070000000
1355.5180000000
1355.5290000000
1355.5400000000
1355.5510000000
1355.5620000000
1355.5730000000
1355.5840000000
1355.5950000000
1355.6060000000
1355.6180000000
1355.6290000000
1355.6400000000
1355.6510000000
1355.6620000000
1355.6730000000
1355.6840000000
1355.6950000000
1355.7070000000
1355.7180000000
1355.7290000000
1355.7400000000
1355.7510000000
1355.7620000000
1355.7730000000
1355.7840000000
1355.7950000000
1355.8060000000
1355.8180000000
1355.8290000000
1355.8400000000
1355.8510000000
1355.8620000000
1355.8730000000
1355.8840000000
1355.8950000000
1355.9060000000
1355.9170000000
1355.9290000000
1355.9400000000
1355.9510000000
1355.9620000000
1355.9730000000
1355.9850000000
1355.9950000000
1356.0060000000
1356.0170000000
1356.0280000000
1356.0400000000
1356.0510000000
1356.0620000000
1356.0730000000
1356.0840000000
1356.0950000000
1356.1060000000
1356.1170000000
1356.1280000000
1356.1400000000
1356.1510000000
1356.1620000000
1356.1730000000
1356.1840000000
1356.1950000000
1356.2060000000
1356.2170000000
1356.2280000000
1356.2400000000
1356.2510000000
1356.2620000000
1356.2730000000
1356.2840000000
1356.2950000000
1356.3060000000
1356.3170000000
1356.3280000000
1356.3390000000
1356.3510000000
1356.3620000000
1356.3730000000
1356.3840000000
1356.3950000000
1356.4060000000
1356.4170000000
1356.4280000000
1356.4390000000
1356.4500000000
1356.4620000000
1356.4730000000
1356.4840000000
1356.4950000000
1356.5060000000
1356.5170000000
1356.5280000000
1356.5390000000
1356.5510000000
1356.5620000000
1356.5730000000
1356.5840000000
1356.5950000000
1356.6060000000
1356.6170000000
1356.6280000000
1356.6390000000
1356.6510000000
1356.6610000000
1356.6730000000
1356.6840000000
1356.6950000000
1356.7060000000
1356.7170000000
1356.7280000000
1356.7390000000
1356.7500000000
1356.7610000000
1356.7720000000
1356.7840000000
1356.7950000000
1356.8060000000
1356.8180000000
1356.8280000000
1356.8390000000
1356.8500000000
1356.8620000000
1356.8720000000
1356.8840000000
1356.8950000000
1356.9060000000
1356.9170000000
1356.9280000000
1356.9390000000
1356.9500000000
1356.9610000000
1356.9720000000
1356.9840000000
1356.9950000000
1357.0060000000
1357.0170000000
1357.0280000000
1357.0390000000
1357.0500000000
1357.0610000000
1357.0730000000
1357.0830000000
1357.0950000000
1357.1060000000
1357.1170000000
1357.1280000000
1357.1390000000
1357.1500000000
1357.1610000000
1357.1720000000
1357.1840000000
1357.1950000000
1357.2060000000
1357.2170000000
1357.2280000000
1357.2390000000
1357.2500000000
1357.2610000000
1357.2720000000
1357.2830000000
1357.2950000000
1357.3060000000
1357.3170000000
1357.3280000000
1357.3390000000
1357.3500000000
1357.3610000000
1357.3720000000
1357.3830000000
1357.3950000000
1357.4060000000
1357.4170000000
1357.4280000000
1357.4390000000
1357.4500000000
1357.4610000000
1357.4720000000
1357.4840000000
1357.4940000000
1357.5060000000
1357.5170000000
1357.5280000000
1357.5390000000
1357.5510000000
1357.5610000000
1357.5720000000
1357.5830000000
1357.5940000000
1357.6060000000
1357.6170000000
1357.6280000000
1357.6390000000
1357.6500000000
1357.6610000000
1357.6720000000
1357.6830000000
1357.6940000000
1357.7060000000
1357.7170000000
1357.7280000000
1357.7390000000
1357.7500000000
1357.7610000000
1357.7720000000
1357.7830000000
1357.7940000000
1357.8060000000
1357.8170000000
1357.8280000000
1357.8400000000
1357.8500000000
1357.8610000000
1357.8720000000
1357.8830000000
1357.8940000000
1357.9050000000
1357.9170000000
1357.9280000000
1357.9390000000
1357.9500000000
1357.9610000000
1357.9720000000
1357.9830000000
1357.9940000000
1358.0050000000
1358.0160000000
1358.0270000000
1358.0390000000
1358.0500000000
1358.0610000000
1358.0720000000
1358.0830000000
1358.0940000000
1358.1050000000
1358.1170000000
1358.1270000000
1358.1390000000
1358.1500000000
1358.1610000000
1358.1720000000
1358.1830000000
1358.1940000000
1358.2050000000
1358.2160000000
1358.2280000000
1358.2380000000
1358.2500000000
1358.2610000000
1358.2720000000
1358.2830000000
1358.2940000000
1358.3050000000
1358.3160000000
1358.3280000000
1358.3390000000
1358.3500000000
1358.3610000000
1358.3720000000
1358.3830000000
1358.3940000000
1358.4050000000
1358.4160000000
1358.4270000000
1358.4390000000
1358.4490000000
1358.4610000000
1358.4730000000
1358.4830000000
1358.4940000000
1358.5050000000
1358.5160000000
1358.5270000000
1358.5380000000
1358.5490000000
1358.5610000000
1358.5720000000
1358.5830000000
1358.5940000000
1358.6050000000
1358.6160000000
1358.6270000000
1358.6380000000
1358.6500000000
1358.6610000000
1358.6720000000
1358.6830000000
1358.6940000000
1358.7050000000
1358.7160000000
1358.7280000000
1358.7380000000
1358.7490000000
1358.7600000000
1358.7720000000
1358.7830000000
1358.7940000000
1358.8050000000
1358.8160000000
1358.8270000000
1358.8380000000
1358.8500000000
1358.8600000000
1358.8710000000
1358.8830000000
1358.8940000000
1358.9050000000
1358.9160000000
1358.9270000000
1358.9380000000
1358.9490000000
1358.9610000000
1358.9720000000
1358.9830000000
1358.9940000000
1359.0050000000
1359.0160000000
1359.0270000000
1359.0380000000
1359.0490000000
1359.0600000000
1359.0720000000
1359.0830000000
1359.0940000000
1359.1050000000
1359.1160000000
1359.1270000000
1359.1380000000
1359.1490000000
1359.1600000000
1359.1710000000
1359.1830000000
1359.1950000000
1359.2050000000
1359.2160000000
1359.2270000000
1359.2380000000
1359.2490000000
1359.2600000000
1359.2710000000
1359.2820000000
1359.2940000000
1359.3050000000
1359.3160000000
1359.3270000000
1359.3380000000
1359.3490000000
1359.3600000000
1359.3710000000
1359.3820000000
1359.3940000000
1359.4050000000
1359.4160000000
1359.4270000000
1359.4380000000
1359.4490000000
1359.4600000000
1359.4710000000
1359.4820000000
1359.4930000000
1359.5050000000
1359.5160000000
1359.5270000000
1359.5380000000
1359.5490000000
1359.5600000000
1359.5710000000
1359.5820000000
1359.5940000000
1359.6040000000
1359.6160000000
1359.6270000000
1359.6380000000
1359.6490000000
1359.6600000000
1359.6710000000
1359.6820000000
1359.6930000000
1359.7040000000
1359.7160000000
1359.7270000000
1359.7380000000
1359.7490000000
1359.7600000000
1359.7710000000
1359.7820000000
1359.7930000000
1359.8040000000
1359.8160000000
1359.8270000000
1359.8380000000
1359.8490000000
1359.8600000000
1359.8710000000
1359.8820000000
1359.8930000000
1359.9040000000
1359.9150000000
1359.9270000000
1359.9380000000
1359.9490000000
1359.9600000000
1359.9710000000
1359.9820000000
1359.9930000000
1360.0040000000
1360.0150000000
1360.0260000000
1360.0380000000
1360.0490000000
1360.0600000000
1360.0710000000
1360.0820000000
1360.0930000000
1360.1040000000
1360.1150000000
1360.1270000000
1360.1380000000
1360.1490000000
1360.1600000000
1360.1710000000
1360.1820000000
1360.1930000000
1360.2040000000
1360.2150000000
1360.2260000000
1360.2370000000
1360.2490000000
1360.2600000000
1360.2710000000
1360.2820000000
1360.2930000000
1360.3040000000
1360.3150000000
1360.3260000000
1360.3370000000
1360.3490000000
1360.3600000000
1360.3710000000
1360.3820000000
1360.3930000000
1360.4040000000
1360.4150000000
1360.4260000000
1360.4380000000
1360.4480000000
1360.4600000000
1360.4710000000
1360.4820000000
1360.4930000000
1360.5040000000
1360.5150000000
1360.5260000000
1360.5370000000
1360.5480000000
1360.5600000000
1360.5710000000
1360.5820000000
1360.5930000000
1360.6040000000
1360.6150000000
1360.6260000000
1360.6370000000
1360.6480000000
1360.6590000000
1360.6710000000
1360.6820000000
1360.6930000000
1360.7040000000
1360.7150000000
1360.7260000000
1360.7370000000
1360.7480000000
1360.7590000000
1360.7710000000
1360.7820000000
1360.7930000000
1360.8040000000
1360.8150000000
1360.8260000000
1360.8370000000
1360.8490000000
1360.8590000000
1360.8700000000
1360.8820000000
1360.8930000000
1360.9040000000
1360.9150000000
1360.9260000000
1360.9370000000
1360.9480000000
1360.9590000000
1360.9700000000
1360.9820000000
1360.9930000000
1361.0040000000
1361.0150000000
1361.0260000000
1361.0370000000
1361.0480000000
1361.0590000000
1361.0710000000
1361.0820000000
1361.0930000000
1361.1040000000
1361.1150000000
1361.1260000000
1361.1370000000
1361.1480000000
1361.1590000000
1361.1700000000
1361.1820000000
1361.1930000000
1361.2040000000
1361.2150000000
1361.2260000000
1361.2370000000
1361.2480000000
1361.2590000000
1361.2710000000
1361.2810000000
1361.2930000000
1361.3040000000
1361.3150000000
1361.3260000000
1361.3370000000
1361.3480000000
1361.3590000000
1361.3700000000
1361.3810000000
1361.3920000000
1361.4040000000
1361.4150000000
1361.4260000000
1361.4370000000
1361.4480000000
1361.4590000000
1361.4700000000
1361.4810000000
1361.4920000000
1361.5040000000
