(0.7842323000, 0.3450889000, 0.5156282000)
(0.7858144000, 0.3464384000, 0.5123162000)
(0.7917587000, 0.3557967000, 0.4965021000)
(0.8065701000, 0.3662972000, 0.4639724000)
(0.8067648000, 0.3656765000, 0.4641230000)
(0.8051364000, 0.3672339000, 0.4656939000)
(0.8000975000, 0.3681605000, 0.4735780000)
(0.7867881000, 0.3691748000, 0.4946447000)
(0.7882288000, 0.3692507000, 0.4922794000)
(0.7878084000, 0.3691638000, 0.4929985000)
(0.7816864000, 0.3649088000, 0.5057524000)
(0.7826635000, 0.3677906000, 0.5021469000)
(0.7878615000, 0.3669326000, 0.4946046000)
(0.7952687000, 0.3668039000, 0.4827014000)
(0.7877283000, 0.3699075000, 0.4925762000)
(0.7869092000, 0.3738614000, 0.4908904000)
(0.7884319000, 0.3727460000, 0.4893209000)
(0.7849338000, 0.3724057000, 0.4951575000)
(0.7942801000, 0.3877996000, 0.4676705000)
(0.8028804000, 0.4007878000, 0.4413044000)
(0.8017999000, 0.4015256000, 0.4425781000)
(0.8034682000, 0.4028563000, 0.4383290000)
(0.8030636000, 0.4074089000, 0.4348497000)
(0.8028899000, 0.4073379000, 0.4352377000)
(0.7875511000, 0.4124227000, 0.4578714000)
(0.7856601000, 0.4137976000, 0.4599000000)
(0.7853515000, 0.4138474000, 0.4603771000)
(0.7845575000, 0.4144958000, 0.4611408000)
(0.8035414000, 0.4064839000, 0.4348280000)
(0.8066421000, 0.4035058000, 0.4318579000)
(0.8020445000, 0.4096960000, 0.4345758000)
(0.8085682000, 0.4128200000, 0.4192560000)
(0.8077111000, 0.4126220000, 0.4211224000)
(0.8079787000, 0.4118514000, 0.4213515000)
(0.8025728000, 0.4149099000, 0.4286209000)
(0.8001772000, 0.4178533000, 0.4302216000)
(0.8080959000, 0.4125596000, 0.4204115000)
(0.8052071000, 0.4152198000, 0.4233398000)
(0.7885566000, 0.4276163000, 0.4419263000)
(0.7921332000, 0.4240860000, 0.4389374000)
(0.7998320000, 0.4183988000, 0.4303364000)
(0.7957247000, 0.4217956000, 0.4346122000)
(0.7905468000, 0.4242458000, 0.4416259000)
(0.8045223000, 0.4133024000, 0.4265046000)
(0.8061613000, 0.4120246000, 0.4246295000)
(0.8048246000, 0.4125584000, 0.4266498000)
(0.7927631000, 0.4233548000, 0.4384880000)
(0.7831752000, 0.4324684000, 0.4467479000)
(0.7903823000, 0.4298576000, 0.4364682000)
(0.7867275000, 0.4324632000, 0.4404848000)
(0.7833742000, 0.4320522000, 0.4468161000)
(0.7881914000, 0.4290529000, 0.4411859000)
(0.7856684000, 0.4317674000, 0.4430542000)
(0.7852050000, 0.4309525000, 0.4446493000)
(0.7829838000, 0.4327474000, 0.4468374000)
(0.7828459000, 0.4310936000, 0.4486467000)
(0.7854818000, 0.4247508000, 0.4500949000)
(0.7863545000, 0.4246771000, 0.4486405000)
(0.7859265000, 0.4244764000, 0.4495684000)
(0.7850672000, 0.4259562000, 0.4496859000)
(0.7833633000, 0.4276156000, 0.4510753000)
(0.7842476000, 0.4282591000, 0.4489245000)
(0.7839329000, 0.4283906000, 0.4493360000)
(0.7841207000, 0.4288184000, 0.4486028000)
(0.7964159000, 0.4202817000, 0.4348272000)
(0.8038877000, 0.4173788000, 0.4237379000)
(0.8017568000, 0.4194132000, 0.4257465000)
(0.8021083000, 0.4199228000, 0.4245772000)
(0.8024222000, 0.4183861000, 0.4254954000)
(0.7953894000, 0.4229244000, 0.4341494000)
(0.7846342000, 0.4264958000, 0.4499146000)
(0.7891705000, 0.4244924000, 0.4438405000)
(0.7880914000, 0.4246824000, 0.4455893000)
(0.7863590000, 0.4255302000, 0.4478382000)
(0.7859625000, 0.4248885000, 0.4491132000)
(0.7866808000, 0.4234755000, 0.4492179000)
(0.7883732000, 0.4218193000, 0.4477920000)
(0.7890372000, 0.4224988000, 0.4459762000)
(0.7901961000, 0.4223579000, 0.4440452000)
(0.7913581000, 0.4214682000, 0.4428500000)
(0.7925763000, 0.4176235000, 0.4442984000)
(0.7901866000, 0.4179426000, 0.4482451000)
(0.7886328000, 0.4182421000, 0.4506996000)
(0.7862629000, 0.4174335000, 0.4555453000)
(0.7847962000, 0.4189860000, 0.4566669000)
(0.7840729000, 0.4189066000, 0.4579592000)
(0.7832550000, 0.4216438000, 0.4568549000)
(0.7820795000, 0.4228854000, 0.4577148000)
(0.7803476000, 0.4254881000, 0.4582764000)
(0.7804501000, 0.4214901000, 0.4617714000)
(0.7801495000, 0.4227933000, 0.4610963000)
(0.7791812000, 0.4256671000, 0.4600619000)
(0.7923989000, 0.4222179000, 0.4402593000)
(0.8057523000, 0.4140671000, 0.4234371000)
(0.8041748000, 0.4167725000, 0.4237644000)
(0.7867956000, 0.4263100000, 0.4463157000)
(0.7864472000, 0.4244550000, 0.4486769000)
(0.7825561000, 0.4265659000, 0.4534585000)
(0.7778890000, 0.4305617000, 0.4577079000)
(0.7782679000, 0.4306584000, 0.4569524000)
(0.7835628000, 0.4277724000, 0.4505955000)
(0.7848843000, 0.4273904000, 0.4486539000)
(0.7845749000, 0.4280173000, 0.4485740000)
(0.7885218000, 0.4248993000, 0.4446087000)
(0.7901239000, 0.4234818000, 0.4431316000)
(0.7884146000, 0.4243836000, 0.4452961000)
(0.7836895000, 0.4296795000, 0.4485320000)
(0.7782691000, 0.4347171000, 0.4530941000)
(0.7769868000, 0.4349300000, 0.4551000000)
(0.7739636000, 0.4309714000, 0.4639435000)
(0.7648723000, 0.4363098000, 0.4739127000)
(0.0000000000, 0.0000000000, 0.0000000000)
(0.0000000000, 0.0000000000, 0.0000000000)
(0.0000000000, 0.0000000000, 0.0000000000)
(0.0000000000, 0.0000000000, 0.0000000000)
(0.0000000000, 0.0000000000, 0.0000000000)
(0.0000000000, 0.0000000000, 0.0000000000)
(0.0000000000, 0.0000000000, 0.0000000000)
(0.0000000000, 0.0000000000, 0.0000000000)
(0.7743389000, 0.4322004000, 0.4621574000)
(0.7765844000, 0.4341194000, 0.4565593000)
(0.7705202000, 0.4449154000, 0.4564451000)
(0.7720562000, 0.4477456000, 0.4510334000)
(0.7738023000, 0.4416629000, 0.4540392000)
(0.7692339000, 0.4468647000, 0.4566858000)
(0.7705346000, 0.4463638000, 0.4550031000)
(0.7727972000, 0.4428966000, 0.4545474000)
(0.7731625000, 0.4429007000, 0.4539357000)
(0.7734147000, 0.4439614000, 0.4524436000)
(0.7830458000, 0.4356286000, 0.4439017000)
(0.7826502000, 0.4355154000, 0.4447154000)
(0.7812378000, 0.4352151000, 0.4474787000)
(0.7804343000, 0.4347388000, 0.4493454000)
(0.7964166000, 0.4176111000, 0.4373712000)
(0.8039637000, 0.4091928000, 0.4315022000)
(0.8010327000, 0.4108019000, 0.4353878000)
(0.7791739000, 0.4235365000, 0.4620356000)
(0.7750640000, 0.4266265000, 0.4660893000)
(0.7740827000, 0.4229106000, 0.4710828000)
(0.7933261000, 0.4169701000, 0.4435626000)
(0.7889715000, 0.4155107000, 0.4526172000)
(0.7911187000, 0.4142775000, 0.4499846000)
(0.7927864000, 0.4151082000, 0.4462684000)
(0.7825615000, 0.4164667000, 0.4627637000)
(0.7816750000, 0.4166552000, 0.4640810000)
(0.7786153000, 0.4176785000, 0.4682872000)
(0.7781875000, 0.4187385000, 0.4680609000)
(0.7802985000, 0.4176888000, 0.4654511000)
(0.7853146000, 0.4195006000, 0.4552820000)
(0.8071257000, 0.4100688000, 0.4247184000)
(0.8094870000, 0.4096935000, 0.4205408000)
(0.8103964000, 0.4103820000, 0.4181084000)
(0.8100606000, 0.4106907000, 0.4184556000)
(0.7931432000, 0.4222056000, 0.4389104000)
(0.7851129000, 0.4287363000, 0.4469652000)
(0.7848426000, 0.4289398000, 0.4472367000)
(0.7839509000, 0.4300948000, 0.4476755000)
(0.7834362000, 0.4305234000, 0.4481720000)
(0.7829084000, 0.4309410000, 0.4486820000)
(0.7829698000, 0.4296621000, 0.4498033000)
(0.7842951000, 0.4291310000, 0.4480225000)
(0.7854856000, 0.4280518000, 0.4469420000)
(0.7865622000, 0.4259397000, 0.4470864000)
(0.7849644000, 0.4265697000, 0.4492891000)
(0.7837161000, 0.4272855000, 0.4507852000)
(0.7841945000, 0.4262787000, 0.4508857000)
(0.7867664000, 0.4242988000, 0.4482692000)
(0.7856432000, 0.4234390000, 0.4510677000)
(0.7848403000, 0.4333197000, 0.4429976000)
(0.7929907000, 0.4234948000, 0.4379445000)
(0.7940747000, 0.4224811000, 0.4369690000)
(0.7872661000, 0.4256819000, 0.4460746000)
(0.7840090000, 0.4297019000, 0.4479578000)
(0.7839691000, 0.4290948000, 0.4486127000)
(0.7840654000, 0.4306996000, 0.4469173000)
(0.7846330000, 0.4305388000, 0.4460787000)
(0.7851058000, 0.4297315000, 0.4460050000)
(0.7853195000, 0.4299780000, 0.4453924000)
(0.7828344000, 0.4312210000, 0.4485414000)
(0.7786559000, 0.4351301000, 0.4520479000)
(0.7770621000, 0.4378662000, 0.4521317000)
(0.7756863000, 0.4386340000, 0.4537662000)
(0.7770136000, 0.4372433000, 0.4528376000)
(0.7963370000, 0.4150977000, 0.4399170000)
(0.7681833000, 0.4376450000, 0.4672848000)
(0.0000000000, 0.0000000000, 0.0000000000)
(0.0000000000, 0.0000000000, 0.0000000000)
(0.0000000000, 0.0000000000, 0.0000000000)
(0.0000000000, 0.0000000000, 0.0000000000)
(0.0000000000, 0.0000000000, 0.0000000000)
(0.0000000000, 0.0000000000, 0.0000000000)
(0.0000000000, 0.0000000000, 0.0000000000)
(0.0000000000, 0.0000000000, 0.0000000000)
(0.0000000000, 0.0000000000, 0.0000000000)
(0.0000000000, 0.0000000000, 0.0000000000)
(0.7730292000, 0.4462427000, 0.4508531000)
(0.7707444000, 0.4462743000, 0.4547273000)
(0.7769161000, 0.4363375000, 0.4538785000)
(0.7767664000, 0.4385130000, 0.4520113000)
(0.7884044000, 0.4332559000, 0.4366851000)
(0.7877125000, 0.4332329000, 0.4379626000)
(0.7808300000, 0.4381847000, 0.4452805000)
(0.7790714000, 0.4391478000, 0.4474202000)
(0.7795109000, 0.4384841000, 0.4472932000)
(0.7803351000, 0.4379971000, 0.4463285000)
(0.7812862000, 0.4360079000, 0.4466339000)
(0.7818950000, 0.4349634000, 0.4465859000)
(0.7809407000, 0.4353599000, 0.4478659000)
(0.7801133000, 0.4366082000, 0.4480938000)
(0.7795174000, 0.4365631000, 0.4491513000)
(0.7797347000, 0.4363317000, 0.4490288000)
(0.7793872000, 0.4355894000, 0.4503235000)
(0.7781761000, 0.4359353000, 0.4520812000)
(0.7785004000, 0.4354686000, 0.4519800000)
(0.7765100000, 0.4385300000, 0.4524442000)
(0.8184196000, 0.3943488000, 0.4179119000)
(0.7770336000, 0.4214690000, 0.4675133000)
(0.0000000000, 0.0000000000, 0.0000000000)
(0.0000000000, 0.0000000000, 0.0000000000)
(0.0000000000, 0.0000000000, 0.0000000000)
(0.0000000000, 0.0000000000, 0.0000000000)
(0.0000000000, 0.0000000000, 0.0000000000)
(0.0000000000, 0.0000000000, 0.0000000000)
(0.0000000000, 0.0000000000, 0.0000000000)
(0.0000000000, 0.0000000000, 0.0000000000)
(0.0000000000, 0.0000000000, 0.0000000000)
(0.0000000000, 0.0000000000, 0.0000000000)
(0.7630025000, 0.4532531000, 0.4608309000)
(0.7702799000, 0.4453789000, 0.4563915000)
(0.7722464000, 0.4451228000, 0.4533200000)
(0.7952117000, 0.4289838000, 0.4284671000)
(0.7837281000, 0.4382670000, 0.4400986000)
(0.7810456000, 0.4424585000, 0.4406695000)
(0.7729807000, 0.4479136000, 0.4492852000)
(0.7724504000, 0.4487079000, 0.4494170000)
(0.7845228000, 0.4395465000, 0.4373794000)
(0.7897440000, 0.4274221000, 0.4399821000)
(0.7769125000, 0.4432231000, 0.4471363000)
(0.7731348000, 0.4467625000, 0.4501606000)
(0.7782784000, 0.4392268000, 0.4487278000)
(0.7809244000, 0.4364857000, 0.4467843000)
(0.7806369000, 0.4377913000, 0.4460022000)
(0.7791578000, 0.4390720000, 0.4473440000)
(0.7779182000, 0.4402977000, 0.4482809000)
(0.7698247000, 0.4480210000, 0.4545509000)
(0.7693672000, 0.4488655000, 0.4545090000)
(0.7703336000, 0.4478327000, 0.4538909000)
(0.7766821000, 0.4403837000, 0.4503611000)
(0.7747406000, 0.4420156000, 0.4520766000)
(0.7738314000, 0.4418750000, 0.4537916000)
(0.7851665000, 0.4227158000, 0.4525744000)
(0.7875344000, 0.4260508000, 0.4452417000)
(0.7990457000, 0.4158388000, 0.4342701000)
(0.7985176000, 0.4165058000, 0.4345975000)
(0.7855431000, 0.4272377000, 0.4476345000)
(0.7878535000, 0.4220964000, 0.4484430000)
(0.7867451000, 0.4293414000, 0.4434893000)
(0.7894846000, 0.4276778000, 0.4402252000)
(0.7957475000, 0.4167112000, 0.4394614000)
(0.7963768000, 0.4218221000, 0.4333883000)
(0.7946658000, 0.4250067000, 0.4334300000)
(0.7868992000, 0.4292516000, 0.4433042000)
(0.7833195000, 0.4317731000, 0.4471617000)
(0.7855732000, 0.4309552000, 0.4440004000)
(0.7854729000, 0.4309256000, 0.4442023000)
(0.7843394000, 0.4309597000, 0.4461628000)
(0.7839976000, 0.4332928000, 0.4445149000)
(0.7823882000, 0.4360523000, 0.4446403000)
(0.7835705000, 0.4354290000, 0.4431730000)
(0.7843564000, 0.4347116000, 0.4424758000)
(0.7840641000, 0.4341549000, 0.4435409000)
(0.7839410000, 0.4343127000, 0.4435984000)
(0.7840762000, 0.4333794000, 0.4442719000)
(0.7820159000, 0.4352332000, 0.4460963000)
(0.7814174000, 0.4345399000, 0.4478192000)
(0.7801630000, 0.4356433000, 0.4489520000)
(0.7818755000, 0.4342890000, 0.4472733000)
(0.7824315000, 0.4333215000, 0.4472377000)
(0.7819144000, 0.4331743000, 0.4482877000)
(0.7799174000, 0.4357611000, 0.4492359000)
(0.7786774000, 0.4363206000, 0.4508471000)
(0.7783280000, 0.4367956000, 0.4510139000)
(0.7796481000, 0.4385563000, 0.4469742000)
(0.7995192000, 0.4183283000, 0.4309936000)
(0.8172482000, 0.4039176000, 0.4110132000)
(0.8168037000, 0.4045548000, 0.4112884000)
(0.8145943000, 0.4061900000, 0.4140381000)
(0.7880067000, 0.4261015000, 0.4443851000)
(0.7880928000, 0.4259738000, 0.4443348000)
(0.7860572000, 0.4260087000, 0.4479170000)
(0.7853243000, 0.4291950000, 0.4461525000)
(0.7898564000, 0.4278105000, 0.4394088000)
(0.7911925000, 0.4288146000, 0.4360268000)
(0.7717391000, 0.4452770000, 0.4540170000)
(0.7692013000, 0.4454654000, 0.4581147000)
(0.7690511000, 0.4456184000, 0.4582121000)
(0.7815449000, 0.4358064000, 0.4463839000)
(0.7765886000, 0.4402410000, 0.4506316000)
(0.7759757000, 0.4409357000, 0.4510357000)
(0.7754111000, 0.4413575000, 0.4515850000)
(0.7800063000, 0.4347683000, 0.4500587000)
(0.7801524000, 0.4357530000, 0.4488538000)
(0.7799498000, 0.4311264000, 0.4536525000)
(0.7833935000, 0.4320683000, 0.4467769000)
(0.7987492000, 0.4193433000, 0.4314213000)
(0.7851284000, 0.4292653000, 0.4464195000)
(0.7859370000, 0.4285904000, 0.4456334000)
(0.7714683000, 0.4348464000, 0.4644594000)
(0.7663563000, 0.4390227000, 0.4689656000)
(0.7702395000, 0.4389601000, 0.4626335000)
(0.7761581000, 0.4329617000, 0.4583791000)
(0.7772043000, 0.4355470000, 0.4541228000)
(0.7759316000, 0.4350794000, 0.4567516000)
(0.7818311000, 0.4323963000, 0.4491862000)
(0.7801748000, 0.4339097000, 0.4505804000)
(0.7798992000, 0.4330474000, 0.4519061000)
(0.7790807000, 0.4374197000, 0.4490887000)
(0.7940663000, 0.4252985000, 0.4342224000)
(0.8065610000, 0.4120999000, 0.4238046000)
(0.8067603000, 0.4129452000, 0.4226026000)
(0.8062346000, 0.4141898000, 0.4223795000)
(0.8042381000, 0.4159222000, 0.4244808000)
(0.8028681000, 0.4191036000, 0.4239419000)
(0.7710447000, 0.4429986000, 0.4574079000)
(0.7683813000, 0.4320883000, 0.4720972000)
(0.7694926000, 0.4370034000, 0.4657081000)
(0.7760649000, 0.4320065000, 0.4594163000)
(0.7769643000, 0.4310889000, 0.4587735000)
(0.7753995000, 0.4324904000, 0.4601128000)
(0.7739373000, 0.4426558000, 0.4528378000)
(0.7726297000, 0.4452512000, 0.4525383000)
(0.7743386000, 0.4393143000, 0.4554082000)
(0.7821866000, 0.4354079000, 0.4456220000)
(0.7784065000, 0.4400851000, 0.4476360000)
(0.7805666000, 0.4405920000, 0.4433778000)
(0.7995354000, 0.4231088000, 0.4262815000)
(0.7866091000, 0.4351495000, 0.4380291000)
(0.7860837000, 0.4353019000, 0.4388327000)
(0.7850711000, 0.4368055000, 0.4391280000)
(0.7858306000, 0.4358823000, 0.4386980000)
(0.7891042000, 0.4250824000, 0.4434075000)
(0.7903112000, 0.4177639000, 0.4481916000)
(0.7795527000, 0.4262102000, 0.4589374000)
(0.7689040000, 0.4357783000, 0.4678499000)
(0.7672361000, 0.4365254000, 0.4698741000)
(0.7680610000, 0.4361494000, 0.4688615000)
(0.7790588000, 0.4283531000, 0.4577762000)
(0.7908616000, 0.4211647000, 0.4440201000)
(0.7950446000, 0.4201337000, 0.4374530000)
(0.7908175000, 0.4214751000, 0.4438004000)
(0.7873579000, 0.4232960000, 0.4481726000)
(0.7853385000, 0.4244719000, 0.4506251000)
(0.7816035000, 0.4250230000, 0.4565456000)
(0.7773481000, 0.4281405000, 0.4608866000)
(0.7771177000, 0.4274847000, 0.4618626000)
(0.7809844000, 0.4273589000, 0.4554170000)
(0.7814153000, 0.4270489000, 0.4549756000)
(0.7807714000, 0.4270532000, 0.4560680000)
(0.7830749000, 0.4228137000, 0.4560842000)
(0.7896901000, 0.4178408000, 0.4491884000)
(0.7892367000, 0.4182690000, 0.4496067000)
(0.7848281000, 0.4214262000, 0.4543535000)
(0.7834242000, 0.4232974000, 0.4550298000)
(0.7824507000, 0.4238100000, 0.4562374000)
(0.7805560000, 0.4250483000, 0.4583173000)
(0.7782064000, 0.4270623000, 0.4604436000)
(0.7837919000, 0.4174922000, 0.4597295000)
(0.0000000000, 0.0000000000, 0.0000000000)
(0.0000000000, 0.0000000000, 0.0000000000)
(0.0000000000, 0.0000000000, 0.0000000000)
(0.0000000000, 0.0000000000, 0.0000000000)
(0.0000000000, 0.0000000000, 0.0000000000)
(0.0000000000, 0.0000000000, 0.0000000000)
(0.0000000000, 0.0000000000, 0.0000000000)
(0.0000000000, 0.0000000000, 0.0000000000)
(0.0000000000, 0.0000000000, 0.0000000000)
(0.0000000000, 0.0000000000, 0.0000000000)
(0.7682124000, 0.4298135000, 0.4744327000)
(0.7695567000, 0.4354981000, 0.4670185000)
(0.7735847000, 0.4328091000, 0.4628578000)
(0.7876865000, 0.4299170000, 0.4412713000)
(0.7736558000, 0.4451522000, 0.4508827000)
(0.7793100000, 0.4415090000, 0.4446735000)
(0.7783056000, 0.4358200000, 0.4519729000)
(0.7734854000, 0.4389358000, 0.4572117000)
(0.7690862000, 0.4416741000, 0.4619696000)
(0.7708939000, 0.4403691000, 0.4601832000)
(0.7742646000, 0.4424982000, 0.4524149000)
(0.7901296000, 0.4313095000, 0.4354748000)
(0.7994550000, 0.4235435000, 0.4259810000)
(0.8024591000, 0.4224029000, 0.4214496000)
(0.8039983000, 0.4173361000, 0.4235657000)
(0.8023989000, 0.4193817000, 0.4245557000)
(0.7747925000, 0.4480124000, 0.4460540000)
(0.7759234000, 0.4478287000, 0.4442719000)
(0.7757278000, 0.4476953000, 0.4447469000)
(0.7760261000, 0.4458215000, 0.4461072000)
(0.7743829000, 0.4430261000, 0.4517063000)
(0.7832367000, 0.4350622000, 0.4441327000)
(0.7777289000, 0.4381699000, 0.4507145000)
(0.7775143000, 0.4367997000, 0.4524088000)
(0.7859423000, 0.4307582000, 0.4435479000)
(0.7862465000, 0.4302170000, 0.4435292000)
(0.7867947000, 0.4293200000, 0.4434166000)
(0.7861757000, 0.4298329000, 0.4440348000)
(0.7770834000, 0.4347662000, 0.4550854000)
(0.7728435000, 0.4353968000, 0.4616616000)
(0.7712893000, 0.4386456000, 0.4611941000)
(0.7796116000, 0.4350682000, 0.4504623000)
(0.7987823000, 0.4247705000, 0.4260117000)
(0.8003499000, 0.4235423000, 0.4242968000)
(0.7925380000, 0.4285190000, 0.4338521000)
(0.7756320000, 0.4396585000, 0.4528688000)
(0.7755834000, 0.4397489000, 0.4528586000)
(0.8070375000, 0.4196245000, 0.4154405000)
(0.8004791000, 0.4250639000, 0.4225365000)
(0.7845501000, 0.4335432000, 0.4432763000)
(0.7881195000, 0.4320150000, 0.4384319000)
(0.7859223000, 0.4331217000, 0.4412593000)
(0.7843328000, 0.4335394000, 0.4436635000)
(0.7807397000, 0.4347804000, 0.4487703000)
(0.7783170000, 0.4363456000, 0.4514534000)
(0.7775106000, 0.4390012000, 0.4502751000)
(0.7798791000, 0.4375602000, 0.4475765000)
(0.7804258000, 0.4355095000, 0.4486026000)
(0.7800578000, 0.4355315000, 0.4492259000)
(0.7810040000, 0.4342510000, 0.4488209000)
(0.7821133000, 0.4332500000, 0.4478618000)
(0.7834721000, 0.4320187000, 0.4466696000)
(0.7840500000, 0.4307425000, 0.4468851000)
(0.7843267000, 0.4297703000, 0.4473522000)
(0.7843443000, 0.4292829000, 0.4477742000)
(0.7830923000, 0.4287064000, 0.4505027000)
(0.7822356000, 0.4263350000, 0.4542359000)
(0.7666281000, 0.4344636000, 0.4727602000)
(0.0000000000, 0.0000000000, 0.0000000000)
(0.0000000000, 0.0000000000, 0.0000000000)
(0.0000000000, 0.0000000000, 0.0000000000)
(0.0000000000, 0.0000000000, 0.0000000000)
(0.0000000000, 0.0000000000, 0.0000000000)
(0.0000000000, 0.0000000000, 0.0000000000)
(0.6385388000, 0.3412410000, 0.6897906000)
(0.7796487000, 0.3685667000, 0.5062558000)
(0.7926844000, 0.4047575000, 0.4558591000)
(0.8082325000, 0.4030664000, 0.4292899000)
(0.8034320000, 0.4098659000, 0.4318454000)
(0.7696676000, 0.4339063000, 0.4683131000)
(0.7722873000, 0.4342849000, 0.4636459000)
(0.7735418000, 0.4334967000, 0.4622779000)
(0.7728981000, 0.4365790000, 0.4604466000)
(0.7597503000, 0.4471539000, 0.4720246000)
(0.7582808000, 0.4477166000, 0.4738710000)
(0.7594171000, 0.4548883000, 0.4651456000)
(0.7594156000, 0.4521217000, 0.4678111000)
(0.7927375000, 0.4110600000, 0.4500998000)
(0.7938399000, 0.4101431000, 0.4489891000)
(0.7930238000, 0.4120339000, 0.4486939000)
(0.7926008000, 0.4117035000, 0.4497478000)
(0.7927403000, 0.4111423000, 0.4500202000)
(0.7926334000, 0.4086604000, 0.4524485000)
(0.7700146000, 0.4401215000, 0.4618947000)
(0.7669265000, 0.4438474000, 0.4634694000)
(0.7664784000, 0.4434738000, 0.4645815000)
(0.7670403000, 0.4425063000, 0.4645770000)
(0.7679738000, 0.4394004000, 0.4659824000)
(0.7706423000, 0.4356431000, 0.4651010000)
(0.7731441000, 0.4322276000, 0.4641117000)
(0.7707043000, 0.4349306000, 0.4656616000)
(0.7773987000, 0.4328345000, 0.4563718000)
(0.7752035000, 0.4384448000, 0.4547743000)
(0.7746902000, 0.4372452000, 0.4567946000)
(0.7856347000, 0.4288462000, 0.4459318000)
(0.7850268000, 0.4293301000, 0.4465231000)
(0.7850085000, 0.4301726000, 0.4457517000)
(0.7845649000, 0.4305104000, 0.4462014000)
(0.7832699000, 0.4315879000, 0.4474566000)
(0.7820384000, 0.4325200000, 0.4487114000)
(0.7822016000, 0.4316686000, 0.4492458000)
(0.7851290000, 0.4283442000, 0.4473094000)
(0.7858076000, 0.4274141000, 0.4470067000)
(0.7793793000, 0.4338222000, 0.4520440000)
(0.7789593000, 0.4329875000, 0.4535782000)
(0.7823250000, 0.4294745000, 0.4511234000)
(0.7825783000, 0.4298517000, 0.4503195000)
(0.7803402000, 0.4309658000, 0.4531122000)
(0.7812064000, 0.4309198000, 0.4516865000)
(0.7831092000, 0.4293293000, 0.4498893000)
(0.7886437000, 0.4235502000, 0.4456860000)
(0.7876559000, 0.4238614000, 0.4471278000)
(0.7815620000, 0.4285924000, 0.4532669000)
(0.7775245000, 0.4307630000, 0.4581249000)
(0.7798627000, 0.4308110000, 0.4540997000)
(0.7827491000, 0.4264990000, 0.4532108000)
(0.7904328000, 0.4258729000, 0.4402501000)
(0.7945514000, 0.4229029000, 0.4356804000)
(0.7877148000, 0.4270581000, 0.4439719000)
(0.7818537000, 0.4305903000, 0.4508626000)
(0.7815734000, 0.4306398000, 0.4512889000)
(0.7816629000, 0.4304557000, 0.4513187000)
(0.7816190000, 0.4299287000, 0.4519037000)
(0.7810369000, 0.4298702000, 0.4529806000)
(0.7797623000, 0.4294162000, 0.4555853000)
(0.7827390000, 0.4272882000, 0.4524851000)
(0.7861557000, 0.4249310000, 0.4487384000)
(0.7868091000, 0.4231481000, 0.4492990000)
(0.7849339000, 0.4245221000, 0.4512525000)
(0.7831987000, 0.4257845000, 0.4530799000)
(0.7818674000, 0.4268683000, 0.4543606000)
(0.7802690000, 0.4280048000, 0.4560516000)
(0.7800882000, 0.4280104000, 0.4563358000)
(0.7801536000, 0.4282742000, 0.4560037000)
(0.7813307000, 0.4281624000, 0.4540798000)
(0.7834286000, 0.4264376000, 0.4520628000)
(0.7842852000, 0.4242997000, 0.4525977000)
(0.7815539000, 0.4249386000, 0.4567125000)
(0.7797991000, 0.4268794000, 0.4579119000)
(0.7797779000, 0.4265468000, 0.4582593000)
(0.7821107000, 0.4254608000, 0.4552540000)
(0.7821203000, 0.4254389000, 0.4552826000)
(0.7798883000, 0.4270972000, 0.4575369000)
(0.7785078000, 0.4276573000, 0.4593653000)
(0.7772157000, 0.4288722000, 0.4604278000)
(0.7773148000, 0.4270280000, 0.4619786000)
(0.7780688000, 0.4266216000, 0.4610735000)
(0.7791265000, 0.4260039000, 0.4598454000)
(0.7765480000, 0.4263470000, 0.4638681000)
(0.7757676000, 0.4265788000, 0.4649610000)
(0.7777349000, 0.4251531000, 0.4629787000)
(0.7787815000, 0.4250603000, 0.4613215000)
(0.7778699000, 0.4254212000, 0.4625193000)
(0.7776873000, 0.4243815000, 0.4637842000)
(0.7784251000, 0.4242474000, 0.4626442000)
(0.7776110000, 0.4263723000, 0.4620666000)
(0.7768787000, 0.4272039000, 0.4625236000)
(0.7760820000, 0.4277411000, 0.4633737000)
(0.7754772000, 0.4281729000, 0.4639795000)
(0.7766894000, 0.4272974000, 0.4627838000)
(0.7781574000, 0.4270055000, 0.4605613000)
(0.7777676000, 0.4270644000, 0.4611591000)
(0.7775046000, 0.4270579000, 0.4616286000)
(0.7771798000, 0.4288684000, 0.4604940000)
(0.7772465000, 0.4287358000, 0.4605042000)
(0.7773297000, 0.4289612000, 0.4601337000)
(0.7788728000, 0.4274748000, 0.4589061000)
(0.7786520000, 0.4277273000, 0.4590612000)
(0.7762939000, 0.4290337000, 0.4618304000)
(0.7761949000, 0.4300739000, 0.4610350000)
(0.7767910000, 0.4306748000, 0.4594632000)
(0.7781410000, 0.4277152000, 0.4599252000)
(0.7755499000, 0.4299099000, 0.4622511000)
(0.7724518000, 0.4325283000, 0.4649959000)
(0.7707989000, 0.4337172000, 0.4666307000)
(0.7721452000, 0.4340094000, 0.4641388000)
(0.7721142000, 0.4342834000, 0.4639351000)
(0.7708056000, 0.4359635000, 0.4645154000)
(0.7709857000, 0.4334939000, 0.4665229000)
(0.7895895000, 0.4166562000, 0.4504672000)
(0.7943274000, 0.4141496000, 0.4444247000)
(0.7756132000, 0.4242448000, 0.4673629000)
(0.7859761000, 0.4184305000, 0.4551217000)
(0.7799254000, 0.4221798000, 0.4620258000)
(0.7790840000, 0.4228224000, 0.4628424000)
(0.7791671000, 0.4233039000, 0.4622603000)
(0.7786398000, 0.4245213000, 0.4620388000)
(0.7796549000, 0.4199166000, 0.4645476000)
(0.7607674000, 0.4396079000, 0.4774455000)
(0.7591926000, 0.4427029000, 0.4770841000)
(0.7863610000, 0.4153679000, 0.4572630000)
(0.7867813000, 0.4149683000, 0.4569025000)
(0.7865306000, 0.4149084000, 0.4574042000)
(0.7861888000, 0.4151793000, 0.4577364000)
(0.7814252000, 0.4203256000, 0.4611915000)
(0.7664130000, 0.4343825000, 0.4732018000)
(0.7723087000, 0.4276747000, 0.4696964000)
(0.7631638000, 0.4326925000, 0.4799362000)
(0.7656199000, 0.4348751000, 0.4740098000)
(0.7873594000, 0.4199833000, 0.4512849000)
(0.7997171000, 0.4109285000, 0.4377045000)
(0.7792409000, 0.4255268000, 0.4600940000)
(0.7748924000, 0.4298762000, 0.4634045000)
(0.7741823000, 0.4306509000, 0.4638583000)
(0.7735756000, 0.4314829000, 0.4640854000)
(0.7729647000, 0.4320994000, 0.4645465000)
(0.7724451000, 0.4334830000, 0.4641254000)
(0.7724212000, 0.4350917000, 0.4626539000)
(0.7838761000, 0.4262681000, 0.4514688000)
(0.7884941000, 0.4219607000, 0.4474457000)
(0.7797652000, 0.4300385000, 0.4550011000)
(0.7678812000, 0.4375656000, 0.4678591000)
(0.7669747000, 0.4406900000, 0.4663833000)
(0.7856037000, 0.4257778000, 0.4489184000)
(0.7854117000, 0.4276307000, 0.4474963000)
(0.7866176000, 0.4301340000, 0.4429356000)
(0.7731470000, 0.4371071000, 0.4595115000)
(0.7683710000, 0.4408911000, 0.4638881000)
(0.7652700000, 0.4427389000, 0.4672644000)
(0.7615075000, 0.4460441000, 0.4702647000)
(0.7653074000, 0.4445764000, 0.4654416000)
(0.7818148000, 0.4310835000, 0.4504637000)
(0.7805529000, 0.4310838000, 0.4526555000)
(0.7664189000, 0.4388421000, 0.4690300000)
(0.7758669000, 0.4349764000, 0.4569439000)
(0.7725112000, 0.4361436000, 0.4615080000)
(0.7728547000, 0.4377592000, 0.4594131000)
(0.7725217000, 0.4376529000, 0.4600452000)
(0.7688779000, 0.4373609000, 0.4664054000)
(0.7680802000, 0.4381852000, 0.4669396000)
(0.7708879000, 0.4368891000, 0.4635126000)
(0.7716701000, 0.4402874000, 0.4589584000)
(0.7711782000, 0.4398980000, 0.4601693000)
(0.7640905000, 0.4425670000, 0.4693317000)
(0.7612900000, 0.4452198000, 0.4713790000)
(0.7614861000, 0.4450547000, 0.4712332000)
(0.7616169000, 0.4449933000, 0.4710688000)
(0.7617167000, 0.4444275000, 0.4714294000)
(0.7682313000, 0.4395705000, 0.4653983000)
(0.7864162000, 0.4241612000, 0.4490147000)
(0.7787169000, 0.4287307000, 0.4580271000)
(0.7759237000, 0.4317805000, 0.4598665000)
(0.7827967000, 0.4276379000, 0.4520247000)
(0.7821129000, 0.4280791000, 0.4528145000)
(0.7820012000, 0.4271105000, 0.4539195000)
(0.7792010000, 0.4268275000, 0.4589731000)
(0.7897951000, 0.4199103000, 0.4470693000)
(0.7581027000, 0.4402948000, 0.4810520000)
(0.0000000000, 0.0000000000, 0.0000000000)
(0.0000000000, 0.0000000000, 0.0000000000)
(0.0000000000, 0.0000000000, 0.0000000000)
(0.0000000000, 0.0000000000, 0.0000000000)
(0.0000000000, 0.0000000000, 0.0000000000)
(0.0000000000, 0.0000000000, 0.0000000000)
(0.0000000000, 0.0000000000, 0.0000000000)
(0.0000000000, 0.0000000000, 0.0000000000)
(0.0000000000, 0.0000000000, 0.0000000000)
(0.0000000000, 0.0000000000, 0.0000000000)
(0.7884157000, 0.4069250000, 0.4612861000)
(0.7577846000, 0.4414672000, 0.4804762000)
(0.7582562000, 0.4385382000, 0.4824159000)
(0.7576529000, 0.4421942000, 0.4800076000)
(0.7559820000, 0.4476667000, 0.4775711000)
(0.7578462000, 0.4481884000, 0.4741251000)
(0.7587941000, 0.4421296000, 0.4782658000)
(0.7700403000, 0.4355313000, 0.4661798000)
(0.7670238000, 0.4379307000, 0.4688987000)
(0.7846823000, 0.4202888000, 0.4556510000)
(0.7838066000, 0.4228866000, 0.4547576000)
(0.7831665000, 0.4218006000, 0.4568520000)
(0.7830347000, 0.4189645000, 0.4596801000)
(0.7676924000, 0.4381955000, 0.4675668000)
(0.7657515000, 0.4397523000, 0.4692945000)
(0.7726659000, 0.4301617000, 0.4668441000)
(0.7752652000, 0.4264468000, 0.4659284000)
(0.7755880000, 0.4271775000, 0.4647384000)
(0.7754593000, 0.4274618000, 0.4646764000)
(0.7840242000, 0.4226918000, 0.4545632000)
(0.7846793000, 0.4223694000, 0.4537195000)
(0.7851655000, 0.4223354000, 0.4529051000)
(0.7835858000, 0.4231660000, 0.4548564000)
(0.7940717000, 0.4121072000, 0.4467742000)
(0.7979276000, 0.4058978000, 0.4455713000)
(0.7984192000, 0.4076082000, 0.4431318000)
(0.7974385000, 0.4100356000, 0.4426596000)
(0.7975415000, 0.4101687000, 0.4423616000)
(0.7812947000, 0.4197691000, 0.4619139000)
(0.7967172000, 0.4104145000, 0.4435894000)
(0.7976616000, 0.4102825000, 0.4420413000)
(0.8075370000, 0.4075035000, 0.4263982000)
(0.7993997000, 0.4138135000, 0.4355562000)
(0.8068578000, 0.4101082000, 0.4251675000)
(0.8063481000, 0.4090116000, 0.4271879000)
(0.8058230000, 0.4072642000, 0.4298638000)
(0.7788282000, 0.4256331000, 0.4606973000)
(0.8013940000, 0.4095931000, 0.4358767000)
(0.8020121000, 0.4123982000, 0.4320813000)
(0.8019398000, 0.4116945000, 0.4328622000)
(0.8012942000, 0.4112302000, 0.4345267000)
(0.8012338000, 0.4121956000, 0.4337059000)
(0.7879723000, 0.4209078000, 0.4493730000)
(0.7795570000, 0.4256486000, 0.4594573000)
(0.7787530000, 0.4262380000, 0.4602872000)
(0.7768364000, 0.4290136000, 0.4609395000)
(0.7750580000, 0.4288921000, 0.4640169000)
(0.7939564000, 0.4173967000, 0.4420294000)
(0.7951406000, 0.4165119000, 0.4407455000)
(0.7948262000, 0.4169228000, 0.4409108000)
(0.7928914000, 0.4186196000, 0.4427787000)
(0.7738155000, 0.4337565000, 0.4615707000)
(0.7736148000, 0.4337883000, 0.4618816000)
(0.8061137000, 0.4111694000, 0.4255815000)
(0.7952440000, 0.4183688000, 0.4387882000)
(0.7947590000, 0.4173552000, 0.4406196000)
(0.8017990000, 0.4132561000, 0.4316592000)
(0.7849138000, 0.4238738000, 0.4519109000)
(0.7842418000, 0.4227934000, 0.4540845000)
(0.7843000000, 0.4200789000, 0.4565050000)
(0.8037211000, 0.4090020000, 0.4321314000)
(0.8040207000, 0.4101731000, 0.4304473000)
(0.8022847000, 0.4117056000, 0.4322196000)
(0.7994735000, 0.4127026000, 0.4364649000)
(0.7883375000, 0.4168598000, 0.4524611000)
(0.7671078000, 0.4312725000, 0.4749013000)
(0.7582232000, 0.4373116000, 0.4835781000)
(0.7573982000, 0.4191059000, 0.5006867000)
(0.0000000000, 0.0000000000, 0.0000000000)
(0.0000000000, 0.0000000000, 0.0000000000)
(0.0000000000, 0.0000000000, 0.0000000000)
(0.0000000000, 0.0000000000, 0.0000000000)
(0.0000000000, 0.0000000000, 0.0000000000)
(0.0000000000, 0.0000000000, 0.0000000000)
(0.0000000000, 0.0000000000, 0.0000000000)
(0.0000000000, 0.0000000000, 0.0000000000)
(0.0000000000, 0.0000000000, 0.0000000000)
(0.0000000000, 0.0000000000, 0.0000000000)
(0.7943708000, 0.4284096000, 0.4306029000)
(0.7594789000, 0.4405126000, 0.4786716000)
(0.7618405000, 0.4458339000, 0.4699214000)
(0.7963167000, 0.4274440000, 0.4279599000)
(0.7930633000, 0.4278923000, 0.4335243000)
(0.7897483000, 0.4213217000, 0.4458335000)
(0.7905658000, 0.4218460000, 0.4439020000)
(0.7908115000, 0.4229791000, 0.4423752000)
(0.7903793000, 0.4234622000, 0.4426933000)
(0.7867215000, 0.4265911000, 0.4461775000)
(0.7620211000, 0.4431668000, 0.4721238000)
(0.7669025000, 0.4416541000, 0.4656163000)
(0.7715508000, 0.4335318000, 0.4655454000)
(0.7718142000, 0.4271625000, 0.4709670000)
(0.7697067000, 0.4275359000, 0.4740676000)
(0.7702822000, 0.4331339000, 0.4680166000)
(0.7626327000, 0.4187860000, 0.4929394000)
(0.0000000000, 0.0000000000, 0.0000000000)
(0.0000000000, 0.0000000000, 0.0000000000)
(0.0000000000, 0.0000000000, 0.0000000000)
(0.0000000000, 0.0000000000, 0.0000000000)
(0.0000000000, 0.0000000000, 0.0000000000)
(0.0000000000, 0.0000000000, 0.0000000000)
(0.0000000000, 0.0000000000, 0.0000000000)
(0.0000000000, 0.0000000000, 0.0000000000)
(0.0000000000, 0.0000000000, 0.0000000000)
(0.0000000000, 0.0000000000, 0.0000000000)
(0.0000000000, 0.0000000000, 0.0000000000)
(0.7485766000, 0.4703476000, 0.4673164000)
(0.7414933000, 0.4703605000, 0.4784622000)
(0.7467148000, 0.4591988000, 0.4811964000)
(0.7537427000, 0.4564970000, 0.4727381000)
(0.7598693000, 0.4515185000, 0.4676796000)
(0.7544050000, 0.4530600000, 0.4749703000)
(0.7564088000, 0.4561394000, 0.4688045000)
(0.7727153000, 0.4490880000, 0.4485728000)
(0.7698128000, 0.4486448000, 0.4539700000)
(0.7858952000, 0.4441347000, 0.4302130000)
(0.7951004000, 0.4290453000, 0.4286109000)
(0.7902214000, 0.4310712000, 0.4355741000)
(0.7923186000, 0.4318509000, 0.4309637000)
(0.7930455000, 0.4312640000, 0.4302032000)
(0.7837729000, 0.4354371000, 0.4428211000)
(0.7815957000, 0.4368204000, 0.4452867000)
(0.7814912000, 0.4364976000, 0.4457873000)
(0.7807735000, 0.4306131000, 0.4527139000)
(0.7763091000, 0.4317056000, 0.4592872000)
(0.7762091000, 0.4338208000, 0.4574906000)
(0.7825495000, 0.4246157000, 0.4553049000)
(0.7810393000, 0.4278587000, 0.4548577000)
(0.7835586000, 0.4256286000, 0.4526096000)
(0.7911695000, 0.4201709000, 0.4444149000)
(0.7743898000, 0.4381028000, 0.4564713000)
(0.7732024000, 0.4321588000, 0.4640993000)
(0.7717794000, 0.4358258000, 0.4630322000)
(0.7711852000, 0.4376509000, 0.4623038000)
(0.7714607000, 0.4377522000, 0.4617549000)
(0.7913274000, 0.4284904000, 0.4361034000)
(0.7923378000, 0.4261148000, 0.4365778000)
(0.7919231000, 0.4260907000, 0.4373555000)
(0.7950388000, 0.4320024000, 0.4257581000)
(0.7982464000, 0.4186113000, 0.4330794000)
(0.7966706000, 0.4219095000, 0.4327866000)
(0.7791268000, 0.4334368000, 0.4528676000)
(0.7791108000, 0.4349862000, 0.4513825000)
(0.7800384000, 0.4336972000, 0.4510387000)
(0.7908639000, 0.4289895000, 0.4364532000)
(0.7929704000, 0.4283975000, 0.4331975000)
(0.7924179000, 0.4298530000, 0.4327486000)
(0.7922499000, 0.4304031000, 0.4325293000)
(0.7901192000, 0.4308917000, 0.4359376000)
(0.7906255000, 0.4311028000, 0.4348061000)
(0.7915615000, 0.4390019000, 0.4250835000)
(0.7946050000, 0.4329528000, 0.4255976000)
(0.7949468000, 0.4327870000, 0.4251473000)
(0.7940270000, 0.4304528000, 0.4292039000)
(0.7564396000, 0.4406571000, 0.4833129000)
(0.0000000000, 0.0000000000, 0.0000000000)
(0.0000000000, 0.0000000000, 0.0000000000)
(0.0000000000, 0.0000000000, 0.0000000000)
(0.0000000000, 0.0000000000, 0.0000000000)
(0.0000000000, 0.0000000000, 0.0000000000)
(0.0000000000, 0.0000000000, 0.0000000000)
(0.0000000000, 0.0000000000, 0.0000000000)
(0.6646906000, 0.4598858000, 0.5887941000)
(0.6843393000, 0.5430639000, 0.4865502000)
(0.6763654000, 0.5760760000, 0.4589546000)
(0.6927496000, 0.5644649000, 0.4488360000)
(0.6684056000, 0.5756426000, 0.4709978000)
(0.6891596000, 0.5510217000, 0.4705558000)
(0.7045054000, 0.5326545000, 0.4689605000)
(0.7199153000, 0.5075515000, 0.4733842000)
(0.7372572000, 0.4714027000, 0.4839531000)
(0.7428319000, 0.4656289000, 0.4810012000)
(0.7592407000, 0.4383251000, 0.4810606000)
(0.7721443000, 0.4328932000, 0.4651839000)
(0.7741692000, 0.4218427000, 0.4718991000)
(0.7956455000, 0.3960348000, 0.4583550000)
(0.7942197000, 0.4044988000, 0.4534003000)
(0.7787953000, 0.4254468000, 0.4609247000)
(0.7790935000, 0.4222193000, 0.4633770000)
(0.7773443000, 0.4255967000, 0.4632418000)
(0.7789986000, 0.4195303000, 0.4659933000)
(0.7942180000, 0.4133530000, 0.4453644000)
(0.7912131000, 0.4161788000, 0.4480664000)
(0.7735184000, 0.4257845000, 0.4694325000)
(0.7604908000, 0.4461552000, 0.4717751000)
(0.7620246000, 0.4484457000, 0.4671094000)
(0.7562462000, 0.4650460000, 0.4602247000)
(0.7560931000, 0.4728236000, 0.4524943000)
(0.7550581000, 0.4708782000, 0.4562254000)
(0.7867979000, 0.4417521000, 0.4310493000)
(0.7863364000, 0.4451332000, 0.4283720000)
(0.7783128000, 0.4547443000, 0.4329232000)
(0.7694532000, 0.4592773000, 0.4438239000)
(0.7547593000, 0.4754218000, 0.4519911000)
(0.7523311000, 0.4637608000, 0.4678741000)
(0.0000000000, 0.0000000000, 0.0000000000)
(0.0000000000, 0.0000000000, 0.0000000000)
(0.0000000000, 0.0000000000, 0.0000000000)
(0.0000000000, 0.0000000000, 0.0000000000)
(0.0000000000, 0.0000000000, 0.0000000000)
(0.0000000000, 0.0000000000, 0.0000000000)
(0.0000000000, 0.0000000000, 0.0000000000)
(0.7537444000, 0.4656932000, 0.4636768000)
(0.7554679000, 0.4725153000, 0.4538661000)
(0.7571541000, 0.4678023000, 0.4559145000)
(0.7616757000, 0.4621817000, 0.4541006000)
(0.7699764000, 0.4489667000, 0.4533909000)
(0.7751372000, 0.4460075000, 0.4474669000)
(0.7727074000, 0.4427455000, 0.4548310000)
(0.7797351000, 0.4349428000, 0.4503456000)
(0.7805724000, 0.4342548000, 0.4495748000)
(0.7806167000, 0.4351565000, 0.4486067000)
(0.7830598000, 0.4371654000, 0.4423508000)
(0.7806734000, 0.4363814000, 0.4473333000)
(0.7824713000, 0.4363203000, 0.4442496000)
(0.7852662000, 0.4344149000, 0.4411694000)
(0.7863877000, 0.4333106000, 0.4402522000)
(0.7863302000, 0.4322817000, 0.4413536000)
(0.7870518000, 0.4308114000, 0.4415123000)
(0.7878978000, 0.4300416000, 0.4407424000)
(0.7893043000, 0.4119948000, 0.4552274000)
(0.7674870000, 0.4304029000, 0.4750800000)
(0.7681058000, 0.4264117000, 0.4776840000)
(0.7876686000, 0.4149258000, 0.4554078000)
(0.7862387000, 0.4158527000, 0.4570191000)
(0.7811217000, 0.4208461000, 0.4612231000)
(0.7693971000, 0.4302859000, 0.4720992000)
(0.7668888000, 0.4310561000, 0.4754502000)
(0.7812323000, 0.4187564000, 0.4629157000)
(0.7835221000, 0.4155262000, 0.4619732000)
(0.7830317000, 0.4165401000, 0.4618815000)
(0.7799985000, 0.4193805000, 0.4644354000)
(0.7818453000, 0.4187280000, 0.4619224000)
(0.7817421000, 0.4205318000, 0.4604534000)
(0.7832795000, 0.4221441000, 0.4563320000)
(0.7830774000, 0.4230557000, 0.4558337000)
(0.7856448000, 0.4401903000, 0.4347093000)
(0.7846591000, 0.4389468000, 0.4377287000)
(0.7826106000, 0.4430002000, 0.4373182000)
(0.7818794000, 0.4464098000, 0.4351503000)
(0.7798008000, 0.4408047000, 0.4444951000)
(0.7744604000, 0.4345595000, 0.4597271000)
(0.7651905000, 0.4286195000, 0.4803693000)
(0.0000000000, 0.0000000000, 0.0000000000)
(0.0000000000, 0.0000000000, 0.0000000000)
(0.0000000000, 0.0000000000, 0.0000000000)
(0.0000000000, 0.0000000000, 0.0000000000)
(0.0000000000, 0.0000000000, 0.0000000000)
(0.0000000000, 0.0000000000, 0.0000000000)
(0.0000000000, 0.0000000000, 0.0000000000)
(0.7622597000, 0.4439898000, 0.4709824000)
(0.7702360000, 0.4483363000, 0.4535582000)
(0.7696863000, 0.4337906000, 0.4683857000)
(0.7786494000, 0.4251083000, 0.4615035000)
(0.7798600000, 0.4246625000, 0.4598655000)
(0.7679099000, 0.4536560000, 0.4522178000)
(0.7704563000, 0.4504429000, 0.4510798000)
(0.7632284000, 0.4660587000, 0.4475073000)
(0.7617827000, 0.4635383000, 0.4525629000)
(0.7615804000, 0.4621044000, 0.4543570000)
(0.7579604000, 0.4729086000, 0.4492708000)
(0.7639197000, 0.4594583000, 0.4531024000)
(0.7624518000, 0.4651399000, 0.4497827000)
(0.7630046000, 0.4521758000, 0.4618882000)
(0.7630662000, 0.4514318000, 0.4625153000)
(0.7622408000, 0.4564482000, 0.4589472000)
(0.7701873000, 0.4515263000, 0.4504651000)
(0.7700174000, 0.4517159000, 0.4505764000)
(0.7735233000, 0.4519776000, 0.4442462000)
(0.7866598000, 0.4421456000, 0.4308774000)
(0.7825063000, 0.4437859000, 0.4367076000)
(0.7786430000, 0.4457295000, 0.4416001000)
(0.7773828000, 0.4469019000, 0.4426528000)
(0.7684357000, 0.4507847000, 0.4541984000)
(0.7692939000, 0.4460041000, 0.4574539000)
(0.7813823000, 0.4474157000, 0.4350264000)
(0.7810097000, 0.4445978000, 0.4385513000)
(0.7831482000, 0.4411298000, 0.4382591000)
(0.7819169000, 0.4433393000, 0.4382186000)
(0.7789258000, 0.4466209000, 0.4402258000)
(0.7813564000, 0.4461845000, 0.4363278000)
(0.7804189000, 0.4444207000, 0.4398084000)
(0.7786268000, 0.4477069000, 0.4396553000)
(0.7806567000, 0.4472597000, 0.4364818000)
(0.7769554000, 0.4514795000, 0.4387537000)
(0.7753856000, 0.4520827000, 0.4408943000)
(0.7761645000, 0.4518551000, 0.4397461000)
(0.7754702000, 0.4539736000, 0.4388083000)
(0.7797637000, 0.4543530000, 0.4307218000)
(0.7813786000, 0.4523599000, 0.4298924000)
(0.7803222000, 0.4537496000, 0.4303336000)
(0.7768413000, 0.4555739000, 0.4346740000)
(0.7687254000, 0.4611045000, 0.4432116000)
(0.7665390000, 0.4625617000, 0.4454699000)
(0.7661349000, 0.4626677000, 0.4460440000)
(0.7616310000, 0.4628110000, 0.4535681000)
(0.7614610000, 0.4522811000, 0.4643232000)
(0.7584533000, 0.4541731000, 0.4673912000)
(0.7581773000, 0.4572863000, 0.4648073000)
(0.7581041000, 0.4574902000, 0.4647215000)
(0.7646425000, 0.4488035000, 0.4624807000)
(0.7661566000, 0.4490580000, 0.4597124000)
(0.7631064000, 0.4479046000, 0.4658657000)
(0.7650964000, 0.4496774000, 0.4608819000)
(0.7686765000, 0.4383553000, 0.4658006000)
(0.7621892000, 0.4337600000, 0.4805267000)
(0.0000000000, 0.0000000000, 0.0000000000)
(0.0000000000, 0.0000000000, 0.0000000000)
(0.0000000000, 0.0000000000, 0.0000000000)
(0.0000000000, 0.0000000000, 0.0000000000)
(0.0000000000, 0.0000000000, 0.0000000000)
(0.0000000000, 0.0000000000, 0.0000000000)
(0.0000000000, 0.0000000000, 0.0000000000)
(0.0000000000, 0.0000000000, 0.0000000000)
(0.0000000000, 0.0000000000, 0.0000000000)
(0.7648543000, 0.4495892000, 0.4613445000)
(0.7602304000, 0.4326301000, 0.4846314000)
(0.7759373000, 0.4299563000, 0.4615559000)
(0.7681452000, 0.4405598000, 0.4646068000)
(0.7753863000, 0.4410644000, 0.4519261000)
(0.7753847000, 0.4385821000, 0.4543173000)
(0.7763543000, 0.4374069000, 0.4538083000)
(0.7758504000, 0.4412041000, 0.4509669000)
(0.7763675000, 0.4418335000, 0.4494840000)
(0.7739819000, 0.4387222000, 0.4565888000)
(0.7759472000, 0.4397662000, 0.4522053000)
(0.7753931000, 0.4330028000, 0.4596132000)
(0.7792620000, 0.4241927000, 0.4612933000)
(0.7778435000, 0.4281957000, 0.4599943000)
(0.7797282000, 0.4202038000, 0.4641494000)
(0.7916304000, 0.4002051000, 0.4616855000)
(0.7924411000, 0.3965985000, 0.4633888000)
(0.7923737000, 0.3982975000, 0.4620501000)
(0.7863590000, 0.4036331000, 0.4676732000)
(0.7785331000, 0.4130819000, 0.4724666000)
(0.7781515000, 0.4108892000, 0.4750068000)
(0.7798706000, 0.4100252000, 0.4729216000)
(0.7797988000, 0.4079369000, 0.4748553000)
(0.7690560000, 0.4238069000, 0.4784592000)
(0.7664639000, 0.4279127000, 0.4789672000)
(0.7686643000, 0.4250129000, 0.4780249000)
(0.7676129000, 0.4266229000, 0.4782626000)
(0.7688715000, 0.4246496000, 0.4780087000)
(0.7704010000, 0.4183721000, 0.4810629000)
(0.7641985000, 0.4262956000, 0.4840102000)
(0.7721138000, 0.4068650000, 0.4881384000)
(0.7733094000, 0.3949612000, 0.4959561000)
(0.0000000000, 0.0000000000, 0.0000000000)
(0.0000000000, 0.0000000000, 0.0000000000)
(0.0000000000, 0.0000000000, 0.0000000000)
(0.0000000000, 0.0000000000, 0.0000000000)
(0.0000000000, 0.0000000000, 0.0000000000)
(0.0000000000, 0.0000000000, 0.0000000000)
(0.0000000000, 0.0000000000, 0.0000000000)
(0.0000000000, 0.0000000000, 0.0000000000)
(0.7700561000, 0.4202260000, 0.4800162000)
(0.7681568000, 0.4212660000, 0.4821349000)
(0.7588980000, 0.4328386000, 0.4865127000)
(0.7593963000, 0.4305745000, 0.4877678000)
(0.7626067000, 0.4282691000, 0.4847846000)
(0.7585400000, 0.4340542000, 0.4860163000)
(0.7609161000, 0.4324466000, 0.4837295000)
(0.7705879000, 0.4336846000, 0.4670086000)
(0.7695183000, 0.4467067000, 0.4563625000)
(0.7710128000, 0.4419683000, 0.4584707000)
(0.7699580000, 0.4409024000, 0.4612426000)
(0.7668401000, 0.4435326000, 0.4639013000)
(0.7655907000, 0.4482389000, 0.4614455000)
(0.7643168000, 0.4209741000, 0.4884521000)
(0.0000000000, 0.0000000000, 0.0000000000)
(0.0000000000, 0.0000000000, 0.0000000000)
(0.0000000000, 0.0000000000, 0.0000000000)
(0.0000000000, 0.0000000000, 0.0000000000)
(0.0000000000, 0.0000000000, 0.0000000000)
(0.0000000000, 0.0000000000, 0.0000000000)
(0.0000000000, 0.0000000000, 0.0000000000)
(0.0000000000, 0.0000000000, 0.0000000000)
(0.7529186000, 0.4544672000, 0.4759780000)
(0.7688428000, 0.4254871000, 0.4773127000)
(0.7671640000, 0.4326651000, 0.4735427000)
(0.7619824000, 0.4454597000, 0.4700218000)
(0.7684160000, 0.4341751000, 0.4701140000)
(0.7740369000, 0.4257728000, 0.4685760000)
(0.7818316000, 0.4160872000, 0.4643276000)
(0.7801662000, 0.4186991000, 0.4647635000)
(0.7890120000, 0.4099991000, 0.4575391000)
(0.7862716000, 0.4199062000, 0.4532408000)
(0.7860861000, 0.4200743000, 0.4534344000)
(0.7878755000, 0.4196931000, 0.4506621000)
(0.7958971000, 0.3959702000, 0.4579608000)
(0.7989019000, 0.3897855000, 0.4580439000)
(0.7990161000, 0.3883161000, 0.4590898000)
(0.7984453000, 0.3895867000, 0.4590157000)
(0.7973724000, 0.3891152000, 0.4612616000)
(0.7933525000, 0.3991548000, 0.4596257000)
(0.7803802000, 0.4198809000, 0.4633613000)
(0.7753202000, 0.4282469000, 0.4641998000)
(0.7770134000, 0.4261571000, 0.4632822000)
(0.7796822000, 0.4194126000, 0.4649532000)
(0.7723325000, 0.4286354000, 0.4687679000)
(0.7798002000, 0.4195008000, 0.4646509000)
(0.7926616000, 0.4027013000, 0.4577103000)
(0.7919596000, 0.4034578000, 0.4582636000)
(0.7907559000, 0.4054290000, 0.4586098000)
(0.7858617000, 0.4120970000, 0.4610740000)
(0.7830502000, 0.4162226000, 0.4621280000)
(0.7907234000, 0.4137494000, 0.4511772000)
(0.7907110000, 0.4139905000, 0.4509585000)
(0.7904638000, 0.4141188000, 0.4512900000)
(0.7901624000, 0.4141555000, 0.4517934000)
(0.7846220000, 0.4368213000, 0.4399144000)
(0.7877982000, 0.4250904000, 0.4457014000)
(0.7704712000, 0.4264489000, 0.4738281000)
(0.7682068000, 0.4312461000, 0.4731629000)
(0.7707611000, 0.4265868000, 0.4732264000)
(0.7771464000, 0.4331160000, 0.4565625000)
(0.7869956000, 0.4327627000, 0.4397122000)
(0.7867634000, 0.4180775000, 0.4540962000)
(0.7818017000, 0.4158484000, 0.4645860000)
(0.7683121000, 0.4301423000, 0.4739680000)
(0.7700711000, 0.4282576000, 0.4728189000)
(0.7857386000, 0.4150164000, 0.4586587000)
(0.7857418000, 0.4149939000, 0.4586742000)
(0.7850794000, 0.4174933000, 0.4575403000)
(0.7772122000, 0.4207076000, 0.4678923000)
(0.7842904000, 0.4166140000, 0.4596686000)
(0.7853916000, 0.4161009000, 0.4582517000)
(0.7809773000, 0.4212474000, 0.4611105000)
(0.7718949000, 0.4170048000, 0.4798547000)
(0.0000000000, 0.0000000000, 0.0000000000)
(0.0000000000, 0.0000000000, 0.0000000000)
(0.0000000000, 0.0000000000, 0.0000000000)
(0.0000000000, 0.0000000000, 0.0000000000)
(0.0000000000, 0.0000000000, 0.0000000000)
(0.0000000000, 0.0000000000, 0.0000000000)
(0.0000000000, 0.0000000000, 0.0000000000)
(0.7673334000, 0.4555331000, 0.4513137000)
(0.7672259000, 0.4373119000, 0.4691603000)
(0.7750683000, 0.4323509000, 0.4608010000)
(0.7702959000, 0.4515519000, 0.4502376000)
(0.7696403000, 0.4460109000, 0.4568653000)
(0.7712383000, 0.4426464000, 0.4574212000)
(0.7720449000, 0.4390270000, 0.4595506000)
(0.7751858000, 0.4337043000, 0.4593061000)
(0.7722148000, 0.4423592000, 0.4560404000)
(0.7747445000, 0.4331188000, 0.4606037000)
(0.7754594000, 0.4341490000, 0.4584295000)
(0.7721032000, 0.4325702000, 0.4655401000)
(0.7754354000, 0.4347965000, 0.4578458000)
(0.7801108000, 0.4243784000, 0.4596854000)
(0.7837730000, 0.4133949000, 0.4634691000)
(0.7875925000, 0.4130315000, 0.4572501000)
(0.7718003000, 0.4103409000, 0.4857296000)
(0.0000000000, 0.0000000000, 0.0000000000)
(0.0000000000, 0.0000000000, 0.0000000000)
(0.0000000000, 0.0000000000, 0.0000000000)
(0.0000000000, 0.0000000000, 0.0000000000)
(0.0000000000, 0.0000000000, 0.0000000000)
(0.0000000000, 0.0000000000, 0.0000000000)
(0.0000000000, 0.0000000000, 0.0000000000)
(0.0000000000, 0.0000000000, 0.0000000000)
(0.0000000000, 0.0000000000, 0.0000000000)
(0.0000000000, 0.0000000000, 0.0000000000)
(0.0000000000, 0.0000000000, 0.0000000000)
(0.0000000000, 0.0000000000, 0.0000000000)
(0.0000000000, 0.0000000000, 0.0000000000)
(0.0000000000, 0.0000000000, 0.0000000000)
(0.0000000000, 0.0000000000, 0.0000000000)
(0.0000000000, 0.0000000000, 0.0000000000)
(0.0000000000, 0.0000000000, 0.0000000000)
(0.0000000000, 0.0000000000, 0.0000000000)
(0.0000000000, 0.0000000000, 0.0000000000)
(0.0000000000, 0.0000000000, 0.0000000000)
(0.0000000000, 0.0000000000, 0.0000000000)
(0.5237194000, 0.7345544000, 0.4314317000)
(0.5589917000, 0.7093148000, 0.4293835000)
(0.5985798000, 0.6640779000, 0.4479562000)
(0.6388176000, 0.6124578000, 0.4656111000)
(0.6873668000, 0.5504237000, 0.4738552000)
(0.7210062000, 0.4914232000, 0.4884907000)
(0.7511891000, 0.4286999000, 0.5019214000)
(0.7775284000, 0.4062289000, 0.4800186000)
(0.7439656000, 0.4379506000, 0.5046792000)
(0.7491139000, 0.4407125000, 0.4945512000)
(0.7473189000, 0.4394850000, 0.4983465000)
(0.7514209000, 0.4391019000, 0.4924969000)
(0.7534028000, 0.4418320000, 0.4869806000)
(0.7561131000, 0.4403217000, 0.4841474000)
(0.7656878000, 0.4352810000, 0.4735275000)
(0.7626855000, 0.4392584000, 0.4746907000)
(0.7620993000, 0.4409794000, 0.4740596000)
(0.7863119000, 0.4135236000, 0.4590202000)
(0.7867589000, 0.4166104000, 0.4554543000)
(0.7827328000, 0.4195517000, 0.4596580000)
(0.7726343000, 0.4378333000, 0.4597135000)
(0.7718503000, 0.4384422000, 0.4604307000)
(0.7697068000, 0.4409527000, 0.4616311000)
(0.7705265000, 0.4409629000, 0.4602324000)
(0.7762378000, 0.4357733000, 0.4555812000)
(0.7779002000, 0.4334223000, 0.4549603000)
(0.7864289000, 0.4175870000, 0.4551253000)
(0.7869590000, 0.4189830000, 0.4529244000)
(0.7896957000, 0.4157035000, 0.4511794000)
(0.7867178000, 0.4151729000, 0.4568364000)
(0.7854137000, 0.4167279000, 0.4576452000)
(0.7855219000, 0.4167334000, 0.4574564000)
(0.7690004000, 0.4449044000, 0.4589885000)
(0.7688546000, 0.4441853000, 0.4599448000)
(0.7686360000, 0.4441595000, 0.4603178000)
(0.7870632000, 0.4126975000, 0.4584692000)
(0.7878447000, 0.4121194000, 0.4576365000)
(0.7883635000, 0.4095198000, 0.4590991000)
(0.7657276000, 0.4510006000, 0.4585086000)
(0.7785827000, 0.4284593000, 0.4584880000)
(0.7703403000, 0.4419280000, 0.4596253000)
(0.7689227000, 0.4421280000, 0.4617917000)
(0.7694007000, 0.4377934000, 0.4651416000)
(0.8040109000, 0.4013499000, 0.4387141000)
(0.8007948000, 0.3962355000, 0.4491248000)
(0.7889591000, 0.3979505000, 0.4681433000)
(0.7696185000, 0.4203982000, 0.4805611000)
(0.7587034000, 0.4177796000, 0.4998167000)
(0.7592968000, 0.4211038000, 0.4960951000)
(0.0000000000, 0.0000000000, 0.0000000000)
(0.0000000000, 0.0000000000, 0.0000000000)
(0.0000000000, 0.0000000000, 0.0000000000)
(0.0000000000, 0.0000000000, 0.0000000000)
(0.0000000000, 0.0000000000, 0.0000000000)
(0.0000000000, 0.0000000000, 0.0000000000)
(0.0000000000, 0.0000000000, 0.0000000000)
(0.0000000000, 0.0000000000, 0.0000000000)
(0.7649187000, 0.4423668000, 0.4681845000)
(0.7678495000, 0.4349784000, 0.4703057000)
(0.7794238000, 0.4039582000, 0.4788407000)
(0.7730417000, 0.4356473000, 0.4610850000)
(0.7772202000, 0.4270109000, 0.4621283000)
(0.7767003000, 0.4252969000, 0.4645914000)
(0.7780789000, 0.4206817000, 0.4664785000)
(0.7966057000, 0.3883954000, 0.4632142000)
(0.8036526000, 0.3927554000, 0.4470589000)
(0.7734944000, 0.4293070000, 0.4662632000)
(0.7656510000, 0.4336783000, 0.4750700000)
(0.7652787000, 0.4342560000, 0.4751335000)
(0.7617751000, 0.4411307000, 0.4744419000)
(0.7989714000, 0.3942185000, 0.4541001000)
(0.7973867000, 0.3962862000, 0.4550908000)
(0.7999350000, 0.3912743000, 0.4549730000)
(0.7888803000, 0.4085497000, 0.4590659000)
(0.7702594000, 0.4350112000, 0.4663264000)
(0.7971593000, 0.3967304000, 0.4551268000)
(0.7962546000, 0.3960584000, 0.4572638000)
(0.7620986000, 0.4476124000, 0.4678002000)
(0.7576209000, 0.4520067000, 0.4708188000)
(0.7565152000, 0.4532819000, 0.4713785000)
(0.7733080000, 0.4349191000, 0.4613245000)
(0.7954027000, 0.4087898000, 0.4474529000)
(0.7598098000, 0.4441602000, 0.4747527000)
(0.7597018000, 0.4443222000, 0.4747858000)
(0.7600669000, 0.4436075000, 0.4748516000)
(0.7677892000, 0.4330387000, 0.4721941000)
(0.7710843000, 0.4319820000, 0.4677539000)
(0.7739276000, 0.4281116000, 0.4666330000)
(0.7609764000, 0.4449182000, 0.4721658000)
(0.7627438000, 0.4420984000, 0.4719645000)
(0.7714943000, 0.4376178000, 0.4618163000)
(0.7710899000, 0.4350982000, 0.4648612000)
(0.7708430000, 0.4355889000, 0.4647927000)
(0.7712658000, 0.4362833000, 0.4634687000)
(0.7897271000, 0.4079774000, 0.4581204000)
(0.8014232000, 0.3928964000, 0.4509278000)
(0.8020263000, 0.3926452000, 0.4500737000)
(0.8022354000, 0.3916780000, 0.4505593000)
(0.8023755000, 0.3919159000, 0.4500883000)
(0.8009998000, 0.3924945000, 0.4520411000)
(0.8005403000, 0.3929214000, 0.4524723000)
(0.7993355000, 0.3935698000, 0.4540445000)
(0.7962610000, 0.3995598000, 0.4541951000)
(0.7985883000, 0.3940137000, 0.4549708000)
(0.7992644000, 0.3931774000, 0.4544921000)
(0.7989883000, 0.3940168000, 0.4542675000)
(0.7990500000, 0.3937728000, 0.4543750000)
(0.7994050000, 0.3934420000, 0.4540323000)
(0.7979226000, 0.3943440000, 0.4558619000)
(0.7943748000, 0.3982435000, 0.4586471000)
(0.7904004000, 0.4025000000, 0.4617695000)
(0.7930685000, 0.4010448000, 0.4584518000)
(0.7952668000, 0.3983355000, 0.4570205000)
(0.7969657000, 0.3964308000, 0.4556955000)
(0.7728801000, 0.4169202000, 0.4783489000)
(0.7684750000, 0.4148325000, 0.4871860000)
(0.7631969000, 0.4182007000, 0.4925835000)
(0.7639413000, 0.4181514000, 0.4914515000)
(0.7752173000, 0.4120562000, 0.4787813000)
(0.7970195000, 0.3934712000, 0.4581678000)
(0.7966840000, 0.3944454000, 0.4579279000)
(0.7951027000, 0.3957781000, 0.4595107000)
(0.7989973000, 0.3918467000, 0.4561111000)
(0.7943393000, 0.3950388000, 0.4614715000)
(0.7956426000, 0.3936484000, 0.4603971000)
(0.7978032000, 0.3918842000, 0.4581591000)
(0.7983776000, 0.3918702000, 0.4571791000)
(0.7913120000, 0.4032570000, 0.4595488000)
(0.7920102000, 0.4019013000, 0.4595443000)
(0.7982153000, 0.3921455000, 0.4572461000)
(0.7953720000, 0.3959125000, 0.4589429000)
(0.7953559000, 0.3955278000, 0.4592994000)
(0.7958406000, 0.3946471000, 0.4592152000)
(0.7962877000, 0.3951115000, 0.4580474000)
(0.7960060000, 0.3965378000, 0.4572973000)
(0.7757907000, 0.4253798000, 0.4660315000)
(0.7749815000, 0.4251896000, 0.4675396000)
(0.7671415000, 0.4346068000, 0.4717963000)
(0.7656732000, 0.4302196000, 0.4781484000)
(0.7663869000, 0.4332703000, 0.4742636000)
(0.7702344000, 0.4256035000, 0.4749418000)
(0.7693021000, 0.4251343000, 0.4768941000)
(0.7617006000, 0.4325913000, 0.4823416000)
(0.7782301000, 0.4109702000, 0.4748066000)
(0.7779673000, 0.4105613000, 0.4755939000)
(0.7767792000, 0.4121532000, 0.4761717000)
(0.7730215000, 0.4162445000, 0.4787237000)
(0.7772108000, 0.4096640000, 0.4776125000)
(0.7769384000, 0.4090749000, 0.4785647000)
(0.7773411000, 0.4085144000, 0.4783796000)
(0.7782209000, 0.4065852000, 0.4785978000)
(0.7780638000, 0.4070724000, 0.4784429000)
(0.7649007000, 0.4304082000, 0.4792414000)
(0.7721856000, 0.4177347000, 0.4787455000)
(0.7816973000, 0.4063343000, 0.4731040000)
(0.7813532000, 0.4069345000, 0.4731632000)
(0.7815241000, 0.4071195000, 0.4727218000)
(0.7816605000, 0.4063818000, 0.4731248000)
(0.7867708000, 0.4075352000, 0.4635641000)
(0.7839892000, 0.4091963000, 0.4667960000)
(0.7922712000, 0.3953628000, 0.4647276000)
(0.7831101000, 0.4129900000, 0.4649492000)
(0.7827471000, 0.4037222000, 0.4735907000)
(0.0000000000, 0.0000000000, 0.0000000000)
(0.0000000000, 0.0000000000, 0.0000000000)
(0.0000000000, 0.0000000000, 0.0000000000)
(0.0000000000, 0.0000000000, 0.0000000000)
(0.0000000000, 0.0000000000, 0.0000000000)
(0.0000000000, 0.0000000000, 0.0000000000)
(0.0000000000, 0.0000000000, 0.0000000000)
(0.7753516000, 0.4480669000, 0.4450371000)
(0.7758093000, 0.4497995000, 0.4424851000)
(0.7776058000, 0.4504972000, 0.4385991000)
(0.7814006000, 0.4427432000, 0.4397379000)
(0.7808235000, 0.4447672000, 0.4387280000)
(0.7832315000, 0.4457200000, 0.4334200000)
(0.7813836000, 0.4436858000, 0.4388290000)
(0.7814175000, 0.4465748000, 0.4358187000)
(0.7805500000, 0.4373308000, 0.4466210000)
(0.7808535000, 0.4354674000, 0.4479007000)
(0.7810898000, 0.4322569000, 0.4506109000)
(0.7750331000, 0.4141243000, 0.4772932000)
(0.7736641000, 0.4113860000, 0.4818700000)
(0.7724670000, 0.4072478000, 0.4872576000)
(0.7722652000, 0.4087198000, 0.4863615000)
(0.7685452000, 0.3882415000, 0.5085301000)
(0.0000000000, 0.0000000000, 0.0000000000)
(0.0000000000, 0.0000000000, 0.0000000000)
(0.0000000000, 0.0000000000, 0.0000000000)
(0.0000000000, 0.0000000000, 0.0000000000)
(0.0000000000, 0.0000000000, 0.0000000000)
(0.0000000000, 0.0000000000, 0.0000000000)
(0.0000000000, 0.0000000000, 0.0000000000)
(0.7718031000, 0.4324289000, 0.4661666000)
(0.7589939000, 0.4444377000, 0.4757982000)
(0.7594494000, 0.4453895000, 0.4741754000)
(0.7685558000, 0.4381474000, 0.4662027000)
(0.7700185000, 0.4139088000, 0.4855408000)
(0.7746342000, 0.4149774000, 0.4771982000)
(0.7800855000, 0.4220267000, 0.4619059000)
(0.7779935000, 0.4352777000, 0.4530412000)
(0.7794459000, 0.4303941000, 0.4552169000)
(0.7774667000, 0.4331874000, 0.4559335000)
(0.7765020000, 0.4436082000, 0.4474964000)
(0.7767553000, 0.4429026000, 0.4477256000)
(0.7681198000, 0.4530463000, 0.4524621000)
(0.7714788000, 0.4447011000, 0.4550194000)
(0.7676869000, 0.4491418000, 0.4570541000)
(0.7680957000, 0.4460287000, 0.4594221000)
(0.7681505000, 0.4458008000, 0.4595445000)
(0.7668594000, 0.4418169000, 0.4655111000)
(0.7654083000, 0.4490110000, 0.4610078000)
(0.7680442000, 0.4501482000, 0.4554797000)
(0.7961885000, 0.4225101000, 0.4330862000)
(0.7973015000, 0.4219747000, 0.4315502000)
(0.7916524000, 0.4259232000, 0.4380223000)
(0.7726603000, 0.4396340000, 0.4579395000)
(0.7686847000, 0.4449551000, 0.4594803000)
(0.7677057000, 0.4490870000, 0.4570846000)
(0.7700932000, 0.4462129000, 0.4558967000)
(0.7725832000, 0.4317822000, 0.4654645000)
(0.7733935000, 0.4285853000, 0.4670681000)
(0.7996638000, 0.3961971000, 0.4511546000)
(0.7988886000, 0.3974974000, 0.4514067000)
(0.7985188000, 0.3966048000, 0.4528437000)
(0.7786434000, 0.4187894000, 0.4672271000)
(0.7931740000, 0.4034607000, 0.4561621000)
(0.7944619000, 0.4022898000, 0.4549316000)
(0.7941821000, 0.4029396000, 0.4548693000)
(0.7955261000, 0.3999532000, 0.4551488000)
(0.7952868000, 0.3993458000, 0.4561018000)
(0.7963251000, 0.3988495000, 0.4547319000)
(0.7958642000, 0.3976461000, 0.4565798000)
(0.7947902000, 0.3979239000, 0.4581990000)
(0.7768410000, 0.4137891000, 0.4746490000)
(0.7773175000, 0.4161627000, 0.4717632000)
(0.7725999000, 0.4228835000, 0.4735384000)
(0.8008659000, 0.3947998000, 0.4502406000)
(0.7750017000, 0.4259682000, 0.4667987000)
(0.7742558000, 0.4266252000, 0.4674459000)
(0.7726793000, 0.4278833000, 0.4688927000)
(0.7926604000, 0.4102707000, 0.4509602000)
(0.7897316000, 0.4149597000, 0.4517807000)
(0.7900385000, 0.4146216000, 0.4515806000)
(0.7725032000, 0.4241624000, 0.4725473000)
(0.7646002000, 0.4319518000, 0.4783110000)
(0.7633129000, 0.4333852000, 0.4790801000)
(0.7634478000, 0.4334151000, 0.4788332000)
(0.7963516000, 0.3916873000, 0.4608674000)
(0.7976160000, 0.3903618000, 0.4598039000)
(0.7961971000, 0.3920850000, 0.4607849000)
(0.7937080000, 0.3938921000, 0.4635331000)
(0.7965074000, 0.3896486000, 0.4623107000)
(0.7951947000, 0.3890700000, 0.4650458000)
(0.7926976000, 0.3926516000, 0.4662966000)
(0.7635293000, 0.4323649000, 0.4796607000)
(0.7631516000, 0.4338004000, 0.4789624000)
(0.7688943000, 0.4292288000, 0.4738804000)
(0.7901367000, 0.4016046000, 0.4630100000)
(0.7909010000, 0.4011788000, 0.4620709000)
(0.7914909000, 0.4003533000, 0.4617944000)
(0.7759786000, 0.4272177000, 0.4640484000)
(0.7726970000, 0.4316374000, 0.4654325000)
(0.7728283000, 0.4291353000, 0.4675045000)
(0.7834316000, 0.4166382000, 0.4611165000)
(0.7795870000, 0.4212457000, 0.4634365000)
(0.7789028000, 0.4201335000, 0.4655837000)
(0.7974226000, 0.3984795000, 0.4531023000)
(0.7987295000, 0.3950585000, 0.4538180000)
(0.7986479000, 0.3939371000, 0.4549433000)
(0.7866989000, 0.4124241000, 0.4593520000)
(0.7940433000, 0.4053195000, 0.4529976000)
(0.7770243000, 0.4272290000, 0.4622671000)
(0.7765454000, 0.4259794000, 0.4642181000)
(0.7759734000, 0.4260025000, 0.4651541000)
(0.8057287000, 0.4003165000, 0.4365003000)
(0.8066167000, 0.3938335000, 0.4407290000)
(0.8075398000, 0.4036910000, 0.4299928000)
(0.7857221000, 0.4187369000, 0.4552991000)
(0.8074534000, 0.3993599000, 0.4341819000)
(0.8070039000, 0.3993444000, 0.4350245000)
(0.8061265000, 0.3989125000, 0.4370590000)
(0.7846319000, 0.4156542000, 0.4599679000)
(0.7860079000, 0.4129253000, 0.4600772000)
(0.8082591000, 0.4053938000, 0.4270313000)
(0.8077805000, 0.4051858000, 0.4281239000)
(0.8069927000, 0.4053831000, 0.4294355000)
(0.7910074000, 0.4151111000, 0.4494290000)
(0.7912076000, 0.4150538000, 0.4491086000)
(0.7951772000, 0.4102669000, 0.4464972000)
(0.8021614000, 0.4085160000, 0.4354569000)
(0.8021362000, 0.4140164000, 0.4302783000)
(0.8024368000, 0.4112590000, 0.4323606000)
(0.7933351000, 0.4142592000, 0.4461007000)
(0.7884133000, 0.4173742000, 0.4518717000)
(0.7828333000, 0.4193565000, 0.4596676000)
(0.7829025000, 0.4187811000, 0.4600662000)
(0.7822005000, 0.4182619000, 0.4617388000)
(0.7789261000, 0.4202828000, 0.4654169000)
(0.7736829000, 0.4217246000, 0.4728232000)
(0.7719178000, 0.4225267000, 0.4749808000)
(0.7713640000, 0.4227046000, 0.4757223000)
(0.7743179000, 0.4203186000, 0.4730070000)
(0.7773995000, 0.4184089000, 0.4696503000)
(0.7791049000, 0.4169056000, 0.4681615000)
(0.7804033000, 0.4159051000, 0.4668962000)
(0.7791343000, 0.4167042000, 0.4682898000)
(0.7788597000, 0.4157273000, 0.4696116000)
(0.7787473000, 0.4178649000, 0.4679106000)
(0.7766268000, 0.4208264000, 0.4687712000)
(0.7766200000, 0.4208442000, 0.4687665000)
(0.7769969000, 0.4192643000, 0.4695571000)
(0.7769372000, 0.4193865000, 0.4695543000)
(0.7779529000, 0.4181295000, 0.4689683000)
(0.7782344000, 0.4186140000, 0.4680835000)
(0.7786754000, 0.4182798000, 0.4676398000)
(0.7770250000, 0.4187815000, 0.4699207000)
(0.7713711000, 0.4233791000, 0.4750941000)
(0.7718102000, 0.4215151000, 0.4760475000)
(0.7900183000, 0.4100565000, 0.4557362000)
(0.7810125000, 0.4161191000, 0.4656700000)
(0.7771674000, 0.4181391000, 0.4702651000)
(0.7783050000, 0.4186887000, 0.4679063000)
(0.7803018000, 0.4161504000, 0.4668209000)
(0.7832419000, 0.4111457000, 0.4663423000)
(0.7810885000, 0.4128513000, 0.4684295000)
(0.7772495000, 0.4132460000, 0.4744321000)
(0.7797269000, 0.4129792000, 0.4706096000)
(0.8008672000, 0.4059034000, 0.4402789000)
(0.7756932000, 0.4155737000, 0.4749631000)
(0.7732124000, 0.4178145000, 0.4770285000)
(0.7715450000, 0.4155987000, 0.4816574000)
(0.8014654000, 0.3890818000, 0.4541487000)
(0.7959462000, 0.3954808000, 0.4583047000)
(0.7830370000, 0.4097270000, 0.4679238000)
(0.7824364000, 0.4114564000, 0.4674120000)
(0.7823592000, 0.4067281000, 0.4716700000)
(0.7751840000, 0.4140129000, 0.4771340000)
(0.7716134000, 0.4204080000, 0.4773461000)
(0.7713320000, 0.4202172000, 0.4779767000)
(0.7712924000, 0.4201958000, 0.4780361000)
(0.7787695000, 0.4160277000, 0.4695011000)
(0.7783901000, 0.4151081000, 0.4709478000)
(0.7807625000, 0.4142575000, 0.4677380000)
(0.7676468000, 0.4251305000, 0.4795565000)
(0.7692976000, 0.4224420000, 0.4792932000)
(0.7687269000, 0.4223942000, 0.4802518000)
(0.7789714000, 0.4117508000, 0.4729121000)
(0.7782643000, 0.4123919000, 0.4735081000)
(0.7693758000, 0.4239853000, 0.4777816000)
(0.7623835000, 0.4280500000, 0.4853058000)
(0.7681094000, 0.4239057000, 0.4798892000)
(0.7833630000, 0.4122716000, 0.4651483000)
(0.7897934000, 0.4050317000, 0.4606172000)
(0.7812575000, 0.4137580000, 0.4673743000)
(0.7860295000, 0.4090610000, 0.4634907000)
(0.7877834000, 0.4062590000, 0.4629716000)
(0.7879682000, 0.4062648000, 0.4626287000)
(0.7883087000, 0.4044753000, 0.4636200000)
(0.7750327000, 0.4168779000, 0.4749063000)
(0.7798653000, 0.4103831000, 0.4726260000)
(0.7688539000, 0.4203610000, 0.4818060000)
(0.7700040000, 0.4194364000, 0.4807843000)
(0.7645906000, 0.4247444000, 0.4847546000)
(0.8014379000, 0.4037840000, 0.4411719000)
(0.8012196000, 0.4040640000, 0.4413136000)
(0.7804092000, 0.4147867000, 0.4678719000)
(0.7764957000, 0.4178019000, 0.4716711000)
(0.7730313000, 0.4195263000, 0.4758141000)
(0.7691408000, 0.4246659000, 0.4775726000)
(0.7683297000, 0.4261441000, 0.4775620000)
(0.7759718000, 0.4172914000, 0.4730050000)
(0.7789416000, 0.4173275000, 0.4680458000)
(0.7755876000, 0.4205782000, 0.4707168000)
(0.7756907000, 0.4220521000, 0.4692185000)
(0.7686139000, 0.4267093000, 0.4765790000)
(0.7670447000, 0.4280377000, 0.4779205000)
(0.7682750000, 0.4273240000, 0.4765814000)
(0.7922471000, 0.4017152000, 0.4593107000)
(0.7863615000, 0.4070873000, 0.4646577000)
(0.7835898000, 0.4113191000, 0.4656185000)
(0.7665370000, 0.4247140000, 0.4816887000)
(0.7662311000, 0.4224394000, 0.4841701000)
(0.7653689000, 0.4285816000, 0.4801016000)
(0.7645284000, 0.4284927000, 0.4815199000)
(0.7675931000, 0.4268696000, 0.4781015000)
(0.7954990000, 0.3946785000, 0.4597881000)
(0.7618860000, 0.4245658000, 0.4891424000)
(0.7656835000, 0.4173208000, 0.4894389000)
(0.7659662000, 0.4222235000, 0.4847916000)
(0.7632143000, 0.4344374000, 0.4782731000)
(0.7899883000, 0.4064268000, 0.4590409000)
(0.7774993000, 0.4197321000, 0.4682939000)
(0.8012127000, 0.3950458000, 0.4494397000)
(0.8004666000, 0.3975074000, 0.4485819000)
(0.7996439000, 0.3993017000, 0.4484470000)
(0.7986490000, 0.3978825000, 0.4514658000)
(0.8028744000, 0.3972583000, 0.4444666000)
(0.8013940000, 0.3996189000, 0.4450416000)
(0.8022222000, 0.4000866000, 0.4431295000)
(0.7806049000, 0.4344094000, 0.4493507000)
(0.7835666000, 0.4297158000, 0.4487330000)
(0.7832183000, 0.4279494000, 0.4510235000)
(0.7648669000, 0.4470201000, 0.4638225000)
(0.7671016000, 0.4437007000, 0.4633295000)
(0.7659657000, 0.4203552000, 0.4863849000)
(0.0000000000, 0.0000000000, 0.0000000000)
(0.0000000000, 0.0000000000, 0.0000000000)
(0.0000000000, 0.0000000000, 0.0000000000)
(0.0000000000, 0.0000000000, 0.0000000000)
(0.0000000000, 0.0000000000, 0.0000000000)
(0.0000000000, 0.0000000000, 0.0000000000)
(0.0000000000, 0.0000000000, 0.0000000000)
(0.0000000000, 0.0000000000, 0.0000000000)
(0.0000000000, 0.0000000000, 0.0000000000)
(0.0000000000, 0.0000000000, 0.0000000000)
(0.7895406000, 0.4211524000, 0.4463774000)
(0.7576612000, 0.4510936000, 0.4716345000)
(0.7561474000, 0.4554492000, 0.4698816000)
(0.7956112000, 0.4255432000, 0.4311770000)
(0.7872760000, 0.4306088000, 0.4413049000)
(0.7641309000, 0.4563031000, 0.4559290000)
(0.7558941000, 0.4639274000, 0.4619441000)
(0.7505360000, 0.4608755000, 0.4735669000)
(0.7506390000, 0.4594734000, 0.4747713000)
(0.7511762000, 0.4600747000, 0.4733523000)
(0.7905848000, 0.4203215000, 0.4453022000)
(0.7878920000, 0.4229186000, 0.4475955000)
(0.7785236000, 0.4328217000, 0.4544739000)
(0.7515750000, 0.4591145000, 0.4736489000)
(0.7540603000, 0.4530023000, 0.4755709000)
(0.7533811000, 0.4466464000, 0.4825946000)
(0.7632729000, 0.4442267000, 0.4690905000)
(0.7636538000, 0.4434763000, 0.4692076000)
(0.7650730000, 0.4379513000, 0.4720679000)
(0.7585301000, 0.4455620000, 0.4754997000)
(0.7606744000, 0.4428912000, 0.4745668000)
(0.7606816000, 0.4408906000, 0.4764203000)
(0.7627676000, 0.4397483000, 0.4741225000)
(0.7630491000, 0.4422206000, 0.4713662000)
(0.7726516000, 0.4344538000, 0.4628510000)
(0.7686554000, 0.4315102000, 0.4721946000)
(0.7682151000, 0.4316688000, 0.4727512000)
(0.7687882000, 0.4332697000, 0.4703423000)
(0.7707220000, 0.4358251000, 0.4647871000)
(0.7695385000, 0.4377019000, 0.4649972000)
(0.7607569000, 0.4412794000, 0.4759400000)
(0.7608510000, 0.4448790000, 0.4724126000)
(0.7605897000, 0.4460197000, 0.4717462000)
(0.7705789000, 0.4442769000, 0.4569697000)
(0.7719623000, 0.4362391000, 0.4623398000)
(0.7865389000, 0.4197940000, 0.4528806000)
(0.7607251000, 0.4478180000, 0.4698314000)
(0.7623546000, 0.4510759000, 0.4640386000)
(0.7710862000, 0.4392065000, 0.4609833000)
(0.7694652000, 0.4414940000, 0.4615222000)
(0.7814679000, 0.4253493000, 0.4564687000)
(0.7886773000, 0.4142850000, 0.4542525000)
(0.7904437000, 0.4142776000, 0.4511667000)
(0.7905129000, 0.4140882000, 0.4512128000)
(0.7900499000, 0.4147112000, 0.4514490000)
(0.7892566000, 0.4153644000, 0.4522391000)
(0.7816389000, 0.4312572000, 0.4506146000)
(0.7833858000, 0.4311873000, 0.4476345000)
(0.7824630000, 0.4316309000, 0.4488143000)
(0.7797437000, 0.4344723000, 0.4507825000)
(0.7810460000, 0.4325240000, 0.4504133000)
(0.7818394000, 0.4332939000, 0.4482978000)
(0.7797425000, 0.4361159000, 0.4492098000)
(0.7845212000, 0.4332498000, 0.4436260000)
(0.7804881000, 0.4327804000, 0.4511385000)
(0.7789012000, 0.4402501000, 0.4466429000)
(0.7748768000, 0.4447550000, 0.4491492000)
(0.7750788000, 0.4488114000, 0.4447612000)
(0.7745874000, 0.4444040000, 0.4499926000)
(0.7772750000, 0.4414310000, 0.4482919000)
(0.7758859000, 0.4436255000, 0.4485169000)
(0.7773803000, 0.4407033000, 0.4488347000)
(0.7783870000, 0.4388674000, 0.4488921000)
(0.7781674000, 0.4391912000, 0.4489499000)
(0.7764951000, 0.4427084000, 0.4483757000)
(0.7732025000, 0.4331287000, 0.4631738000)
(0.7719749000, 0.4315470000, 0.4667091000)
(0.7743945000, 0.4320019000, 0.4622524000)
(0.7748657000, 0.4311650000, 0.4622419000)
(0.7773856000, 0.4289993000, 0.4600087000)
(0.7874968000, 0.4183562000, 0.4525553000)
(0.7907798000, 0.4148007000, 0.4501036000)
(0.7737203000, 0.4256804000, 0.4691740000)
(0.7617484000, 0.4341771000, 0.4808613000)
(0.7601570000, 0.4427717000, 0.4755032000)
(0.7683805000, 0.4315941000, 0.4725394000)
(0.7926599000, 0.4070622000, 0.4538383000)
(0.7640204000, 0.4351785000, 0.4763128000)
(0.7649410000, 0.4359344000, 0.4741545000)
(0.7645435000, 0.4399516000, 0.4710614000)
(0.7647910000, 0.4368832000, 0.4735023000)
(0.8020543000, 0.4106288000, 0.4336814000)
(0.8021150000, 0.4110221000, 0.4331798000)
(0.8024905000, 0.4114798000, 0.4320613000)
(0.8021946000, 0.4116729000, 0.4324431000)
(0.8020224000, 0.4141768000, 0.4303471000)
(0.8027174000, 0.4119211000, 0.4312131000)
(0.7836390000, 0.4237289000, 0.4542524000)
(0.7809283000, 0.4256549000, 0.4571035000)
(0.7910956000, 0.4183601000, 0.4462256000)
(0.7897099000, 0.4204705000, 0.4466909000)
(0.8012362000, 0.4115628000, 0.4343025000)
(0.8017709000, 0.4147016000, 0.4303254000)
(0.8018960000, 0.4149608000, 0.4298461000)
(0.8018597000, 0.4136924000, 0.4311189000)
(0.7837968000, 0.4271012000, 0.4508102000)
(0.7850502000, 0.4265909000, 0.4491089000)
(0.7913858000, 0.4198937000, 0.4442762000)
(0.7798507000, 0.4242272000, 0.4602603000)
(0.7756941000, 0.4265864000, 0.4650880000)
(0.7902114000, 0.4196941000, 0.4465450000)
(0.7999290000, 0.4140129000, 0.4343969000)
(0.8013419000, 0.4129991000, 0.4327515000)
(0.7915269000, 0.4192295000, 0.4446585000)
(0.7653685000, 0.4384625000, 0.4711173000)
(0.7657277000, 0.4346985000, 0.4739951000)
(0.7627611000, 0.4394686000, 0.4743908000)
(0.7614086000, 0.4376583000, 0.4782142000)
(0.7680875000, 0.4267218000, 0.4774271000)
(0.0000000000, 0.0000000000, 0.0000000000)
(0.0000000000, 0.0000000000, 0.0000000000)
(0.0000000000, 0.0000000000, 0.0000000000)
(0.0000000000, 0.0000000000, 0.0000000000)
(0.0000000000, 0.0000000000, 0.0000000000)
(0.0000000000, 0.0000000000, 0.0000000000)
(0.0000000000, 0.0000000000, 0.0000000000)
(0.0000000000, 0.0000000000, 0.0000000000)
(0.0000000000, 0.0000000000, 0.0000000000)
(0.7699908000, 0.4544964000, 0.4478209000)
(0.7707769000, 0.4486643000, 0.4522996000)
(0.7735252000, 0.4554627000, 0.4406874000)
(0.7743903000, 0.4528700000, 0.4418265000)
(0.7775599000, 0.4493448000, 0.4398394000)
(0.7794778000, 0.4502934000, 0.4354860000)
(0.7755170000, 0.4468804000, 0.4459302000)
(0.7751364000, 0.4479367000, 0.4455483000)
(0.7718316000, 0.4458923000, 0.4532571000)
(0.7729521000, 0.4420204000, 0.4551294000)
(0.7681471000, 0.4460234000, 0.4593370000)
(0.7889591000, 0.4128152000, 0.4551089000)
(0.7677917000, 0.4397432000, 0.4659613000)
(0.7688227000, 0.4388815000, 0.4650704000)
(0.7859999000, 0.4140351000, 0.4590742000)
(0.7836961000, 0.4166106000, 0.4606988000)
(0.7784047000, 0.4282075000, 0.4590187000)
(0.7800402000, 0.4233688000, 0.4607544000)
(0.7907380000, 0.4062779000, 0.4578917000)
(0.7800801000, 0.4229412000, 0.4610555000)
(0.7756298000, 0.4268321000, 0.4649860000)
(0.7863037000, 0.4122812000, 0.4601586000)
(0.7859238000, 0.4168499000, 0.4566685000)
(0.7789970000, 0.4247003000, 0.4612795000)
(0.7922308000, 0.4083465000, 0.4534536000)
(0.7921622000, 0.4062546000, 0.4554207000)
(0.7912420000, 0.4089963000, 0.4545767000)
(0.7894512000, 0.4129006000, 0.4541507000)
(0.7893813000, 0.4123585000, 0.4547663000)
(0.7930431000, 0.4088573000, 0.4515444000)
(0.7887648000, 0.4126502000, 0.4555712000)
(0.7805681000, 0.4260282000, 0.4573861000)
(0.7803881000, 0.4244251000, 0.4591742000)
(0.7756617000, 0.4344372000, 0.4578070000)
(0.7751882000, 0.4425080000, 0.4508458000)
(0.7710853000, 0.4380539000, 0.4620750000)
(0.7864386000, 0.4173238000, 0.4553501000)
(0.7869018000, 0.4187367000, 0.4532359000)
(0.7859818000, 0.4191110000, 0.4544822000)
(0.7795312000, 0.4234601000, 0.4615085000)
(0.7768452000, 0.4282751000, 0.4615974000)
(0.7876975000, 0.4152284000, 0.4550789000)
(0.7874495000, 0.4186846000, 0.4523390000)
(0.7896299000, 0.4132073000, 0.4535872000)
(0.7697242000, 0.4410094000, 0.4615535000)
(0.7710725000, 0.4338257000, 0.4660674000)
(0.7686929000, 0.4368747000, 0.4671703000)
(0.7644295000, 0.4391946000, 0.4719441000)
(0.7815081000, 0.4303741000, 0.4516869000)
(0.7774302000, 0.4330716000, 0.4561252000)
(0.7681383000, 0.4378860000, 0.4671235000)
(0.7633164000, 0.4389083000, 0.4740053000)
(0.7659749000, 0.4292441000, 0.4785438000)
(0.7587910000, 0.4423089000, 0.4780921000)
(0.7633013000, 0.4375453000, 0.4753147000)
(0.7660868000, 0.4360692000, 0.4721777000)
(0.7619601000, 0.4398801000, 0.4752876000)
(0.7612531000, 0.4348515000, 0.4810092000)
(0.7701372000, 0.4308732000, 0.4703559000)
(0.7830822000, 0.4198287000, 0.4588074000)
(0.7829013000, 0.4203109000, 0.4586892000)
(0.7822644000, 0.4205253000, 0.4595746000)
(0.7817391000, 0.4207290000, 0.4602704000)
(0.7768021000, 0.4293686000, 0.4606736000)
(0.7755930000, 0.4285874000, 0.4634257000)
(0.7793118000, 0.4242467000, 0.4611742000)
(0.7799971000, 0.4225218000, 0.4615733000)
(0.7811769000, 0.4246966000, 0.4575698000)
(0.7814156000, 0.4273587000, 0.4546742000)
(0.7771707000, 0.4331010000, 0.4565285000)
(0.7733992000, 0.4327033000, 0.4632663000)
(0.7706872000, 0.4318335000, 0.4685661000)
(0.7702121000, 0.4377368000, 0.4638457000)
(0.7718914000, 0.4368987000, 0.4618218000)
(0.7707441000, 0.4353842000, 0.4651630000)
(0.7725529000, 0.4374909000, 0.4601552000)
(0.7699921000, 0.4368042000, 0.4650694000)
(0.7703112000, 0.4352486000, 0.4659955000)
(0.7808872000, 0.4226498000, 0.4599564000)
(0.7807922000, 0.4220593000, 0.4606809000)
(0.7797617000, 0.4233021000, 0.4612552000)
(0.7775205000, 0.4266557000, 0.4619620000)
(0.7744513000, 0.4298162000, 0.4641979000)
(0.7742535000, 0.4372814000, 0.4575103000)
(0.7781526000, 0.4310561000, 0.4568014000)
(0.7794944000, 0.4280685000, 0.4573144000)
(0.7794489000, 0.4320192000, 0.4536412000)
(0.7816329000, 0.4248661000, 0.4566377000)
(0.7822793000, 0.4284489000, 0.4521824000)
(0.7790372000, 0.4352820000, 0.4512428000)
(0.7797377000, 0.4384589000, 0.4469291000)
(0.7812777000, 0.4435932000, 0.4391092000)
(0.7832976000, 0.4380253000, 0.4410990000)
(0.7822872000, 0.4416704000, 0.4392430000)
(0.7794521000, 0.4489901000, 0.4368675000)
(0.7789936000, 0.4485554000, 0.4381234000)
(0.7799386000, 0.4492600000, 0.4357157000)
(0.7793019000, 0.4498551000, 0.4362555000)
(0.7756636000, 0.4579527000, 0.4342833000)
(0.7767624000, 0.4534266000, 0.4370739000)
(0.7765614000, 0.4521846000, 0.4387037000)
(0.7815035000, 0.4500529000, 0.4320720000)
(0.7794002000, 0.4510616000, 0.4348215000)
(0.7793710000, 0.4529593000, 0.4329001000)
(0.7785352000, 0.4526103000, 0.4347518000)
(0.7768196000, 0.4541581000, 0.4362031000)
(0.7767493000, 0.4556597000, 0.4347475000)
(0.7753080000, 0.4570937000, 0.4358132000)
(0.7759444000, 0.4570813000, 0.4347009000)
(0.7762811000, 0.4563930000, 0.4348347000)
(0.7732326000, 0.4593020000, 0.4371886000)
(0.7769340000, 0.4567043000, 0.4333213000)
(0.7711980000, 0.4644463000, 0.4353338000)
(0.7711827000, 0.4633283000, 0.4365725000)
(0.7721973000, 0.4639199000, 0.4341271000)
(0.7726263000, 0.4655243000, 0.4316513000)
(0.7718395000, 0.4661228000, 0.4324132000)
(0.7716389000, 0.4670986000, 0.4317033000)
(0.7711028000, 0.4649010000, 0.4350446000)
(0.7708789000, 0.4669484000, 0.4332362000)
(0.7702436000, 0.4826531000, 0.4168509000)
(0.7693984000, 0.4682597000, 0.4344620000)
(0.7758649000, 0.4590133000, 0.4328170000)
(0.7746163000, 0.4584997000, 0.4355733000)
(0.7739490000, 0.4570447000, 0.4383001000)
(0.7732252000, 0.4589410000, 0.4375730000)
(0.7730629000, 0.4593819000, 0.4373963000)
(0.7730487000, 0.4598188000, 0.4369654000)
(0.7683138000, 0.4843713000, 0.4183951000)
(0.7709367000, 0.4811232000, 0.4173217000)
(0.7703131000, 0.4834203000, 0.4158140000)
(0.7723036000, 0.4805341000, 0.4154581000)
(0.7680962000, 0.4806423000, 0.4230882000)
(0.7674448000, 0.4787039000, 0.4264486000)
(0.7682331000, 0.4763281000, 0.4276925000)
(0.7679938000, 0.4757053000, 0.4288014000)
(0.7694303000, 0.4741113000, 0.4279809000)
(0.7673748000, 0.4763571000, 0.4291811000)
(0.7698263000, 0.4673182000, 0.4346906000)
(0.7744641000, 0.4657601000, 0.4280851000)
(0.7728499000, 0.4674030000, 0.4291960000)
(0.7760471000, 0.4653025000, 0.4257268000)
(0.7794600000, 0.4596169000, 0.4256453000)
(0.7764894000, 0.4646589000, 0.4256111000)
(0.7760808000, 0.4640124000, 0.4270551000)
(0.7759550000, 0.4615921000, 0.4298950000)
(0.7768136000, 0.4663969000, 0.4230960000)
(0.7708985000, 0.4687337000, 0.4312647000)
(0.7684456000, 0.4755888000, 0.4281113000)
(0.7730917000, 0.4684756000, 0.4275871000)
(0.7718423000, 0.4675530000, 0.4308442000)
(0.7810435000, 0.4609120000, 0.4213069000)
(0.7789337000, 0.4684519000, 0.4169032000)
(0.7770509000, 0.4678249000, 0.4211034000)
(0.7784264000, 0.4673381000, 0.4190787000)
(0.7748663000, 0.4770275000, 0.4147401000)
(0.7669969000, 0.4822861000, 0.4232079000)
(0.7668709000, 0.4846505000, 0.4207163000)
(0.7678070000, 0.4839428000, 0.4198173000)
(0.7680987000, 0.4846401000, 0.4185049000)
(0.7708919000, 0.4836290000, 0.4144893000)
(0.7713777000, 0.4836587000, 0.4135585000)
(0.7721366000, 0.4826925000, 0.4132655000)
(0.7724736000, 0.4841307000, 0.4109397000)
(0.7714862000, 0.4885334000, 0.4075793000)
(0.7699670000, 0.4911323000, 0.4073474000)
(0.7677471000, 0.4933067000, 0.4088784000)
(0.7652417000, 0.4975463000, 0.4084685000)
(0.7647209000, 0.5067166000, 0.3980358000)
(0.7628863000, 0.5094183000, 0.3981039000)
(0.7708992000, 0.5011103000, 0.3931918000)
(0.7707568000, 0.5013650000, 0.3931331000)
(0.7708051000, 0.5007352000, 0.3938344000)
(0.7707245000, 0.5009667000, 0.3936878000)
(0.7679215000, 0.5056782000, 0.3931446000)
(0.7668236000, 0.5067099000, 0.3939753000)
(0.7666852000, 0.5046360000, 0.3968962000)
(0.7670465000, 0.5046749000, 0.3961447000)
(0.7700846000, 0.5027142000, 0.3927390000)
(0.7731069000, 0.5013893000, 0.3884588000)
(0.7727814000, 0.5017181000, 0.3886895000)
