621.1577000000
621.1678000000
621.1889000000
621.2104000000
621.2325000000
621.2548000000
621.2779000000
621.3047000000
621.3228000000
621.3439000000
621.3655000000
621.3881000000
621.4114000000
621.4324000000
621.4545000000
621.4766000000
621.4990000000
621.5215000000
621.5434000000
621.5656000000
621.5881000000
621.6098000000
621.6326000000
621.6546000000
621.6768000000
621.6992000000
621.7210000000
621.7435000000
621.7661000000
621.7888000000
621.8104000000
621.8323000000
621.8550000000
621.8774000000
621.8991000000
621.9212000000
621.9437000000
621.9656000000
621.9880000000
622.0102000000
622.0323000000
622.0545000000
622.0766000000
622.0990000000
622.1098000000
622.1321000000
622.1541000000
622.1765000000
622.1990000000
622.2209000000
622.2435000000
622.2653000000
622.2877000000
622.3098000000
622.3320000000
622.3541000000
622.3765000000
622.3993000000
622.4214000000
622.4429000000
622.4651000000
622.4874000000
622.5095000000
622.5324000000
622.5540000000
622.5760000000
622.5986000000
622.6205000000
622.6428000000
622.6650000000
622.6875000000
622.7094000000
622.7316000000
622.7543000000
622.7759000000
622.7985000000
622.8204000000
622.8428000000
622.8652000000
622.8876000000
622.9094000000
622.9315000000
622.9540000000
622.9759000000
622.9981000000
623.0203000000
623.0424000000
623.0646000000
623.0880000000
623.1091000000
623.1207000000
623.1423000000
623.1646000000
623.1877000000
623.2097000000
623.2311000000
623.2536000000
623.2755000000
623.2978000000
623.3204000000
623.3423000000
623.3646000000
623.3873000000
623.4089000000
623.4312000000
623.4540000000
623.4757000000
623.4979000000
623.5206000000
623.5422000000
623.5645000000
623.5873000000
623.6090000000
623.6312000000
623.6539000000
623.6755000000
623.6981000000
623.7203000000
623.7421000000
623.7646000000
623.7875000000
623.8087000000
623.8309000000
623.8539000000
623.8754000000
623.8976000000
623.9207000000
623.9421000000
623.9642000000
623.9874000000
624.0087000000
624.0309000000
624.0535000000
624.0756000000
624.0978000000
624.1086000000
624.1307000000
624.1535000000
624.1752000000
624.1977000000
624.2206000000
624.2419000000
624.2646000000
624.2873000000
624.3087000000
624.3307000000
624.3533000000
624.3750000000
624.3973000000
624.4202000000
624.4417000000
624.4640000000
624.4872000000
624.5088000000
624.5306000000
624.5535000000
624.5752000000
624.5971000000
624.6199000000
624.6420000000
624.6639000000
624.6866000000
624.7086000000
624.7308000000
624.7535000000
624.7754000000
624.7975000000
624.8201000000
624.8418000000
624.8639000000
624.8872000000
624.9086000000
624.9306000000
624.9535000000
624.9751000000
624.9973000000
625.0203000000
625.0419000000
625.0639000000
625.0866000000
625.1085000000
625.1198000000
625.1417000000
625.1639000000
625.1865000000
625.2085000000
625.2305000000
625.2531000000
625.2750000000
625.2969000000
625.3198000000
625.3417000000
625.3638000000
625.3867000000
625.4087000000
625.4304000000
625.4534000000
625.4755000000
625.4973000000
625.5203000000
625.5425000000
625.5638000000
625.5869000000
625.6087000000
625.6302000000
625.6533000000
625.6755000000
625.6972000000
625.7200000000
625.7420000000
625.7638000000
625.7866000000
625.8085000000
625.8305000000
625.8533000000
625.8751000000
625.8974000000
625.9189000000
625.9419000000
625.9636000000
625.9857000000
626.0098000000
626.0297000000
626.0527000000
626.0752000000
626.0967000000
626.1085000000
626.1296000000
626.1530000000
626.1746000000
626.1965000000
626.2188000000
626.2413000000
626.2629000000
626.2855000000
626.3078000000
626.3295000000
626.3524000000
626.3742000000
626.3966000000
626.4193000000
626.4414000000
626.4633000000
626.4860000000
626.5082000000
626.5304000000
626.5533000000
626.5750000000
626.5969000000
626.6198000000
626.6412000000
626.6632000000
626.6862000000
626.7080000000
626.7297000000
626.7526000000
626.7751000000
626.7970000000
626.8197000000
626.8414000000
626.8632000000
626.8861000000
626.9084000000
626.9301000000
626.9529000000
626.9746000000
626.9968000000
627.0198000000
627.0411000000
627.0631000000
627.0856000000
627.1077000000
627.1298000000
627.1415000000
627.1628000000
627.1860000000
627.2078000000
627.2295000000
627.2521000000
627.2742000000
627.2967000000
627.3192000000
627.3410000000
627.3627000000
627.3857000000
627.4080000000
627.4294000000
627.4520000000
627.4741000000
627.4960000000
627.5187000000
627.5416000000
627.5631000000
627.5848000000
627.6077000000
627.6292000000
627.6520000000
627.6740000000
627.6960000000
627.7183000000
627.7404000000
627.7628000000
627.7846000000
627.8087000000
627.8291000000
627.8513000000
627.8738000000
627.8955000000
627.9185000000
627.9399000000
627.9621000000
627.9845000000
628.0067000000
628.0289000000
628.0510000000
628.0732000000
628.0954000000
628.1064000000
628.1287000000
628.1511000000
628.1730000000
628.1843000000
628.1953000000
628.2177000000
628.2398000000
628.2621000000
628.2844000000
628.3066000000
628.3290000000
628.3514000000
628.3734000000
628.3954000000
628.4178000000
628.4399000000
628.4626000000
628.4846000000
628.5071000000
628.5287000000
628.5511000000
628.5735000000
628.5959000000
628.6180000000
628.6399000000
628.6625000000
628.6848000000
628.7081000000
628.7286000000
628.7508000000
628.7729000000
628.7952000000
628.8176000000
628.8398000000
628.8618000000
628.8840000000
628.9066000000
628.9286000000
628.9509000000
628.9731000000
628.9953000000
629.0174000000
629.0397000000
629.0621000000
629.0841000000
629.1071000000
629.1287000000
629.1508000000
629.1729000000
629.1952000000
629.2064000000
629.2289000000
629.2506000000
629.2731000000
629.2950000000
629.3174000000
629.3394000000
629.3623000000
629.3843000000
629.4066000000
629.4284000000
629.4507000000
629.4727000000
629.4952000000
629.5173000000
629.5394000000
629.5618000000
629.5843000000
629.6066000000
629.6284000000
629.6508000000
629.6726000000
629.6949000000
629.7172000000
629.7393000000
629.7617000000
629.7838000000
629.8064000000
629.8283000000
629.8503000000
629.8725000000
629.8948000000
629.9173000000
629.9394000000
629.9623000000
629.9836000000
630.0063000000
630.0281000000
630.0502000000
630.0728000000
630.0950000000
630.1171000000
630.1392000000
630.1617000000
630.1842000000
630.2064000000
630.2280000000
630.2390000000
630.2610000000
630.2833000000
630.3058000000
630.3276000000
630.3500000000
630.3721000000
630.3944000000
630.4167000000
630.4387000000
630.4608000000
630.4832000000
630.5055000000
630.5275000000
630.5499000000
630.5718000000
630.5944000000
630.6169000000
630.6389000000
630.6611000000
630.6832000000
630.7055000000
630.7279000000
630.7500000000
630.7723000000
630.7944000000
630.8167000000
630.8389000000
630.8613000000
630.8834000000
630.9056000000
630.9275000000
630.9499000000
630.9722000000
630.9943000000
631.0167000000
631.0388000000
631.0611000000
631.0831000000
631.1052000000
631.1276000000
631.1498000000
631.1720000000
631.1941000000
631.2052000000
631.2275000000
631.2495000000
631.2719000000
631.2942000000
631.3162000000
631.3391000000
631.3606000000
631.3830000000
631.4053000000
631.4273000000
631.4495000000
631.4717000000
631.4940000000
631.5161000000
631.5386000000
631.5607000000
631.5828000000
631.6050000000
631.6277000000
631.6498000000
631.6719000000
631.6938000000
631.7162000000
631.7387000000
631.7610000000
631.7832000000
631.8057000000
631.8273000000
631.8495000000
631.8718000000
631.8939000000
631.9166000000
631.9382000000
631.9605000000
631.9829000000
632.0048000000
632.0270000000
632.0493000000
632.0717000000
632.0936000000
632.1165000000
632.1380000000
632.1602000000
632.1827000000
632.1935000000
632.2162000000
632.2380000000
632.2602000000
632.2827000000
632.3048000000
632.3269000000
632.3491000000
632.3714000000
632.3934000000
632.4161000000
632.4382000000
632.4603000000
632.4824000000
632.5045000000
632.5270000000
632.5490000000
632.5711000000
632.5936000000
632.6158000000
632.6381000000
632.6603000000
632.6824000000
632.7044000000
632.7267000000
632.7490000000
632.7711000000
632.7933000000
632.8158000000
632.8378000000
632.8601000000
632.8822000000
632.9045000000
632.9265000000
632.9489000000
632.9711000000
632.9932000000
633.0159000000
633.0378000000
633.0603000000
633.0826000000
633.1041000000
633.1265000000
633.1495000000
633.1708000000
633.1819000000
633.2041000000
633.2271000000
633.2486000000
633.2709000000
633.2930000000
633.3155000000
633.3373000000
633.3596000000
633.3824000000
633.4041000000
633.4266000000
633.4490000000
633.4707000000
633.4928000000
633.5156000000
633.5375000000
633.5596000000
633.5818000000
633.6041000000
633.6263000000
633.6485000000
633.6711000000
633.6930000000
633.7154000000
633.7374000000
633.7598000000
633.7820000000
633.8038000000
633.8263000000
633.8484000000
633.8706000000
633.8928000000
633.9152000000
633.9373000000
633.9594000000
633.9824000000
634.0038000000
634.0263000000
634.0486000000
634.0711000000
634.0928000000
634.1152000000
634.1372000000
634.1594000000
634.1816000000
634.1926000000
634.2155000000
634.2371000000
634.2592000000
634.2814000000
634.3038000000
634.3260000000
634.3482000000
634.3702000000
634.3925000000
634.4147000000
634.4370000000
634.4593000000
634.4814000000
634.5035000000
634.5265000000
634.5480000000
634.5703000000
634.5927000000
634.6145000000
634.6369000000
634.6595000000
634.6816000000
634.7037000000
634.7258000000
634.7479000000
634.7700000000
634.7928000000
634.8145000000
634.8365000000
634.8592000000
634.8810000000
634.9032000000
634.9260000000
634.9476000000
634.9697000000
634.9927000000
635.0142000000
635.0364000000
635.0594000000
635.0808000000
635.1031000000
635.1258000000
635.1473000000
635.1591000000
635.1806000000
635.2031000000
635.2258000000
635.2473000000
635.2700000000
635.2925000000
635.3140000000
635.3362000000
635.3589000000
635.3805000000
635.4029000000
635.4258000000
635.4474000000
635.4694000000
635.4804000000
635.4922000000
635.5137000000
635.5256000000
635.5474000000
635.5697000000
635.5925000000
635.6140000000
635.6360000000
635.6590000000
635.6809000000
635.7032000000
635.7258000000
635.7475000000
635.7694000000
635.7923000000
635.8138000000
635.8358000000
635.8467000000
635.8590000000
635.8801000000
635.8925000000
635.9136000000
635.9255000000
635.9468000000
635.9590000000
635.9800000000
635.9919000000
636.0135000000
636.0256000000
636.0466000000
636.0590000000
636.0801000000
636.0922000000
636.1133000000
636.1256000000
636.1467000000
636.1586000000
636.1799000000
636.1921000000
636.2134000000
636.2256000000
636.2469000000
636.2693000000
636.2919000000
636.3136000000
636.3359000000
636.3591000000
636.3810000000
636.4031000000
636.4257000000
636.4470000000
636.4695000000
636.4922000000
636.5136000000
636.5359000000
636.5590000000
636.5802000000
636.6026000000
636.6255000000
636.6469000000
636.6693000000
636.6925000000
636.7136000000
636.7360000000
636.7592000000
636.7804000000
636.8026000000
636.8259000000
636.8471000000
636.8693000000
636.8924000000
636.9136000000
636.9361000000
636.9590000000
636.9803000000
637.0025000000
637.0259000000
637.0471000000
637.0690000000
637.0920000000
637.1135000000
637.1359000000
637.1584000000
637.1806000000
637.2022000000
637.2256000000
637.2465000000
637.2584000000
637.2799000000
637.3022000000
637.3256000000
637.3466000000
637.3687000000
637.3921000000
637.4131000000
637.4357000000
637.4587000000
637.4798000000
637.5023000000
637.5262000000
637.5463000000
637.5689000000
637.5921000000
637.6132000000
637.6352000000
637.6589000000
637.6797000000
637.7022000000
637.7254000000
637.7468000000
637.7688000000
637.7917000000
637.8138000000
637.8354000000
637.8586000000
637.8796000000
637.9023000000
637.9254000000
637.9465000000
637.9688000000
637.9918000000
638.0128000000
638.0351000000
638.0583000000
638.0795000000
638.1020000000
638.1254000000
638.1461000000
638.1685000000
638.1916000000
638.2127000000
638.2250000000
638.2460000000
638.2687000000
638.2920000000
638.3129000000
638.3351000000
638.3584000000
638.3795000000
638.4019000000
638.4251000000
638.4462000000
638.4691000000
638.4917000000
638.5128000000
638.5350000000
638.5582000000
638.5793000000
638.6016000000
638.6248000000
638.6459000000
638.6683000000
638.6918000000
638.7127000000
638.7349000000
638.7580000000
638.7792000000
638.8013000000
638.8243000000
638.8459000000
638.8679000000
638.8907000000
638.9125000000
638.9346000000
638.9579000000
638.9790000000
639.0013000000
639.0240000000
639.0457000000
639.0683000000
639.0906000000
639.1124000000
639.1346000000
639.1572000000
639.1796000000
639.2012000000
639.2123000000
639.2354000000
639.2583000000
639.2791000000
639.3011000000
639.3240000000
639.3459000000
639.3678000000
639.3904000000
639.4122000000
639.4349000000
639.4567000000
639.4790000000
639.5011000000
639.5245000000
639.5455000000
639.5676000000
639.5912000000
639.6121000000
639.6347000000
639.6577000000
639.6788000000
639.7012000000
639.7231000000
639.7457000000
639.7677000000
639.7917000000
639.8121000000
639.8348000000
639.8572000000
639.8785000000
639.9008000000
639.9247000000
639.9453000000
639.9678000000
639.9899000000
640.0120000000
640.0349000000
640.0569000000
640.0785000000
640.1008000000
640.1229000000
640.1451000000
640.1674000000
640.1898000000
640.2117000000
640.2230000000
640.2451000000
640.2673000000
640.2896000000
640.3119000000
640.3342000000
640.3565000000
640.3785000000
640.4013000000
640.4228000000
640.4450000000
640.4675000000
640.4895000000
640.5116000000
640.5343000000
640.5561000000
640.5790000000
640.6003000000
640.6229000000
640.6453000000
640.6670000000
640.6896000000
640.7114000000
640.7339000000
640.7559000000
640.7782000000
640.8009000000
640.8226000000
640.8448000000
640.8671000000
640.8892000000
640.9114000000
640.9340000000
640.9561000000
640.9781000000
641.0002000000
641.0227000000
641.0449000000
641.0669000000
641.0894000000
641.1115000000
641.1344000000
641.1558000000
641.1780000000
641.2006000000
641.2225000000
641.2335000000
641.2557000000
641.2781000000
641.3000000000
641.3224000000
641.3446000000
641.3667000000
641.3891000000
641.4118000000
641.4335000000
641.4559000000
641.4781000000
641.5000000000
641.5226000000
641.5446000000
641.5667000000
641.5889000000
641.6111000000
641.6332000000
641.6559000000
641.6780000000
641.7000000000
641.7222000000
641.7446000000
641.7673000000
641.7890000000
641.8115000000
641.8339000000
641.8557000000
641.8788000000
641.9002000000
641.9227000000
641.9445000000
641.9670000000
641.9890000000
642.0115000000
642.0333000000
642.0561000000
642.0779000000
642.0999000000
642.1221000000
642.1443000000
642.1664000000
642.1888000000
642.2111000000
642.2219000000
642.2442000000
642.2664000000
642.2886000000
642.3109000000
642.3331000000
642.3553000000
642.3776000000
642.3995000000
642.4222000000
642.4442000000
642.4663000000
642.4887000000
642.5109000000
642.5331000000
642.5552000000
642.5772000000
642.5995000000
642.6218000000
642.6440000000
642.6663000000
642.6885000000
642.7107000000
642.7333000000
642.7549000000
642.7771000000
642.7994000000
642.8221000000
642.8447000000
642.8662000000
642.8884000000
642.9102000000
642.9326000000
642.9547000000
642.9769000000
642.9993000000
643.0213000000
643.0439000000
643.0658000000
643.0879000000
643.1102000000
643.1325000000
643.1555000000
643.1769000000
643.1992000000
643.2101000000
643.2331000000
643.2548000000
643.2769000000
643.2991000000
643.3215000000
643.3440000000
643.3657000000
643.3882000000
643.4102000000
643.4323000000
643.4547000000
643.4770000000
643.4991000000
643.5213000000
643.5438000000
643.5657000000
643.5878000000
643.6102000000
643.6324000000
643.6547000000
643.6770000000
643.6989000000
643.7211000000
643.7438000000
643.7657000000
643.7880000000
643.8100000000
643.8322000000
643.8549000000
643.8768000000
643.8992000000
643.9210000000
643.9442000000
643.9655000000
643.9884000000
644.0100000000
644.0321000000
644.0546000000
644.0764000000
644.0989000000
644.1208000000
644.1434000000
644.1653000000
644.1876000000
644.1985000000
644.2210000000
644.2435000000
644.2655000000
644.2874000000
644.3098000000
644.3318000000
644.3542000000
644.3764000000
644.3986000000
644.4208000000
644.4434000000
644.4652000000
644.4876000000
644.5097000000
644.5319000000
644.5541000000
644.5765000000
644.5984000000
644.6210000000
644.6431000000
644.6652000000
644.6874000000
644.7096000000
644.7318000000
644.7542000000
644.7761000000
644.7985000000
644.8210000000
644.8432000000
644.8650000000
644.8879000000
644.9096000000
644.9317000000
644.9540000000
644.9761000000
644.9983000000
645.0208000000
645.0430000000
645.0649000000
645.0872000000
645.1096000000
645.1320000000
645.1541000000
645.1760000000
645.1988000000
645.2201000000
645.2313000000
645.2535000000
645.2762000000
645.2981000000
645.3200000000
645.3314000000
645.3538000000
645.3758000000
645.3981000000
645.4200000000
645.4423000000
645.4648000000
645.4866000000
645.5089000000
645.5313000000
645.5534000000
645.5754000000
645.5981000000
645.6200000000
645.6421000000
645.6650000000
645.6866000000
645.7088000000
645.7318000000
645.7535000000
645.7756000000
645.7980000000
645.8201000000
645.8420000000
645.8647000000
645.8866000000
645.9091000000
645.9315000000
645.9534000000
645.9755000000
645.9980000000
646.0198000000
646.0421000000
646.0648000000
646.0862000000
646.0981000000
646.1197000000
646.1313000000
646.1530000000
646.1754000000
646.1983000000
646.2199000000
646.2417000000
646.2528000000
646.2646000000
646.2863000000
646.3083000000
646.3195000000
646.3417000000
646.3649000000
646.3863000000
646.4083000000
646.4194000000
646.4312000000
646.4530000000
646.4749000000
646.4979000000
646.5194000000
646.5416000000
646.5644000000
646.5863000000
646.6088000000
646.6310000000
646.6530000000
646.6749000000
646.6977000000
646.7193000000
646.7309000000
646.7531000000
646.7753000000
646.7980000000
646.8196000000
646.8425000000
646.8650000000
646.8864000000
646.9083000000
646.9318000000
646.9535000000
646.9749000000
646.9979000000
647.0192000000
647.0420000000
647.0646000000
647.0859000000
647.1086000000
647.1311000000
647.1536000000
647.1750000000
647.1977000000
647.2203000000
647.2416000000
647.2636000000
647.2859000000
647.3081000000
647.3304000000
647.3528000000
647.3749000000
647.3978000000
647.4191000000
647.4414000000
647.4644000000
647.4859000000
647.5081000000
647.5308000000
647.5527000000
647.5753000000
647.5973000000
647.6190000000
647.6411000000
647.6645000000
647.6857000000
647.7079000000
647.7188000000
647.7411000000
647.7642000000
647.7855000000
647.8079000000
647.8304000000
647.8525000000
647.8746000000
647.8972000000
647.9189000000
647.9410000000
647.9645000000
647.9858000000
648.0079000000
648.0309000000
648.0527000000
648.0746000000
648.0974000000
648.1195000000
648.1411000000
648.1639000000
648.1857000000
648.2077000000
648.2305000000
648.2526000000
648.2745000000
648.2974000000
648.3187000000
648.3412000000
648.3640000000
648.3854000000
648.4078000000
648.4306000000
648.4522000000
648.4743000000
648.4975000000
648.5187000000
648.5411000000
648.5637000000
648.5853000000
648.6077000000
648.6306000000
648.6528000000
648.6742000000
648.6972000000
648.7186000000
648.7305000000
648.7518000000
648.7741000000
648.7967000000
648.8185000000
648.8406000000
648.8629000000
648.8855000000
648.9078000000
648.9294000000
648.9514000000
648.9749000000
648.9960000000
649.0184000000
649.0414000000
649.0634000000
649.0849000000
649.1078000000
649.1302000000
649.1517000000
649.1741000000
649.1967000000
649.2183000000
649.2410000000
649.2635000000
649.2850000000
649.3079000000
649.3300000000
649.3515000000
649.3747000000
649.3966000000
649.4184000000
649.4413000000
649.4636000000
649.4848000000
649.5077000000
649.5302000000
649.5519000000
649.5738000000
649.5967000000
649.6183000000
649.6405000000
649.6637000000
649.6847000000
649.7075000000
649.7299000000
649.7515000000
649.7629000000
649.7848000000
649.8076000000
649.8297000000
649.8513000000
649.8743000000
649.8961000000
649.9180000000
649.9405000000
649.9629000000
649.9847000000
650.0075000000
650.0294000000
650.0513000000
650.0740000000
650.0969000000
650.1181000000
650.1406000000
650.1635000000
650.1848000000
650.2074000000
650.2298000000
650.2512000000
650.2739000000
650.2960000000
650.3178000000
650.3406000000
650.3627000000
650.3850000000
650.4073000000
650.4296000000
650.4511000000
650.4737000000
650.4954000000
650.5176000000
650.5406000000
650.5627000000
650.5842000000
650.6073000000
650.6290000000
650.6514000000
650.6737000000
650.6961000000
650.7176000000
650.7292000000
650.7510000000
650.7737000000
650.7958000000
650.8175000000
650.8401000000
650.8628000000
650.8843000000
650.9067000000
650.9288000000
650.9510000000
650.9733000000
650.9952000000
651.0181000000
651.0402000000
651.0624000000
651.0840000000
651.1065000000
651.1286000000
651.1506000000
651.1739000000
651.1950000000
651.2175000000
651.2399000000
651.2621000000
651.2841000000
651.3068000000
651.3287000000
651.3510000000
651.3733000000
651.3955000000
651.4174000000
651.4404000000
651.4619000000
651.4841000000
651.5068000000
651.5283000000
651.5506000000
651.5735000000
651.5950000000
651.6171000000
651.6401000000
651.6622000000
651.6839000000
651.7068000000
651.7284000000
651.7405000000
651.7624000000
651.7839000000
651.8067000000
651.8284000000
651.8505000000
651.8740000000
651.8953000000
651.9172000000
651.9396000000
651.9620000000
651.9838000000
652.0059000000
652.0284000000
652.0505000000
652.0731000000
652.0953000000
652.1172000000
652.1392000000
652.1618000000
652.1837000000
652.2059000000
652.2280000000
652.2501000000
652.2725000000
652.2948000000
652.3170000000
652.3390000000
652.3613000000
652.3842000000
652.4056000000
652.4280000000
652.4501000000
652.4724000000
652.4945000000
652.5168000000
652.5391000000
652.5615000000
652.5842000000
652.6055000000
652.6282000000
652.6498000000
652.6722000000
652.6943000000
652.7163000000
652.7282000000
652.7498000000
652.7607000000
652.7829000000
652.8052000000
652.8273000000
652.8499000000
652.8722000000
652.8942000000
652.9164000000
652.9385000000
652.9608000000
652.9830000000
653.0052000000
653.0273000000
653.0500000000
653.0728000000
653.0944000000
653.1167000000
653.1387000000
653.1611000000
653.1832000000
653.2056000000
653.2275000000
653.2497000000
653.2720000000
653.2941000000
653.3164000000
653.3386000000
653.3608000000
653.3834000000
653.4052000000
653.4273000000
653.4495000000
653.4719000000
653.4939000000
653.5161000000
653.5385000000
653.5609000000
653.5829000000
653.6050000000
653.6272000000
653.6494000000
653.6720000000
653.6940000000
653.7162000000
653.7382000000
653.7606000000
653.7718000000
653.7938000000
653.8160000000
653.8382000000
653.8607000000
653.8828000000
653.9050000000
653.9271000000
653.9494000000
653.9716000000
653.9938000000
654.0161000000
654.0381000000
654.0604000000
654.0830000000
654.1051000000
654.1271000000
654.1493000000
654.1716000000
654.1939000000
654.2158000000
654.2381000000
654.2604000000
654.2827000000
654.3047000000
654.3273000000
654.3494000000
654.3713000000
654.3941000000
654.4158000000
654.4380000000
654.4602000000
654.4824000000
654.5048000000
654.5267000000
654.5497000000
654.5717000000
654.5935000000
654.6157000000
654.6379000000
654.6603000000
654.6823000000
654.7044000000
654.7267000000
654.7488000000
654.7601000000
654.7822000000
654.8045000000
654.8266000000
654.8488000000
654.8713000000
654.8934000000
654.9154000000
654.9377000000
654.9600000000
654.9822000000
655.0044000000
655.0266000000
655.0487000000
655.0714000000
655.0936000000
655.1157000000
655.1376000000
655.1606000000
655.1821000000
655.2042000000
655.2267000000
655.2487000000
655.2714000000
655.2930000000
655.3154000000
655.3375000000
655.3598000000
655.3820000000
655.4041000000
655.4266000000
655.4489000000
655.4710000000
655.4929000000
655.5152000000
655.5374000000
655.5598000000
655.5822000000
655.6044000000
655.6262000000
655.6484000000
655.6711000000
655.6930000000
655.7151000000
655.7383000000
655.7597000000
655.7709000000
655.7934000000
655.8151000000
655.8372000000
655.8596000000
655.8820000000
655.9041000000
655.9264000000
655.9486000000
655.9707000000
655.9928000000
656.0150000000
656.0374000000
656.0595000000
656.0816000000
656.1039000000
656.1266000000
656.1486000000
656.1707000000
656.1927000000
656.2150000000
656.2370000000
656.2592000000
656.2816000000
656.3036000000
656.3258000000
656.3482000000
656.3708000000
656.3925000000
656.4148000000
656.4369000000
656.4595000000
656.4824000000
656.5035000000
656.5261000000
656.5483000000
656.5706000000
656.5926000000
656.6147000000
656.6368000000
656.6592000000
656.6815000000
656.7037000000
656.7256000000
656.7479000000
656.7595000000
656.7819000000
656.8037000000
656.8265000000
656.8483000000
656.8705000000
656.8927000000
656.9147000000
656.9369000000
656.9591000000
656.9816000000
657.0038000000
657.0259000000
657.0481000000
657.0700000000
657.0920000000
657.1146000000
657.1376000000
657.1589000000
657.1816000000
657.2039000000
657.2252000000
657.2473000000
657.2698000000
657.2920000000
657.3142000000
657.3364000000
657.3585000000
657.3812000000
657.4033000000
657.4252000000
657.4473000000
657.4698000000
657.4917000000
657.5139000000
657.5364000000
657.5585000000
657.5807000000
657.6036000000
657.6252000000
657.6473000000
657.6698000000
657.6919000000
657.7138000000
657.7366000000
657.7584000000
657.7698000000
657.7919000000
657.8141000000
657.8362000000
657.8588000000
657.8804000000
657.9027000000
657.9250000000
657.9472000000
657.9696000000
657.9916000000
658.0136000000
658.0363000000
658.0582000000
658.0803000000
658.1033000000
658.1247000000
658.1474000000
658.1697000000
658.1915000000
658.2135000000
658.2363000000
658.2582000000
658.2806000000
658.3027000000
658.3245000000
658.3469000000
658.3697000000
658.3912000000
658.4136000000
658.4363000000
658.4578000000
658.4808000000
658.5031000000
658.5251000000
658.5472000000
658.5699000000
658.5914000000
658.6136000000
658.6362000000
658.6583000000
658.6805000000
658.7030000000
658.7246000000
658.7360000000
658.7578000000
658.7806000000
658.8029000000
658.8244000000
658.8467000000
658.8697000000
658.8914000000
658.9135000000
658.9363000000
658.9576000000
658.9802000000
659.0028000000
659.0242000000
659.0469000000
659.0695000000
659.0911000000
659.1135000000
659.1362000000
659.1579000000
659.1804000000
659.2027000000
659.2241000000
659.2463000000
659.2696000000
659.2909000000
659.3129000000
659.3240000000
659.3464000000
659.3692000000
659.3910000000
659.4129000000
659.4357000000
659.4573000000
659.4799000000
659.5024000000
659.5246000000
659.5462000000
659.5693000000
659.5908000000
659.6132000000
659.6359000000
659.6583000000
659.6799000000
659.7028000000
659.7239000000
659.7463000000
659.7695000000
659.7906000000
659.8128000000
659.8372000000
659.8572000000
659.8798000000
659.9023000000
659.9239000000
659.9462000000
659.9689000000
659.9906000000
660.0126000000
660.0356000000
660.0572000000
660.0797000000
660.1023000000
660.1242000000
660.1464000000
660.1690000000
660.1913000000
660.2136000000
660.2357000000
660.2573000000
660.2799000000
660.3028000000
660.3237000000
660.3356000000
660.3571000000
660.3796000000
660.4022000000
660.4237000000
660.4460000000
660.4690000000
660.4904000000
660.5127000000
660.5356000000
660.5570000000
660.5797000000
660.6021000000
660.6238000000
660.6457000000
660.6691000000
660.6904000000
660.7126000000
660.7355000000
660.7570000000
660.7797000000
660.8022000000
660.8237000000
660.8461000000
660.8690000000
660.8905000000
660.9127000000
660.9355000000
660.9569000000
660.9800000000
661.0020000000
661.0236000000
661.0459000000
661.0688000000
661.0904000000
661.1124000000
661.1353000000
661.1568000000
