(0.0000000000, 0.0000000000, 0.0000000000)
(0.0000000000, 0.0000000000, 0.0000000000)
(-0.4903498000, 0.3473369000, 0.7993095000)
(-0.4990812000, 0.3591149000, 0.7886216000)
(-0.5000081000, 0.3558969000, 0.7895000000)
(-0.5004890000, 0.3591330000, 0.7877159000)
(-0.5013568000, 0.3611794000, 0.7862332000)
(-0.4964329000, 0.3519250000, 0.7935227000)
(-0.4862729000, 0.3376620000, 0.8059113000)
(-0.4895130000, 0.3214096000, 0.8105901000)
(0.0000000000, 0.0000000000, 0.0000000000)
(0.0000000000, 0.0000000000, 0.0000000000)
(0.0000000000, 0.0000000000, 0.0000000000)
(0.0000000000, 0.0000000000, 0.0000000000)
(0.0000000000, 0.0000000000, 0.0000000000)
(0.0000000000, 0.0000000000, 0.0000000000)
(0.0000000000, 0.0000000000, 0.0000000000)
(0.0000000000, 0.0000000000, 0.0000000000)
(-0.4696384000, 0.4669411000, 0.7492594000)
(-0.4687051000, 0.4762543000, 0.7439613000)
(-0.4690249000, 0.4747004000, 0.7447487000)
(-0.4685870000, 0.4714454000, 0.7470942000)
(-0.4684868000, 0.4720715000, 0.7467518000)
(-0.4685298000, 0.4724667000, 0.7464830000)
(-0.4678753000, 0.4713534000, 0.7475892000)
(-0.4595947000, 0.4780893000, 0.7484444000)
(-0.4594902000, 0.4775919000, 0.7488459000)
(-0.4636464000, 0.5203651000, 0.7171025000)
(-0.4428025000, 0.5972390000, 0.6687331000)
(-0.4371946000, 0.6270152000, 0.6447456000)
(-0.4427114000, 0.6216474000, 0.6461838000)
(-0.4293349000, 0.6293648000, 0.6477312000)
(-0.4322980000, 0.6279870000, 0.6470996000)
(-0.4314323000, 0.6273465000, 0.6482884000)
(-0.4338309000, 0.6263334000, 0.6476822000)
(-0.4336061000, 0.6262211000, 0.6479411000)
(-0.4335944000, 0.6258608000, 0.6482940000)
(-0.4335140000, 0.6253789000, 0.6488066000)
(-0.4342020000, 0.6251967000, 0.6485233000)
(-0.4348452000, 0.6260099000, 0.6473176000)
(-0.4340992000, 0.6276625000, 0.6462110000)
(-0.4328220000, 0.6232001000, 0.6513503000)
(-0.4319853000, 0.6212373000, 0.6537844000)
(-0.4303997000, 0.6209461000, 0.6551165000)
(-0.4291428000, 0.6211563000, 0.6557273000)
(-0.4253664000, 0.6235489000, 0.6559290000)
(-0.4233565000, 0.6289651000, 0.6520465000)
(-0.4259213000, 0.6277026000, 0.6515900000)
(-0.4271279000, 0.6267518000, 0.6517198000)
(-0.4274961000, 0.6269961000, 0.6512405000)
(-0.4275017000, 0.6282081000, 0.6500568000)
(-0.4258256000, 0.6286100000, 0.6507640000)
(-0.4262668000, 0.6296955000, 0.6494327000)
(-0.4272838000, 0.6288068000, 0.6496286000)
(-0.4271588000, 0.6294709000, 0.6490776000)
(-0.4273336000, 0.6293693000, 0.6490379000)
(-0.4288881000, 0.6287310000, 0.6486366000)
(-0.4293997000, 0.6261232000, 0.6508115000)
(-0.4530940000, 0.6131432000, 0.6471008000)
(-0.4847695000, 0.5917686000, 0.6440554000)
(-0.4863146000, 0.5967697000, 0.6382422000)
(-0.4872619000, 0.5922464000, 0.6417180000)
(-0.4868445000, 0.5901911000, 0.6439338000)
(-0.4874229000, 0.5894438000, 0.6441718000)
(-0.4873143000, 0.5898274000, 0.6439095000)
(-0.4874857000, 0.5904872000, 0.6431721000)
(-0.4871268000, 0.5924352000, 0.6416491000)
(-0.4870235000, 0.5903471000, 0.6436433000)
(-0.4852473000, 0.5907405000, 0.6446363000)
(-0.4853673000, 0.5890175000, 0.6461139000)
(-0.4854131000, 0.5935249000, 0.6419356000)
(-0.4853806000, 0.5924578000, 0.6429483000)
(-0.4851032000, 0.5897678000, 0.6456325000)
(-0.4844353000, 0.5881031000, 0.6476532000)
(-0.4848753000, 0.5888422000, 0.6466473000)
(-0.4850309000, 0.5889506000, 0.6464264000)
(-0.4854558000, 0.5889833000, 0.6460790000)
(-0.4841616000, 0.5897683000, 0.6463415000)
(-0.4849925000, 0.5894078000, 0.6460402000)
(-0.4856103000, 0.5901096000, 0.6449336000)
(-0.4854320000, 0.5906481000, 0.6445639000)
(-0.4843775000, 0.5908596000, 0.6451692000)
(-0.4834335000, 0.5903104000, 0.6463732000)
(-0.4835727000, 0.5901428000, 0.6464234000)
(-0.4831555000, 0.5900945000, 0.6467886000)
(-0.4833293000, 0.5900406000, 0.6467178000)
(-0.4830675000, 0.5899238000, 0.6470013000)
(-0.4839308000, 0.5881753000, 0.6479446000)
(-0.4839624000, 0.5879055000, 0.6481743000)
(-0.4843002000, 0.5883096000, 0.6475624000)
(-0.4841000000, 0.5884001000, 0.6476322000)
(-0.4845392000, 0.5876773000, 0.6479511000)
(-0.4848377000, 0.5870179000, 0.6483151000)
(-0.4849527000, 0.5876255000, 0.6476932000)
(-0.4836873000, 0.5881498000, 0.6481565000)
(-0.4835481000, 0.5881495000, 0.6482726000)
(-0.4834957000, 0.5881004000, 0.6483409000)
(-0.4830902000, 0.5885422000, 0.6482373000)
(-0.4830227000, 0.5877917000, 0.6489806000)
(-0.4820479000, 0.5874431000, 0.6500130000)
(-0.4815833000, 0.5834630000, 0.6539309000)
(-0.4816803000, 0.5835596000, 0.6537740000)
(-0.4817817000, 0.5848351000, 0.6525555000)
(-0.4822937000, 0.5837290000, 0.6531649000)
(-0.4828978000, 0.5840094000, 0.6524783000)
(-0.4829352000, 0.5859545000, 0.6506991000)
(-0.4832454000, 0.5884218000, 0.6482309000)
(-0.4821951000, 0.5859398000, 0.6512722000)
(-0.4821267000, 0.5872605000, 0.6501329000)
(-0.4808152000, 0.5881746000, 0.6502764000)
(-0.4804032000, 0.5894139000, 0.6494552000)
(-0.4804221000, 0.5890226000, 0.6497931000)
(-0.4804930000, 0.5885185000, 0.6501896000)
(-0.4793667000, 0.5858533000, 0.6534227000)
(-0.4797094000, 0.5886651000, 0.6506469000)
(-0.4797524000, 0.5892376000, 0.6500826000)
(-0.4793964000, 0.5897475000, 0.6498907000)
(-0.4789482000, 0.5909361000, 0.6491470000)
(-0.4787433000, 0.5903152000, 0.6498504000)
(-0.4770308000, 0.5906569000, 0.6507977000)
(-0.4771110000, 0.5916782000, 0.6498212000)
(-0.4767648000, 0.5901003000, 0.6515112000)
(-0.4776040000, 0.5933781000, 0.6479120000)
(-0.4772222000, 0.5925503000, 0.6489344000)
(-0.4787778000, 0.5932255000, 0.6471844000)
(-0.4794470000, 0.5934361000, 0.6464956000)
(-0.4794196000, 0.5948715000, 0.6452002000)
(-0.4800685000, 0.5934730000, 0.6459930000)
(-0.4874065000, 0.5948520000, 0.6391932000)
(-0.4866488000, 0.5940673000, 0.6405065000)
(-0.4862304000, 0.5948309000, 0.6401019000)
(-0.4865631000, 0.5948534000, 0.6398399000)
(-0.4861628000, 0.5936658000, 0.6412519000)
(-0.4854664000, 0.5928527000, 0.6425201000)
(-0.4846748000, 0.5921997000, 0.6437144000)
(-0.4842757000, 0.5924051000, 0.6438408000)
(-0.4843759000, 0.5930743000, 0.6431284000)
(-0.4848781000, 0.5937163000, 0.6421764000)
(-0.4853373000, 0.5935351000, 0.6419795000)
(-0.4851451000, 0.5928541000, 0.6427669000)
(-0.4853412000, 0.5920638000, 0.6433486000)
(-0.4864396000, 0.5911593000, 0.6433550000)
(-0.4878217000, 0.5915184000, 0.6419700000)
(-0.4874724000, 0.5913777000, 0.6423510000)
(-0.4846728000, 0.5911075000, 0.6447323000)
(-0.4831519000, 0.5912709000, 0.6457169000)
(-0.4826984000, 0.5906177000, 0.6466435000)
(-0.4815323000, 0.5904687000, 0.6476588000)
(-0.4815042000, 0.5900764000, 0.6480384000)
(-0.4807024000, 0.5893980000, 0.6492395000)
(-0.4799246000, 0.5896393000, 0.6495975000)
(-0.4810422000, 0.5897187000, 0.6486958000)
(-0.4819008000, 0.5895783000, 0.6481888000)
(-0.4826316000, 0.5878444000, 0.6492206000)
(-0.4827238000, 0.5881438000, 0.6488929000)
(-0.4822934000, 0.5881745000, 0.6491819000)
(-0.4818242000, 0.5890979000, 0.6486915000)
(-0.4803615000, 0.5888598000, 0.6499767000)
(-0.4796195000, 0.5914636000, 0.6481583000)
(-0.4784121000, 0.5906465000, 0.6498017000)
(-0.4736774000, 0.5911482000, 0.6528150000)
(-0.4689809000, 0.5917012000, 0.6556920000)
(-0.4683417000, 0.5903503000, 0.6573730000)
(-0.4690614000, 0.5897378000, 0.6574110000)
(-0.4752123000, 0.5903689000, 0.6524081000)
(-0.4777729000, 0.5897321000, 0.6511087000)
(-0.4779048000, 0.5894858000, 0.6512344000)
(-0.4786119000, 0.5880392000, 0.6520256000)
(-0.4805822000, 0.5870054000, 0.6514899000)
(-0.4812851000, 0.5865357000, 0.6513970000)
(-0.4813646000, 0.5866889000, 0.6511979000)
(-0.4831045000, 0.5860869000, 0.6504477000)
(-0.4824094000, 0.5877023000, 0.6495167000)
(-0.4843569000, 0.5891027000, 0.6467927000)
(-0.4907136000, 0.5822750000, 0.6481759000)
(-0.4769746000, 0.5839036000, 0.6569194000)
(-0.4756407000, 0.5842859000, 0.6575479000)
(-0.4763851000, 0.5853848000, 0.6560249000)
(-0.4889560000, 0.5843747000, 0.6476297000)
(-0.4900456000, 0.5836163000, 0.6474852000)
(-0.4907851000, 0.5856305000, 0.6450864000)
(-0.4903342000, 0.5859504000, 0.6451522000)
(-0.4915102000, 0.5857864000, 0.6444151000)
(-0.4891595000, 0.5858974000, 0.6460975000)
(-0.4880750000, 0.5860096000, 0.6467992000)
(-0.4897755000, 0.5855388000, 0.6459462000)
(-0.4891886000, 0.5848384000, 0.6470184000)
(-0.4853458000, 0.5859191000, 0.6489275000)
(-0.4837184000, 0.5862463000, 0.6498628000)
(-0.4897139000, 0.5840619000, 0.6473314000)
(-0.4916538000, 0.5839934000, 0.6459312000)
(-0.4926066000, 0.5836793000, 0.6454879000)
(-0.4916197000, 0.5846097000, 0.6453848000)
(-0.4905297000, 0.5854967000, 0.6454049000)
(-0.4922410000, 0.5849470000, 0.6446116000)
(-0.4941279000, 0.5851143000, 0.6430025000)
(-0.4951130000, 0.5841952000, 0.6431001000)
(-0.4924099000, 0.5847708000, 0.6446379000)
(-0.4936305000, 0.5859337000, 0.6426404000)
(-0.4936607000, 0.5853991000, 0.6431151000)
(-0.4925098000, 0.5856144000, 0.6437890000)
(-0.4908870000, 0.5863755000, 0.6443353000)
(-0.4911130000, 0.5870633000, 0.6435438000)
(-0.4916494000, 0.5870523000, 0.6431515000)
(-0.4838865000, 0.5934536000, 0.6431525000)
(-0.4785119000, 0.5912653000, 0.6491758000)
(-0.4764571000, 0.5919802000, 0.6500272000)
(-0.4756523000, 0.5932553000, 0.6494410000)
(-0.4823800000, 0.5912135000, 0.6463455000)
(-0.5011482000, 0.5897743000, 0.6332417000)
(-0.5009401000, 0.5885582000, 0.6345359000)
(-0.4975887000, 0.5902962000, 0.6355685000)
(-0.4901814000, 0.5908948000, 0.6407506000)
(-0.4902387000, 0.5927012000, 0.6390207000)
(-0.4966195000, 0.5859566000, 0.6403135000)
(-0.4992091000, 0.5797723000, 0.6439260000)
(0.0000000000, 0.0000000000, 0.0000000000)
(0.0000000000, 0.0000000000, 0.0000000000)
(0.0000000000, 0.0000000000, 0.0000000000)
(0.0000000000, 0.0000000000, 0.0000000000)
(0.0000000000, 0.0000000000, 0.0000000000)
(0.0000000000, 0.0000000000, 0.0000000000)
(0.0000000000, 0.0000000000, 0.0000000000)
(0.0000000000, 0.0000000000, 0.0000000000)
(0.0000000000, 0.0000000000, 0.0000000000)
(-0.4913510000, 0.5761043000, 0.6532018000)
(-0.4888924000, 0.5663360000, 0.6634933000)
(-0.4804455000, 0.5734105000, 0.6635836000)
(-0.4892673000, 0.5774366000, 0.6535832000)
(-0.4914303000, 0.5864678000, 0.6438411000)
(-0.4916976000, 0.5860855000, 0.6440003000)
(-0.4877529000, 0.5853916000, 0.6476169000)
(-0.4888000000, 0.5851025000, 0.6470801000)
(-0.4944557000, 0.5852847000, 0.6426027000)
(-0.4972246000, 0.5832440000, 0.6423200000)
(-0.4954454000, 0.5838989000, 0.6431080000)
(-0.4944096000, 0.5855969000, 0.6423552000)
(-0.4968749000, 0.5862472000, 0.6398490000)
(-0.4972699000, 0.5854741000, 0.6402531000)
(-0.4933814000, 0.5849444000, 0.6437277000)
(-0.4925941000, 0.5860677000, 0.6433167000)
(-0.4913013000, 0.5853302000, 0.6449655000)
(-0.4930484000, 0.5861303000, 0.6429209000)
(-0.4948608000, 0.5847136000, 0.6428161000)
(-0.4934365000, 0.5835526000, 0.6449634000)
(-0.4927920000, 0.5819138000, 0.6469169000)
(-0.4927253000, 0.5827566000, 0.6462184000)
(-0.4924672000, 0.5815912000, 0.6474713000)
(-0.4909396000, 0.5797095000, 0.6503158000)
(-0.4922917000, 0.5804926000, 0.6485829000)
(-0.4943558000, 0.5817848000, 0.6458609000)
(-0.4921787000, 0.5797763000, 0.6493081000)
(-0.4909253000, 0.5769652000, 0.6527612000)
(-0.4879517000, 0.5756025000, 0.6561705000)
(-0.4877174000, 0.5767212000, 0.6553770000)
(-0.4885995000, 0.5780717000, 0.6535146000)
(-0.4599456000, 0.5866963000, 0.6664974000)
(-0.4627715000, 0.5921983000, 0.6596363000)
(-0.4628057000, 0.5893351000, 0.6621886000)
(-0.4539245000, 0.5898895000, 0.6678129000)
(-0.4533687000, 0.5792195000, 0.6774608000)
(-0.4552195000, 0.5883626000, 0.6682687000)
(-0.4582079000, 0.5849391000, 0.6692470000)
(-0.4629033000, 0.5877752000, 0.6635017000)
(-0.4564320000, 0.5898679000, 0.6661173000)
(-0.4544804000, 0.5859593000, 0.6708823000)
(-0.4535200000, 0.5891744000, 0.6687062000)
(-0.4538333000, 0.5903797000, 0.6674318000)
(-0.4535994000, 0.5905265000, 0.6674587000)
(-0.4534955000, 0.5898998000, 0.6680855000)
(-0.4517708000, 0.5902260000, 0.6689757000)
(-0.4514528000, 0.5896155000, 0.6697223000)
(-0.4539956000, 0.5869303000, 0.6703657000)
(-0.4539375000, 0.5871756000, 0.6701784000)
(-0.4538100000, 0.5889088000, 0.6687498000)
(-0.4531738000, 0.5887809000, 0.6692867000)
(-0.4549476000, 0.5872773000, 0.6694109000)
(-0.4561003000, 0.5871374000, 0.6687393000)
(-0.4505209000, 0.5869160000, 0.6727179000)
(-0.4481936000, 0.5877872000, 0.6735114000)
(-0.4517819000, 0.5871646000, 0.6716485000)
(-0.4546207000, 0.5893477000, 0.6678175000)
(-0.4537477000, 0.5894406000, 0.6683184000)
(-0.4550028000, 0.5876188000, 0.6690793000)
(-0.4525778000, 0.5874684000, 0.6708395000)
(-0.4584269000, 0.5928895000, 0.6620569000)
(-0.4612771000, 0.5908569000, 0.6618942000)
(-0.4627069000, 0.5903625000, 0.6613333000)
(-0.4620754000, 0.5932630000, 0.6591796000)
(-0.4587345000, 0.5934875000, 0.6612951000)
(-0.4590031000, 0.5935979000, 0.6610112000)
(-0.4600545000, 0.5937526000, 0.6601353000)
(-0.4598548000, 0.5918970000, 0.6619551000)
(-0.4597133000, 0.5914032000, 0.6624991000)
(-0.4611050000, 0.5940489000, 0.6591412000)
(-0.4619553000, 0.5927260000, 0.6597503000)
(-0.4613363000, 0.5934232000, 0.6595415000)
(-0.4463022000, 0.5955727000, 0.6678903000)
(0.0000000000, 0.0000000000, 0.0000000000)
(0.0000000000, 0.0000000000, 0.0000000000)
(0.0000000000, 0.0000000000, 0.0000000000)
(0.0000000000, 0.0000000000, 0.0000000000)
(0.0000000000, 0.0000000000, 0.0000000000)
(0.0000000000, 0.0000000000, 0.0000000000)
(0.0000000000, 0.0000000000, 0.0000000000)
(0.0000000000, 0.0000000000, 0.0000000000)
(0.0000000000, 0.0000000000, 0.0000000000)
(0.0000000000, 0.0000000000, 0.0000000000)
(0.0000000000, 0.0000000000, 0.0000000000)
(0.0000000000, 0.0000000000, 0.0000000000)
(0.0000000000, 0.0000000000, 0.0000000000)
(-0.4553816000, 0.6002650000, 0.6574914000)
(-0.4441859000, 0.5889709000, 0.6751327000)
(-0.4431301000, 0.5945522000, 0.6709133000)
(-0.4421136000, 0.6017025000, 0.6651955000)
(-0.4557186000, 0.5981290000, 0.6591952000)
(-0.4409843000, 0.6034345000, 0.6643740000)
(-0.4377547000, 0.6057928000, 0.6643665000)
(-0.4330530000, 0.6039011000, 0.6691540000)
(-0.4379124000, 0.6027991000, 0.6669610000)
(-0.4389088000, 0.6026275000, 0.6664614000)
(-0.4418584000, 0.6024866000, 0.6646543000)
(-0.4420367000, 0.6009597000, 0.6659034000)
(-0.4397559000, 0.5996657000, 0.6685916000)
(-0.4403044000, 0.6011407000, 0.6668856000)
(-0.4469304000, 0.5998278000, 0.6636630000)
(-0.4518098000, 0.5982679000, 0.6617711000)
(-0.4540442000, 0.5986947000, 0.6598462000)
(-0.4521063000, 0.5985739000, 0.6612824000)
(-0.4533679000, 0.5976061000, 0.6612960000)
(-0.4601978000, 0.5972554000, 0.6568682000)
(-0.4645743000, 0.5973306000, 0.6537251000)
(-0.4685483000, 0.5970725000, 0.6511098000)
(-0.4649889000, 0.5930935000, 0.6572751000)
(-0.4503521000, 0.5972289000, 0.6636834000)
(-0.4513881000, 0.5957143000, 0.6643475000)
(-0.4558962000, 0.5929589000, 0.6637300000)
(-0.4568829000, 0.5916070000, 0.6642630000)
(-0.4561030000, 0.5916511000, 0.6647654000)
(-0.4552561000, 0.5923519000, 0.6647047000)
(-0.4546124000, 0.5935121000, 0.6641226000)
(-0.4553096000, 0.5926904000, 0.6643695000)
(-0.4387378000, 0.5951185000, 0.6733072000)
(-0.4372471000, 0.5952764000, 0.6741312000)
(-0.4381054000, 0.5943431000, 0.6743957000)
(-0.4547238000, 0.5938118000, 0.6637743000)
(-0.4543165000, 0.5935416000, 0.6643045000)
(-0.4537794000, 0.5940559000, 0.6641992000)
(-0.4533278000, 0.5938210000, 0.6647221000)
(-0.4529389000, 0.5933126000, 0.6654359000)
(-0.4545490000, 0.5933791000, 0.6642852000)
(-0.4563981000, 0.5925341000, 0.6637667000)
(-0.4579328000, 0.5922267000, 0.6629755000)
(-0.4579270000, 0.5932264000, 0.6620969000)
(-0.4535578000, 0.5924016000, 0.6658207000)
(-0.4442300000, 0.5922356000, 0.6722288000)
(-0.4432955000, 0.5915844000, 0.6734221000)
(-0.4455686000, 0.5916905000, 0.6718302000)
(-0.4554850000, 0.5898622000, 0.6667693000)
(-0.4551503000, 0.5896638000, 0.6671655000)
(-0.4542124000, 0.5909341000, 0.6666852000)
(-0.4556598000, 0.5910966000, 0.6655571000)
(-0.4567302000, 0.5918076000, 0.6641847000)
(-0.4569284000, 0.5920105000, 0.6638772000)
(-0.4569466000, 0.5915561000, 0.6642666000)
(-0.4570612000, 0.5911310000, 0.6645645000)
(-0.4571724000, 0.5914811000, 0.6641852000)
(-0.4567358000, 0.5913671000, 0.6645651000)
(-0.4570126000, 0.5910639000, 0.6646667000)
(-0.4564909000, 0.5910511000, 0.6650305000)
(-0.4568307000, 0.5911890000, 0.6646631000)
(-0.4565262000, 0.5912653000, 0.6648108000)
(-0.4568059000, 0.5904884000, 0.6653066000)
(-0.4587384000, 0.5906243000, 0.6638671000)
(-0.4596405000, 0.5921302000, 0.6618819000)
(-0.4573509000, 0.5955194000, 0.6604355000)
(-0.4578795000, 0.5938002000, 0.6616122000)
(-0.4566828000, 0.5936343000, 0.6625922000)
(-0.4558261000, 0.5937275000, 0.6630981000)
(-0.4556914000, 0.5941237000, 0.6628252000)
(-0.4555970000, 0.5939664000, 0.6630307000)
(-0.4561625000, 0.5937998000, 0.6627939000)
(-0.4568323000, 0.5929445000, 0.6631115000)
(-0.4585475000, 0.5929322000, 0.6619312000)
(-0.4582745000, 0.5936011000, 0.6615170000)
(-0.4564551000, 0.5950934000, 0.6614466000)
(-0.4548207000, 0.5968959000, 0.6609351000)
(-0.4567623000, 0.5974571000, 0.6590818000)
(-0.4552820000, 0.5979980000, 0.6596241000)
(-0.4530092000, 0.5983331000, 0.6608894000)
(-0.4528902000, 0.5981992000, 0.6610857000)
(-0.4532438000, 0.5984278000, 0.6606328000)
(-0.4513321000, 0.5985915000, 0.6617998000)
(-0.4514223000, 0.5995461000, 0.6608719000)
(-0.4520913000, 0.5985050000, 0.6613537000)
(-0.4577943000, 0.5948794000, 0.6606939000)
(-0.4566238000, 0.5953146000, 0.6611244000)
(-0.4574192000, 0.5935447000, 0.6621677000)
(-0.4582247000, 0.5925539000, 0.6624917000)
(-0.4579556000, 0.5921861000, 0.6630148000)
(-0.4555965000, 0.5928836000, 0.6640160000)
(-0.4541751000, 0.5924909000, 0.6653352000)
(-0.4520547000, 0.5927117000, 0.6665823000)
(-0.4499366000, 0.5952650000, 0.6657386000)
(-0.4533421000, 0.5923674000, 0.6660025000)
(-0.4545155000, 0.5937899000, 0.6639302000)
(-0.4544570000, 0.5926635000, 0.6649855000)
(-0.4588233000, 0.5936601000, 0.6610853000)
(-0.4621662000, 0.5937476000, 0.6586829000)
(-0.4548582000, 0.5924708000, 0.6648809000)
(0.0000000000, 0.0000000000, 0.0000000000)
(0.0000000000, 0.0000000000, 0.0000000000)
(0.0000000000, 0.0000000000, 0.0000000000)
(0.0000000000, 0.0000000000, 0.0000000000)
(0.0000000000, 0.0000000000, 0.0000000000)
(0.0000000000, 0.0000000000, 0.0000000000)
(0.0000000000, 0.0000000000, 0.0000000000)
(0.0000000000, 0.0000000000, 0.0000000000)
(0.0000000000, 0.0000000000, 0.0000000000)
(0.0000000000, 0.0000000000, 0.0000000000)
(-0.4504199000, 0.6117274000, 0.6502955000)
(-0.4566584000, 0.6122536000, 0.6454341000)
(-0.4559325000, 0.6109678000, 0.6471665000)
(-0.4506497000, 0.6191400000, 0.6430889000)
(-0.4435609000, 0.6199424000, 0.6472256000)
(-0.4413159000, 0.6154854000, 0.6529971000)
(-0.4514199000, 0.6207641000, 0.6409784000)
(-0.4537468000, 0.6212024000, 0.6389149000)
(-0.4544694000, 0.6233616000, 0.6362780000)
(-0.4531443000, 0.6166966000, 0.6436898000)
(-0.4511431000, 0.6141955000, 0.6474819000)
(-0.4486236000, 0.6154566000, 0.6480262000)
(-0.4524760000, 0.6146659000, 0.6461020000)
(-0.4504748000, 0.6151450000, 0.6470429000)
(-0.4494601000, 0.6159807000, 0.6469457000)
(-0.4487575000, 0.6148086000, 0.6485546000)
(-0.4520590000, 0.6141071000, 0.6469111000)
(-0.4518998000, 0.6140225000, 0.6471008000)
(-0.4523197000, 0.6136037000, 0.6472214000)
(-0.4527799000, 0.6150548000, 0.6455076000)
(-0.4537633000, 0.6142985000, 0.6455441000)
(-0.4458385000, 0.6144643000, 0.6508710000)
(-0.4421358000, 0.6124043000, 0.6553450000)
(-0.4423536000, 0.6126152000, 0.6549774000)
(-0.4484431000, 0.6103640000, 0.6529392000)
(-0.4506679000, 0.6101174000, 0.6516498000)
(-0.4520415000, 0.6097118000, 0.6510776000)
(-0.4494417000, 0.6103959000, 0.6522210000)
(-0.4469671000, 0.6130446000, 0.6514513000)
(-0.4473174000, 0.6132939000, 0.6509602000)
(-0.4539187000, 0.6094897000, 0.6499670000)
(-0.4540412000, 0.6093436000, 0.6500255000)
(-0.4547206000, 0.6086032000, 0.6502321000)
(-0.4553987000, 0.6090285000, 0.6493744000)
(-0.4551428000, 0.6056780000, 0.6526709000)
(-0.4533085000, 0.6072170000, 0.6525171000)
(-0.4521507000, 0.6073017000, 0.6532347000)
(-0.4521252000, 0.6092646000, 0.6514225000)
(-0.4505095000, 0.6110590000, 0.6508759000)
(-0.4506911000, 0.6115448000, 0.6502914000)
(-0.4511599000, 0.6114036000, 0.6500874000)
(-0.4494977000, 0.6124701000, 0.6502514000)
(-0.4451461000, 0.6145791000, 0.6512458000)
(-0.4440916000, 0.6143816000, 0.6521612000)
(-0.4494151000, 0.6123158000, 0.6504489000)
(-0.4605644000, 0.6056082000, 0.6489336000)
(-0.4597035000, 0.6052150000, 0.6499003000)
(-0.4495576000, 0.6092895000, 0.6531737000)
(-0.4413936000, 0.6133760000, 0.6549138000)
(-0.4406073000, 0.6131517000, 0.6556711000)
(-0.4454366000, 0.6112039000, 0.6542252000)
(-0.4536028000, 0.6053212000, 0.6540843000)
(-0.4534659000, 0.6059147000, 0.6536120000)
(-0.4538670000, 0.6063427000, 0.6529381000)
(-0.4536864000, 0.6060767000, 0.6533113000)
(-0.4540669000, 0.6057191000, 0.6533778000)
(-0.4558926000, 0.6052669000, 0.6525417000)
(-0.4553994000, 0.6059200000, 0.6522666000)
(-0.4545573000, 0.6068586000, 0.6519864000)
(-0.4540069000, 0.6052843000, 0.6538332000)
(-0.4536196000, 0.6065975000, 0.6528908000)
(-0.4535787000, 0.6062384000, 0.6532525000)
(-0.4578972000, 0.6069314000, 0.6495826000)
(-0.4417972000, 0.6175054000, 0.6507516000)
(-0.4388093000, 0.6193942000, 0.6509809000)
(-0.4437340000, 0.6166794000, 0.6502271000)
(-0.4530876000, 0.6101431000, 0.6499463000)
(-0.4531398000, 0.6098590000, 0.6501621000)
(-0.4532291000, 0.6090023000, 0.6508994000)
(-0.4397148000, 0.6185041000, 0.6512302000)
(-0.4401607000, 0.6186452000, 0.6507738000)
(-0.4402181000, 0.6176975000, 0.6516407000)
(-0.4400570000, 0.6174543000, 0.6519799000)
(-0.4402544000, 0.6173196000, 0.6519778000)
(-0.4530982000, 0.6077833000, 0.6521464000)
(-0.4421739000, 0.6142473000, 0.6535887000)
(-0.4381414000, 0.6134300000, 0.6570500000)
(-0.4375289000, 0.6124759000, 0.6583455000)
(-0.4394855000, 0.6098693000, 0.6594628000)
(-0.4594115000, 0.5956947000, 0.6588407000)
(-0.4642999000, 0.5916308000, 0.6590713000)
(-0.4609457000, 0.5938992000, 0.6593849000)
(-0.4533103000, 0.5983696000, 0.6606377000)
(-0.4496582000, 0.6011778000, 0.6605812000)
(-0.4493221000, 0.6005334000, 0.6613982000)
(-0.4502940000, 0.6007962000, 0.6604989000)
(-0.4544477000, 0.5985429000, 0.6596985000)
(-0.4548160000, 0.5983878000, 0.6595966000)
(-0.4585147000, 0.5963586000, 0.6588731000)
(-0.4593127000, 0.5955699000, 0.6590192000)
(-0.4572183000, 0.5973412000, 0.6588880000)
(-0.4495077000, 0.6041369000, 0.6579947000)
(-0.4471543000, 0.6058170000, 0.6580449000)
(-0.4469084000, 0.6052335000, 0.6587425000)
(-0.4465336000, 0.6049910000, 0.6592227000)
(-0.4467142000, 0.6043682000, 0.6596744000)
(-0.4465247000, 0.6045189000, 0.6596588000)
(-0.4463520000, 0.6041712000, 0.6600991000)
(-0.4470114000, 0.6038703000, 0.6599290000)
(-0.4474883000, 0.6038345000, 0.6596407000)
(-0.4469036000, 0.6038895000, 0.6599799000)
(-0.4464988000, 0.6042818000, 0.6598986000)
(-0.4469037000, 0.6042393000, 0.6596546000)
(-0.4481800000, 0.6043655000, 0.6586813000)
(-0.4471685000, 0.6053860000, 0.6584296000)
(-0.4464273000, 0.6055893000, 0.6587461000)
(-0.4464030000, 0.6065024000, 0.6579354000)
(-0.4466522000, 0.6062056000, 0.6580349000)
(-0.4465751000, 0.6056187000, 0.6586218000)
(-0.4462084000, 0.6058829000, 0.6586350000)
(-0.4462720000, 0.6068580000, 0.6576867000)
(-0.4467496000, 0.6068507000, 0.6573768000)
(-0.4451972000, 0.6084262000, 0.6569698000)
(-0.4431838000, 0.6100274000, 0.6568293000)
(-0.4435129000, 0.6107434000, 0.6559491000)
(-0.4498824000, 0.6045595000, 0.6573386000)
(-0.4557508000, 0.6040193000, 0.6537926000)
(-0.4557739000, 0.6043317000, 0.6534765000)
(-0.4516088000, 0.6073059000, 0.6536148000)
(-0.4308857000, 0.6153092000, 0.6600819000)
(-0.4383352000, 0.6191404000, 0.6515369000)
(0.0000000000, 0.0000000000, 0.0000000000)
(0.0000000000, 0.0000000000, 0.0000000000)
(0.0000000000, 0.0000000000, 0.0000000000)
(0.0000000000, 0.0000000000, 0.0000000000)
(0.0000000000, 0.0000000000, 0.0000000000)
(0.0000000000, 0.0000000000, 0.0000000000)
(0.0000000000, 0.0000000000, 0.0000000000)
(0.0000000000, 0.0000000000, 0.0000000000)
(0.0000000000, 0.0000000000, 0.0000000000)
(0.0000000000, 0.0000000000, 0.0000000000)
(-0.4445930000, 0.6265095000, 0.6401518000)
(-0.4428407000, 0.6146260000, 0.6527607000)
(-0.4449070000, 0.6105762000, 0.6551587000)
(-0.4476015000, 0.6164546000, 0.6477755000)
(-0.4448649000, 0.6220858000, 0.6442680000)
(-0.4414087000, 0.6220946000, 0.6466492000)
(-0.4295226000, 0.6259208000, 0.6509469000)
(-0.4332321000, 0.6244547000, 0.6498795000)
(-0.4315903000, 0.6277375000, 0.6478130000)
(-0.4310628000, 0.6279095000, 0.6479998000)
(-0.4306164000, 0.6268044000, 0.6493524000)
(-0.4359971000, 0.6271139000, 0.6454541000)
(-0.4372276000, 0.6263934000, 0.6453257000)
(-0.4401043000, 0.6260358000, 0.6437288000)
(-0.4372390000, 0.6247760000, 0.6468863000)
(-0.4368393000, 0.6243573000, 0.6475517000)
(-0.4386651000, 0.6230479000, 0.6475863000)
(-0.4402365000, 0.6228890000, 0.6466693000)
(-0.4412650000, 0.6249906000, 0.6439330000)
(-0.4417821000, 0.6244019000, 0.6441491000)
(-0.4406220000, 0.6237764000, 0.6455427000)
(-0.4397711000, 0.6232337000, 0.6466520000)
(-0.4434569000, 0.6205718000, 0.6466945000)
(-0.4482188000, 0.6176547000, 0.6462191000)
(-0.4497339000, 0.6182169000, 0.6446274000)
(-0.4448102000, 0.6187780000, 0.6474860000)
(-0.4432396000, 0.6189883000, 0.6483757000)
(-0.4430009000, 0.6187299000, 0.6487827000)
(-0.4428307000, 0.6189260000, 0.6487069000)
(-0.4433780000, 0.6187028000, 0.6485320000)
(-0.4424240000, 0.6189778000, 0.6489301000)
(-0.4429511000, 0.6191846000, 0.6483812000)
(-0.4447065000, 0.6185070000, 0.6478097000)
(-0.4445189000, 0.6182324000, 0.6482013000)
(-0.4447323000, 0.6183802000, 0.6479164000)
(-0.4401027000, 0.6180501000, 0.6513793000)
(-0.4392243000, 0.6182678000, 0.6517790000)
(-0.4401740000, 0.6174180000, 0.6519361000)
(-0.4437193000, 0.6146591000, 0.6521422000)
(-0.4360654000, 0.6201609000, 0.6520956000)
(-0.4316651000, 0.6208985000, 0.6543168000)
(-0.4420126000, 0.6164649000, 0.6516004000)
(-0.4494184000, 0.6171712000, 0.6458384000)
(-0.4488002000, 0.6191953000, 0.6443224000)
(-0.4470186000, 0.6201115000, 0.6446971000)
(-0.4399904000, 0.6228009000, 0.6469184000)
(-0.4389577000, 0.6228336000, 0.6475973000)
(-0.4387383000, 0.6217790000, 0.6487485000)
(-0.4389549000, 0.6237317000, 0.6467409000)
(-0.4394050000, 0.6239643000, 0.6461962000)
(-0.4389324000, 0.6239129000, 0.6465828000)
(-0.4449052000, 0.6223644000, 0.6439710000)
(-0.4429514000, 0.6228155000, 0.6448866000)
(-0.4385480000, 0.6236548000, 0.6470847000)
(-0.4375535000, 0.6251363000, 0.6463333000)
(-0.4353293000, 0.6251533000, 0.6478180000)
(-0.4331508000, 0.6266334000, 0.6478306000)
(-0.4396951000, 0.6217537000, 0.6481374000)
(-0.4424734000, 0.6205323000, 0.6474104000)
(-0.4389365000, 0.6221060000, 0.6483058000)
(-0.4360978000, 0.6238743000, 0.6485288000)
(-0.4384783000, 0.6232627000, 0.6475075000)
(-0.4320494000, 0.6270000000, 0.6482139000)
(-0.4286496000, 0.6288657000, 0.6486683000)
(-0.4305842000, 0.6270323000, 0.6491570000)
(-0.4385979000, 0.6240088000, 0.6467159000)
(-0.4392238000, 0.6198838000, 0.6502372000)
(-0.4331242000, 0.6239277000, 0.6504551000)
(-0.4320137000, 0.6188744000, 0.6559953000)
(-0.4379719000, 0.6100376000, 0.6603067000)
(-0.4385636000, 0.6088583000, 0.6610149000)
(-0.4546937000, 0.5913777000, 0.6659763000)
(-0.4530683000, 0.5915844000, 0.6668878000)
(-0.4504164000, 0.5951405000, 0.6655301000)
(-0.4475777000, 0.5992854000, 0.6637197000)
(-0.4556488000, 0.5915724000, 0.6651288000)
(-0.4556569000, 0.5904849000, 0.6660994000)
(-0.4545425000, 0.5926862000, 0.6649061000)
(-0.4470107000, 0.6022916000, 0.6613700000)
(-0.4476555000, 0.6009343000, 0.6621635000)
(-0.4475856000, 0.6014357000, 0.6617566000)
(-0.4459962000, 0.6031635000, 0.6612502000)
(-0.4460912000, 0.6027295000, 0.6615893000)
(-0.4468863000, 0.6025539000, 0.6612166000)
(-0.4467928000, 0.6026686000, 0.6611772000)
(-0.4469944000, 0.6019588000, 0.6616939000)
(-0.4457389000, 0.6035292000, 0.6611015000)
(-0.4454951000, 0.6030453000, 0.6617039000)
(-0.4458991000, 0.6026810000, 0.6617591000)
(-0.4460948000, 0.6014484000, 0.6627585000)
(-0.4452158000, 0.6017467000, 0.6630636000)
(-0.4449717000, 0.6018103000, 0.6631775000)
(-0.4448287000, 0.6013663000, 0.6636747000)
(-0.4452298000, 0.6012807000, 0.6634927000)
(-0.4444360000, 0.6013348000, 0.6639607000)
(-0.4443328000, 0.6016057000, 0.6638036000)
(-0.4443760000, 0.6020142000, 0.6634024000)
(-0.4444784000, 0.6031578000, 0.6622881000)
(-0.4441753000, 0.6045402000, 0.6612214000)
(-0.4431272000, 0.6054494000, 0.6611004000)
(-0.4430799000, 0.6067873000, 0.6599009000)
(-0.4458173000, 0.6059784000, 0.6588078000)
(-0.4462664000, 0.6064219000, 0.6580815000)
(-0.4461043000, 0.6065782000, 0.6580452000)
(-0.4465525000, 0.6069384000, 0.6574264000)
(-0.4469437000, 0.6069940000, 0.6570930000)
(-0.4468876000, 0.6069797000, 0.6571616000)
(-0.4462864000, 0.6069476000, 0.6575918000)
(-0.4455498000, 0.6087203000, 0.6564600000)
(-0.4456857000, 0.6086059000, 0.6564740000)
(-0.4458952000, 0.6075913000, 0.6572578000)
(-0.4459829000, 0.6065712000, 0.6581491000)
(-0.4459377000, 0.6065513000, 0.6582056000)
(-0.4457323000, 0.6061976000, 0.6586532000)
(-0.4457082000, 0.6069954000, 0.6579317000)
(-0.4450720000, 0.6078001000, 0.6576313000)
(-0.4444944000, 0.6075080000, 0.6582935000)
(-0.4453670000, 0.6065163000, 0.6586125000)
(-0.4453633000, 0.6064932000, 0.6586350000)
(-0.4453752000, 0.6061934000, 0.6588972000)
(-0.4448241000, 0.6064202000, 0.6590678000)
(-0.4437333000, 0.6072499000, 0.6590461000)
(-0.4436063000, 0.6075296000, 0.6588683000)
(-0.4444394000, 0.6062335000, 0.6595035000)
(-0.4449534000, 0.6057858000, 0.6595696000)
(-0.4459782000, 0.6049295000, 0.6596589000)
(-0.4455964000, 0.6054890000, 0.6594027000)
(-0.4441324000, 0.6058235000, 0.6600780000)
(-0.4441730000, 0.6058027000, 0.6600681000)
(-0.4427576000, 0.6073049000, 0.6596462000)
(-0.4422009000, 0.6073486000, 0.6599734000)
(-0.4429895000, 0.6072398000, 0.6595531000)
(-0.4438453000, 0.6071452000, 0.6590508000)
(-0.4449413000, 0.6062640000, 0.6591229000)
(-0.4446729000, 0.6065731000, 0.6590269000)
(-0.4423828000, 0.6083350000, 0.6589357000)
(-0.4425236000, 0.6086607000, 0.6585523000)
(-0.4424867000, 0.6089177000, 0.6583346000)
(-0.4424378000, 0.6086014000, 0.6586673000)
(-0.4458689000, 0.6073664000, 0.6574934000)
(-0.4473350000, 0.6066961000, 0.6571164000)
(-0.4454432000, 0.6069773000, 0.6581270000)
(-0.4439365000, 0.6083120000, 0.6579220000)
(-0.4411872000, 0.6096568000, 0.6585352000)
(-0.4412062000, 0.6097476000, 0.6584395000)
(-0.4401466000, 0.6099736000, 0.6589251000)
(-0.4405200000, 0.6093183000, 0.6592826000)
(-0.4403934000, 0.6104647000, 0.6583143000)
(-0.4422270000, 0.6100547000, 0.6574620000)
(-0.4309947000, 0.6178430000, 0.6576574000)
(-0.4315779000, 0.6182275000, 0.6569030000)
(-0.4330269000, 0.6173409000, 0.6567873000)
(-0.4341745000, 0.6146485000, 0.6585503000)
(-0.4322563000, 0.6178780000, 0.6567872000)
(-0.4322132000, 0.6169840000, 0.6576477000)
(-0.4357653000, 0.6123192000, 0.6596696000)
(-0.4361344000, 0.6106736000, 0.6609458000)
(-0.4323318000, 0.6164337000, 0.6580929000)
(-0.4317226000, 0.6186233000, 0.6564317000)
(-0.4353212000, 0.6122293000, 0.6600501000)
(-0.4418122000, 0.6032245000, 0.6640069000)
(-0.4372981000, 0.6119628000, 0.6589913000)
(-0.4348477000, 0.6158834000, 0.6569483000)
(-0.4336016000, 0.6171006000, 0.6566349000)
(-0.4448246000, 0.6017091000, 0.6633816000)
(-0.4463445000, 0.5997082000, 0.6641613000)
(-0.4436515000, 0.6041485000, 0.6619497000)
(-0.4388784000, 0.6101354000, 0.6596172000)
(-0.4379638000, 0.6103874000, 0.6600034000)
(-0.4369670000, 0.6099577000, 0.6610514000)
(-0.4360612000, 0.6104586000, 0.6611990000)
(-0.4312562000, 0.6136994000, 0.6613504000)
(-0.4313724000, 0.6141412000, 0.6608491000)
(-0.4380096000, 0.6061720000, 0.6638377000)
(-0.4399882000, 0.6020398000, 0.6663015000)
(-0.4377657000, 0.6052967000, 0.6648095000)
(-0.4373543000, 0.6052151000, 0.6651382000)
(-0.4374848000, 0.6045652000, 0.6656480000)
(-0.4313600000, 0.6174347000, 0.6577800000)
(-0.4426596000, 0.6047451000, 0.6620553000)
(0.0000000000, 0.0000000000, 0.0000000000)
(0.0000000000, 0.0000000000, 0.0000000000)
(0.0000000000, 0.0000000000, 0.0000000000)
(0.0000000000, 0.0000000000, 0.0000000000)
(0.0000000000, 0.0000000000, 0.0000000000)
(0.0000000000, 0.0000000000, 0.0000000000)
(0.0000000000, 0.0000000000, 0.0000000000)
(0.0000000000, 0.0000000000, 0.0000000000)
(0.0000000000, 0.0000000000, 0.0000000000)
(0.0000000000, 0.0000000000, 0.0000000000)
(0.0000000000, 0.0000000000, 0.0000000000)
(0.0000000000, 0.0000000000, 0.0000000000)
(-0.4264566000, 0.6077896000, 0.6698642000)
(-0.4389537000, 0.6151417000, 0.6549200000)
(-0.4417493000, 0.6101068000, 0.6577283000)
(-0.4388048000, 0.6139050000, 0.6561733000)
(-0.4312669000, 0.6211269000, 0.6543620000)
(-0.4348959000, 0.6129012000, 0.6597090000)
(-0.4378925000, 0.6121179000, 0.6584395000)
(-0.4316854000, 0.6213849000, 0.6538386000)
(-0.4343664000, 0.6163059000, 0.6568791000)
(-0.4328940000, 0.6177300000, 0.6564997000)
(-0.4331184000, 0.6170402000, 0.6570097000)
(-0.4337358000, 0.6165088000, 0.6570846000)
(-0.4350503000, 0.6160023000, 0.6566948000)
(-0.4345513000, 0.6151875000, 0.6578034000)
(-0.4346454000, 0.6161268000, 0.6568441000)
(-0.4337198000, 0.6162297000, 0.6573619000)
(-0.4335380000, 0.6166461000, 0.6571082000)
(-0.4340661000, 0.6158726000, 0.6574718000)
(-0.4368734000, 0.6148446000, 0.6565869000)
(-0.4380664000, 0.6154320000, 0.6552352000)
(-0.4360792000, 0.6161116000, 0.6559056000)
(-0.4346281000, 0.6153827000, 0.6575677000)
(-0.4343558000, 0.6151183000, 0.6579787000)
(-0.4341044000, 0.6145099000, 0.6587271000)
(-0.4352583000, 0.6124636000, 0.6598690000)
(-0.4353041000, 0.6117980000, 0.6604483000)
(-0.4350657000, 0.6104667000, 0.6618295000)
(-0.4353205000, 0.6118746000, 0.6603642000)
(-0.4357347000, 0.6130908000, 0.6589718000)
(-0.4353950000, 0.6140559000, 0.6583003000)
(-0.4345531000, 0.6147994000, 0.6581505000)
(-0.4331875000, 0.6147574000, 0.6591001000)
(-0.4333296000, 0.6148565000, 0.6589116000)
(-0.4449986000, 0.6053889000, 0.6599086000)
(-0.4495477000, 0.6015540000, 0.6603196000)
(-0.4476293000, 0.6019219000, 0.6612876000)
(-0.4358365000, 0.6092331000, 0.6624751000)
(-0.4360234000, 0.6095244000, 0.6620724000)
(-0.4364538000, 0.6090085000, 0.6622599000)
(-0.4368541000, 0.6086684000, 0.6623147000)
(-0.4367285000, 0.6091156000, 0.6619984000)
(-0.4366176000, 0.6090358000, 0.6621417000)
(-0.4355284000, 0.6098318000, 0.6621326000)
(-0.4353503000, 0.6099858000, 0.6621045000)
(-0.4324325000, 0.6113713000, 0.6627195000)
(-0.4316341000, 0.6126413000, 0.6620837000)
(-0.4338794000, 0.6121176000, 0.6610911000)
(-0.4363558000, 0.6118364000, 0.6597121000)
(-0.4504560000, 0.6023332000, 0.6589968000)
(-0.4489449000, 0.6033947000, 0.6590551000)
(-0.4512010000, 0.6037633000, 0.6571780000)
(-0.4511050000, 0.6044145000, 0.6566425000)
(-0.4510170000, 0.6046025000, 0.6565295000)
(-0.4519455000, 0.6051597000, 0.6553715000)
(-0.4339232000, 0.6132813000, 0.6599764000)
(-0.4326972000, 0.6138045000, 0.6602929000)
(-0.4370322000, 0.6130047000, 0.6581982000)
(-0.4524774000, 0.6063218000, 0.6539290000)
(-0.4514488000, 0.6035042000, 0.6572416000)
(-0.4493785000, 0.6058276000, 0.6565096000)
(-0.4313041000, 0.6175913000, 0.6576729000)
(-0.4259318000, 0.6192772000, 0.6595867000)
(-0.4297000000, 0.6114639000, 0.6644258000)
(-0.4339043000, 0.6050053000, 0.6675850000)
(-0.4400727000, 0.6006675000, 0.6674650000)
(-0.4410898000, 0.5988864000, 0.6683974000)
(-0.4349102000, 0.6036575000, 0.6681637000)
(-0.4352269000, 0.6034607000, 0.6681349000)
(-0.4354985000, 0.6022588000, 0.6690302000)
(-0.4353505000, 0.6020391000, 0.6693375000)
(-0.4352712000, 0.6023821000, 0.6690654000)
(-0.4352550000, 0.6023107000, 0.6691380000)
(-0.4349061000, 0.6044269000, 0.6674678000)
(-0.4352941000, 0.6038511000, 0.6677343000)
(-0.4362256000, 0.6033552000, 0.6675698000)
(-0.4355869000, 0.6045144000, 0.6669315000)
(-0.4347034000, 0.6045927000, 0.6674390000)
(-0.4347015000, 0.6041321000, 0.6678600000)
(-0.4344165000, 0.6054852000, 0.6668300000)
(-0.4333810000, 0.6055566000, 0.6674233000)
(-0.4324406000, 0.6044864000, 0.6690031000)
(-0.4324307000, 0.6048561000, 0.6686721000)
(-0.4320186000, 0.6059983000, 0.6679089000)
(-0.4316042000, 0.6061187000, 0.6680666000)
(-0.4315625000, 0.6071612000, 0.6671457000)
(-0.4315809000, 0.6060691000, 0.6681386000)
(-0.4322321000, 0.6051106000, 0.6685926000)
(-0.4330680000, 0.6048258000, 0.6682878000)
(-0.4328085000, 0.6046477000, 0.6686280000)
(-0.4327325000, 0.6051995000, 0.6681790000)
(-0.4328514000, 0.6051056000, 0.6681861000)
(-0.4322864000, 0.6058323000, 0.6678864000)
(-0.4318850000, 0.6050583000, 0.6688508000)
(-0.4314231000, 0.6047961000, 0.6693854000)
(-0.4320785000, 0.6052104000, 0.6685975000)
(-0.4315188000, 0.6055442000, 0.6686497000)
(-0.4310659000, 0.6062934000, 0.6682638000)
(-0.4317820000, 0.6068808000, 0.6672724000)
(-0.4312125000, 0.6067876000, 0.6677154000)
(-0.4308364000, 0.6076394000, 0.6671796000)
(-0.4307391000, 0.6082054000, 0.6667247000)
(-0.4311278000, 0.6076596000, 0.6669858000)
(-0.4310639000, 0.6079669000, 0.6667331000)
(-0.4322458000, 0.6083847000, 0.6655999000)
(-0.4327163000, 0.6081709000, 0.6654860000)
(-0.4324950000, 0.6083378000, 0.6654756000)
(-0.4323420000, 0.6089252000, 0.6650395000)
(-0.4321758000, 0.6095669000, 0.6645598000)
(-0.4319111000, 0.6086553000, 0.6655602000)
(-0.4314767000, 0.6097676000, 0.6648339000)
(-0.4322460000, 0.6111222000, 0.6630753000)
(-0.4342657000, 0.6103221000, 0.6624938000)
(-0.4349656000, 0.6100627000, 0.6622764000)
(-0.4378518000, 0.6090339000, 0.6613191000)
(-0.4385646000, 0.6075646000, 0.6622008000)
(-0.4277044000, 0.6172028000, 0.6603837000)
(-0.4275327000, 0.6164150000, 0.6612256000)
(-0.4277496000, 0.6161977000, 0.6612918000)
(-0.4334419000, 0.6102021000, 0.6631396000)
(-0.4418908000, 0.5866297000, 0.6786606000)
(0.0000000000, 0.0000000000, 0.0000000000)
(0.0000000000, 0.0000000000, 0.0000000000)
(0.0000000000, 0.0000000000, 0.0000000000)
(0.0000000000, 0.0000000000, 0.0000000000)
(0.0000000000, 0.0000000000, 0.0000000000)
(0.0000000000, 0.0000000000, 0.0000000000)
(0.0000000000, 0.0000000000, 0.0000000000)
(-0.4313751000, 0.6099304000, 0.6647400000)
(-0.4337305000, 0.6026729000, 0.6698185000)
(-0.4340623000, 0.6010737000, 0.6710297000)
(-0.4396194000, 0.6019546000, 0.6666126000)
(-0.4277706000, 0.6142325000, 0.6631212000)
(-0.4261553000, 0.6180013000, 0.6606495000)
(-0.4235485000, 0.6220119000, 0.6585552000)
(-0.4233073000, 0.6237034000, 0.6571022000)
(-0.4225156000, 0.6214747000, 0.6597308000)
(-0.4219294000, 0.6206878000, 0.6608458000)
(-0.4234543000, 0.6219963000, 0.6586352000)
(-0.4276758000, 0.6140790000, 0.6633133000)
(-0.4322636000, 0.6108246000, 0.6633434000)
(-0.4326142000, 0.6102821000, 0.6636050000)
(-0.4337507000, 0.6106334000, 0.6625585000)
(-0.4347053000, 0.6105788000, 0.6619740000)
(-0.4338348000, 0.6100667000, 0.6630211000)
(-0.4302307000, 0.6134261000, 0.6622554000)
(-0.4263279000, 0.6199521000, 0.6586933000)
(-0.4281014000, 0.6174248000, 0.6599279000)
(-0.4314755000, 0.6141597000, 0.6607751000)
(-0.4302124000, 0.6170191000, 0.6589338000)
(-0.4269154000, 0.6227546000, 0.6556799000)
(-0.4265928000, 0.6234920000, 0.6551875000)
(-0.4273023000, 0.6227570000, 0.6554170000)
(-0.4304512000, 0.6177590000, 0.6580718000)
(-0.4334089000, 0.6096463000, 0.6636817000)
(-0.4334630000, 0.6089626000, 0.6642759000)
(-0.4313849000, 0.6167923000, 0.6583735000)
(-0.4285335000, 0.6186347000, 0.6585099000)
(-0.4302289000, 0.6158680000, 0.6599976000)
(-0.4293081000, 0.6166111000, 0.6599032000)
(-0.4282322000, 0.6184222000, 0.6589149000)
(-0.4277685000, 0.6183083000, 0.6593060000)
(-0.4284699000, 0.6175278000, 0.6595851000)
(-0.4288288000, 0.6171023000, 0.6597534000)
(-0.4282477000, 0.6176928000, 0.6595749000)
(-0.4281923000, 0.6176734000, 0.6596305000)
(-0.4264304000, 0.6168784000, 0.6615182000)
(-0.4527311000, 0.5983107000, 0.6611025000)
(-0.4328415000, 0.6124002000, 0.6615039000)
(-0.4316699000, 0.6087074000, 0.6656703000)
(-0.4320321000, 0.6103992000, 0.6638853000)
(-0.4315022000, 0.6112568000, 0.6634412000)
(-0.4370375000, 0.6102076000, 0.6607842000)
(-0.4409263000, 0.6093796000, 0.6589636000)
(-0.4415780000, 0.6076077000, 0.6601571000)
(-0.4416149000, 0.6070134000, 0.6606798000)
(-0.4405206000, 0.6068632000, 0.6615489000)
(-0.4399131000, 0.6077034000, 0.6611736000)
(-0.4406581000, 0.6068913000, 0.6614265000)
(-0.4408543000, 0.6063271000, 0.6618136000)
(-0.4413694000, 0.6072465000, 0.6606241000)
(-0.4424736000, 0.6062713000, 0.6607768000)
(-0.4434703000, 0.6071051000, 0.6593588000)
(-0.4417414000, 0.6075785000, 0.6600791000)
(-0.4375333000, 0.6092812000, 0.6613001000)
(-0.4334652000, 0.6103967000, 0.6629573000)
(-0.4333939000, 0.6106759000, 0.6627371000)
(-0.4363565000, 0.6096499000, 0.6617541000)
(-0.4365069000, 0.6097957000, 0.6615106000)
(-0.4376887000, 0.6103560000, 0.6602147000)
(-0.4383582000, 0.6097337000, 0.6603421000)
(-0.4381867000, 0.6098478000, 0.6603469000)
(-0.4375596000, 0.6101235000, 0.6605008000)
(-0.4374857000, 0.6103693000, 0.6603373000)
(-0.4374808000, 0.6111626000, 0.6596080000)
(-0.4376708000, 0.6117471000, 0.6589260000)
(-0.4377545000, 0.6127273000, 0.6579781000)
(-0.4377497000, 0.6119581000, 0.6586894000)
(-0.4376634000, 0.6103502000, 0.6602373000)
(-0.4331111000, 0.6105490000, 0.6630489000)
(-0.4303508000, 0.6100162000, 0.6653252000)
(-0.4343883000, 0.6097634000, 0.6629300000)
(-0.4350905000, 0.6102552000, 0.6620178000)
(-0.4358568000, 0.6102781000, 0.6614866000)
(-0.4369727000, 0.6111514000, 0.6599579000)
(-0.4382804000, 0.6097948000, 0.6603345000)
(-0.4392542000, 0.6092854000, 0.6601545000)
(-0.4365779000, 0.6105434000, 0.6607788000)
(-0.4341031000, 0.6115556000, 0.6614769000)
(-0.4337972000, 0.6111239000, 0.6620661000)
(-0.4366681000, 0.6108657000, 0.6604071000)
(-0.4379273000, 0.6103840000, 0.6600318000)
(-0.4376695000, 0.6100478000, 0.6604989000)
(-0.4446744000, 0.6039615000, 0.6614234000)
(-0.4471326000, 0.6028169000, 0.6608097000)
(-0.4456289000, 0.6034548000, 0.6612454000)
(-0.4374622000, 0.6088191000, 0.6617885000)
(-0.4368863000, 0.6092179000, 0.6617889000)
(-0.4373339000, 0.6100004000, 0.6607682000)
(-0.4382257000, 0.6091466000, 0.6609648000)
(-0.4387064000, 0.6091863000, 0.6606055000)
(-0.4382788000, 0.6096270000, 0.6604968000)
(-0.4395346000, 0.6086912000, 0.6605316000)
(-0.4398572000, 0.6078815000, 0.6610631000)
(-0.4395707000, 0.6080083000, 0.6611320000)
(-0.4388840000, 0.6098962000, 0.6598350000)
(-0.4389293000, 0.6107748000, 0.6589888000)
(-0.4395779000, 0.6110080000, 0.6583555000)
(-0.4442291000, 0.6094047000, 0.6567237000)
(-0.4473237000, 0.6052167000, 0.6584849000)
(-0.4469621000, 0.6062521000, 0.6577777000)
(-0.4432507000, 0.6101966000, 0.6566468000)
(-0.4378139000, 0.6151340000, 0.6556869000)
(-0.4385078000, 0.6148318000, 0.6554889000)
(-0.4390889000, 0.6148283000, 0.6551063000)
(-0.4395239000, 0.6144018000, 0.6552238000)
(-0.4389293000, 0.6146740000, 0.6553596000)
(-0.4385914000, 0.6155118000, 0.6548085000)
(-0.4417351000, 0.6129347000, 0.6551082000)
(-0.4414596000, 0.6134574000, 0.6547943000)
(-0.4407390000, 0.6145328000, 0.6542926000)
(-0.4391300000, 0.6173204000, 0.6527478000)
(-0.4374557000, 0.6201346000, 0.6511975000)
(-0.4367136000, 0.6208830000, 0.6509765000)
(-0.4358444000, 0.6219758000, 0.6505108000)
(-0.4379740000, 0.6218096000, 0.6492537000)
(-0.4398504000, 0.6170627000, 0.6524914000)
(-0.4441331000, 0.6148955000, 0.6516430000)
(0.0000000000, 0.0000000000, 0.0000000000)
(0.0000000000, 0.0000000000, 0.0000000000)
(0.0000000000, 0.0000000000, 0.0000000000)
(0.0000000000, 0.0000000000, 0.0000000000)
(0.0000000000, 0.0000000000, 0.0000000000)
(0.0000000000, 0.0000000000, 0.0000000000)
(0.0000000000, 0.0000000000, 0.0000000000)
(0.0000000000, 0.0000000000, 0.0000000000)
(0.0000000000, 0.0000000000, 0.0000000000)
(0.0000000000, 0.0000000000, 0.0000000000)
(0.0000000000, 0.0000000000, 0.0000000000)
(-0.4237602000, 0.6067770000, 0.6724893000)
(-0.4322029000, 0.6068289000, 0.6670396000)
(-0.4286188000, 0.6172197000, 0.6597847000)
(-0.4285301000, 0.6184255000, 0.6587151000)
(-0.4326688000, 0.6181803000, 0.6562208000)
(-0.4249382000, 0.6259715000, 0.6538991000)
(-0.4172075000, 0.6309307000, 0.6540911000)
(-0.4155080000, 0.6316165000, 0.6545175000)
(-0.4216240000, 0.6257564000, 0.6562350000)
(-0.4199532000, 0.6254243000, 0.6576142000)
(-0.4215077000, 0.6224005000, 0.6594910000)
(-0.4203611000, 0.6244112000, 0.6583345000)
(-0.4183151000, 0.6254451000, 0.6586375000)
(-0.4188912000, 0.6258614000, 0.6578786000)
(-0.4202451000, 0.6248670000, 0.6579746000)
(-0.4209933000, 0.6231213000, 0.6591458000)
(-0.4203766000, 0.6252798000, 0.6574942000)
(-0.4184718000, 0.6253507000, 0.6586260000)
(-0.4194010000, 0.6284910000, 0.6550568000)
(-0.4214496000, 0.6292589000, 0.6529868000)
(-0.4233464000, 0.6290182000, 0.6519997000)
(-0.4249785000, 0.6270817000, 0.6527876000)
(-0.4258610000, 0.6275307000, 0.6517956000)
(-0.4264593000, 0.6280125000, 0.6509415000)
(-0.4248016000, 0.6280488000, 0.6519815000)
(-0.4238969000, 0.6281088000, 0.6525248000)
(-0.4297892000, 0.6264912000, 0.6502013000)
(-0.4336622000, 0.6261078000, 0.6479940000)
(-0.4395382000, 0.6195226000, 0.6503747000)
(-0.4390171000, 0.6034198000, 0.6656882000)
(-0.4375445000, 0.6063456000, 0.6639965000)
(-0.4383541000, 0.6068160000, 0.6630322000)
(-0.4397096000, 0.6065678000, 0.6623450000)
(-0.4394334000, 0.6076494000, 0.6615440000)
(-0.4393354000, 0.6069092000, 0.6622912000)
(-0.4398056000, 0.6078303000, 0.6611433000)
(-0.4399483000, 0.6103308000, 0.6587339000)
(-0.4396594000, 0.6107146000, 0.6585795000)
(-0.4380700000, 0.6015276000, 0.6680105000)
(-0.4349309000, 0.6039890000, 0.6678388000)
(-0.4345986000, 0.6048775000, 0.6672637000)
(-0.4377699000, 0.6063848000, 0.6638057000)
(-0.4410303000, 0.6087955000, 0.6594359000)
(-0.4413815000, 0.6091920000, 0.6588209000)
(-0.4391882000, 0.6108677000, 0.6587497000)
(-0.4357621000, 0.6109807000, 0.6609182000)
(-0.4350614000, 0.6110560000, 0.6612906000)
(-0.4350432000, 0.6097748000, 0.6624820000)
(-0.4374457000, 0.6083447000, 0.6622228000)
(-0.4382585000, 0.6086842000, 0.6613851000)
(-0.4377106000, 0.6083575000, 0.6620365000)
(-0.4361978000, 0.6072943000, 0.6640064000)
(-0.4364848000, 0.6074614000, 0.6636791000)
(-0.4354435000, 0.6084599000, 0.6634408000)
(-0.4345799000, 0.6058028000, 0.6664354000)
(-0.4343773000, 0.6056729000, 0.6666903000)
(-0.4340196000, 0.6060616000, 0.6665606000)
(-0.4326278000, 0.6061741000, 0.6673548000)
(-0.4284985000, 0.6087182000, 0.6677167000)
(-0.4282396000, 0.6082314000, 0.6683272000)
(-0.4287652000, 0.6069974000, 0.6690935000)
(-0.4431122000, 0.5906746000, 0.6743420000)
(-0.4431047000, 0.5912927000, 0.6738108000)
(-0.4358422000, 0.5996174000, 0.6711828000)
(-0.4356974000, 0.5999286000, 0.6710033000)
(-0.4357035000, 0.5986822000, 0.6720973000)
(-0.4355250000, 0.5993008000, 0.6716757000)
(-0.4348046000, 0.5996908000, 0.6717978000)
(-0.4343991000, 0.5997407000, 0.6719980000)
(-0.4341813000, 0.6007081000, 0.6712847000)
(-0.4345906000, 0.6015531000, 0.6702530000)
(-0.4360000000, 0.6015714000, 0.6693249000)
(-0.4362696000, 0.6009037000, 0.6697624000)
(-0.4362684000, 0.6013229000, 0.6693785000)
(-0.4364956000, 0.6007565000, 0.6697459000)
(-0.4364619000, 0.6015092000, 0.6690840000)
(-0.4444051000, 0.5979427000, 0.6670368000)
(-0.4475996000, 0.5969436000, 0.6658011000)
(-0.4474568000, 0.5955733000, 0.6671181000)
(-0.4401306000, 0.5983744000, 0.6694916000)
(-0.4369843000, 0.5996857000, 0.6703783000)
(-0.4357733000, 0.5992823000, 0.6715224000)
(-0.4357654000, 0.5986714000, 0.6720659000)
(-0.4340840000, 0.6004013000, 0.6716218000)
(-0.4339072000, 0.6006922000, 0.6714696000)
(-0.4338027000, 0.6009347000, 0.6713251000)
(-0.4337200000, 0.6011791000, 0.6711676000)
(-0.4330857000, 0.6014155000, 0.6713642000)
(-0.4325538000, 0.6021018000, 0.6710852000)
(-0.4323435000, 0.6018400000, 0.6714501000)
(-0.4321359000, 0.6015049000, 0.6718872000)
(-0.4330131000, 0.6015717000, 0.6712657000)
(-0.4348104000, 0.6012394000, 0.6703944000)
(-0.4349893000, 0.6020563000, 0.6695420000)
(-0.4348252000, 0.6028427000, 0.6689421000)
(-0.4345649000, 0.6028527000, 0.6691056000)
(-0.4332630000, 0.6036928000, 0.6691992000)
(-0.4333347000, 0.6034312000, 0.6693752000)
(-0.4339165000, 0.6037472000, 0.6687186000)
(-0.4335872000, 0.6043159000, 0.6684176000)
(-0.4334957000, 0.6045933000, 0.6682300000)
(-0.4336011000, 0.6049694000, 0.6678246000)
(-0.4338610000, 0.6047615000, 0.6678532000)
(-0.4336543000, 0.6054140000, 0.6673933000)
(-0.4339831000, 0.6047069000, 0.6678200000)
(-0.4332584000, 0.6052113000, 0.6678199000)
(-0.4330695000, 0.6055493000, 0.6676419000)
(-0.4331331000, 0.6061594000, 0.6670474000)
(-0.4331778000, 0.6063388000, 0.6668438000)
(-0.4334046000, 0.6076896000, 0.6654740000)
(-0.4326170000, 0.6087788000, 0.6650019000)
(-0.4328941000, 0.6100718000, 0.6636329000)
(-0.4331949000, 0.6084458000, 0.6649135000)
(-0.4314575000, 0.6074001000, 0.6669934000)
(-0.4311305000, 0.6072172000, 0.6673908000)
(-0.4308340000, 0.6073996000, 0.6674106000)
(-0.4323000000, 0.6073095000, 0.6665490000)
(-0.4328799000, 0.6068130000, 0.6666092000)
(-0.4324171000, 0.6078742000, 0.6659576000)
(-0.4331218000, 0.6084501000, 0.6649582000)
(-0.4331991000, 0.6085963000, 0.6647912000)
(-0.4330301000, 0.6092429000, 0.6642880000)
(-0.4340444000, 0.6090561000, 0.6638151000)
(-0.4370266000, 0.6073769000, 0.6633900000)
(-0.4394732000, 0.6059137000, 0.6631151000)
(-0.4397464000, 0.6053127000, 0.6634809000)
(-0.4385243000, 0.6073502000, 0.6624143000)
(-0.4368204000, 0.6094810000, 0.6615823000)
(-0.4362915000, 0.6104196000, 0.6610848000)
(-0.4358629000, 0.6109645000, 0.6608492000)
(-0.4362363000, 0.6111497000, 0.6604484000)
(-0.4375881000, 0.6103245000, 0.6602971000)
(-0.4374598000, 0.6111798000, 0.6596076000)
(-0.4371225000, 0.6124964000, 0.6586003000)
(-0.4378553000, 0.6123390000, 0.6582598000)
(-0.4374767000, 0.6128843000, 0.6580154000)
(-0.4375088000, 0.6128637000, 0.6580111000)
(-0.4376829000, 0.6129754000, 0.6577899000)
(-0.4363163000, 0.6142218000, 0.6575320000)
(-0.4364912000, 0.6147555000, 0.6569064000)
(-0.4369999000, 0.6140081000, 0.6572813000)
(-0.4369593000, 0.6141170000, 0.6572068000)
(-0.4368159000, 0.6142341000, 0.6571912000)
(-0.4383268000, 0.6128324000, 0.6574972000)
(-0.4390267000, 0.6127832000, 0.6570579000)
(-0.4338900000, 0.6200610000, 0.6536378000)
(-0.4330949000, 0.6204095000, 0.6538338000)
(-0.4328626000, 0.6200809000, 0.6543019000)
(-0.4339256000, 0.6201077000, 0.6535703000)
(-0.4352304000, 0.6164339000, 0.6561863000)
(-0.4342664000, 0.6166243000, 0.6566464000)
(-0.4332930000, 0.6145307000, 0.6592449000)
(-0.4311870000, 0.6172598000, 0.6580606000)
(-0.4272571000, 0.6155195000, 0.6622416000)
(-0.4249009000, 0.6160869000, 0.6632414000)
(-0.4279708000, 0.6141697000, 0.6630318000)
(-0.4309876000, 0.6129078000, 0.6622559000)
(-0.4335219000, 0.6128654000, 0.6606332000)
(-0.4331945000, 0.6133809000, 0.6603805000)
(-0.4333023000, 0.6134717000, 0.6602243000)
(-0.4334447000, 0.6126565000, 0.6608819000)
(-0.4339643000, 0.6125656000, 0.6606243000)
(-0.4339211000, 0.6126459000, 0.6605769000)
(-0.4348207000, 0.6122240000, 0.6603800000)
(-0.4350810000, 0.6129287000, 0.6595571000)
(-0.4359033000, 0.6118479000, 0.6600190000)
(-0.4323507000, 0.6157125000, 0.6587623000)
(-0.4323580000, 0.6158180000, 0.6586571000)
(-0.4336140000, 0.6151574000, 0.6584528000)
(-0.4366049000, 0.6160792000, 0.6555859000)
(-0.4380912000, 0.6169772000, 0.6537647000)
(-0.4381802000, 0.6170387000, 0.6536472000)
(-0.4383449000, 0.6175858000, 0.6530164000)
(-0.4388602000, 0.6175182000, 0.6527391000)
(-0.4390962000, 0.6178542000, 0.6522594000)
(-0.4390582000, 0.6179361000, 0.6522068000)
(-0.4389026000, 0.6183102000, 0.6519554000)
(-0.4385911000, 0.6172904000, 0.6531356000)
(-0.4386524000, 0.6168965000, 0.6534472000)
(-0.4391355000, 0.6166518000, 0.6533607000)
(-0.4401380000, 0.6174019000, 0.6519769000)
(-0.4408990000, 0.6169369000, 0.6519149000)
(-0.4411432000, 0.6169828000, 0.6516873000)
(-0.4409676000, 0.6170314000, 0.6517818000)
(-0.4413206000, 0.6172819000, 0.6512826000)
(-0.4413227000, 0.6172454000, 0.6513165000)
(-0.4411142000, 0.6164187000, 0.6522424000)
(-0.4433128000, 0.6150326000, 0.6520584000)
(-0.4425807000, 0.6152750000, 0.6523364000)
(-0.4421590000, 0.6123007000, 0.6554064000)
(-0.4410003000, 0.6113155000, 0.6571162000)
(-0.4406609000, 0.6108744000, 0.6577387000)
(-0.4387516000, 0.6085098000, 0.6612151000)
(-0.4365868000, 0.6084832000, 0.6626613000)
(-0.4358607000, 0.6085219000, 0.6630983000)
(-0.4310717000, 0.6130295000, 0.6620743000)
(0.0000000000, 0.0000000000, 0.0000000000)
(0.0000000000, 0.0000000000, 0.0000000000)
(0.0000000000, 0.0000000000, 0.0000000000)
(0.0000000000, 0.0000000000, 0.0000000000)
(0.0000000000, 0.0000000000, 0.0000000000)
(0.0000000000, 0.0000000000, 0.0000000000)
(0.0000000000, 0.0000000000, 0.0000000000)
(0.0000000000, 0.0000000000, 0.0000000000)
(0.0000000000, 0.0000000000, 0.0000000000)
(0.0000000000, 0.0000000000, 0.0000000000)
(0.0000000000, 0.0000000000, 0.0000000000)
(0.0000000000, 0.0000000000, 0.0000000000)
(-0.4405591000, 0.5864270000, 0.6796927000)
(-0.4438520000, 0.5912379000, 0.6733639000)
(-0.4447639000, 0.5974278000, 0.6672791000)
(-0.4448287000, 0.5959725000, 0.6685356000)
(-0.4381800000, 0.6045479000, 0.6652140000)
(-0.4422687000, 0.6003604000, 0.6662908000)
(-0.4385820000, 0.6040737000, 0.6653758000)
(-0.4226685000, 0.6200212000, 0.6609831000)
(-0.4228546000, 0.6211192000, 0.6598390000)
(-0.4232239000, 0.6210338000, 0.6596957000)
(-0.4206100000, 0.6257830000, 0.6568540000)
(-0.4468797000, 0.6015610000, 0.6621272000)
(-0.4490611000, 0.6034256000, 0.6589433000)
(-0.4484078000, 0.6037560000, 0.6590797000)
(-0.4428891000, 0.6089917000, 0.6579922000)
(-0.4361998000, 0.6160282000, 0.6559057000)
(-0.4350409000, 0.6183912000, 0.6544660000)
(-0.4357281000, 0.6169764000, 0.6553363000)
(-0.4375672000, 0.6167303000, 0.6543499000)
(-0.4379043000, 0.6154212000, 0.6553508000)
(-0.4293466000, 0.6271191000, 0.6498957000)
(-0.4283392000, 0.6295826000, 0.6481686000)
(-0.4333004000, 0.6241052000, 0.6501691000)
(-0.4358867000, 0.6179032000, 0.6543457000)
(-0.4356721000, 0.6184818000, 0.6539608000)
(-0.4361088000, 0.6186469000, 0.6535121000)
(-0.4359897000, 0.6189620000, 0.6532909000)
(-0.4361884000, 0.6194329000, 0.6527103000)
(-0.4365028000, 0.6188053000, 0.6530995000)
(-0.4370118000, 0.6181047000, 0.6534067000)
(-0.4372713000, 0.6178225000, 0.6535053000)
(-0.4370220000, 0.6184933000, 0.6530526000)
(-0.4370816000, 0.6189923000, 0.6525375000)
(-0.4373730000, 0.6175357000, 0.6537111000)
(-0.4363306000, 0.6162021000, 0.6556526000)
(-0.4356775000, 0.6162172000, 0.6560729000)
(-0.4350732000, 0.6161981000, 0.6564937000)
(-0.4349930000, 0.6158385000, 0.6568870000)
(-0.4347289000, 0.6152616000, 0.6576166000)
(-0.4342516000, 0.6152759000, 0.6579190000)
(-0.4334292000, 0.6140239000, 0.6596131000)
(-0.4340012000, 0.6144002000, 0.6588947000)
(-0.4297110000, 0.6132351000, 0.6627862000)
(-0.4236415000, 0.6115220000, 0.6682418000)
(-0.4236263000, 0.6134679000, 0.6664711000)
(-0.4233132000, 0.6135472000, 0.6665990000)
(-0.4240783000, 0.6105798000, 0.6688332000)
(-0.4313542000, 0.5993642000, 0.6743027000)
(-0.4317148000, 0.5992746000, 0.6741531000)
(-0.4297312000, 0.6013729000, 0.6735396000)
(-0.4289154000, 0.6018206000, 0.6736683000)
(-0.4294658000, 0.6012502000, 0.6738263000)
(-0.4300289000, 0.6012686000, 0.6734582000)
(-0.4304324000, 0.6020975000, 0.6724526000)
(-0.4305258000, 0.6020983000, 0.6723887000)
(-0.4373514000, 0.5975946000, 0.6719967000)
(-0.4414839000, 0.5955597000, 0.6711007000)
(-0.4402708000, 0.5961670000, 0.6713653000)
(-0.4308273000, 0.6046699000, 0.6698771000)
(-0.4350020000, 0.6020907000, 0.6695203000)
(-0.4380108000, 0.5990707000, 0.6702662000)
(-0.4361125000, 0.6004035000, 0.6702992000)
(-0.4422151000, 0.5997567000, 0.6668686000)
(-0.4302531000, 0.6159621000, 0.6598979000)
(0.0000000000, 0.0000000000, 0.0000000000)
(0.0000000000, 0.0000000000, 0.0000000000)
(0.0000000000, 0.0000000000, 0.0000000000)
(0.0000000000, 0.0000000000, 0.0000000000)
(0.0000000000, 0.0000000000, 0.0000000000)
(0.0000000000, 0.0000000000, 0.0000000000)
(0.0000000000, 0.0000000000, 0.0000000000)
(0.0000000000, 0.0000000000, 0.0000000000)
(0.0000000000, 0.0000000000, 0.0000000000)
(0.0000000000, 0.0000000000, 0.0000000000)
(0.0000000000, 0.0000000000, 0.0000000000)
(-0.4312830000, 0.5972951000, 0.6761784000)
(-0.4403957000, 0.5953856000, 0.6719804000)
(-0.4346031000, 0.6000834000, 0.6715736000)
(-0.4317270000, 0.6032432000, 0.6705989000)
(-0.4296985000, 0.6089700000, 0.6667114000)
(-0.4295985000, 0.6101549000, 0.6656908000)
(-0.4288767000, 0.6144194000, 0.6622157000)
(-0.4276015000, 0.6113476000, 0.6658822000)
(-0.4274320000, 0.6127123000, 0.6647382000)
(-0.4235772000, 0.6214430000, 0.6590778000)
(-0.4237341000, 0.6228205000, 0.6576800000)
(-0.4241971000, 0.6223581000, 0.6578129000)
(-0.4230374000, 0.6237828000, 0.6571975000)
(-0.4233339000, 0.6227972000, 0.6579417000)
(-0.4239211000, 0.6192040000, 0.6609643000)
(-0.4276527000, 0.6145014000, 0.6629470000)
(-0.4278761000, 0.6152149000, 0.6621422000)
(-0.4283079000, 0.6149795000, 0.6620600000)
(-0.4444125000, 0.6050788000, 0.6605785000)
(-0.4344126000, 0.6117401000, 0.6610952000)
(-0.4345348000, 0.6114832000, 0.6612604000)
(-0.4359795000, 0.6099858000, 0.6616849000)
(-0.4354844000, 0.6091665000, 0.6627712000)
(-0.4398703000, 0.6052061000, 0.6634985000)
(-0.4402514000, 0.6054464000, 0.6630195000)
(-0.4405633000, 0.6061057000, 0.6622195000)
(-0.4409379000, 0.6064433000, 0.6616557000)
(-0.4410831000, 0.6078979000, 0.6602204000)
(-0.4417441000, 0.6082493000, 0.6594431000)
(-0.4430290000, 0.6083403000, 0.6585044000)
(-0.4436520000, 0.6065915000, 0.6596919000)
(-0.4429622000, 0.6068907000, 0.6598996000)
(-0.4420127000, 0.6095625000, 0.6580556000)
(-0.4350690000, 0.6179119000, 0.6548849000)
(-0.4345264000, 0.6190290000, 0.6542010000)
(-0.4337859000, 0.6197766000, 0.6539789000)
(-0.4337803000, 0.6191354000, 0.6545941000)
(-0.4335373000, 0.6191847000, 0.6547087000)
(-0.4326039000, 0.6210210000, 0.6535762000)
(-0.4327589000, 0.6227932000, 0.6517812000)
(-0.4332735000, 0.6224045000, 0.6518336000)
(-0.4382528000, 0.6148463000, 0.6556478000)
(-0.4383219000, 0.6141882000, 0.6562285000)
(-0.4387669000, 0.6156300000, 0.6545790000)
(-0.4413776000, 0.6129247000, 0.6553568000)
(-0.4415003000, 0.6132841000, 0.6549290000)
(-0.4399782000, 0.6146308000, 0.6547030000)
(-0.4396828000, 0.6151270000, 0.6544272000)
(-0.4395636000, 0.6153550000, 0.6542894000)
(-0.4212826000, 0.6165677000, 0.6650968000)
(-0.4221300000, 0.6136194000, 0.6672755000)
(-0.4211130000, 0.6146979000, 0.6669211000)
(-0.4212314000, 0.6146393000, 0.6669163000)
(-0.4295978000, 0.6081032000, 0.6675571000)
(-0.4305877000, 0.6151965000, 0.6603842000)
(-0.4343873000, 0.6138235000, 0.6591693000)
(-0.4316102000, 0.6142713000, 0.6605890000)
(-0.4321738000, 0.6144025000, 0.6600876000)
(-0.4327911000, 0.6141794000, 0.6598901000)
(-0.4333698000, 0.6147213000, 0.6590106000)
(-0.4331488000, 0.6150432000, 0.6588521000)
(-0.4336454000, 0.6151356000, 0.6584342000)
(-0.4338266000, 0.6156888000, 0.6578086000)
(-0.4328582000, 0.6157900000, 0.6583548000)
(-0.4330403000, 0.6151821000, 0.6587896000)
(-0.4337486000, 0.6151161000, 0.6583815000)
(-0.4338462000, 0.6159992000, 0.6574964000)
(-0.4330136000, 0.6161624000, 0.6578954000)
(-0.4326941000, 0.6142808000, 0.6598566000)
(-0.4317361000, 0.6113921000, 0.6631552000)
(-0.4308438000, 0.6120175000, 0.6631752000)
(-0.4302703000, 0.6130065000, 0.6626347000)
(-0.4318224000, 0.6142068000, 0.6605064000)
(-0.4328030000, 0.6123754000, 0.6615572000)
(-0.4330941000, 0.6117696000, 0.6619391000)
(-0.4334119000, 0.6123693000, 0.6611794000)
(-0.4338468000, 0.6125571000, 0.6607118000)
(-0.4337322000, 0.6128367000, 0.6605228000)
(-0.4340187000, 0.6123268000, 0.6608194000)
(-0.4343075000, 0.6115159000, 0.6613780000)
(-0.4327044000, 0.6123890000, 0.6616102000)
(-0.4326856000, 0.6121195000, 0.6618787000)
(-0.4328577000, 0.6128133000, 0.6611250000)
(-0.4327275000, 0.6133438000, 0.6607038000)
(-0.4328529000, 0.6134194000, 0.6605521000)
(-0.4339580000, 0.6131683000, 0.6600576000)
(-0.4353116000, 0.6121034000, 0.6601537000)
(-0.4356040000, 0.6119208000, 0.6601307000)
(-0.4355819000, 0.6117683000, 0.6602921000)
(-0.4340067000, 0.6132473000, 0.6599718000)
(-0.4338894000, 0.6137038000, 0.6596162000)
(-0.4358916000, 0.6131591000, 0.6588056000)
(-0.4341247000, 0.6140602000, 0.6591402000)
(-0.4337152000, 0.6148327000, 0.6586763000)
(-0.4337578000, 0.6154850000, 0.6580482000)
(-0.4336505000, 0.6164393000, 0.6572103000)
(-0.4342558000, 0.6163208000, 0.6569230000)
(-0.4346412000, 0.6159315000, 0.6570374000)
(-0.4339072000, 0.6167076000, 0.6568071000)
(-0.4340562000, 0.6160907000, 0.6572713000)
(-0.4436935000, 0.6095786000, 0.6569220000)
(-0.4448527000, 0.6087492000, 0.6568958000)
(-0.4442446000, 0.6090839000, 0.6570086000)
(-0.4367288000, 0.6045313000, 0.6661810000)
(-0.4361271000, 0.6037914000, 0.6672436000)
(-0.4329618000, 0.6031177000, 0.6698976000)
(-0.4329424000, 0.6054052000, 0.6678640000)
(-0.4354786000, 0.6048724000, 0.6666877000)
(-0.4434309000, 0.6007774000, 0.6651498000)
(-0.4452108000, 0.6006346000, 0.6640830000)
(-0.4463008000, 0.6008855000, 0.6631203000)
(-0.4485415000, 0.6007462000, 0.6617352000)
(-0.4487032000, 0.5992782000, 0.6629487000)
(-0.4491628000, 0.5992144000, 0.6626973000)
(-0.4485051000, 0.5989850000, 0.6633525000)
(-0.4439093000, 0.6014002000, 0.6642636000)
(-0.4367785000, 0.6061234000, 0.6647010000)
(-0.4379947000, 0.6066753000, 0.6633943000)
(-0.4372379000, 0.6086012000, 0.6621283000)
(-0.4399309000, 0.6079187000, 0.6609619000)
(-0.4452042000, 0.6033319000, 0.6616492000)
(-0.4466299000, 0.6038624000, 0.6602013000)
(-0.4465787000, 0.6048366000, 0.6593456000)
(-0.4442893000, 0.6090686000, 0.6569865000)
(-0.4408417000, 0.6119963000, 0.6565801000)
(-0.4363901000, 0.6157181000, 0.6560796000)
(-0.4354632000, 0.6175892000, 0.6549321000)
(-0.4361201000, 0.6176598000, 0.6544278000)
(-0.4363714000, 0.6167670000, 0.6551138000)
(-0.4392757000, 0.6142781000, 0.6555108000)
(-0.4435771000, 0.6107509000, 0.6559039000)
(-0.4292790000, 0.6027838000, 0.6725778000)
(-0.4310662000, 0.6018239000, 0.6722834000)
(-0.4312933000, 0.6021039000, 0.6718924000)
(-0.4256984000, 0.6088797000, 0.6693504000)
(-0.4257927000, 0.6083158000, 0.6697970000)
(-0.4273203000, 0.6070484000, 0.6699743000)
(-0.4275319000, 0.6084003000, 0.6686077000)
(-0.4273295000, 0.6094205000, 0.6678140000)
(-0.4282724000, 0.6103168000, 0.6664019000)
(-0.4266819000, 0.6124610000, 0.6654375000)
(-0.4307214000, 0.6102039000, 0.6649079000)
(-0.4339578000, 0.6086704000, 0.6642219000)
(-0.4337007000, 0.6082944000, 0.6647279000)
(-0.4320396000, 0.6097862000, 0.6644534000)
(-0.4324260000, 0.6098516000, 0.6641328000)
(-0.4332226000, 0.6106977000, 0.6628421000)
(-0.4337513000, 0.6107726000, 0.6624194000)
(-0.4331045000, 0.6111071000, 0.6625348000)
(-0.4329104000, 0.6113223000, 0.6624746000)
(-0.4336111000, 0.6115675000, 0.6617759000)
(-0.4331593000, 0.6118482000, 0.6618081000)
(-0.4358734000, 0.6056700000, 0.6657141000)
(-0.4366910000, 0.6056778000, 0.6651656000)
(-0.4371258000, 0.6064017000, 0.6642087000)
(-0.4306058000, 0.6109881000, 0.6642621000)
(-0.4305702000, 0.6108420000, 0.6644230000)
(-0.4304349000, 0.6108909000, 0.6644612000)
(-0.4418917000, 0.6053889000, 0.6619820000)
(-0.4344892000, 0.6035976000, 0.6684787000)
(0.0000000000, 0.0000000000, 0.0000000000)
(0.0000000000, 0.0000000000, 0.0000000000)
(0.0000000000, 0.0000000000, 0.0000000000)
(0.0000000000, 0.0000000000, 0.0000000000)
(0.0000000000, 0.0000000000, 0.0000000000)
(0.0000000000, 0.0000000000, 0.0000000000)
(0.0000000000, 0.0000000000, 0.0000000000)
(0.0000000000, 0.0000000000, 0.0000000000)
(0.0000000000, 0.0000000000, 0.0000000000)
(-0.4284254000, 0.6080258000, 0.6683937000)
(-0.4245031000, 0.6066631000, 0.6721152000)
(-0.4451495000, 0.5856935000, 0.6773491000)
(-0.4402608000, 0.5922502000, 0.6748180000)
(-0.4396284000, 0.5960115000, 0.6719266000)
(-0.4412650000, 0.5956975000, 0.6711349000)
(-0.4367290000, 0.5988264000, 0.6713207000)
(-0.4403820000, 0.6029420000, 0.6652193000)
(-0.4426418000, 0.5951121000, 0.6707506000)
(-0.4309352000, 0.6042610000, 0.6701917000)
(-0.4325535000, 0.6020466000, 0.6711426000)
(-0.4379478000, 0.5969567000, 0.6721755000)
(-0.4328865000, 0.6046372000, 0.6685906000)
(-0.4337502000, 0.6032715000, 0.6692684000)
(-0.4324997000, 0.6052399000, 0.6682923000)
(-0.4314718000, 0.6084834000, 0.6660171000)
(-0.4316505000, 0.6076030000, 0.6666861000)
(-0.4325727000, 0.6073970000, 0.6662951000)
(-0.4330860000, 0.6073728000, 0.6659791000)
(-0.4339269000, 0.6068968000, 0.6658683000)
(-0.4336127000, 0.6072521000, 0.6657383000)
(-0.4403619000, 0.6052141000, 0.6631514000)
(-0.4390783000, 0.6037723000, 0.6653237000)
(-0.4385004000, 0.6051606000, 0.6644393000)
(-0.4383093000, 0.6054652000, 0.6642966000)
(-0.4377816000, 0.6059273000, 0.6642120000)
(-0.4381754000, 0.6058064000, 0.6640644000)
(-0.4395120000, 0.6051569000, 0.6637719000)
(-0.4248344000, 0.6137993000, 0.6653985000)
(-0.4304090000, 0.6126989000, 0.6628142000)
(-0.4283190000, 0.6131559000, 0.6637419000)
(-0.4290931000, 0.6134470000, 0.6629722000)
(-0.4304951000, 0.6116805000, 0.6637012000)
(-0.4307026000, 0.6109374000, 0.6642517000)
(-0.4307512000, 0.6107824000, 0.6643649000)
(-0.4283044000, 0.6105595000, 0.6661587000)
(-0.4264340000, 0.6108179000, 0.6671113000)
(-0.4266890000, 0.6095124000, 0.6681358000)
(-0.4266634000, 0.6081885000, 0.6693736000)
(-0.4272424000, 0.6078197000, 0.6693422000)
(-0.4277237000, 0.6065517000, 0.6701635000)
(-0.4276686000, 0.6077878000, 0.6690915000)
(-0.4254804000, 0.6101959000, 0.6682964000)
(-0.4258785000, 0.6083285000, 0.6697479000)
(-0.4311921000, 0.6055475000, 0.6688657000)
(-0.4314917000, 0.6052601000, 0.6689346000)
(-0.4304413000, 0.6066959000, 0.6683100000)
(-0.4292145000, 0.6046934000, 0.6708900000)
(-0.4305117000, 0.6042449000, 0.6704621000)
(-0.4307609000, 0.6029283000, 0.6715071000)
(-0.4304910000, 0.6037332000, 0.6709425000)
(-0.4301066000, 0.6056337000, 0.6694830000)
(-0.4297707000, 0.6052385000, 0.6700564000)
(-0.4288102000, 0.6071057000, 0.6689654000)
(-0.4295819000, 0.6078070000, 0.6678500000)
(-0.4293197000, 0.6075758000, 0.6682226000)
(-0.4298293000, 0.6068788000, 0.6685246000)
(-0.4292805000, 0.6077164000, 0.6681114000)
(-0.4301810000, 0.6076319000, 0.6676130000)
(-0.4299563000, 0.6088046000, 0.6666954000)
(-0.4305046000, 0.6077918000, 0.6672726000)
(-0.4315269000, 0.6058222000, 0.6684024000)
(-0.4321829000, 0.6062011000, 0.6676303000)
(-0.4316602000, 0.6053084000, 0.6687778000)
(-0.4280640000, 0.6067922000, 0.6697397000)
(-0.4251385000, 0.6082768000, 0.6702645000)
(-0.4254683000, 0.6086584000, 0.6697070000)
(-0.4275697000, 0.6068829000, 0.6699755000)
(-0.4282219000, 0.6072269000, 0.6692428000)
(-0.4284611000, 0.6076559000, 0.6686985000)
(-0.4300489000, 0.6063294000, 0.6688842000)
(-0.4295982000, 0.6074167000, 0.6681871000)
(-0.4301956000, 0.6086189000, 0.6667129000)
(-0.4308296000, 0.6069670000, 0.6677985000)
(-0.4351077000, 0.6048112000, 0.6669940000)
(-0.4357875000, 0.6037248000, 0.6675302000)
(-0.4342048000, 0.6051927000, 0.6672267000)
(-0.4323142000, 0.6083751000, 0.6655595000)
(-0.4313658000, 0.6089568000, 0.6656377000)
(-0.4562976000, 0.5913481000, 0.6648967000)
(-0.4512181000, 0.5919742000, 0.6678066000)
(-0.4524938000, 0.5912384000, 0.6675761000)
(-0.4523378000, 0.5899388000, 0.6688482000)
(-0.4402337000, 0.6016730000, 0.6664628000)
(-0.4408086000, 0.6012078000, 0.6664985000)
(-0.4408069000, 0.6004493000, 0.6671840000)
(-0.4408437000, 0.6004165000, 0.6671826000)
(-0.4415147000, 0.6007089000, 0.6664883000)
(-0.4421133000, 0.6004730000, 0.6662914000)
(-0.4414565000, 0.6010580000, 0.6661964000)
(-0.4416184000, 0.6016275000, 0.6655928000)
(-0.4400712000, 0.6021111000, 0.6661639000)
(-0.4391908000, 0.6040547000, 0.6649829000)
(-0.4382121000, 0.6063401000, 0.6635611000)
(-0.4370474000, 0.6078555000, 0.6629382000)
(-0.4365146000, 0.6097464000, 0.6615606000)
(-0.4371348000, 0.6119221000, 0.6591363000)
(-0.4375392000, 0.6104282000, 0.6602479000)
(-0.4370910000, 0.6113911000, 0.6596523000)
(-0.4364283000, 0.6122407000, 0.6593040000)
(-0.4454659000, 0.6138794000, 0.6516848000)
(-0.4468578000, 0.6146346000, 0.6500135000)
(-0.4478627000, 0.6175502000, 0.6465604000)
(-0.4386763000, 0.6233221000, 0.6473185000)
(-0.4363219000, 0.6247802000, 0.6474900000)
(-0.4271899000, 0.6081879000, 0.6690351000)
(-0.4244163000, 0.6098073000, 0.6693099000)
(-0.4304668000, 0.6067650000, 0.6682202000)
(-0.4327708000, 0.6045538000, 0.6687447000)
(-0.4286292000, 0.6075451000, 0.6686994000)
(-0.4287629000, 0.6073344000, 0.6688060000)
(-0.4287147000, 0.6073549000, 0.6688190000)
(-0.4285941000, 0.6067688000, 0.6694126000)
(-0.4284635000, 0.6061018000, 0.6700971000)
(-0.4282035000, 0.6055752000, 0.6707422000)
(-0.4271142000, 0.6063958000, 0.6707093000)
(-0.4271741000, 0.6056051000, 0.6713827000)
(-0.4283864000, 0.6049241000, 0.6712212000)
(-0.4289331000, 0.6054247000, 0.6704216000)
(-0.4299636000, 0.6053348000, 0.6698483000)
(-0.4311342000, 0.6049843000, 0.6694005000)
(-0.4307313000, 0.6057348000, 0.6689802000)
(-0.4311040000, 0.6059902000, 0.6685047000)
(-0.4311482000, 0.6065456000, 0.6679778000)
(-0.4310951000, 0.6075829000, 0.6670655000)
(-0.4319116000, 0.6072655000, 0.6668275000)
(-0.4322829000, 0.6067210000, 0.6670983000)
(-0.4320419000, 0.6072184000, 0.6667869000)
(-0.4319810000, 0.6070749000, 0.6669599000)
(-0.4329235000, 0.6059775000, 0.6673582000)
(-0.4330710000, 0.6064677000, 0.6668172000)
(-0.4328336000, 0.6069846000, 0.6664825000)
(-0.4317663000, 0.6083745000, 0.6659064000)
(-0.4318540000, 0.6083304000, 0.6658893000)
(-0.4325397000, 0.6066534000, 0.6669871000)
(-0.4325045000, 0.6058766000, 0.6677053000)
(-0.4330530000, 0.6069984000, 0.6663430000)
(-0.4365878000, 0.6055269000, 0.6653744000)
(-0.4377111000, 0.6043887000, 0.6656656000)
(-0.4361940000, 0.6051016000, 0.6660129000)
(-0.4317608000, 0.6072496000, 0.6669333000)
(-0.4367877000, 0.6052374000, 0.6655087000)
(-0.4387120000, 0.5988870000, 0.6699711000)
(-0.4390442000, 0.5989487000, 0.6696858000)
(-0.4366215000, 0.6005939000, 0.6697893000)
(-0.4313300000, 0.6056992000, 0.6686425000)
(-0.4320262000, 0.6058601000, 0.6680303000)
(-0.4326943000, 0.6063365000, 0.6671753000)
(-0.4329020000, 0.6071023000, 0.6663311000)
(-0.4328227000, 0.6080064000, 0.6655669000)
(-0.4337171000, 0.6087528000, 0.6643061000)
(-0.4340965000, 0.6084597000, 0.6643307000)
(-0.4346510000, 0.6096170000, 0.6628852000)
(-0.4335385000, 0.6101146000, 0.6631679000)
(-0.4334674000, 0.6109678000, 0.6624264000)
(-0.4325655000, 0.6112202000, 0.6627850000)
(-0.4324723000, 0.6099146000, 0.6640447000)
(-0.4333795000, 0.6092755000, 0.6640511000)
(-0.4310284000, 0.6104145000, 0.6645259000)
(-0.4294342000, 0.6108573000, 0.6651384000)
(-0.4291233000, 0.6112087000, 0.6650319000)
(-0.4288906000, 0.6122805000, 0.6641919000)
(-0.4325924000, 0.6103495000, 0.6635723000)
(-0.4362302000, 0.6098978000, 0.6616082000)
(-0.4354579000, 0.6101627000, 0.6618662000)
(-0.4322830000, 0.6115219000, 0.6626806000)
(-0.4321436000, 0.6110640000, 0.6632076000)
(-0.4331486000, 0.6117544000, 0.6619080000)
(-0.4326862000, 0.6104777000, 0.6633866000)
(-0.4319534000, 0.6114653000, 0.6629554000)
(-0.4298004000, 0.6123535000, 0.6635410000)
(-0.4304790000, 0.6122758000, 0.6631564000)
(-0.4300775000, 0.6131851000, 0.6625813000)
(-0.4328312000, 0.6132342000, 0.6607571000)
(-0.4336264000, 0.6130711000, 0.6603838000)
(-0.4337279000, 0.6128702000, 0.6604846000)
(-0.4340630000, 0.6134770000, 0.6597063000)
(-0.4338193000, 0.6142576000, 0.6591484000)
(-0.4335137000, 0.6131382000, 0.6603919000)
(-0.4339181000, 0.6121489000, 0.6610491000)
(-0.4364509000, 0.6097488000, 0.6615857000)
(-0.4370522000, 0.6114720000, 0.6595904000)
(-0.4354560000, 0.6134035000, 0.6588529000)
(-0.4336507000, 0.6146557000, 0.6588833000)
(-0.4338588000, 0.6143169000, 0.6590683000)
(-0.4330969000, 0.6140372000, 0.6598191000)
(-0.4333448000, 0.6135677000, 0.6601012000)
(-0.4337878000, 0.6126323000, 0.6606740000)
(-0.4340236000, 0.6125797000, 0.6605693000)
(-0.4340237000, 0.6127798000, 0.6603791000)
(-0.4343808000, 0.6140558000, 0.6589704000)
(-0.4341007000, 0.6148781000, 0.6583732000)
(-0.4336848000, 0.6132854000, 0.6601454000)
(-0.4345456000, 0.6117005000, 0.6610394000)
(-0.4373305000, 0.6095780000, 0.6611686000)
(-0.4371604000, 0.6100181000, 0.6608639000)
(-0.4362754000, 0.6106536000, 0.6608675000)
(-0.4348166000, 0.6125998000, 0.6600270000)
(-0.4340163000, 0.6129191000, 0.6602544000)
(-0.4332523000, 0.6142696000, 0.6594968000)
(-0.4340853000, 0.6124638000, 0.6606424000)
(-0.4351729000, 0.6124830000, 0.6599041000)
(-0.4354213000, 0.6128571000, 0.6594017000)
(-0.4341396000, 0.6143044000, 0.6588957000)
(-0.4394665000, 0.6108475000, 0.6585672000)
(-0.4393890000, 0.6120740000, 0.6574928000)
(-0.4383847000, 0.6109896000, 0.6591516000)
(-0.4437913000, 0.6099615000, 0.6564903000)
(-0.4413263000, 0.6062925000, 0.6615338000)
(-0.4401710000, 0.6066625000, 0.6619737000)
(-0.4373620000, 0.6065175000, 0.6639562000)
(-0.4362350000, 0.6066210000, 0.6646065000)
(-0.4292991000, 0.6062142000, 0.6694609000)
(-0.4297715000, 0.6057621000, 0.6695765000)
(-0.4292221000, 0.6056330000, 0.6700419000)
(-0.4298227000, 0.6054989000, 0.6697915000)
(-0.4306976000, 0.6061720000, 0.6686143000)
(-0.4295210000, 0.6068029000, 0.6687911000)
(-0.4311527000, 0.6072240000, 0.6673566000)
(-0.4317707000, 0.6071370000, 0.6670480000)
(-0.4316445000, 0.6081737000, 0.6661701000)
(-0.4313001000, 0.6084597000, 0.6661315000)
(-0.4314704000, 0.6078258000, 0.6666145000)
(-0.4320992000, 0.6071729000, 0.6667989000)
(-0.4311362000, 0.6073419000, 0.6672599000)
(-0.4301821000, 0.6080200000, 0.6672741000)
(-0.4285409000, 0.6099674000, 0.6665449000)
(-0.4284887000, 0.6102326000, 0.6663332000)
(-0.4272791000, 0.6172944000, 0.6605787000)
(-0.4461786000, 0.6095765000, 0.6552277000)
(-0.4279603000, 0.6037060000, 0.6725921000)
(0.0000000000, 0.0000000000, 0.0000000000)
(0.0000000000, 0.0000000000, 0.0000000000)
(0.0000000000, 0.0000000000, 0.0000000000)
(0.0000000000, 0.0000000000, 0.0000000000)
(0.0000000000, 0.0000000000, 0.0000000000)
(0.0000000000, 0.0000000000, 0.0000000000)
(-0.4262017000, 0.5974406000, 0.6792564000)
(-0.4470474000, 0.6033111000, 0.6604183000)
(-0.4425999000, 0.6090437000, 0.6581363000)
(-0.4359017000, 0.6079189000, 0.6636390000)
(-0.4364055000, 0.6145949000, 0.6571195000)
(-0.4353944000, 0.6095185000, 0.6624972000)
(-0.4357001000, 0.6051759000, 0.6662779000)
(-0.4369756000, 0.6132083000, 0.6580395000)
(-0.4369466000, 0.6144810000, 0.6568670000)
(-0.4376563000, 0.6144848000, 0.6563910000)
(-0.4384075000, 0.6132895000, 0.6570104000)
(-0.4387944000, 0.6139726000, 0.6561024000)
(-0.4387316000, 0.6143054000, 0.6558478000)
(-0.4387999000, 0.6142693000, 0.6558371000)
(-0.4384174000, 0.6150283000, 0.6553661000)
(-0.4379012000, 0.6140850000, 0.6566103000)
(-0.4375231000, 0.6143829000, 0.6565788000)
(-0.4377730000, 0.6148822000, 0.6559343000)
(-0.4413381000, 0.6135289000, 0.6548083000)
(-0.4419424000, 0.6170608000, 0.6510811000)
(-0.4422494000, 0.6175917000, 0.6503708000)
(-0.4397440000, 0.6170685000, 0.6525587000)
(-0.4342467000, 0.6162124000, 0.6570329000)
(-0.4344730000, 0.6156343000, 0.6574332000)
(-0.4358945000, 0.6158864000, 0.6562477000)
(-0.4354437000, 0.6169556000, 0.6555490000)
(-0.4359557000, 0.6180686000, 0.6541453000)
(-0.4355314000, 0.6033775000, 0.6680117000)
(-0.4346851000, 0.6120122000, 0.6606565000)
(-0.4379483000, 0.6126150000, 0.6579357000)
(-0.4362678000, 0.6135292000, 0.6582022000)
(-0.4337639000, 0.6116979000, 0.6615655000)
(-0.4342556000, 0.6122547000, 0.6607111000)
(-0.4357156000, 0.6126154000, 0.6594217000)
(-0.4348806000, 0.6128297000, 0.6597712000)
(-0.4326745000, 0.6138537000, 0.6602844000)
(-0.4325209000, 0.6151720000, 0.6591485000)
(-0.4327237000, 0.6160835000, 0.6581656000)
(-0.4264140000, 0.6171779000, 0.6612477000)
(-0.4240740000, 0.6178594000, 0.6621230000)
(-0.4241799000, 0.6181149000, 0.6618133000)
(-0.4289750000, 0.6216747000, 0.6553407000)
(-0.4292392000, 0.6231477000, 0.6537819000)
(-0.4291700000, 0.6255932000, 0.6514906000)
(-0.4309494000, 0.6171541000, 0.6583240000)
(-0.4293709000, 0.6145939000, 0.6617488000)
(-0.4270767000, 0.6158288000, 0.6620705000)
(-0.4278226000, 0.6157084000, 0.6617104000)
(-0.4286707000, 0.6158010000, 0.6610610000)
(-0.4288998000, 0.6151130000, 0.6615639000)
(-0.4254830000, 0.6106658000, 0.6678510000)
(-0.4262379000, 0.6106489000, 0.6674035000)
(-0.4264458000, 0.6110005000, 0.6669354000)
(-0.4318084000, 0.6107955000, 0.6636584000)
(-0.4322127000, 0.6120322000, 0.6622595000)
(-0.4326274000, 0.6122144000, 0.6618312000)
(-0.4334745000, 0.6128367000, 0.6606923000)
(-0.4328062000, 0.6145048000, 0.6595922000)
(-0.4325505000, 0.6144502000, 0.6597911000)
(-0.4323585000, 0.6143694000, 0.6599956000)
(-0.4335506000, 0.6147889000, 0.6588263000)
(-0.4343295000, 0.6144315000, 0.6586490000)
(-0.4345135000, 0.6149061000, 0.6580738000)
(-0.4329775000, 0.6172630000, 0.6568897000)
(-0.4328977000, 0.6187003000, 0.6555972000)
(-0.4378969000, 0.6162355000, 0.6545818000)
(-0.4462532000, 0.5808157000, 0.6808069000)
(-0.4419667000, 0.5874780000, 0.6778767000)
(-0.4410622000, 0.5894921000, 0.6767215000)
(-0.4348937000, 0.5972975000, 0.6738552000)
(-0.4366797000, 0.5955570000, 0.6742518000)
(-0.4368715000, 0.5978752000, 0.6720572000)
(-0.4370754000, 0.5990346000, 0.6708897000)
(-0.4375074000, 0.5984929000, 0.6710938000)
(-0.4374064000, 0.6028706000, 0.6672421000)
(-0.4375417000, 0.6029831000, 0.6670419000)
(-0.4367306000, 0.6030864000, 0.6674789000)
(-0.4360351000, 0.6046329000, 0.6665368000)
(-0.4366602000, 0.6066201000, 0.6643165000)
(-0.4378867000, 0.6080620000, 0.6621963000)
(-0.4375807000, 0.6092528000, 0.6613110000)
(-0.4377776000, 0.6116773000, 0.6589386000)
(-0.4380776000, 0.6145356000, 0.6560574000)
(-0.4383625000, 0.6161235000, 0.6543766000)
(-0.4385341000, 0.6180665000, 0.6524302000)
(-0.4372794000, 0.6200541000, 0.6513907000)
(-0.4375462000, 0.6219566000, 0.6493981000)
(-0.4376559000, 0.6237486000, 0.6475917000)
(-0.4291986000, 0.6105350000, 0.6655883000)
(-0.4244554000, 0.6162882000, 0.6633412000)
(-0.4258016000, 0.6155050000, 0.6631953000)
(-0.4294896000, 0.6112485000, 0.6647617000)
(-0.4302405000, 0.6104387000, 0.6650137000)
(-0.4303176000, 0.6104695000, 0.6649324000)
(-0.4306179000, 0.6101122000, 0.6650757000)
(-0.4314454000, 0.6106969000, 0.6639948000)
(-0.4320098000, 0.6128579000, 0.6616259000)
(-0.4330364000, 0.6138942000, 0.6599969000)
(-0.4367198000, 0.6081567000, 0.6628836000)
(-0.4402483000, 0.6048486000, 0.6635780000)
(-0.4408542000, 0.6014277000, 0.6662796000)
(-0.4382860000, 0.6067109000, 0.6631781000)
(-0.4292795000, 0.6158944000, 0.6605887000)
(-0.4296478000, 0.6176069000, 0.6587524000)
(-0.4299762000, 0.6189258000, 0.6572989000)
(-0.4286206000, 0.6212271000, 0.6560042000)
(-0.4293180000, 0.6224380000, 0.6544079000)
(-0.4300599000, 0.6219870000, 0.6543445000)
(-0.4308862000, 0.6230639000, 0.6527675000)
(-0.4306141000, 0.6257443000, 0.6503891000)
(-0.4310733000, 0.6267015000, 0.6491694000)
(-0.4291078000, 0.6297970000, 0.6474506000)
(-0.4217380000, 0.6363466000, 0.6459077000)
(-0.4210177000, 0.6357415000, 0.6469675000)
(-0.4204270000, 0.6223679000, 0.6602189000)
(-0.4219281000, 0.6264197000, 0.6553988000)
(-0.4230185000, 0.6244468000, 0.6565800000)
(-0.4335489000, 0.6193097000, 0.6545803000)
(-0.4323546000, 0.6209628000, 0.6537970000)
(-0.4325376000, 0.6207410000, 0.6538871000)
(-0.4333380000, 0.6205920000, 0.6534980000)
(-0.4360185000, 0.6201823000, 0.6521071000)
(-0.4355003000, 0.6202387000, 0.6523982000)
(-0.4351057000, 0.6200387000, 0.6528502000)
(-0.4342234000, 0.6203120000, 0.6531762000)
(-0.4346385000, 0.6200593000, 0.6531417000)
(-0.4352756000, 0.6195474000, 0.6532068000)
(-0.4352122000, 0.6205790000, 0.6522647000)
(-0.4349528000, 0.6222127000, 0.6508771000)
(-0.4349872000, 0.6223330000, 0.6507394000)
(-0.4349084000, 0.6226365000, 0.6505024000)
(-0.4327649000, 0.6229463000, 0.6516308000)
(-0.4302881000, 0.6254339000, 0.6509025000)
(-0.4311562000, 0.6270006000, 0.6488075000)
(-0.4332247000, 0.6265839000, 0.6478294000)
(-0.4333130000, 0.6261693000, 0.6481901000)
(-0.4343314000, 0.6246552000, 0.6489579000)
(-0.4486790000, 0.6208057000, 0.6428604000)
(-0.4494975000, 0.6225803000, 0.6405776000)
(-0.4467204000, 0.6249049000, 0.6402533000)
(-0.4371324000, 0.6330010000, 0.6389192000)
(-0.4405932000, 0.5781863000, 0.6866943000)
(-0.4439371000, 0.5806734000, 0.6824309000)
(-0.4362413000, 0.5858839000, 0.6829490000)
(-0.4276755000, 0.5921972000, 0.6829168000)
