(0.4562123000, -0.6138346000, 0.6442598000)
(0.4535584000, -0.6194320000, 0.6407483000)
(0.4605233000, -0.6062648000, 0.6483397000)
(0.4550804000, -0.6195320000, 0.6395719000)
(0.4547587000, -0.6220804000, 0.6373274000)
(0.4537399000, -0.6211087000, 0.6390095000)
(0.4695884000, -0.6003263000, 0.6473707000)
(0.4761180000, -0.5988712000, 0.6439286000)
(0.4745978000, -0.6058111000, 0.6385425000)
(0.4808741000, -0.5916541000, 0.6470602000)
(0.4791290000, -0.5942428000, 0.6459860000)
(0.4777201000, -0.5981958000, 0.6433713000)
(0.4759940000, -0.6044494000, 0.6387957000)
(0.4757555000, -0.5978207000, 0.6451662000)
(0.4643626000, -0.6050435000, 0.6467323000)
(0.4647516000, -0.6057965000, 0.6457519000)
(0.4714130000, -0.6011321000, 0.6452912000)
(0.4660802000, -0.5955444000, 0.6542774000)
(0.4679979000, -0.5973488000, 0.6512505000)
(0.4668590000, -0.5952767000, 0.6539658000)
(0.4710582000, -0.5976079000, 0.6488036000)
(0.4773712000, -0.5455436000, 0.6888383000)
(0.4787975000, -0.5189438000, 0.7081169000)
(0.4912441000, -0.5095417000, 0.7064165000)
(0.4922839000, -0.5138460000, 0.7025676000)
(0.4932010000, -0.5092299000, 0.7052887000)
(0.4943490000, -0.5140263000, 0.7009911000)
(0.4832776000, -0.5119558000, 0.7101675000)
(0.4932180000, -0.5109618000, 0.7040145000)
(0.4936301000, -0.5099370000, 0.7044648000)
(0.4947172000, -0.5073480000, 0.7055711000)
(0.4707107000, -0.5122235000, 0.7183712000)
(0.4694450000, -0.5123191000, 0.7191197000)
(0.4950032000, -0.5114295000, 0.7024230000)
(0.4953413000, -0.5117991000, 0.7019233000)
(0.4955359000, -0.5123423000, 0.7013772000)
(0.4953053000, -0.5122380000, 0.7016107000)
(0.4859794000, -0.5101439000, 0.7096226000)
(0.4840544000, -0.5092498000, 0.7115721000)
(0.4840457000, -0.5081448000, 0.7123719000)
(0.4917624000, -0.5093655000, 0.7061841000)
(0.4926411000, -0.5083613000, 0.7062983000)
(0.4856907000, -0.5089447000, 0.7106821000)
(0.4790235000, -0.5056078000, 0.7175592000)
(0.4854048000, -0.5076281000, 0.7118229000)
(0.4896064000, -0.5082857000, 0.7084711000)
(0.4871805000, -0.5055005000, 0.7121245000)
(0.4914578000, -0.5044469000, 0.7099261000)
(0.4915086000, -0.5047708000, 0.7096583000)
(0.5030184000, -0.5029888000, 0.7028326000)
(0.5029937000, -0.5029622000, 0.7028500000)
(0.5032755000, -0.5029675000, 0.7026502000)
(0.5053425000, -0.4999506000, 0.7033260000)
(0.5061586000, -0.4975912000, 0.7044084000)
(0.5063905000, -0.4965430000, 0.7049855000)
(0.4911022000, -0.4970636000, 0.7153466000)
(0.4976102000, -0.4970210000, 0.7108805000)
(0.4967702000, -0.4965505000, 0.7117779000)
(0.4923483000, -0.4978440000, 0.7139456000)
(0.4970026000, -0.4944228000, 0.7130964000)
(0.5074624000, -0.4927150000, 0.7069038000)
(0.5041121000, -0.5000761000, 0.7041063000)
(0.5053115000, -0.4962057000, 0.7059935000)
(0.5074645000, -0.4938987000, 0.7060562000)
(0.5074030000, -0.4953358000, 0.7050917000)
(0.5051717000, -0.4969147000, 0.7055845000)
(0.4735985000, -0.5120298000, 0.7166039000)
(0.4780648000, -0.5080726000, 0.7164480000)
(0.4867335000, -0.5049707000, 0.7127925000)
(0.4918954000, -0.5023620000, 0.7110997000)
(0.4968908000, -0.5000313000, 0.7092569000)
(0.4929731000, -0.5013373000, 0.7110692000)
(0.4888113000, -0.5036224000, 0.7123256000)
(0.4866564000, -0.5052869000, 0.7126200000)
(0.4866441000, -0.5039561000, 0.7135844000)
(0.4877700000, -0.5031250000, 0.7134030000)
(0.4887266000, -0.5029556000, 0.7128626000)
(0.4901220000, -0.5020311000, 0.7125609000)
(0.4908923000, -0.5011720000, 0.7126245000)
(0.4906386000, -0.5000322000, 0.7135971000)
(0.4916707000, -0.4992660000, 0.7134335000)
(0.4926318000, -0.4988285000, 0.7130631000)
(0.4979554000, -0.4971177000, 0.7105690000)
(0.5008307000, -0.4968829000, 0.7087131000)
(0.4913562000, -0.4981017000, 0.7144666000)
(0.4859033000, -0.4987254000, 0.7177465000)
(0.4905702000, -0.4965048000, 0.7160961000)
(0.5010586000, -0.4938277000, 0.7106813000)
(0.5020742000, -0.4931261000, 0.7104427000)
(0.4793783000, -0.4993581000, 0.7216896000)
(0.4946096000, -0.5016753000, 0.7096952000)
(0.4976534000, -0.5009633000, 0.7080613000)
(0.4956576000, -0.5004556000, 0.7098260000)
(0.4849290000, -0.4987510000, 0.7183759000)
(0.4840761000, -0.4988459000, 0.7188936000)
(0.4840283000, -0.4984626000, 0.7191861000)
(0.4838940000, -0.4969700000, 0.7203032000)
(0.4834649000, -0.4978431000, 0.7199969000)
(0.4841025000, -0.4963262000, 0.7206259000)
(0.4875689000, -0.4962107000, 0.7183561000)
(0.4885377000, -0.4963285000, 0.7176227000)
(0.4857933000, -0.4954387000, 0.7200945000)
(0.4815896000, -0.4960271000, 0.7225107000)
(0.4845076000, -0.4965587000, 0.7201750000)
(0.4905454000, -0.4958217000, 0.7165989000)
(0.4961639000, -0.4954323000, 0.7129963000)
(0.4943891000, -0.4938967000, 0.7152799000)
(0.4879304000, -0.4951427000, 0.7188514000)
(0.4820158000, -0.4962572000, 0.7220680000)
(0.4833552000, -0.4939223000, 0.7227572000)
(0.4863056000, -0.4949748000, 0.7200688000)
(0.4884912000, -0.4929288000, 0.7199866000)
(0.4867783000, -0.4914232000, 0.7221679000)
(0.4916330000, -0.4931429000, 0.7177008000)
(0.4997167000, -0.4961511000, 0.7100033000)
(0.4997546000, -0.4971895000, 0.7092540000)
(0.4968547000, -0.4983324000, 0.7104810000)
(0.4912015000, -0.4964930000, 0.7156861000)
(0.4890420000, -0.4969889000, 0.7168230000)
(0.4905533000, -0.4963210000, 0.7162375000)
(0.4920748000, -0.4964276000, 0.7151312000)
(0.4900714000, -0.4962315000, 0.7166356000)
(0.4879330000, -0.4969350000, 0.7176075000)
(0.4922849000, -0.4945202000, 0.7163101000)
(0.4945362000, -0.4943340000, 0.7148709000)
(0.4933838000, -0.4941275000, 0.7158161000)
(0.4858921000, -0.4932375000, 0.7215416000)
(0.4949998000, -0.4842212000, 0.7214457000)
(0.4885614000, -0.4945534000, 0.7188196000)
(0.4747500000, -0.4953094000, 0.7275153000)
(0.4835858000, -0.4948555000, 0.7219778000)
(0.4895073000, -0.4942203000, 0.7184045000)
(0.4847107000, -0.4950337000, 0.7210923000)
(0.4814665000, -0.4934375000, 0.7243511000)
(0.4873247000, -0.4947529000, 0.7195312000)
(0.4873896000, -0.4959286000, 0.7186633000)
(0.4877505000, -0.4964753000, 0.7180425000)
(0.4885695000, -0.4962843000, 0.7176356000)
(0.4892042000, -0.4959891000, 0.7173872000)
(0.4916571000, -0.4966907000, 0.7152334000)
(0.4969410000, -0.4997139000, 0.7094538000)
(0.4957119000, -0.4989177000, 0.7108780000)
(0.4922098000, -0.4981925000, 0.7137953000)
(0.4915155000, -0.4980010000, 0.7144129000)
(0.4915469000, -0.4983150000, 0.7141863000)
(0.4919205000, -0.4961770000, 0.7154003000)
(0.4933814000, -0.4959922000, 0.7145264000)
(0.5004765000, -0.4960439000, 0.7095442000)
(0.5005072000, -0.4949964000, 0.7102527000)
(0.4954081000, -0.4957428000, 0.7133037000)
(0.4922090000, -0.4969500000, 0.7146692000)
(0.4920619000, -0.4966817000, 0.7149621000)
(0.4909344000, -0.4964414000, 0.7158915000)
(0.4924217000, -0.4949822000, 0.7158884000)
(0.4930159000, -0.4951069000, 0.7153921000)
(0.4927434000, -0.4949369000, 0.7157018000)
(0.4942957000, -0.4954048000, 0.7143132000)
(0.4936612000, -0.4949172000, 0.7150815000)
(0.4922351000, -0.4947751000, 0.7161509000)
(0.4925766000, -0.4953691000, 0.7155067000)
(0.4939680000, -0.4952435000, 0.7146348000)
(0.4934795000, -0.4947051000, 0.7153580000)
(0.4924199000, -0.4954593000, 0.7155517000)
(0.4931521000, -0.4956638000, 0.7149181000)
(0.4929558000, -0.4945906000, 0.7157841000)
(0.4976651000, -0.4925590000, 0.7139421000)
(0.5056208000, -0.4919623000, 0.7087432000)
(0.5073593000, -0.4918745000, 0.7075453000)
(0.4974671000, -0.4926321000, 0.7140275000)
(0.4965649000, -0.4964711000, 0.7119809000)
(0.4771349000, -0.4973680000, 0.7245330000)
(0.4916297000, -0.4997123000, 0.7131462000)
(0.4945857000, -0.4991963000, 0.7114531000)
(0.4882955000, -0.4975084000, 0.7169697000)
(0.4982064000, -0.4992629000, 0.7088816000)
(0.4980534000, -0.5005009000, 0.7081221000)
(0.4989627000, -0.4997882000, 0.7079823000)
(0.4987737000, -0.4999919000, 0.7079650000)
(0.4977785000, -0.4997872000, 0.7088009000)
(0.4991741000, -0.5009723000, 0.7069861000)
(0.4918304000, -0.4994549000, 0.7131941000)
(0.4899749000, -0.5004810000, 0.7137379000)
(0.4975623000, -0.5016381000, 0.7076642000)
(0.5017334000, -0.5026969000, 0.7039586000)
(0.4994039000, -0.5009785000, 0.7068228000)
(0.4968379000, -0.5003145000, 0.7090957000)
(0.4974401000, -0.5010536000, 0.7081476000)
(0.5031859000, -0.5015766000, 0.7037159000)
(0.5113284000, -0.5047292000, 0.6955414000)
(0.5124049000, -0.5024466000, 0.6963947000)
(0.5041102000, -0.5010656000, 0.7034223000)
(0.5021735000, -0.5001087000, 0.7054871000)
(0.5045910000, -0.5009195000, 0.7031736000)
(0.5053348000, -0.5011160000, 0.7024959000)
(0.5016976000, -0.5013260000, 0.7049456000)
(0.5026897000, -0.5031474000, 0.7029539000)
(0.5035548000, -0.5028236000, 0.7025651000)
(0.5009841000, -0.5023160000, 0.7047483000)
(0.5003436000, -0.5023223000, 0.7052101000)
(0.4990945000, -0.5011405000, 0.7069204000)
(0.5067781000, -0.5012076000, 0.7013921000)
(0.5128933000, -0.5008106000, 0.6972109000)
(0.5143543000, -0.4982865000, 0.6979592000)
(0.5040529000, -0.4958921000, 0.7071117000)
(0.5008810000, -0.4975655000, 0.7081895000)
(0.5060041000, -0.4947972000, 0.7064859000)
(0.5096455000, -0.4919470000, 0.7058470000)
(0.5085377000, -0.4926010000, 0.7061892000)
(0.5058747000, -0.4935744000, 0.7074336000)
(0.5027673000, -0.4940340000, 0.7093179000)
(0.5043892000, -0.4932349000, 0.7087288000)
(0.5092973000, -0.4916305000, 0.7063370000)
(0.5044193000, -0.4932108000, 0.7087190000)
(0.4989326000, -0.4973977000, 0.7096776000)
(0.4962247000, -0.4988081000, 0.7105789000)
(0.4995379000, -0.4952185000, 0.7107803000)
(0.5016179000, -0.4946217000, 0.7097273000)
(0.5010216000, -0.4927900000, 0.7114133000)
(0.5018526000, -0.4925269000, 0.7110077000)
(0.5018507000, -0.4931499000, 0.7105815000)
(0.5022965000, -0.4921360000, 0.7109818000)
(0.5085910000, -0.5022370000, 0.6993355000)
(0.5115047000, -0.5013292000, 0.6978698000)
(0.5030294000, -0.5001574000, 0.7048222000)
(0.4990084000, -0.4997782000, 0.7079589000)
(0.5014295000, -0.4987843000, 0.7069334000)
(0.5079029000, -0.5007825000, 0.7008757000)
(0.5065829000, -0.5020008000, 0.7009594000)
(0.5082248000, -0.4991499000, 0.7018109000)
(0.5074040000, -0.4983352000, 0.7029852000)
(0.5061103000, -0.4980395000, 0.7041328000)
(0.5053425000, -0.4988425000, 0.7041053000)
(0.5047793000, -0.4993223000, 0.7041744000)
(0.5068648000, -0.4922827000, 0.7076135000)
(0.5090954000, -0.4911961000, 0.7067748000)
(0.5078639000, -0.4934268000, 0.7061030000)
(0.5101789000, -0.4931073000, 0.7046534000)
(0.5197572000, -0.4964842000, 0.6952201000)
(0.5202084000, -0.4954330000, 0.6956412000)
(0.5152938000, -0.4926789000, 0.7012370000)
(0.5083927000, -0.4931397000, 0.7059242000)
(0.5085075000, -0.4920359000, 0.7066138000)
(0.5079600000, -0.4914947000, 0.7073835000)
(0.5072227000, -0.4927761000, 0.7070144000)
(0.5077630000, -0.4926879000, 0.7067046000)
(0.5085178000, -0.4923054000, 0.7064134000)
(0.5113349000, -0.4984206000, 0.7000762000)
(0.4979614000, -0.5225960000, 0.6920404000)
(0.4862294000, -0.5440241000, 0.6838045000)
(0.4803414000, -0.5481047000, 0.6847066000)
(0.4819286000, -0.5494043000, 0.6825656000)
(0.4836310000, -0.5477764000, 0.6826618000)
(0.4947933000, -0.5456785000, 0.6763077000)
(0.4981750000, -0.5466715000, 0.6730267000)
(0.4965939000, -0.5463890000, 0.6744257000)
(0.4958203000, -0.5463887000, 0.6749817000)
(0.4961206000, -0.5449626000, 0.6759114000)
(0.4964113000, -0.5445694000, 0.6760172000)
(0.4955116000, -0.5440843000, 0.6770701000)
(0.4967892000, -0.5444384000, 0.6758464000)
(0.5006253000, -0.5432383000, 0.6739773000)
(0.5026372000, -0.5419511000, 0.6735311000)
(0.5024970000, -0.5409001000, 0.6744605000)
(0.5022300000, -0.5407043000, 0.6748224000)
(0.5007261000, -0.5393288000, 0.6770437000)
(0.5011298000, -0.5385602000, 0.6773474000)
(0.5069215000, -0.5365038000, 0.6746761000)
(0.5069377000, -0.5352032000, 0.6756879000)
(0.5017830000, -0.5366741000, 0.6783674000)
(0.5009586000, -0.5365768000, 0.6790465000)
(0.5017628000, -0.5351965000, 0.6795459000)
(0.5024409000, -0.5344377000, 0.6796381000)
(0.5026608000, -0.5345321000, 0.6794021000)
(0.5028846000, -0.5346979000, 0.6791124000)
(0.5066940000, -0.5336351000, 0.6771134000)
(0.5101097000, -0.5321984000, 0.6756848000)
(0.5065842000, -0.5321955000, 0.6783228000)
(0.5064033000, -0.5327181000, 0.6780592000)
(0.5061812000, -0.5341337000, 0.6771122000)
(0.5057548000, -0.5339323000, 0.6775719000)
(0.4715109000, -0.5263122000, 0.7075812000)
(0.4703269000, -0.5258104000, 0.7087384000)
(0.4689726000, -0.5258393000, 0.7096020000)
(0.4730212000, -0.5265343000, 0.7064003000)
(0.4789819000, -0.5235740000, 0.7045762000)
(0.4817833000, -0.5235381000, 0.7026870000)
(0.4741569000, -0.5231832000, 0.7081254000)
(0.4730814000, -0.5197954000, 0.7113261000)
(0.4893624000, -0.5204225000, 0.6997555000)
(0.5048702000, -0.5233704000, 0.6864253000)
(0.5046838000, -0.5228984000, 0.6869209000)
(0.5044289000, -0.5192533000, 0.6898614000)
(0.4954960000, -0.5187883000, 0.6966471000)
(0.4965412000, -0.5172753000, 0.6970348000)
(0.5077392000, -0.5145461000, 0.6909713000)
(0.5122201000, -0.5075880000, 0.6928072000)
(0.4954264000, -0.5032364000, 0.7080118000)
(0.0000000000, 0.0000000000, 0.0000000000)
(0.0000000000, 0.0000000000, 0.0000000000)
(0.0000000000, 0.0000000000, 0.0000000000)
(0.0000000000, 0.0000000000, 0.0000000000)
(0.0000000000, 0.0000000000, 0.0000000000)
(0.0000000000, 0.0000000000, 0.0000000000)
(0.0000000000, 0.0000000000, 0.0000000000)
(0.0000000000, 0.0000000000, 0.0000000000)
(0.0000000000, 0.0000000000, 0.0000000000)
(0.0000000000, 0.0000000000, 0.0000000000)
(0.0000000000, 0.0000000000, 0.0000000000)
(0.0000000000, 0.0000000000, 0.0000000000)
(0.0000000000, 0.0000000000, 0.0000000000)
(0.4760293000, -0.4737512000, 0.7409109000)
(0.4755740000, -0.4734881000, 0.7413654000)
(0.4776547000, -0.5058430000, 0.7183083000)
(0.4827473000, -0.4710226000, 0.7382840000)
(0.4800185000, -0.4752146000, 0.7373763000)
(0.4869680000, -0.4841821000, 0.7269126000)
(0.4948200000, -0.4844000000, 0.7214571000)
(0.4880710000, -0.4945181000, 0.7191846000)
(0.4993130000, -0.4859883000, 0.7172857000)
(0.4891413000, -0.4932924000, 0.7193044000)
(0.4898265000, -0.4922659000, 0.7195258000)
(0.4709239000, -0.4702689000, 0.7463628000)
(0.4695437000, -0.4720726000, 0.7460871000)
(0.4698378000, -0.4714053000, 0.7463279000)
(0.4832171000, -0.4648710000, 0.7418830000)
(0.5003079000, -0.4829814000, 0.7186233000)
(0.5020302000, -0.4804257000, 0.7191209000)
(0.4846271000, -0.4710761000, 0.7370217000)
(0.4802473000, -0.4703007000, 0.7403797000)
(0.4847363000, -0.4727267000, 0.7359071000)
(0.4883114000, -0.4741338000, 0.7326276000)
(0.5029674000, -0.4883066000, 0.7131470000)
(0.5199627000, -0.4969002000, 0.6947743000)
(0.5156665000, -0.4955025000, 0.6989672000)
(0.5206032000, -0.4869461000, 0.7013090000)
(0.5102686000, -0.4878951000, 0.7082173000)
(0.5041627000, -0.4884537000, 0.7121857000)
(0.4996683000, -0.4858193000, 0.7171370000)
(0.4959617000, -0.4836310000, 0.7211893000)
(0.5015395000, -0.4849505000, 0.7164155000)
(0.5071744000, -0.4888626000, 0.7097738000)
(0.5136275000, -0.4909911000, 0.7036223000)
(0.5246089000, -0.4901488000, 0.6960866000)
(0.5307845000, -0.4879616000, 0.6929315000)
(0.5344800000, -0.4907531000, 0.6880950000)
(0.5305771000, -0.4906877000, 0.6911458000)
(0.5286781000, -0.4899694000, 0.6931195000)
(0.5315983000, -0.4916658000, 0.6896819000)
(0.5335625000, -0.4921324000, 0.6878295000)
(0.5379361000, -0.4933312000, 0.6835460000)
(0.5394721000, -0.4931018000, 0.6825023000)
(0.5382578000, -0.4920447000, 0.6842207000)
(0.5355346000, -0.4892490000, 0.6883572000)
(0.5339356000, -0.4886975000, 0.6899709000)
(0.5354723000, -0.4888197000, 0.6886966000)
(0.5376011000, -0.4885090000, 0.6872555000)
(0.5480809000, -0.4904157000, 0.6775663000)
(0.5484567000, -0.4888054000, 0.6784129000)
(0.5482197000, -0.4882252000, 0.6790197000)
(0.5372091000, -0.4855405000, 0.6896642000)
(0.5288565000, -0.4955387000, 0.6890160000)
(0.5231759000, -0.5038331000, 0.6873241000)
(0.5226318000, -0.5063300000, 0.6859097000)
(0.5243966000, -0.5052897000, 0.6853303000)
(0.5147611000, -0.5043718000, 0.6932630000)
(0.5143814000, -0.5039436000, 0.6938598000)
(0.5150097000, -0.5035477000, 0.6936716000)
(0.5154800000, -0.5027172000, 0.6939393000)
(0.5187092000, -0.5029632000, 0.6913369000)
(0.5199584000, -0.5028069000, 0.6905273000)
(0.5178772000, -0.4998442000, 0.6942312000)
(0.5157343000, -0.4978530000, 0.6972338000)
(0.5148411000, -0.4956062000, 0.6994876000)
(0.5140208000, -0.4950618000, 0.7004868000)
(0.5154618000, -0.4954767000, 0.6991293000)
(0.5197962000, -0.4955696000, 0.6958561000)
(0.5145120000, -0.4935171000, 0.7012150000)
(0.5148357000, -0.4927812000, 0.7014996000)
(0.5151625000, -0.4931383000, 0.7009940000)
(0.5236568000, -0.4926347000, 0.6950377000)
(0.5270861000, -0.4918623000, 0.6929857000)
(0.5270218000, -0.4917529000, 0.6931191000)
(0.5125583000, -0.5037953000, 0.6953134000)
(0.5050834000, -0.5230470000, 0.6865036000)
(0.5089302000, -0.5129714000, 0.6912494000)
(0.4951866000, -0.5086951000, 0.7042828000)
(0.4900961000, -0.5098010000, 0.7070239000)
(0.4912935000, -0.5093249000, 0.7065393000)
(0.4986647000, -0.5126367000, 0.6989450000)
(0.4937069000, -0.5123350000, 0.7026670000)
(0.4939196000, -0.5136877000, 0.7015280000)
(0.5011311000, -0.5148641000, 0.6955336000)
(0.5040715000, -0.5144971000, 0.6936848000)
(0.5028581000, -0.5139836000, 0.6949313000)
(0.5025944000, -0.5116970000, 0.6968217000)
(0.5022738000, -0.5108367000, 0.6976774000)
(0.5037086000, -0.5087333000, 0.6981757000)
(0.5064404000, -0.5058600000, 0.6982870000)
(0.5080352000, -0.5021418000, 0.6998172000)
(0.5076949000, -0.5019199000, 0.7002130000)
(0.5073338000, -0.5014681000, 0.7008075000)
(0.5073501000, -0.5007322000, 0.7013187000)
(0.5102209000, -0.4996721000, 0.6999973000)
(0.5149763000, -0.4980473000, 0.6976593000)
(0.5110413000, -0.5056886000, 0.6950613000)
(0.5068210000, -0.5043187000, 0.6991297000)
(0.5053775000, -0.5051752000, 0.6995588000)
(0.5030570000, -0.5001811000, 0.7047852000)
(0.4881587000, -0.5031731000, 0.7130968000)
(0.4879443000, -0.5079171000, 0.7098620000)
(0.4855534000, -0.5044716000, 0.7139644000)
(0.4909302000, -0.5049618000, 0.7099231000)
(0.4960722000, -0.5048521000, 0.7064078000)
(0.4960374000, -0.5047187000, 0.7065286000)
(0.4949903000, -0.5047601000, 0.7072441000)
(0.4950428000, -0.5053671000, 0.7067727000)
(0.4965570000, -0.5040674000, 0.7066398000)
(0.4999824000, -0.5031264000, 0.7048827000)
(0.5014809000, -0.5024213000, 0.7043167000)
(0.5004191000, -0.5020223000, 0.7053571000)
(0.4965488000, -0.5017818000, 0.7082649000)
(0.4981340000, -0.4998403000, 0.7085224000)
(0.4995546000, -0.4992904000, 0.7079132000)
(0.4981261000, -0.4998643000, 0.7085081000)
(0.4954073000, -0.5001158000, 0.7102468000)
(0.4968759000, -0.5003498000, 0.7090443000)
(0.5024150000, -0.4975097000, 0.7071503000)
(0.5027926000, -0.4961711000, 0.7078077000)
(0.4875730000, -0.5024883000, 0.7139727000)
(0.4887540000, -0.5007647000, 0.7143723000)
(0.4874796000, -0.5053078000, 0.7120554000)
(0.4905950000, -0.5044653000, 0.7105107000)
(0.4847121000, -0.5009989000, 0.7169750000)
(0.4859409000, -0.5017877000, 0.7155817000)
(0.5048485000, -0.5038333000, 0.7009088000)
(0.4956899000, -0.5032144000, 0.7078491000)
(0.4990594000, -0.5017676000, 0.7065163000)
(0.4985824000, -0.5004990000, 0.7077354000)
(0.4963857000, -0.5023379000, 0.7079756000)
(0.5026680000, -0.5024785000, 0.7034312000)
(0.4937147000, -0.5005568000, 0.7110988000)
(0.4914346000, -0.5011460000, 0.7122712000)
(0.4912045000, -0.5014927000, 0.7121821000)
(0.4910351000, -0.5015106000, 0.7122850000)
(0.4925759000, -0.5010394000, 0.7115604000)
(0.4945845000, -0.5012417000, 0.7100282000)
(0.4953747000, -0.5013964000, 0.7093514000)
(0.4944215000, -0.5013652000, 0.7100533000)
(0.4951677000, -0.5016969000, 0.7093003000)
(0.4957268000, -0.5008963000, 0.7094680000)
(0.4954864000, -0.5006536000, 0.7098079000)
(0.4948522000, -0.5004966000, 0.7103598000)
(0.4973125000, -0.5006186000, 0.7085510000)
(0.4987024000, -0.5015063000, 0.7069350000)
(0.4997171000, -0.5019832000, 0.7058877000)
(0.5002837000, -0.5034322000, 0.7044581000)
(0.5004913000, -0.5036019000, 0.7041955000)
(0.5004197000, -0.5036131000, 0.7042342000)
(0.5004068000, -0.5037943000, 0.7041132000)
(0.5004066000, -0.5031304000, 0.7045913000)
(0.4999874000, -0.5028502000, 0.7050807000)
(0.4991681000, -0.5023537000, 0.7060239000)
(0.4971558000, -0.5006024000, 0.7086726000)
(0.4984234000, -0.4979718000, 0.7096428000)
(0.4965211000, -0.5013946000, 0.7085609000)
(0.5110313000, -0.4936046000, 0.7036844000)
(0.5075508000, -0.5045387000, 0.6984301000)
(0.5318201000, -0.5357911000, 0.6558044000)
(0.0000000000, 0.0000000000, 0.0000000000)
(0.0000000000, 0.0000000000, 0.0000000000)
(0.0000000000, 0.0000000000, 0.0000000000)
(0.0000000000, 0.0000000000, 0.0000000000)
(0.0000000000, 0.0000000000, 0.0000000000)
(0.0000000000, 0.0000000000, 0.0000000000)
(0.0000000000, 0.0000000000, 0.0000000000)
(0.0000000000, 0.0000000000, 0.0000000000)
(0.0000000000, 0.0000000000, 0.0000000000)
(0.0000000000, 0.0000000000, 0.0000000000)
(0.0000000000, 0.0000000000, 0.0000000000)
(0.0000000000, 0.0000000000, 0.0000000000)
(0.0000000000, 0.0000000000, 0.0000000000)
(0.0000000000, 0.0000000000, 0.0000000000)
(0.0000000000, 0.0000000000, 0.0000000000)
(0.0000000000, 0.0000000000, 0.0000000000)
(0.0000000000, 0.0000000000, 0.0000000000)
(0.0000000000, 0.0000000000, 0.0000000000)
(0.4838217000, -0.5011540000, 0.7174572000)
(0.4971073000, -0.5040896000, 0.7062207000)
(0.4888897000, -0.5313835000, 0.6918150000)
(0.4751817000, -0.5160525000, 0.7126591000)
(0.4834686000, -0.5011759000, 0.7176862000)
(0.4866105000, -0.5131658000, 0.7070134000)
(0.4762060000, -0.5091221000, 0.7169507000)
(0.4772220000, -0.5041071000, 0.7198039000)
(0.4810614000, -0.5086129000, 0.7140496000)
(0.4870954000, -0.5031201000, 0.7138513000)
(0.4808123000, -0.5012426000, 0.7194067000)
(0.4799453000, -0.4989283000, 0.7216029000)
(0.4808039000, -0.5000579000, 0.7202427000)
(0.5004472000, -0.5060942000, 0.7024319000)
(0.5076901000, -0.5069223000, 0.6966188000)
(0.5065168000, -0.5095949000, 0.6955100000)
(0.4966167000, -0.5045964000, 0.7062159000)
(0.4964943000, -0.5051267000, 0.7059192000)
(0.4968442000, -0.5056801000, 0.7052789000)
(0.4969364000, -0.5060923000, 0.7049196000)
(0.4989115000, -0.5071303000, 0.7027686000)
(0.5067970000, -0.5109437000, 0.6943280000)
(0.5065916000, -0.5127885000, 0.6930974000)
(0.5067202000, -0.5130048000, 0.6928516000)
(0.5055392000, -0.5117347000, 0.6946488000)
(0.4927080000, -0.5033073000, 0.7098609000)
(0.4907238000, -0.5023797000, 0.7118958000)
(0.4895524000, -0.5008658000, 0.7137701000)
(0.4888748000, -0.5004454000, 0.7145175000)
(0.4825610000, -0.5177191000, 0.7064578000)
(0.4860907000, -0.5247201000, 0.6988438000)
(0.5038976000, -0.5235611000, 0.6869935000)
(0.5069554000, -0.5233329000, 0.6849174000)
(0.4890278000, -0.5218656000, 0.6989325000)
(0.4881774000, -0.5224625000, 0.6990674000)
(0.4887308000, -0.5222666000, 0.6988257000)
(0.4911798000, -0.5221837000, 0.6971726000)
(0.4926448000, -0.5222616000, 0.6960845000)
(0.4924916000, -0.5212176000, 0.6969814000)
(0.4916866000, -0.5209011000, 0.6977858000)
(0.4921730000, -0.5209776000, 0.6973739000)
(0.4933498000, -0.5206901000, 0.6967679000)
(0.4940001000, -0.5196057000, 0.6970980000)
(0.4944005000, -0.5184181000, 0.6976973000)
(0.4982041000, -0.5183697000, 0.6950422000)
(0.5008137000, -0.5184348000, 0.6931074000)
(0.5026358000, -0.5189456000, 0.6913940000)
(0.5030868000, -0.5188841000, 0.6911231000)
(0.5024894000, -0.5188583000, 0.6915805000)
(0.4974789000, -0.5189657000, 0.6951147000)
(0.4917007000, -0.5175217000, 0.7002684000)
(0.4940958000, -0.5168062000, 0.6991264000)
(0.4970709000, -0.5158817000, 0.6976923000)
(0.4969828000, -0.5155768000, 0.6979720000)
(0.4968042000, -0.5155577000, 0.6981294000)
(0.4975213000, -0.5143636000, 0.6984925000)
(0.4977276000, -0.5146375000, 0.6981331000)
(0.4979065000, -0.5144956000, 0.6981110000)
(0.4985473000, -0.5147831000, 0.6974385000)
(0.4987583000, -0.5152282000, 0.6969719000)
(0.4990052000, -0.5152473000, 0.6967702000)
(0.4993936000, -0.5153548000, 0.6964214000)
(0.4992255000, -0.5147718000, 0.6969781000)
(0.4989924000, -0.5142685000, 0.6975006000)
(0.4994302000, -0.5135801000, 0.6976926000)
(0.4998725000, -0.5132760000, 0.6976045000)
(0.5011989000, -0.5133441000, 0.6965989000)
(0.5024273000, -0.5136065000, 0.6955387000)
(0.5029470000, -0.5134237000, 0.6952881000)
(0.5032578000, -0.5128865000, 0.6954604000)
(0.5023295000, -0.5117766000, 0.6969430000)
(0.5020562000, -0.5113966000, 0.6974248000)
(0.5019166000, -0.5104569000, 0.6982182000)
(0.5018137000, -0.5105691000, 0.6982089000)
(0.5018889000, -0.5108858000, 0.6979085000)
(0.5016761000, -0.5104614000, 0.6983809000)
(0.5013765000, -0.5100175000, 0.6989291000)
(0.4932857000, -0.4972964000, 0.7136919000)
(0.4981548000, -0.4893164000, 0.7158270000)
(0.4949119000, -0.4911498000, 0.7168081000)
(0.4948973000, -0.4943868000, 0.7146027000)
(0.4906922000, -0.4923427000, 0.7188879000)
(0.4940012000, -0.4923615000, 0.7166123000)
(0.4874467000, -0.4945013000, 0.7196227000)
(0.4877499000, -0.4962940000, 0.7181668000)
(0.4878398000, -0.4957280000, 0.7185136000)
(0.4867980000, -0.4959354000, 0.7190590000)
(0.4871329000, -0.4958141000, 0.7189175000)
(0.4870448000, -0.4970751000, 0.7181150000)
(0.4904850000, -0.4950135000, 0.7171967000)
(0.4906158000, -0.4956221000, 0.7166938000)
(0.4916326000, -0.4941106000, 0.7170342000)
(0.4969441000, -0.4945993000, 0.7130167000)
(0.4979824000, -0.4949411000, 0.7120544000)
(0.4876691000, -0.4961953000, 0.7182940000)
(0.4822920000, -0.4951940000, 0.7226005000)
(0.4884105000, -0.4943347000, 0.7190750000)
(0.4893773000, -0.4950728000, 0.7179213000)
(0.4938103000, -0.4960700000, 0.7141681000)
(0.4937213000, -0.4958352000, 0.7143984000)
(0.4893912000, -0.4959564000, 0.7172993000)
(0.4878370000, -0.4966913000, 0.7178447000)
(0.4868756000, -0.4957731000, 0.7191246000)
(0.4862632000, -0.4966162000, 0.7189665000)
(0.4859547000, -0.4964152000, 0.7193021000)
(0.4864863000, -0.4964723000, 0.7189178000)
(0.4870538000, -0.4950868000, 0.7194741000)
(0.4888080000, -0.4954508000, 0.7180462000)
(0.4881650000, -0.4963928000, 0.7178323000)
(0.4854587000, -0.4963129000, 0.7197133000)
(0.4847100000, -0.4944722000, 0.7214902000)
(0.4884351000, -0.4941186000, 0.7192144000)
(0.4928852000, -0.4936074000, 0.7165122000)
(0.4910993000, -0.4921683000, 0.7187369000)
(0.4863736000, -0.4936110000, 0.7209617000)
(0.4907942000, -0.4910719000, 0.7196868000)
(0.4897342000, -0.4900450000, 0.7211146000)
(0.4851028000, -0.4917548000, 0.7230823000)
(0.4859204000, -0.4912920000, 0.7228323000)
(0.4902799000, -0.4892386000, 0.7212978000)
(0.4890293000, -0.4889740000, 0.7223217000)
(0.4888999000, -0.4889301000, 0.7224390000)
(0.4889800000, -0.4887486000, 0.7225019000)
(0.4885041000, -0.4894647000, 0.7223381000)
(0.4886872000, -0.4889974000, 0.7225249000)
(0.4898758000, -0.4887997000, 0.7218656000)
(0.4911176000, -0.4886000000, 0.7211538000)
(0.4893673000, -0.4892315000, 0.7219077000)
(0.4899201000, -0.4897650000, 0.7211848000)
(0.4919603000, -0.4885815000, 0.7205838000)
(0.4906010000, -0.4888314000, 0.7213399000)
(0.4899100000, -0.4894058000, 0.7214296000)
(0.4898327000, -0.4898961000, 0.7211466000)
(0.4897896000, -0.4897531000, 0.7212631000)
(0.4893051000, -0.4886716000, 0.7223279000)
(0.4886540000, -0.4889801000, 0.7225559000)
(0.4892122000, -0.4882407000, 0.7226791000)
(0.4896264000, -0.4880593000, 0.7225208000)
(0.4906643000, -0.4881379000, 0.7217684000)
(0.4903498000, -0.4881455000, 0.7219815000)
(0.4908714000, -0.4881080000, 0.7216450000)
(0.4924536000, -0.4868101000, 0.7214471000)
(0.4914276000, -0.4896072000, 0.7202551000)
(0.4904928000, -0.4896638000, 0.7208518000)
(0.4911867000, -0.4888914000, 0.7209126000)
(0.4920973000, -0.4892721000, 0.7200324000)
(0.4896493000, -0.4886732000, 0.7221006000)
(0.4846318000, -0.4878387000, 0.7260422000)
(0.4860910000, -0.4865763000, 0.7259144000)
(0.4876986000, -0.4859514000, 0.7252543000)
(0.4981511000, -0.4846637000, 0.7189796000)
(0.4911802000, -0.4917895000, 0.7189346000)
(0.4795189000, -0.4965173000, 0.7235550000)
(0.4849413000, -0.4949155000, 0.7210238000)
(0.4911563000, -0.4961917000, 0.7159307000)
(0.4910584000, -0.4954880000, 0.7164819000)
(0.4939397000, -0.4950026000, 0.7148391000)
(0.4937133000, -0.4947315000, 0.7151693000)
(0.4968220000, -0.4935265000, 0.7138442000)
(0.5001453000, -0.4926002000, 0.7121714000)
(0.5029027000, -0.4929443000, 0.7099774000)
(0.4979647000, -0.4957152000, 0.7115285000)
(0.4946360000, -0.4943705000, 0.7147933000)
(0.4971145000, -0.4920342000, 0.7146736000)
(0.4983141000, -0.4923401000, 0.7136236000)
(0.4994923000, -0.4930582000, 0.7123178000)
(0.5013806000, -0.4932919000, 0.7108272000)
(0.5013250000, -0.4917422000, 0.7119389000)
(0.4980905000, -0.4925868000, 0.7136249000)
(0.4965301000, -0.4931878000, 0.7142906000)
(0.4978137000, -0.4931310000, 0.7134426000)
(0.5072245000, -0.4922563000, 0.7073814000)
(0.5138518000, -0.4911033000, 0.7033806000)
(0.5153116000, -0.4822161000, 0.7084520000)
(0.5025766000, -0.4880208000, 0.7136086000)
(0.4823840000, -0.4877627000, 0.7275812000)
(0.4833733000, -0.4896483000, 0.7256615000)
(0.4852607000, -0.4868017000, 0.7263088000)
(0.4861687000, -0.4881971000, 0.7247727000)
(0.4912434000, -0.4859440000, 0.7228646000)
(0.4937596000, -0.4845802000, 0.7220609000)
(0.5045683000, -0.4796265000, 0.7178745000)
(0.5082933000, -0.4787377000, 0.7158408000)
(0.5083023000, -0.4783695000, 0.7160889000)
(0.4986591000, -0.4805998000, 0.7213470000)
(0.4966370000, -0.4809293000, 0.7225221000)
(0.5001550000, -0.4799099000, 0.7207832000)
(0.4992771000, -0.4798134000, 0.7214566000)
(0.5003138000, -0.4777202000, 0.7221140000)
(0.4998058000, -0.4782396000, 0.7221220000)
(0.4994167000, -0.4772781000, 0.7230275000)
(0.4998004000, -0.4765111000, 0.7232738000)
(0.4890174000, -0.4759440000, 0.7309757000)
(0.4843309000, -0.4788813000, 0.7321696000)
(0.4838377000, -0.4793005000, 0.7322323000)
(0.4937030000, -0.4767077000, 0.7273267000)
(0.5061914000, -0.4709395000, 0.7224737000)
(0.5069427000, -0.4688849000, 0.7232766000)
(0.4993135000, -0.4691540000, 0.7283927000)
(0.4964278000, -0.4706835000, 0.7293780000)
(0.4891831000, -0.4732575000, 0.7326131000)
(0.4904676000, -0.4722403000, 0.7324060000)
(0.5012657000, -0.4667699000, 0.7285876000)
(0.5014136000, -0.4661619000, 0.7288828000)
(0.5002328000, -0.4652908000, 0.7302517000)
(0.4990208000, -0.4656064000, 0.7308628000)
(0.4973950000, -0.4650892000, 0.7322979000)
(0.4970488000, -0.4647986000, 0.7327259000)
(0.4984809000, -0.4625589000, 0.7331629000)
(0.4852408000, -0.4678122000, 0.7386931000)
(0.4814123000, -0.4726515000, 0.7381164000)
(0.4829089000, -0.4705028000, 0.7385202000)
(0.4919433000, -0.4619975000, 0.7379272000)
(0.4877127000, -0.4656523000, 0.7384461000)
(0.4884782000, -0.4651422000, 0.7382546000)
(0.4945395000, -0.4596059000, 0.7376853000)
(0.4977086000, -0.4568273000, 0.7372794000)
(0.5033967000, -0.4473942000, 0.7391967000)
(0.5137418000, -0.4382083000, 0.7375869000)
(0.5033678000, -0.4516021000, 0.7366446000)
(0.0000000000, 0.0000000000, 0.0000000000)
(0.0000000000, 0.0000000000, 0.0000000000)
(0.0000000000, 0.0000000000, 0.0000000000)
(0.0000000000, 0.0000000000, 0.0000000000)
(0.0000000000, 0.0000000000, 0.0000000000)
(0.0000000000, 0.0000000000, 0.0000000000)
(0.0000000000, 0.0000000000, 0.0000000000)
(0.0000000000, 0.0000000000, 0.0000000000)
(0.0000000000, 0.0000000000, 0.0000000000)
(0.4608383000, -0.5103452000, 0.7260514000)
(0.4726230000, -0.5236351000, 0.7088118000)
(0.4801701000, -0.5112863000, 0.7127460000)
(0.4757937000, -0.5122547000, 0.7149866000)
(0.4703180000, -0.5092741000, 0.7207124000)
(0.4818049000, -0.5147991000, 0.7090955000)
(0.4913406000, -0.5055858000, 0.7091898000)
(0.4863191000, -0.5081663000, 0.7108052000)
(0.4674667000, -0.5117698000, 0.7208006000)
(0.4760523000, -0.5100632000, 0.7163816000)
(0.4780400000, -0.5057073000, 0.7181399000)
(0.4696602000, -0.5101751000, 0.7205005000)
(0.4689648000, -0.5088196000, 0.7219113000)
(0.4856990000, -0.5084344000, 0.7110418000)
(0.4906305000, -0.5101925000, 0.7063747000)
(0.4912089000, -0.5099997000, 0.7061129000)
(0.4816436000, -0.5087342000, 0.7135803000)
(0.4822566000, -0.5037366000, 0.7167011000)
(0.4851778000, -0.5005289000, 0.7169877000)
(0.4861380000, -0.5043681000, 0.7136341000)
(0.4995632000, -0.5069587000, 0.7024418000)
(0.5032400000, -0.5068089000, 0.6999224000)
(0.5031786000, -0.5026303000, 0.7029616000)
(0.4899135000, -0.5062771000, 0.7096789000)
(0.4895695000, -0.5054005000, 0.7105446000)
(0.4987483000, -0.5007452000, 0.7074597000)
(0.5047653000, -0.4994818000, 0.7040644000)
(0.5043826000, -0.5010359000, 0.7032352000)
(0.4982743000, -0.5000672000, 0.7082745000)
(0.4905091000, -0.5001315000, 0.7136134000)
(0.4908373000, -0.4994096000, 0.7139051000)
(0.4932868000, -0.5004240000, 0.7115079000)
(0.5011069000, -0.4990371000, 0.7069918000)
(0.5024039000, -0.4974963000, 0.7071626000)
(0.5029464000, -0.4962303000, 0.7076516000)
(0.5025159000, -0.4956352000, 0.7083813000)
(0.5026351000, -0.4938191000, 0.7095774000)
(0.5030918000, -0.4933109000, 0.7096073000)
(0.5031207000, -0.4925155000, 0.7101389000)
(0.4969644000, -0.4921789000, 0.7146924000)
(0.4958230000, -0.4917151000, 0.7157937000)
(0.4993724000, -0.4910181000, 0.7137998000)
(0.4928459000, -0.4901273000, 0.7189271000)
(0.4921732000, -0.4887674000, 0.7203147000)
(0.4921617000, -0.4888300000, 0.7202860000)
(0.5057146000, -0.4861037000, 0.7127084000)
(0.4971573000, -0.4895837000, 0.7163392000)
(0.4641280000, -0.5017917000, 0.7299069000)
(0.4715841000, -0.5078359000, 0.7208963000)
(0.4707237000, -0.5056126000, 0.7230202000)
(0.4599426000, -0.4998007000, 0.7339249000)
(0.4615763000, -0.5010598000, 0.7320386000)
(0.4607260000, -0.5005084000, 0.7329392000)
(0.4640005000, -0.4993365000, 0.7316706000)
(0.4650431000, -0.5001848000, 0.7304247000)
(0.4651043000, -0.5006719000, 0.7300605000)
(0.4615710000, -0.5028635000, 0.7307940000)
(0.4579822000, -0.5021281000, 0.7335614000)
(0.4588804000, -0.5018893000, 0.7331594000)
(0.4622124000, -0.5017039000, 0.7311921000)
(0.4636556000, -0.5021707000, 0.7299595000)
(0.4650860000, -0.5019651000, 0.7291938000)
(0.4643325000, -0.5019749000, 0.7296598000)
(0.4629508000, -0.5011904000, 0.7310720000)
(0.4626845000, -0.5023002000, 0.7304780000)
(0.4640077000, -0.5028883000, 0.7292288000)
(0.4631832000, -0.5025719000, 0.7299747000)
(0.4841489000, -0.5051473000, 0.7144251000)
(0.4948254000, -0.5062957000, 0.7062537000)
(0.4950137000, -0.5044841000, 0.7074243000)
(0.5004753000, -0.5062139000, 0.7023218000)
(0.4916161000, -0.5062533000, 0.7085204000)
(0.4881973000, -0.5072556000, 0.7101617000)
(0.4867253000, -0.5063295000, 0.7118431000)
(0.4866983000, -0.5059873000, 0.7121067000)
(0.4874252000, -0.5052212000, 0.7121544000)
(0.4883916000, -0.5053011000, 0.7114304000)
(0.4892904000, -0.5042757000, 0.7115451000)
(0.4897514000, -0.5037760000, 0.7115640000)
(0.4982929000, -0.5045104000, 0.7050956000)
(0.5029088000, -0.5042606000, 0.7019804000)
(0.5030267000, -0.5032423000, 0.7026329000)
(0.4988000000, -0.5019671000, 0.7065503000)
(0.5004843000, -0.5018321000, 0.7054431000)
(0.5033901000, -0.5020303000, 0.7032314000)
(0.5036364000, -0.5015798000, 0.7033828000)
(0.5015073000, -0.5002355000, 0.7058605000)
(0.4923420000, -0.4991781000, 0.7130325000)
(0.4995435000, -0.4982906000, 0.7086312000)
(0.5016011000, -0.4969702000, 0.7080985000)
(0.4986274000, -0.4970605000, 0.7101268000)
(0.4822563000, -0.4989302000, 0.7200636000)
(0.4836397000, -0.4969584000, 0.7204964000)
(0.4823138000, -0.4986801000, 0.7202021000)
(0.4929465000, -0.4938850000, 0.7162778000)
(0.4960257000, -0.4930634000, 0.7147255000)
(0.4978219000, -0.4915710000, 0.7144937000)
(0.4962365000, -0.4931267000, 0.7145337000)
(0.4942681000, -0.4940078000, 0.7152823000)
(0.4932227000, -0.4947896000, 0.7154649000)
(0.4939099000, -0.4952575000, 0.7146741000)
(0.4961380000, -0.4947663000, 0.7134647000)
(0.4957798000, -0.4943547000, 0.7140078000)
(0.4955246000, -0.4934493000, 0.7148151000)
(0.4959763000, -0.4925014000, 0.7151375000)
(0.4959526000, -0.4921050000, 0.7154396000)
(0.4961919000, -0.4914598000, 0.7157165000)
(0.4990845000, -0.4886587000, 0.7156204000)
(0.5013885000, -0.4871424000, 0.7150350000)
(0.5030780000, -0.4865910000, 0.7142342000)
(0.4976810000, -0.4809390000, 0.7218021000)
(0.4922119000, -0.4782057000, 0.7273470000)
(0.4978329000, -0.4785142000, 0.7233050000)
(0.4931281000, -0.4796967000, 0.7257330000)
(0.4898321000, -0.4801327000, 0.7276773000)
(0.4912234000, -0.4805042000, 0.7265007000)
(0.4912203000, -0.4800923000, 0.7267750000)
(0.4906710000, -0.4811046000, 0.7264789000)
(0.4909565000, -0.4789818000, 0.7276808000)
(0.4927959000, -0.4776781000, 0.7272990000)
(0.4945845000, -0.4774270000, 0.7262492000)
(0.4966043000, -0.4751652000, 0.7263440000)
(0.4951652000, -0.4748098000, 0.7275706000)
(0.4913189000, -0.4772009000, 0.7286019000)
(0.4920052000, -0.4757537000, 0.7290842000)
(0.4954742000, -0.4741463000, 0.7277915000)
(0.4992763000, -0.4714286000, 0.7269629000)
(0.4975610000, -0.4704481000, 0.7287533000)
(0.4956683000, -0.4709461000, 0.7297212000)
(0.4949158000, -0.4716537000, 0.7297801000)
(0.4918711000, -0.4753567000, 0.7294406000)
(0.4800172000, -0.4785497000, 0.7352254000)
(0.4882539000, -0.4681333000, 0.7365102000)
(0.4894634000, -0.4850622000, 0.7246544000)
(0.0000000000, 0.0000000000, 0.0000000000)
(0.0000000000, 0.0000000000, 0.0000000000)
(0.0000000000, 0.0000000000, 0.0000000000)
(0.0000000000, 0.0000000000, 0.0000000000)
(0.0000000000, 0.0000000000, 0.0000000000)
(0.0000000000, 0.0000000000, 0.0000000000)
(0.0000000000, 0.0000000000, 0.0000000000)
(0.0000000000, 0.0000000000, 0.0000000000)
(0.0000000000, 0.0000000000, 0.0000000000)
(0.0000000000, 0.0000000000, 0.0000000000)
(0.0000000000, 0.0000000000, 0.0000000000)
(0.4634971000, -0.5307842000, 0.7095210000)
(0.4686504000, -0.5105532000, 0.7208865000)
(0.4668807000, -0.5131637000, 0.7201894000)
(0.4653598000, -0.5085305000, 0.7244384000)
(0.4671766000, -0.5060109000, 0.7250327000)
(0.4723611000, -0.5105264000, 0.7184765000)
(0.4674225000, -0.5017027000, 0.7278691000)
(0.4712911000, -0.5011986000, 0.7257118000)
(0.4698983000, -0.5066184000, 0.7228455000)
(0.4726792000, -0.5023835000, 0.7239885000)
(0.4806431000, -0.4958802000, 0.7232356000)
(0.4807148000, -0.4980045000, 0.7217293000)
(0.4847086000, -0.4963366000, 0.7202108000)
(0.4870303000, -0.5005496000, 0.7157156000)
(0.4923920000, -0.5020235000, 0.7109952000)
(0.4935415000, -0.4995514000, 0.7119351000)
(0.4736504000, -0.4981412000, 0.7262920000)
(0.4722132000, -0.4954588000, 0.7290612000)
(0.5045705000, -0.4843583000, 0.7147049000)
(0.5025728000, -0.4851430000, 0.7155793000)
(0.4794708000, -0.4948017000, 0.7247550000)
(0.4814158000, -0.4912133000, 0.7259029000)
(0.4836359000, -0.4909414000, 0.7246049000)
(0.4887936000, -0.4909238000, 0.7211449000)
(0.4884097000, -0.4908029000, 0.7214963000)
(0.4909931000, -0.4907531000, 0.7197656000)
(0.4986382000, -0.4891513000, 0.7155949000)
(0.5003316000, -0.4878059000, 0.7153211000)
(0.4873459000, -0.5043883000, 0.7127854000)
(0.4853781000, -0.5188365000, 0.7036952000)
(0.4788397000, -0.5132251000, 0.7122579000)
(0.4768777000, -0.5119941000, 0.7144525000)
(0.4885745000, -0.5138052000, 0.7051805000)
(0.4795641000, -0.5101562000, 0.7139581000)
(0.4757206000, -0.5102975000, 0.7164240000)
(0.4777313000, -0.5106307000, 0.7148598000)
(0.4818221000, -0.5100664000, 0.7125052000)
(0.4819749000, -0.5099171000, 0.7125069000)
(0.4815009000, -0.5100503000, 0.7127388000)
(0.4807477000, -0.5093231000, 0.7137597000)
(0.4803908000, -0.5102679000, 0.7133265000)
(0.4813492000, -0.5095077000, 0.7132326000)
(0.4776529000, -0.5113332000, 0.7144070000)
(0.4751111000, -0.5096181000, 0.7173114000)
(0.4772355000, -0.5100960000, 0.7155650000)
(0.4791609000, -0.5096406000, 0.7146047000)
(0.4716058000, -0.5071242000, 0.7213909000)
(0.4714217000, -0.5071461000, 0.7214836000)
(0.4759326000, -0.5085340000, 0.7175437000)
(0.4830174000, -0.5102676000, 0.7115569000)
(0.4830556000, -0.5090415000, 0.7124089000)
(0.4834422000, -0.5083606000, 0.7126321000)
(0.4775717000, -0.5091665000, 0.7160012000)
(0.4764650000, -0.5093147000, 0.7166345000)
(0.4780172000, -0.5096840000, 0.7153438000)
(0.4799758000, -0.5103531000, 0.7135555000)
(0.4794247000, -0.5106256000, 0.7137174000)
(0.4779978000, -0.5104286000, 0.7148209000)
(0.4783578000, -0.5099598000, 0.7149108000)
(0.4778923000, -0.5098258000, 0.7153104000)
(0.4771978000, -0.5098552000, 0.7157676000)
(0.4774947000, -0.5102939000, 0.7152424000)
(0.4790841000, -0.5104549000, 0.7140754000)
(0.4800702000, -0.5108210000, 0.7131511000)
(0.4806452000, -0.5112806000, 0.7124245000)
(0.4799108000, -0.5116919000, 0.7126379000)
(0.4805804000, -0.5106720000, 0.7129076000)
(0.4803252000, -0.5114641000, 0.7125150000)
(0.4767838000, -0.5112917000, 0.7150174000)
(0.4779502000, -0.5104547000, 0.7148374000)
(0.4768848000, -0.5099922000, 0.7158625000)
(0.4770167000, -0.5100985000, 0.7157145000)
(0.4782063000, -0.5091910000, 0.7155673000)
(0.4798354000, -0.5092547000, 0.7144186000)
(0.4823124000, -0.5088190000, 0.7130616000)
(0.4824650000, -0.5061149000, 0.7148742000)
(0.4809833000, -0.5063032000, 0.7157421000)
(0.4797735000, -0.5066907000, 0.7162797000)
(0.5030788000, -0.5108314000, 0.6971043000)
(0.4922934000, -0.5100608000, 0.7053191000)
(0.4900894000, -0.5141279000, 0.7039014000)
(0.4939265000, -0.5151646000, 0.7004429000)
(0.4943790000, -0.5151911000, 0.7001106000)
(0.4955849000, -0.5149406000, 0.6994352000)
(0.4954283000, -0.5136725000, 0.7004760000)
(0.4967043000, -0.5135606000, 0.6996527000)
(0.4971129000, -0.5131954000, 0.6996329000)
(0.4968776000, -0.5118530000, 0.7007803000)
(0.4962355000, -0.5125160000, 0.7007493000)
(0.4975293000, -0.5122067000, 0.7000774000)
(0.4972372000, -0.5121434000, 0.7003245000)
(0.4954302000, -0.5108722000, 0.7025257000)
(0.4934752000, -0.5110598000, 0.7037648000)
(0.5007460000, -0.5110927000, 0.6985889000)
(0.5072482000, -0.5105563000, 0.6942680000)
(0.5107828000, -0.5108063000, 0.6914976000)
(0.5107903000, -0.5102074000, 0.6919214000)
(0.5068076000, -0.5089101000, 0.6958132000)
(0.4968583000, -0.5077509000, 0.7037801000)
(0.4956633000, -0.5080840000, 0.7043895000)
(0.4941502000, -0.5061590000, 0.7068366000)
(0.4962970000, -0.5080975000, 0.7039188000)
(0.5019643000, -0.5082994000, 0.6997510000)
(0.5016656000, -0.5082341000, 0.7000017000)
(0.5020866000, -0.5078371000, 0.7000011000)
(0.5050861000, -0.5097861000, 0.6964191000)
(0.5061105000, -0.5094509000, 0.6959142000)
(0.5061153000, -0.5075548000, 0.6972882000)
(0.5043086000, -0.5061291000, 0.6996271000)
(0.5053059000, -0.5055850000, 0.6993097000)
(0.5007546000, -0.5039806000, 0.7037328000)
(0.4928573000, -0.5043520000, 0.7090261000)
(0.4920955000, -0.5048751000, 0.7091767000)
(0.5026706000, -0.5008562000, 0.7045843000)
(0.4994530000, -0.5043522000, 0.7043846000)
(0.4906439000, -0.5219020000, 0.6977708000)
(0.4909311000, -0.5199682000, 0.6990036000)
(0.4968074000, -0.5225788000, 0.6928748000)
(0.4930027000, -0.5201394000, 0.6974253000)
(0.4967612000, -0.5208885000, 0.6941859000)
(0.4965046000, -0.5210536000, 0.6942514000)
(0.4963859000, -0.5211113000, 0.6942885000)
(0.4975109000, -0.5203103000, 0.6940790000)
(0.4977554000, -0.5196075000, 0.6944374000)
(0.4970413000, -0.5190219000, 0.6953750000)
(0.4961475000, -0.5178156000, 0.6969200000)
(0.4966063000, -0.5164782000, 0.6975855000)
(0.4995591000, -0.5159603000, 0.6958526000)
(0.4952178000, -0.5135942000, 0.7006787000)
(0.4919171000, -0.5092355000, 0.7061721000)
(0.4968147000, -0.5124804000, 0.7003751000)
(0.5069928000, -0.5172739000, 0.6894730000)
(0.5078657000, -0.5165755000, 0.6893492000)
(0.5046023000, -0.5105531000, 0.6962000000)
(0.5022010000, -0.5087820000, 0.6992171000)
(0.5028385000, -0.5116921000, 0.6966491000)
(0.5030102000, -0.5108981000, 0.6970985000)
(0.5027605000, -0.5043552000, 0.7020277000)
(0.5020174000, -0.5032268000, 0.7033726000)
(0.5002276000, -0.5038236000, 0.7042252000)
(0.4976442000, -0.5025302000, 0.7069588000)
(0.4987083000, -0.5024824000, 0.7062564000)
(0.5032465000, -0.4995493000, 0.7051165000)
(0.5042328000, -0.5000917000, 0.7040259000)
(0.5003238000, -0.5014250000, 0.7058589000)
(0.5023057000, -0.5005828000, 0.7050474000)
(0.5035641000, -0.5002279000, 0.7044090000)
(0.5037609000, -0.4989601000, 0.7051622000)
(0.4900911000, -0.4998231000, 0.7141187000)
(0.4826792000, -0.4994367000, 0.7194305000)
(0.4810594000, -0.5001610000, 0.7200103000)
(0.4829030000, -0.4998654000, 0.7189705000)
(0.4945784000, -0.5014211000, 0.7098925000)
(0.4933397000, -0.4995338000, 0.7120807000)
(0.4967481000, -0.5018656000, 0.7080764000)
(0.4978104000, -0.5018129000, 0.7073600000)
(0.4954402000, -0.5000274000, 0.7102758000)
(0.4927795000, -0.5008937000, 0.7115138000)
(0.5003688000, -0.5000728000, 0.7067942000)
(0.5030711000, -0.5023537000, 0.7032486000)
(0.5019897000, -0.5014300000, 0.7046799000)
(0.4970163000, -0.4981181000, 0.7105131000)
(0.4922118000, -0.4967771000, 0.7147896000)
(0.4852219000, -0.4961225000, 0.7200016000)
(0.4820940000, -0.4953359000, 0.7226386000)
(0.4830717000, -0.4965670000, 0.7211469000)
(0.4926521000, -0.4973198000, 0.7141189000)
(0.4937338000, -0.4971511000, 0.7134714000)
(0.4941905000, -0.4971561000, 0.7131510000)
(0.4945463000, -0.4975263000, 0.7126615000)
(0.4951257000, -0.4973383000, 0.7123729000)
(0.4945574000, -0.4967526000, 0.7131875000)
(0.4934585000, -0.4955198000, 0.7148105000)
(0.4922449000, -0.4959564000, 0.7153331000)
(0.4918336000, -0.4962797000, 0.7153875000)
(0.4905639000, -0.4953569000, 0.7169034000)
(0.4904381000, -0.4964542000, 0.7162262000)
(0.4918123000, -0.4984876000, 0.7138841000)
(0.4970025000, -0.4975111000, 0.7109540000)
(0.4988999000, -0.4971606000, 0.7098723000)
(0.4976483000, -0.4975719000, 0.7104650000)
(0.4957623000, -0.4973332000, 0.7119370000)
(0.4935340000, -0.4986703000, 0.7125654000)
(0.4929188000, -0.4980377000, 0.7134219000)
(0.4944030000, -0.4987198000, 0.7119284000)
(0.4952703000, -0.4982873000, 0.7116188000)
(0.4963340000, -0.4985681000, 0.7106848000)
(0.4943073000, -0.4991114000, 0.7117127000)
(0.4980452000, -0.4962461000, 0.7111190000)
(0.5021685000, -0.4951049000, 0.7090089000)
(0.4993072000, -0.4972538000, 0.7095270000)
(0.4950317000, -0.4987649000, 0.7114610000)
(0.4948545000, -0.4998587000, 0.7108005000)
(0.4977784000, -0.4981321000, 0.7099741000)
(0.4970549000, -0.4978377000, 0.7106900000)
(0.5032114000, -0.4944503000, 0.7087097000)
(0.4798355000, -0.4972692000, 0.7228165000)
(0.0000000000, 0.0000000000, 0.0000000000)
(0.0000000000, 0.0000000000, 0.0000000000)
(0.0000000000, 0.0000000000, 0.0000000000)
(0.0000000000, 0.0000000000, 0.0000000000)
(0.0000000000, 0.0000000000, 0.0000000000)
(0.0000000000, 0.0000000000, 0.0000000000)
(0.0000000000, 0.0000000000, 0.0000000000)
(0.0000000000, 0.0000000000, 0.0000000000)
(0.0000000000, 0.0000000000, 0.0000000000)
(0.0000000000, 0.0000000000, 0.0000000000)
(0.0000000000, 0.0000000000, 0.0000000000)
(0.4734392000, -0.5285428000, 0.7046138000)
(0.4789670000, -0.5224783000, 0.7054041000)
(0.4822901000, -0.5362830000, 0.6926728000)
(0.4763115000, -0.5371178000, 0.6961476000)
(0.4946504000, -0.5142698000, 0.7005879000)
(0.4896659000, -0.5250894000, 0.6960558000)
(0.4946436000, -0.5134509000, 0.7012028000)
(0.4945392000, -0.5150091000, 0.7001365000)
(0.4892119000, -0.5239235000, 0.6972518000)
(0.4974338000, -0.5062816000, 0.7044364000)
(0.5005410000, -0.5043260000, 0.7036283000)
(0.4906617000, -0.5107248000, 0.7059724000)
(0.4868202000, -0.5128837000, 0.7070550000)
(0.4827594000, -0.5059140000, 0.7148362000)
(0.4819358000, -0.5062050000, 0.7151744000)
(0.4845156000, -0.5056866000, 0.7138081000)
(0.4825808000, -0.5046185000, 0.7158661000)
(0.4825226000, -0.5043983000, 0.7160662000)
(0.4836259000, -0.5012231000, 0.7175395000)
(0.4828768000, -0.4982631000, 0.7201111000)
(0.4881016000, -0.5001366000, 0.7152690000)
(0.4863646000, -0.4993449000, 0.7169918000)
(0.4874988000, -0.5030208000, 0.7136591000)
(0.5001839000, -0.5060380000, 0.7026491000)
(0.5004615000, -0.5089146000, 0.7003687000)
(0.5012169000, -0.5086764000, 0.7000007000)
(0.4976712000, -0.5165371000, 0.6967671000)
(0.4854457000, -0.5047066000, 0.7138690000)
(0.4883799000, -0.5068070000, 0.7103571000)
(0.4947219000, -0.5142636000, 0.7005434000)
(0.4951277000, -0.5113536000, 0.7023925000)
(0.4922404000, -0.5086592000, 0.7063626000)
(0.4959830000, -0.5119092000, 0.7013822000)
(0.4996640000, -0.5114352000, 0.6991160000)
(0.4986785000, -0.5110980000, 0.7000585000)
(0.4942870000, -0.5097253000, 0.7041617000)
(0.4929542000, -0.5097131000, 0.7051129000)
(0.4856348000, -0.5124334000, 0.7081981000)
(0.4828521000, -0.5127966000, 0.7098377000)
(0.4841438000, -0.5123129000, 0.7093143000)
(0.4832279000, -0.5111950000, 0.7107494000)
(0.4852979000, -0.5118560000, 0.7088451000)
(0.4883925000, -0.5111161000, 0.7072593000)
(0.4895959000, -0.5126471000, 0.7053086000)
(0.4888239000, -0.5131006000, 0.7055179000)
(0.4905176000, -0.5128477000, 0.7045280000)
(0.4905555000, -0.5128319000, 0.7045131000)
(0.4865342000, -0.5115972000, 0.7081990000)
(0.4864765000, -0.5097460000, 0.7095657000)
(0.4868597000, -0.5103261000, 0.7088844000)
(0.4875196000, -0.5104378000, 0.7083486000)
(0.4876715000, -0.5090725000, 0.7092230000)
(0.4877609000, -0.5088133000, 0.7093473000)
(0.4871427000, -0.5088246000, 0.7097657000)
(0.4867111000, -0.5076133000, 0.7109326000)
(0.4862348000, -0.5074193000, 0.7114002000)
(0.4872536000, -0.5064934000, 0.7113606000)
(0.4882278000, -0.5072515000, 0.7101437000)
(0.4901566000, -0.5071882000, 0.7088564000)
(0.4910060000, -0.5071981000, 0.7082623000)
(0.4940373000, -0.5095365000, 0.7044703000)
(0.4946716000, -0.5087538000, 0.7045922000)
(0.4918175000, -0.5075792000, 0.7074277000)
(0.4896326000, -0.5060455000, 0.7100371000)
(0.4893755000, -0.5059304000, 0.7102975000)
(0.4894165000, -0.5082434000, 0.7086111000)
(0.4896314000, -0.5080246000, 0.7086411000)
(0.4907580000, -0.5076084000, 0.7081393000)
(0.4917509000, -0.5068901000, 0.7079682000)
(0.4928453000, -0.5071045000, 0.7070593000)
(0.4942069000, -0.5033372000, 0.7087974000)
(0.4848359000, -0.4933434000, 0.7221755000)
(0.4783324000, -0.5038666000, 0.7192360000)
(0.4774457000, -0.5022104000, 0.7209717000)
(0.4755802000, -0.5037304000, 0.7211509000)
(0.5006726000, -0.5029291000, 0.7045333000)
(0.4970749000, -0.5035722000, 0.7066138000)
(0.5011765000, -0.5068052000, 0.7013953000)
(0.4947044000, -0.5028160000, 0.7088140000)
(0.4836181000, -0.5022703000, 0.7168179000)
(0.4777429000, -0.4993601000, 0.7227615000)
(0.4779745000, -0.5035743000, 0.7196809000)
(0.4776143000, -0.5055646000, 0.7185262000)
(0.4781490000, -0.5085694000, 0.7160518000)
(0.4920335000, -0.5049844000, 0.7091365000)
(0.4823937000, -0.5049827000, 0.7157341000)
(0.4786422000, -0.5083134000, 0.7158979000)
(0.4789746000, -0.5024207000, 0.7198297000)
(0.4814813000, -0.5021776000, 0.7183120000)
(0.4794279000, -0.5023324000, 0.7195718000)
(0.4840680000, -0.5008760000, 0.7174922000)
(0.4900716000, -0.4992493000, 0.7145310000)
(0.4927099000, -0.4984975000, 0.7132450000)
(0.4921198000, -0.4990032000, 0.7132929000)
(0.4933341000, -0.4993627000, 0.7122170000)
(0.4952829000, -0.4994973000, 0.7107516000)
(0.4960279000, -0.4988527000, 0.7106965000)
(0.4952096000, -0.4989403000, 0.7112004000)
(0.4923535000, -0.4997126000, 0.7126428000)
(0.4919801000, -0.4989747000, 0.7134280000)
(0.4886974000, -0.4993178000, 0.7154273000)
(0.4856904000, -0.4956493000, 0.7200199000)
(0.4866864000, -0.4954422000, 0.7194835000)
(0.4907527000, -0.4955152000, 0.7166607000)
(0.5047274000, -0.4923092000, 0.7091287000)
(0.5058786000, -0.4924335000, 0.7082225000)
(0.4972629000, -0.4945643000, 0.7128261000)
(0.4932858000, -0.4946916000, 0.7155017000)
(0.4954171000, -0.4930612000, 0.7151539000)
(0.4984626000, -0.4925171000, 0.7133951000)
(0.4965548000, -0.4893961000, 0.7168800000)
(0.4852029000, -0.5097014000, 0.7104603000)
(0.4803525000, -0.5062116000, 0.7162432000)
(0.5009478000, -0.5149305000, 0.6956244000)
(0.5027335000, -0.5147241000, 0.6944757000)
(0.4828035000, -0.5093086000, 0.7123768000)
(0.4889242000, -0.5103671000, 0.7074346000)
(0.4904843000, -0.5111657000, 0.7057849000)
(0.4924950000, -0.5111853000, 0.7043616000)
(0.4936503000, -0.5113168000, 0.7034475000)
(0.4932804000, -0.5123114000, 0.7029911000)
(0.4944191000, -0.5123843000, 0.7021313000)
(0.4941891000, -0.5128468000, 0.7019579000)
(0.4938359000, -0.5124235000, 0.7025260000)
(0.4949920000, -0.5099472000, 0.7034991000)
(0.4949213000, -0.5076600000, 0.7052063000)
(0.4953642000, -0.5100486000, 0.7031703000)
(0.4959061000, -0.5105588000, 0.7024102000)
(0.4910920000, -0.5102395000, 0.7060280000)
(0.4881975000, -0.5102189000, 0.7080423000)
(0.4879149000, -0.5099447000, 0.7084334000)
(0.4905711000, -0.5090643000, 0.7072282000)
(0.4903820000, -0.5098063000, 0.7068286000)
(0.4977196000, -0.5103197000, 0.7013046000)
(0.5019934000, -0.5084333000, 0.6996402000)
(0.4987481000, -0.5062206000, 0.7035482000)
(0.4957661000, -0.5049538000, 0.7065551000)
(0.4985914000, -0.5082369000, 0.7021946000)
(0.5021363000, -0.5088852000, 0.6991927000)
(0.5004373000, -0.5081193000, 0.7009786000)
(0.4908211000, -0.5094617000, 0.7067705000)
(0.4903727000, -0.5056590000, 0.7098001000)
(0.4879071000, -0.5076646000, 0.7100692000)
(0.4849359000, -0.5088093000, 0.7112810000)
(0.4863988000, -0.5090148000, 0.7101458000)
(0.4942009000, -0.5091045000, 0.7046700000)
(0.4965400000, -0.5095030000, 0.7027467000)
(0.4959989000, -0.5095949000, 0.7030575000)
(0.4958006000, -0.5093287000, 0.7033839000)
(0.4950651000, -0.5096074000, 0.7036905000)
(0.4949279000, -0.5093869000, 0.7039638000)
(0.4943316000, -0.5095460000, 0.7042638000)
(0.4968765000, -0.5097439000, 0.7023199000)
(0.4977084000, -0.5104091000, 0.7012465000)
(0.4958930000, -0.5094085000, 0.7032595000)
(0.4923345000, -0.5093361000, 0.7058148000)
(0.4936966000, -0.5079554000, 0.7058602000)
(0.4960097000, -0.5063877000, 0.7053614000)
(0.4954203000, -0.5058203000, 0.7061757000)
(0.4948309000, -0.5054129000, 0.7068740000)
(0.4972272000, -0.5044532000, 0.7058835000)
(0.4967543000, -0.5054035000, 0.7055305000)
(0.4984406000, -0.5045008000, 0.7049896000)
(0.5007133000, -0.5021000000, 0.7050933000)
(0.4973393000, -0.5022058000, 0.7074119000)
(0.4886493000, -0.5019984000, 0.7135889000)
(0.4882796000, -0.5017153000, 0.7140470000)
(0.4973100000, -0.5003541000, 0.7087383000)
(0.5000170000, -0.5001679000, 0.7069589000)
(0.5009618000, -0.4997373000, 0.7065942000)
(0.5006359000, -0.4988296000, 0.7074673000)
(0.5014871000, -0.4978254000, 0.7075776000)
(0.5025192000, -0.4983023000, 0.7065012000)
(0.5025889000, -0.4980147000, 0.7066587000)
(0.5028304000, -0.4948718000, 0.7086971000)
(0.5078273000, -0.4933760000, 0.7061632000)
(0.5143476000, -0.4914966000, 0.7027469000)
(0.5116692000, -0.4927415000, 0.7038317000)
(0.4961915000, -0.4948063000, 0.7133960000)
(0.4864881000, -0.5185031000, 0.7031847000)
(0.4811372000, -0.5310715000, 0.6974551000)
(0.4996664000, -0.5218000000, 0.6914006000)
(0.5099926000, -0.5168986000, 0.6875380000)
(0.5100747000, -0.5166285000, 0.6876751000)
(0.4946359000, -0.5242849000, 0.6931409000)
(0.4949067000, -0.5241511000, 0.6930528000)
(0.4979562000, -0.5214955000, 0.6928688000)
(0.5087264000, -0.5162393000, 0.6889694000)
(0.5081998000, -0.5156199000, 0.6898134000)
(0.5036407000, -0.5192471000, 0.6904347000)
(0.4957861000, -0.5234454000, 0.6929450000)
(0.4979901000, -0.5227739000, 0.6918847000)
(0.4986486000, -0.5228599000, 0.6913466000)
(0.4966444000, -0.5240261000, 0.6918989000)
(0.4998245000, -0.5200989000, 0.6925710000)
(0.5037781000, -0.5186264000, 0.6908107000)
(0.5035459000, -0.5183921000, 0.6911619000)
(0.4987994000, -0.5201307000, 0.6932967000)
(0.4999009000, -0.5199175000, 0.6926471000)
(0.5003111000, -0.5205083000, 0.6919235000)
(0.4968060000, -0.5206387000, 0.6943350000)
(0.4917345000, -0.5225832000, 0.6964881000)
(0.4883939000, -0.5235614000, 0.6980997000)
(0.4932551000, -0.5208993000, 0.6966695000)
(0.4981199000, -0.5186061000, 0.6949257000)
(0.4998621000, -0.5175306000, 0.6944700000)
(0.4999670000, -0.5174941000, 0.6944245000)
(0.5005978000, -0.5170262000, 0.6943038000)
(0.5007216000, -0.5169358000, 0.6942851000)
(0.4994510000, -0.5172561000, 0.6949747000)
(0.4986773000, -0.5174791000, 0.6953470000)
(0.4982788000, -0.5174497000, 0.6956644000)
(0.4971182000, -0.5178249000, 0.6962199000)
(0.4936357000, -0.5189604000, 0.6978387000)
(0.4875132000, -0.5210101000, 0.7006207000)
(0.4878575000, -0.5205339000, 0.7007241000)
(0.4955909000, -0.5183465000, 0.6969242000)
(0.5026226000, -0.5155261000, 0.6939549000)
(0.5020586000, -0.5153093000, 0.6945428000)
(0.5019286000, -0.5145640000, 0.6951846000)
(0.5023854000, -0.5141151000, 0.6951900000)
(0.5021674000, -0.5135443000, 0.6957516000)
(0.5031999000, -0.5138775000, 0.6947754000)
(0.5050046000, -0.5129094000, 0.6941805000)
(0.5050030000, -0.5140979000, 0.6932872000)
(0.5081791000, -0.5120141000, 0.6925213000)
(0.4886965000, -0.5144362000, 0.7046348000)
(0.4878525000, -0.5200931000, 0.7010648000)
(0.4961183000, -0.5044158000, 0.7066969000)
(0.4991211000, -0.5020366000, 0.7062806000)
(0.4925509000, -0.5022068000, 0.7107416000)
(0.4939065000, -0.5008354000, 0.7107879000)
(0.5041280000, -0.5089319000, 0.6977369000)
(0.5040086000, -0.5080771000, 0.6984306000)
(0.5018715000, -0.5055072000, 0.7018294000)
(0.4695233000, -0.5106085000, 0.7202828000)
(0.4757487000, -0.5075486000, 0.7183599000)
(0.4903068000, -0.5090346000, 0.7074322000)
(0.4898183000, -0.5099947000, 0.7070838000)
(0.4983286000, -0.5099743000, 0.7011332000)
(0.5003870000, -0.5090549000, 0.7003248000)
(0.4944527000, -0.5087753000, 0.7047315000)
(0.4886597000, -0.5086161000, 0.7088699000)
(0.4924242000, -0.5068780000, 0.7075104000)
(0.5030348000, -0.5066859000, 0.7001440000)
(0.4994659000, -0.5061646000, 0.7030696000)
(0.4985956000, -0.5077419000, 0.7025645000)
(0.5111984000, -0.5009401000, 0.6983649000)
(0.4993359000, -0.5305302000, 0.6849630000)
(0.0000000000, 0.0000000000, 0.0000000000)
(0.0000000000, 0.0000000000, 0.0000000000)
(0.0000000000, 0.0000000000, 0.0000000000)
(0.0000000000, 0.0000000000, 0.0000000000)
(0.0000000000, 0.0000000000, 0.0000000000)
(0.0000000000, 0.0000000000, 0.0000000000)
(0.0000000000, 0.0000000000, 0.0000000000)
(0.4863205000, -0.5296012000, 0.6949884000)
(0.4948206000, -0.5312200000, 0.6876968000)
(0.4921505000, -0.5185647000, 0.6991858000)
(0.4969539000, -0.5199618000, 0.6947411000)
(0.4946171000, -0.5155610000, 0.6996589000)
(0.4962765000, -0.5182590000, 0.6964823000)
(0.4773964000, -0.5229273000, 0.7061235000)
(0.4744482000, -0.5233549000, 0.7077947000)
(0.4796189000, -0.5210643000, 0.7060000000)
(0.4804798000, -0.5214942000, 0.7050996000)
(0.4996109000, -0.5190560000, 0.6935031000)
(0.5003193000, -0.5168479000, 0.6946518000)
(0.5024156000, -0.5149475000, 0.6945500000)
(0.4855937000, -0.5181211000, 0.7040733000)
(0.4817317000, -0.5177409000, 0.7070087000)
(0.4784572000, -0.5170485000, 0.7097437000)
(0.4777317000, -0.5162309000, 0.7108251000)
(0.4833659000, -0.5168859000, 0.7065305000)
(0.4741793000, -0.5173167000, 0.7124012000)
(0.4701376000, -0.5180112000, 0.7145707000)
(0.4726422000, -0.5160025000, 0.7143716000)
(0.4860784000, -0.5143194000, 0.7065237000)
(0.4884949000, -0.5131796000, 0.7056839000)
(0.4907860000, -0.5115196000, 0.7053021000)
(0.4905737000, -0.5117494000, 0.7052865000)
(0.4876813000, -0.5116126000, 0.7073818000)
(0.4869316000, -0.5122254000, 0.7074641000)
(0.4871860000, -0.5119858000, 0.7074575000)
(0.4887398000, -0.5109625000, 0.7071337000)
(0.4896630000, -0.5097870000, 0.7073309000)
(0.4879443000, -0.5094754000, 0.7087622000)
(0.4879391000, -0.5086706000, 0.7093390000)
(0.4971851000, -0.5077187000, 0.7035626000)
(0.4939515000, -0.5063804000, 0.7068123000)
(0.4997922000, -0.5042965000, 0.7041751000)
(0.4995509000, -0.5084417000, 0.7013698000)
(0.4811753000, -0.5083582000, 0.7141692000)
(0.4768550000, -0.5072616000, 0.7178289000)
(0.4889570000, -0.5056241000, 0.7108014000)
(0.4943936000, -0.5051994000, 0.7073475000)
(0.4928428000, -0.5065452000, 0.7074621000)
(0.4918669000, -0.5078371000, 0.7072193000)
(0.4912605000, -0.5083006000, 0.7073080000)
(0.4913007000, -0.5077955000, 0.7076390000)
(0.4894988000, -0.5099043000, 0.7073633000)
(0.4883149000, -0.5095156000, 0.7084787000)
(0.4889124000, -0.5082899000, 0.7089367000)
(0.4911487000, -0.5053921000, 0.7094524000)
(0.4926075000, -0.5029055000, 0.7102122000)
(0.4928304000, -0.5012628000, 0.7112266000)
(0.4920176000, -0.5016826000, 0.7114889000)
(0.5059276000, -0.5009701000, 0.7021690000)
(0.5062307000, -0.4999550000, 0.7026803000)
(0.5063015000, -0.4992260000, 0.7031511000)
(0.5064929000, -0.4975607000, 0.7041801000)
(0.4984850000, -0.4992413000, 0.7086908000)
(0.4949771000, -0.5042532000, 0.7076170000)
(0.4987287000, -0.5022455000, 0.7064080000)
(0.5037870000, -0.5004846000, 0.7040607000)
(0.5024270000, -0.5007651000, 0.7048213000)
(0.4958868000, -0.5010142000, 0.7092689000)
(0.4921214000, -0.5022459000, 0.7110170000)
(0.4912178000, -0.5012106000, 0.7123756000)
(0.4911737000, -0.5008343000, 0.7126738000)
(0.4939991000, -0.5012608000, 0.7104183000)
(0.5099162000, -0.4982220000, 0.7012413000)
(0.5108190000, -0.4969816000, 0.7014728000)
(0.5093359000, -0.4962489000, 0.7030644000)
(0.4849002000, -0.4996682000, 0.7177743000)
(0.4873281000, -0.4989230000, 0.7166461000)
(0.4917601000, -0.4991745000, 0.7134277000)
(0.4893073000, -0.5023021000, 0.7129201000)
(0.4912113000, -0.5099219000, 0.7061681000)
(0.4964904000, -0.5081901000, 0.7037302000)
(0.4966949000, -0.5074672000, 0.7041016000)
(0.4904845000, -0.5076718000, 0.7082909000)
(0.4860388000, -0.5075501000, 0.7114483000)
(0.4872366000, -0.5074159000, 0.7107165000)
(0.4903704000, -0.5088671000, 0.7075200000)
(0.4991187000, -0.5055668000, 0.7037578000)
(0.5000602000, -0.5047394000, 0.7036757000)
(0.4957365000, -0.5045655000, 0.7068503000)
(0.4898425000, -0.5048611000, 0.7107322000)
(0.4897616000, -0.5043755000, 0.7111330000)
(0.4902382000, -0.5050661000, 0.7103130000)
(0.4927752000, -0.5033888000, 0.7097529000)
(0.4932884000, -0.5032669000, 0.7094843000)
(0.4925070000, -0.5021668000, 0.7108066000)
(0.4927969000, -0.5037921000, 0.7094515000)
(0.4948520000, -0.5037866000, 0.7080356000)
(0.4985103000, -0.5040908000, 0.7052303000)
(0.5001513000, -0.5038976000, 0.7042109000)
(0.4947031000, -0.5035608000, 0.7082993000)
(0.4998134000, -0.5072647000, 0.7020292000)
(0.4964488000, -0.5061806000, 0.7051889000)
(0.4968938000, -0.5010886000, 0.7085213000)
(0.4908885000, -0.5034789000, 0.7109917000)
(0.4909489000, -0.5054349000, 0.7095596000)
(0.4898388000, -0.5065011000, 0.7095689000)
(0.4890703000, -0.5066242000, 0.7100115000)
(0.4904893000, -0.5055437000, 0.7097997000)
(0.5056452000, -0.5005937000, 0.7026569000)
(0.5029738000, -0.5002246000, 0.7048271000)
(0.5028778000, -0.5012776000, 0.7041439000)
(0.4797530000, -0.5097773000, 0.7140996000)
(0.4799125000, -0.5136930000, 0.7111844000)
(0.4772066000, -0.5116425000, 0.7144702000)
(0.4741725000, -0.5079848000, 0.7191003000)
(0.4979970000, -0.5237927000, 0.6910933000)
(0.0000000000, 0.0000000000, 0.0000000000)
(0.0000000000, 0.0000000000, 0.0000000000)
(0.0000000000, 0.0000000000, 0.0000000000)
(0.0000000000, 0.0000000000, 0.0000000000)
(0.0000000000, 0.0000000000, 0.0000000000)
(0.0000000000, 0.0000000000, 0.0000000000)
(0.0000000000, 0.0000000000, 0.0000000000)
(0.4813078000, -0.5143130000, 0.7098017000)
(0.4833218000, -0.5140740000, 0.7085984000)
(0.4988703000, -0.5109118000, 0.7000620000)
(0.4793857000, -0.5096222000, 0.7144659000)
(0.4787709000, -0.5098066000, 0.7147366000)
(0.4793907000, -0.5112054000, 0.7133353000)
(0.4812687000, -0.5113913000, 0.7119258000)
(0.4788710000, -0.5145861000, 0.7112474000)
(0.4813855000, -0.5116366000, 0.7116690000)
(0.4971601000, -0.5061761000, 0.7046987000)
(0.4918631000, -0.5101305000, 0.7055669000)
(0.4989300000, -0.5074776000, 0.7025099000)
(0.5084293000, -0.5089784000, 0.6945756000)
(0.4798845000, -0.5091059000, 0.7145031000)
(0.4785212000, -0.5095279000, 0.7151024000)
(0.4781249000, -0.5104433000, 0.7147262000)
(0.4763327000, -0.5114908000, 0.7151763000)
(0.4801640000, -0.5083457000, 0.7148534000)
(0.4926865000, -0.5052846000, 0.7084666000)
(0.4916271000, -0.5041342000, 0.7100165000)
(0.4925224000, -0.5054386000, 0.7084700000)
(0.4933969000, -0.5043942000, 0.7086089000)
(0.4934402000, -0.5045237000, 0.7084872000)
(0.4935689000, -0.5053180000, 0.7078332000)
(0.5116364000, -0.5026476000, 0.6968200000)
(0.5120755000, -0.5027069000, 0.6964533000)
(0.5152751000, -0.5050914000, 0.6923524000)
(0.5120337000, -0.5006081000, 0.6979980000)
(0.5037045000, -0.4998123000, 0.7045974000)
(0.5094028000, -0.5002891000, 0.7001429000)
(0.5119149000, -0.5002319000, 0.6983624000)
(0.5117833000, -0.5007085000, 0.6981171000)
(0.5105602000, -0.4999168000, 0.6995670000)
(0.5011184000, -0.4979905000, 0.7077208000)
(0.4959081000, -0.4998563000, 0.7100778000)
(0.4994022000, -0.5011582000, 0.7066954000)
(0.5120873000, -0.5049711000, 0.6948162000)
(0.5109231000, -0.5186500000, 0.6855211000)
(0.5062975000, -0.5167606000, 0.6903630000)
(0.5076030000, -0.5162103000, 0.6898103000)
(0.4965848000, -0.5116364000, 0.7011511000)
(0.4978451000, -0.5116208000, 0.7002668000)
(0.4990442000, -0.5118930000, 0.6992264000)
(0.4989820000, -0.5104305000, 0.7003325000)
(0.4973802000, -0.5116380000, 0.7005795000)
(0.4970639000, -0.5113149000, 0.7010481000)
(0.4997981000, -0.5122247000, 0.6984252000)
(0.5056615000, -0.5129439000, 0.6936724000)
(0.5073125000, -0.5141678000, 0.6915488000)
(0.5009924000, -0.5136416000, 0.6965325000)
(0.4951009000, -0.5119922000, 0.7019439000)
(0.4936317000, -0.5120056000, 0.7029694000)
(0.4942358000, -0.5121400000, 0.7024377000)
(0.4929826000, -0.5114455000, 0.7038402000)
(0.4919006000, -0.5107474000, 0.7050838000)
(0.4996182000, -0.5153611000, 0.6962602000)
(0.5004078000, -0.5171920000, 0.6943249000)
(0.4930163000, -0.5131313000, 0.7025769000)
(0.4907870000, -0.5126686000, 0.7044668000)
(0.4925450000, -0.5146933000, 0.7017704000)
(0.4924488000, -0.5156659000, 0.7011253000)
(0.5016950000, -0.5195891000, 0.6916078000)
(0.5021698000, -0.5202649000, 0.6907475000)
(0.4962019000, -0.5169477000, 0.6975118000)
(0.4925052000, -0.5166698000, 0.7003291000)
(0.4961765000, -0.5140792000, 0.6996561000)
(0.5024761000, -0.5155920000, 0.6940156000)
(0.5039794000, -0.5186641000, 0.6906247000)
(0.4995113000, -0.5134951000, 0.6977069000)
(0.4972464000, -0.5114363000, 0.7008401000)
(0.4961344000, -0.5093456000, 0.7031347000)
(0.4943856000, -0.5071864000, 0.7059188000)
(0.4922491000, -0.5052589000, 0.7087871000)
(0.4898131000, -0.5017469000, 0.7129661000)
(0.4895933000, -0.5002611000, 0.7141528000)
(0.4915887000, -0.5021271000, 0.7114695000)
(0.4935527000, -0.5013824000, 0.7106414000)
(0.4916482000, -0.5006568000, 0.7124731000)
(0.4915861000, -0.5002783000, 0.7127843000)
(0.4928271000, -0.5005081000, 0.7117648000)
(0.4929170000, -0.5013341000, 0.7111157000)
(0.4955902000, -0.5009164000, 0.7095434000)
(0.4969610000, -0.5001646000, 0.7091109000)
(0.4973729000, -0.4999090000, 0.7090063000)
(0.4981268000, -0.5005255000, 0.7080492000)
(0.4958217000, -0.5015391000, 0.7089422000)
(0.4949168000, -0.4999195000, 0.7107181000)
(0.4949746000, -0.5000253000, 0.7106022000)
(0.4938747000, -0.5007809000, 0.7108470000)
(0.4956921000, -0.5003719000, 0.7098616000)
(0.4990809000, -0.5016766000, 0.7065520000)
(0.4845194000, -0.5057893000, 0.7137262000)
(0.4812739000, -0.5123037000, 0.7112721000)
(0.4855777000, -0.5124369000, 0.7082497000)
(0.5027335000, -0.5106633000, 0.6974690000)
(0.5011668000, -0.5110823000, 0.6982939000)
(0.5009764000, -0.5106975000, 0.6987004000)
(0.4986184000, -0.5110797000, 0.7001216000)
(0.4990378000, -0.5102562000, 0.7004183000)
(0.4990582000, -0.5096601000, 0.7008271000)
(0.5004194000, -0.5105520000, 0.6992136000)
(0.5020320000, -0.5093236000, 0.6989474000)
(0.4993237000, -0.5095986000, 0.7006900000)
(0.4984312000, -0.5083380000, 0.7022418000)
(0.4990993000, -0.5074412000, 0.7024180000)
(0.5007868000, -0.5071257000, 0.7014359000)
(0.5000683000, -0.5069708000, 0.7020659000)
(0.4996262000, -0.5067535000, 0.7025412000)
(0.4991740000, -0.5065889000, 0.7029719000)
(0.4998966000, -0.5059707000, 0.7029129000)
(0.4999735000, -0.5051930000, 0.7034160000)
(0.5126463000, -0.5064421000, 0.6933175000)
(0.5131923000, -0.5041064000, 0.6946292000)
(0.5136169000, -0.5032795000, 0.6948985000)
(0.5068550000, -0.5045761000, 0.6989101000)
(0.5080524000, -0.5099407000, 0.6941348000)
(0.5083854000, -0.5113629000, 0.6928551000)
(0.5061964000, -0.5105320000, 0.6950620000)
(0.4991604000, -0.5087643000, 0.7014143000)
(0.4953261000, -0.5077260000, 0.7048867000)
(0.4927778000, -0.5056691000, 0.7081302000)
(0.4935030000, -0.5059192000, 0.7074525000)
(0.4956357000, -0.5044569000, 0.7069970000)
(0.4965114000, -0.5024294000, 0.7078329000)
(0.4966137000, -0.5015299000, 0.7084007000)
(0.4960232000, -0.5003772000, 0.7096291000)
(0.4960029000, -0.4997773000, 0.7100697000)
(0.4965567000, -0.5012411000, 0.7086462000)
(0.4963664000, -0.5004424000, 0.7093465000)
(0.4968088000, -0.4994859000, 0.7096983000)
(0.4992062000, -0.4994346000, 0.7080575000)
(0.5008844000, -0.4996287000, 0.7067407000)
(0.5019422000, -0.5002899000, 0.7055169000)
(0.5008745000, -0.4999020000, 0.7065489000)
(0.4997785000, -0.4992144000, 0.7078173000)
(0.4983903000, -0.4965454000, 0.7106517000)
(0.5004981000, -0.5036504000, 0.7041478000)
(0.5074961000, -0.5059142000, 0.6974868000)
(0.5067214000, -0.5058562000, 0.6980847000)
(0.5050983000, -0.5047377000, 0.7000667000)
(0.5026190000, -0.5035636000, 0.7027009000)
(0.4982686000, -0.5005086000, 0.7079601000)
(0.4986738000, -0.5004821000, 0.7077003000)
(0.4958750000, -0.4994482000, 0.7103891000)
(0.4907917000, -0.4988302000, 0.7143423000)
(0.4891695000, -0.4987804000, 0.7154784000)
(0.5016276000, -0.4930306000, 0.7108243000)
(0.5027544000, -0.5158776000, 0.6936111000)
(0.5001863000, -0.5183024000, 0.6936618000)
(0.4972631000, -0.5168658000, 0.6968311000)
(0.4959320000, -0.5167521000, 0.6978523000)
(0.4940785000, -0.5162749000, 0.6995150000)
(0.4931164000, -0.5160806000, 0.7003425000)
(0.4927666000, -0.5146983000, 0.7016102000)
(0.4918975000, -0.5138761000, 0.7028155000)
(0.4907999000, -0.5142206000, 0.7033297000)
(0.4905542000, -0.5132309000, 0.7042239000)
(0.4910461000, -0.5131250000, 0.7039570000)
(0.4913429000, -0.5127099000, 0.7040498000)
(0.4894607000, -0.5103722000, 0.7070553000)
(0.4890193000, -0.5101923000, 0.7074875000)
(0.4904200000, -0.5091437000, 0.7072868000)
(0.4916123000, -0.5090507000, 0.7065094000)
(0.4914941000, -0.5079650000, 0.7073833000)
(0.4911525000, -0.5072224000, 0.7081477000)
(0.4904489000, -0.5071759000, 0.7086666000)
(0.4899096000, -0.5054753000, 0.7102491000)
(0.4908609000, -0.5059255000, 0.7092714000)
(0.4919841000, -0.5059360000, 0.7084883000)
(0.4927954000, -0.5052148000, 0.7084404000)
(0.4923329000, -0.5048574000, 0.7090141000)
(0.4929147000, -0.5035089000, 0.7095712000)
(0.4919812000, -0.5041572000, 0.7097552000)
(0.4945542000, -0.5026668000, 0.7090374000)
(0.4940796000, -0.5030275000, 0.7091100000)
(0.4955915000, -0.5037125000, 0.7075574000)
(0.4988730000, -0.4995666000, 0.7081945000)
(0.4998004000, -0.4990478000, 0.7079005000)
(0.4989994000, -0.4977571000, 0.7093733000)
(0.4977012000, -0.4989768000, 0.7094449000)
(0.4964035000, -0.4994085000, 0.7100345000)
(0.4957446000, -0.4992310000, 0.7106164000)
(0.4975978000, -0.4978863000, 0.7102720000)
(0.4990125000, -0.4958958000, 0.7106658000)
(0.4984968000, -0.4949246000, 0.7117115000)
(0.5005251000, -0.4963067000, 0.7093296000)
(0.4979920000, -0.4981426000, 0.7098143000)
(0.4908905000, -0.5028000000, 0.7114747000)
(0.4908059000, -0.5011268000, 0.7127225000)
(0.4987634000, -0.4964159000, 0.7104912000)
(0.5066965000, -0.4959825000, 0.7051516000)
(0.5086583000, -0.5079600000, 0.6951436000)
(0.4974565000, -0.5088443000, 0.7025757000)
(0.5016696000, -0.5086827000, 0.6996713000)
(0.5008461000, -0.5074061000, 0.7011892000)
(0.5034927000, -0.5072122000, 0.6994392000)
(0.5013022000, -0.5076377000, 0.7007115000)
(0.4930860000, -0.5068523000, 0.7070748000)
(0.4928213000, -0.5066286000, 0.7074175000)
(0.4933300000, -0.5060238000, 0.7074962000)
(0.4934805000, -0.5050293000, 0.7080996000)
(0.4932306000, -0.5055489000, 0.7079034000)
(0.4938694000, -0.5030766000, 0.7092199000)
(0.4936593000, -0.5034560000, 0.7090946000)
(0.4933026000, -0.5020794000, 0.7103198000)
(0.4893213000, -0.5031236000, 0.7123272000)
(0.4864142000, -0.5040159000, 0.7137005000)
(0.4898733000, -0.5045640000, 0.7109220000)
(0.4916420000, -0.5039300000, 0.7101514000)
(0.4948049000, -0.5027430000, 0.7088112000)
(0.4969876000, -0.5033525000, 0.7068495000)
(0.4975038000, -0.5034353000, 0.7064115000)
(0.4975280000, -0.5031493000, 0.7065994000)
(0.4971935000, -0.5026347000, 0.7071969000)
(0.4975426000, -0.5027098000, 0.7069014000)
(0.4981944000, -0.5020086000, 0.7069470000)
(0.4989504000, -0.5049709000, 0.7042996000)
(0.4992532000, -0.5053899000, 0.7037945000)
(0.4984345000, -0.5052306000, 0.7044696000)
(0.4977331000, -0.5054924000, 0.7047912000)
(0.5046386000, -0.5041137000, 0.7008504000)
(0.5067113000, -0.5054961000, 0.6983516000)
(0.5073829000, -0.5069190000, 0.6968301000)
(0.5052215000, -0.5063643000, 0.6988072000)
(0.5026062000, -0.5063154000, 0.7007312000)
(0.4989576000, -0.5059348000, 0.7036113000)
(0.4991794000, -0.5059069000, 0.7034543000)
(0.5015387000, -0.5019553000, 0.7046131000)
(0.5036685000, -0.5039849000, 0.7016370000)
(0.5063409000, -0.5052274000, 0.6988218000)
(0.5041780000, -0.5057952000, 0.6999744000)
(0.5006964000, -0.5061957000, 0.7021813000)
(0.4988074000, -0.5067570000, 0.7031087000)
(0.4985480000, -0.5073555000, 0.7028599000)
(0.4993213000, -0.5060197000, 0.7032760000)
(0.4983735000, -0.5062349000, 0.7037995000)
(0.4980054000, -0.5055455000, 0.7045639000)
(0.4979498000, -0.5052832000, 0.7047905000)
(0.4983906000, -0.5040416000, 0.7053708000)
(0.4990161000, -0.5037359000, 0.7051328000)
(0.4996800000, -0.5032201000, 0.7050436000)
(0.5005720000, -0.5065191000, 0.7020388000)
(0.5039139000, -0.5051743000, 0.7006012000)
(0.5077831000, -0.5006230000, 0.7010797000)
(0.5084413000, -0.4994001000, 0.7014729000)
(0.5072998000, -0.5015154000, 0.7007993000)
(0.5059103000, -0.5004019000, 0.7025932000)
(0.5001354000, -0.5007702000, 0.7064463000)
(0.4992886000, -0.5007101000, 0.7070961000)
(0.5011611000, -0.5000051000, 0.7062592000)
(0.5012192000, -0.4999703000, 0.7062427000)
(0.5007427000, -0.5008704000, 0.7059559000)
(0.4993502000, -0.5001814000, 0.7074264000)
(0.4997019000, -0.4985880000, 0.7082945000)
(0.5013965000, -0.4983874000, 0.7072468000)
(0.5075155000, -0.4971185000, 0.7037710000)
(0.5076735000, -0.4975883000, 0.7033290000)
(0.5068400000, -0.4968393000, 0.7044564000)
(0.5043865000, -0.4969245000, 0.7061568000)
(0.5028757000, -0.4967780000, 0.7073250000)
(0.5018504000, -0.4962708000, 0.7084147000)
(0.5020360000, -0.4951969000, 0.7090295000)
(0.5026033000, -0.4937930000, 0.7096109000)
(0.5022719000, -0.4937595000, 0.7098648000)
(0.5026665000, -0.5038959000, 0.7024327000)
(0.5019826000, -0.5089851000, 0.6992475000)
(0.4983811000, -0.5161352000, 0.6965670000)
(0.4857747000, -0.5134657000, 0.7073616000)
(0.4910031000, -0.5127622000, 0.7042527000)
(0.4947941000, -0.5091146000, 0.7042474000)
(0.4971400000, -0.5108228000, 0.7013492000)
(0.4886396000, -0.5129542000, 0.7057472000)
(0.4923558000, -0.5068352000, 0.7075937000)
(0.4956742000, -0.5074995000, 0.7047864000)
(0.4959443000, -0.5116376000, 0.7016164000)
(0.4988673000, -0.5109661000, 0.7000315000)
(0.5012208000, -0.5100906000, 0.6989856000)
(0.5006804000, -0.5097125000, 0.6996467000)
(0.4914742000, -0.5044892000, 0.7098692000)
(0.4978491000, -0.5082659000, 0.7027172000)
(0.5019627000, -0.5101796000, 0.6983883000)
(0.4961812000, -0.5120712000, 0.7011234000)
(0.4896279000, -0.5377310000, 0.6863625000)
(0.0000000000, 0.0000000000, 0.0000000000)
(0.0000000000, 0.0000000000, 0.0000000000)
(0.0000000000, 0.0000000000, 0.0000000000)
(0.0000000000, 0.0000000000, 0.0000000000)
(0.0000000000, 0.0000000000, 0.0000000000)
(0.0000000000, 0.0000000000, 0.0000000000)
(0.0000000000, 0.0000000000, 0.0000000000)
(0.0000000000, 0.0000000000, 0.0000000000)
(0.4637951000, -0.5237011000, 0.7145733000)
(0.4780069000, -0.5178705000, 0.7094495000)
(0.4662163000, -0.5251144000, 0.7119496000)
(0.4683405000, -0.5314128000, 0.7058657000)
(0.4724070000, -0.5180989000, 0.7130132000)
(0.4727873000, -0.5183237000, 0.7125899000)
(0.4728792000, -0.5183305000, 0.7125244000)
(0.4723365000, -0.5200991000, 0.7115998000)
(0.4714124000, -0.5206398000, 0.7118105000)
(0.4726538000, -0.5185150000, 0.7125469000)
(0.4744291000, -0.5145144000, 0.7142624000)
(0.4732070000, -0.5151446000, 0.7146132000)
(0.4726147000, -0.5145029000, 0.7154804000)
(0.4722468000, -0.5116407000, 0.7177684000)
(0.4974964000, -0.5014663000, 0.7078135000)
(0.5053660000, -0.5010555000, 0.7025208000)
(0.5029247000, -0.5017859000, 0.7037515000)
(0.4944111000, -0.5042835000, 0.7079875000)
(0.4898232000, -0.5057826000, 0.7100912000)
(0.4887754000, -0.5068133000, 0.7100828000)
(0.4921330000, -0.5022408000, 0.7110112000)
(0.5053709000, -0.4966678000, 0.7056316000)
(0.5064678000, -0.4926239000, 0.7076639000)
(0.5009174000, -0.4945034000, 0.7103102000)
(0.4955447000, -0.4946178000, 0.7139817000)
(0.4928250000, -0.4940812000, 0.7162427000)
(0.4932631000, -0.4937718000, 0.7161540000)
(0.5022593000, -0.4916942000, 0.7113126000)
(0.5119084000, -0.4854048000, 0.7087465000)
(0.5060901000, -0.4912068000, 0.7089189000)
(0.5116238000, -0.5070558000, 0.6936367000)
(0.4760105000, -0.5150441000, 0.7128227000)
(0.4817759000, -0.5112817000, 0.7116616000)
(0.5037100000, -0.5118386000, 0.6958941000)
(0.5011639000, -0.5115931000, 0.6979154000)
(0.5036427000, -0.5117393000, 0.6960325000)
(0.4987938000, -0.5120376000, 0.6992816000)
(0.4926116000, -0.5124530000, 0.7033628000)
(0.4959875000, -0.5098152000, 0.7029035000)
(0.5028936000, -0.5121523000, 0.6962610000)
(0.5002896000, -0.5138791000, 0.6968771000)
(0.4934588000, -0.5127041000, 0.7025797000)
(0.4923760000, -0.5125434000, 0.7034620000)
(0.4925277000, -0.5110738000, 0.7044238000)
(0.4928819000, -0.5108041000, 0.7043698000)
(0.4923142000, -0.5108652000, 0.7047182000)
(0.4924705000, -0.5099457000, 0.7052830000)
(0.4907237000, -0.5097685000, 0.7066166000)
(0.4875085000, -0.5100636000, 0.7086281000)
(0.4881465000, -0.5105025000, 0.7078751000)
(0.4912568000, -0.5097994000, 0.7062252000)
(0.4942934000, -0.5098364000, 0.7040797000)
(0.4953344000, -0.5093963000, 0.7036716000)
(0.4956780000, -0.5104427000, 0.7026703000)
(0.4983669000, -0.5091643000, 0.7016801000)
(0.5023322000, -0.5085564000, 0.6992886000)
(0.5013306000, -0.5089738000, 0.6997067000)
(0.4947936000, -0.5061042000, 0.7064082000)
(0.4936256000, -0.5038241000, 0.7088560000)
(0.4941976000, -0.5045198000, 0.7079664000)
(0.4980668000, -0.5077678000, 0.7029224000)
(0.4989883000, -0.5074656000, 0.7024797000)
(0.4987092000, -0.5047258000, 0.7046400000)
(0.4958939000, -0.5056035000, 0.7060041000)
(0.4949217000, -0.5062814000, 0.7061940000)
(0.4949954000, -0.5057641000, 0.7065092000)
(0.4938200000, -0.5063807000, 0.7069053000)
(0.4903396000, -0.5054023000, 0.7100042000)
(0.4884098000, -0.5015502000, 0.7140734000)
(0.4885179000, -0.5008227000, 0.7144933000)
(0.4858049000, -0.5068857000, 0.7120607000)
(0.4855031000, -0.5050905000, 0.7135437000)
(0.4899828000, -0.5099623000, 0.7069910000)
(0.4943212000, -0.5122494000, 0.7023078000)
(0.4931849000, -0.5118320000, 0.7034081000)
(0.4922742000, -0.5128125000, 0.7033204000)
(0.4714043000, -0.5105972000, 0.7190659000)
(0.4744481000, -0.5084836000, 0.7185559000)
(0.4775394000, -0.5071382000, 0.7174595000)
(0.4847150000, -0.5110940000, 0.7098008000)
(0.4854340000, -0.5102827000, 0.7099046000)
(0.4856427000, -0.5108357000, 0.7093461000)
(0.4872309000, -0.5125088000, 0.7070608000)
(0.4887815000, -0.5125954000, 0.7059296000)
(0.4860214000, -0.5103507000, 0.7094498000)
(0.4821638000, -0.5066800000, 0.7146786000)
(0.4868801000, -0.5120969000, 0.7075977000)
(0.4931404000, -0.5141757000, 0.7017327000)
(0.4987318000, -0.5169294000, 0.6957228000)
(0.5011895000, -0.5172006000, 0.6937661000)
(0.4972222000, -0.5168488000, 0.6968659000)
(0.4925206000, -0.5121854000, 0.7036180000)
(0.4923720000, -0.5124316000, 0.7035453000)
(0.4925706000, -0.5107433000, 0.7046273000)
(0.4925419000, -0.5104573000, 0.7048505000)
(0.4916288000, -0.5118402000, 0.7044989000)
(0.4916868000, -0.5117300000, 0.7045358000)
(0.4922341000, -0.5119772000, 0.7039600000)
(0.4927927000, -0.5109957000, 0.7042953000)
(0.4930176000, -0.5109758000, 0.7041544000)
(0.4932231000, -0.5104848000, 0.7043625000)
(0.4932935000, -0.5090179000, 0.7053760000)
(0.4936946000, -0.5085987000, 0.7053953000)
(0.4950614000, -0.5067315000, 0.7057785000)
(0.4948508000, -0.5072752000, 0.7055372000)
(0.4941036000, -0.5068101000, 0.7063839000)
(0.4929668000, -0.5051205000, 0.7083902000)
(0.4923497000, -0.5036424000, 0.7098662000)
(0.4920298000, -0.5041391000, 0.7097343000)
(0.4918561000, -0.5008788000, 0.7121695000)
(0.4912917000, -0.4998972000, 0.7132562000)
(0.4941822000, -0.5128928000, 0.7019271000)
(0.5047299000, -0.5135483000, 0.6938949000)
(0.5044809000, -0.5132775000, 0.6942812000)
(0.4971327000, -0.5080897000, 0.7033417000)
(0.4938610000, -0.5081074000, 0.7056303000)
(0.5014996000, -0.5093568000, 0.6993210000)
(0.5057549000, -0.5109739000, 0.6950646000)
(0.5038508000, -0.5096836000, 0.6973774000)
(0.4959935000, -0.5062781000, 0.7054574000)
(0.4961021000, -0.5071954000, 0.7047099000)
(0.4933909000, -0.5070341000, 0.7067198000)
(0.4943041000, -0.5051227000, 0.7074651000)
(0.4959260000, -0.5061563000, 0.7055911000)
(0.4946728000, -0.5080858000, 0.7050866000)
(0.4941666000, -0.5057617000, 0.7071067000)
(0.4948983000, -0.5037310000, 0.7080434000)
(0.4925905000, -0.5039249000, 0.7094989000)
(0.4920126000, -0.5034987000, 0.7102007000)
(0.4987947000, -0.5027302000, 0.7060210000)
(0.5025294000, -0.5025656000, 0.7034718000)
(0.5035449000, -0.4989349000, 0.7053251000)
(0.5121111000, -0.4950819000, 0.7018658000)
(0.5187302000, -0.4842530000, 0.7045527000)
(0.5116839000, -0.4923270000, 0.7041177000)
(0.5143253000, -0.4893843000, 0.7042500000)
(0.4923775000, -0.5097672000, 0.7054757000)
(0.4852596000, -0.5020111000, 0.7158768000)
(0.4814911000, -0.4940387000, 0.7239267000)
(0.0000000000, 0.0000000000, 0.0000000000)
(0.0000000000, 0.0000000000, 0.0000000000)
(0.0000000000, 0.0000000000, 0.0000000000)
(0.0000000000, 0.0000000000, 0.0000000000)
(0.0000000000, 0.0000000000, 0.0000000000)
(0.0000000000, 0.0000000000, 0.0000000000)
(0.0000000000, 0.0000000000, 0.0000000000)
(0.0000000000, 0.0000000000, 0.0000000000)
(0.0000000000, 0.0000000000, 0.0000000000)
(0.0000000000, 0.0000000000, 0.0000000000)
(0.0000000000, 0.0000000000, 0.0000000000)
(0.0000000000, 0.0000000000, 0.0000000000)
(0.4825158000, -0.5327351000, 0.6952343000)
(0.5003722000, -0.5164071000, 0.6949344000)
(0.4932140000, -0.4963953000, 0.7143686000)
(0.4896525000, -0.5037663000, 0.7116405000)
(0.4834804000, -0.5033747000, 0.7161366000)
(0.4870655000, -0.5031120000, 0.7138911000)
(0.4935176000, -0.5032591000, 0.7093308000)
(0.4846737000, -0.5001739000, 0.7175631000)
(0.4850610000, -0.5026546000, 0.7155781000)
(0.4825754000, -0.4999527000, 0.7191257000)
(0.4822123000, -0.5024215000, 0.7176493000)
(0.4804277000, -0.5017486000, 0.7193151000)
(0.4799917000, -0.5050640000, 0.7172857000)
(0.4818427000, -0.5034059000, 0.7172042000)
(0.4817349000, -0.5034974000, 0.7172123000)
(0.4817823000, -0.5035399000, 0.7171504000)
(0.4780259000, -0.5026385000, 0.7202992000)
(0.4894872000, -0.5057661000, 0.7103351000)
(0.4981649000, -0.5010874000, 0.7076210000)
(0.4994737000, -0.4977289000, 0.7090572000)
