1774.6790000000
1774.6900000000
1774.7010000000
1774.7120000000
1774.7230000000
1774.7340000000
1774.7450000000
1774.7570000000
1774.7670000000
1774.7780000000
1774.7890000000
1774.8010000000
1774.8120000000
1774.8230000000
1774.8340000000
1774.8450000000
1774.8560000000
1774.8670000000
1774.8780000000
1774.8900000000
1774.9010000000
1774.9110000000
1774.9230000000
1774.9340000000
1774.9450000000
1774.9560000000
1774.9670000000
1774.9780000000
1774.9890000000
1775.0000000000
1775.0120000000
1775.0230000000
1775.0340000000
1775.0450000000
1775.0560000000
1775.0670000000
1775.0780000000
1775.0890000000
1775.1000000000
1775.1110000000
1775.1230000000
1775.1340000000
1775.1450000000
1775.1560000000
1775.1670000000
1775.1780000000
1775.1890000000
1775.2000000000
1775.2110000000
1775.2230000000
1775.2340000000
1775.2450000000
1775.2560000000
1775.2670000000
1775.2780000000
1775.2890000000
1775.3000000000
1775.3120000000
1775.3220000000
1775.3340000000
1775.3450000000
1775.3560000000
1775.3670000000
1775.3780000000
1775.3890000000
1775.4000000000
1775.4110000000
1775.4230000000
1775.4330000000
1775.4440000000
1775.4560000000
1775.4670000000
1775.4780000000
1775.4890000000
1775.5000000000
1775.5110000000
1775.5220000000
1775.5330000000
1775.5450000000
1775.5560000000
1775.5670000000
1775.5780000000
1775.5890000000
1775.6000000000
1775.6110000000
1775.6220000000
1775.6340000000
1775.6450000000
1775.6560000000
1775.6670000000
1775.6780000000
1775.6890000000
1775.7000000000
1775.7110000000
1775.7220000000
1775.7330000000
1775.7440000000
1775.7560000000
1775.7670000000
1775.7780000000
1775.7890000000
1775.8000000000
1775.8110000000
1775.8220000000
1775.8330000000
1775.8440000000
1775.8560000000
1775.8670000000
1775.8780000000
1775.8890000000
1775.9000000000
1775.9110000000
1775.9220000000
1775.9330000000
1775.9440000000
1775.9560000000
1775.9670000000
1775.9780000000
1775.9890000000
1776.0000000000
1776.0110000000
1776.0220000000
1776.0330000000
1776.0440000000
1776.0550000000
1776.0670000000
1776.0780000000
1776.0890000000
1776.1000000000
1776.1110000000
1776.1220000000
1776.1330000000
1776.1440000000
1776.1550000000
1776.1670000000
1776.1770000000
1776.1890000000
1776.2000000000
1776.2110000000
1776.2220000000
1776.2330000000
1776.2440000000
1776.2550000000
1776.2660000000
1776.2770000000
1776.2890000000
1776.3000000000
1776.3110000000
1776.3220000000
1776.3330000000
1776.3440000000
1776.3550000000
1776.3660000000
1776.3770000000
1776.3890000000
1776.4000000000
1776.4110000000
1776.4220000000
1776.4330000000
1776.4440000000
1776.4550000000
1776.4660000000
1776.4770000000
1776.4890000000
1776.5000000000
1776.5110000000
1776.5220000000
1776.5330000000
1776.5440000000
1776.5550000000
1776.5660000000
1776.5770000000
1776.5890000000
1776.5990000000
1776.6110000000
1776.6220000000
1776.6330000000
1776.6440000000
1776.6550000000
1776.6660000000
1776.6770000000
1776.6880000000
1776.7000000000
1776.7110000000
1776.7220000000
1776.7330000000
1776.7440000000
1776.7550000000
1776.7660000000
1776.7770000000
1776.7880000000
1776.7990000000
1776.8110000000
1776.8220000000
1776.8330000000
1776.8440000000
1776.8550000000
1776.8660000000
1776.8770000000
1776.8880000000
1776.9000000000
1776.9100000000
1776.9220000000
1776.9330000000
1776.9440000000
1776.9550000000
1776.9660000000
1776.9770000000
1776.9880000000
1776.9990000000
1777.0100000000
1777.0220000000
1777.0330000000
1777.0440000000
1777.0550000000
1777.0660000000
1777.0770000000
1777.0880000000
1777.0990000000
1777.1100000000
1777.1220000000
1777.1330000000
1777.1440000000
1777.1550000000
1777.1660000000
1777.1770000000
1777.1880000000
1777.1990000000
1777.2100000000
1777.2220000000
1777.2330000000
1777.2440000000
1777.2550000000
1777.2660000000
1777.2770000000
1777.2880000000
1777.2990000000
1777.3100000000
1777.3210000000
1777.3320000000
1777.3440000000
1777.3550000000
1777.3660000000
1777.3770000000
1777.3880000000
1777.3990000000
1777.4100000000
1777.4220000000
1777.4330000000
1777.4430000000
1777.4550000000
1777.4660000000
1777.4770000000
1777.4880000000
1777.4990000000
1777.5100000000
1777.5210000000
1777.5320000000
1777.5430000000
1777.5550000000
1777.5660000000
1777.5770000000
1777.5880000000
1777.5990000000
1777.6100000000
1777.6210000000
1777.6320000000
1777.6430000000
1777.6550000000
1777.6660000000
1777.6770000000
1777.6880000000
1777.6990000000
1777.7100000000
1777.7210000000
1777.7320000000
1777.7430000000
1777.7550000000
1777.7660000000
1777.7770000000
1777.7880000000
1777.7990000000
1777.8100000000
1777.8210000000
1777.8320000000
1777.8430000000
1777.8540000000
1777.8650000000
1777.8770000000
1777.8880000000
1777.8990000000
1777.9100000000
1777.9210000000
1777.9320000000
1777.9430000000
1777.9540000000
1777.9660000000
1777.9770000000
1777.9880000000
1777.9990000000
1778.0100000000
1778.0210000000
1778.0320000000
1778.0430000000
1778.0540000000
1778.0650000000
1778.0770000000
1778.0880000000
1778.0990000000
1778.1100000000
1778.1210000000
1778.1320000000
1778.1430000000
1778.1540000000
1778.1660000000
1778.1770000000
1778.1880000000
1778.1990000000
1778.2100000000
1778.2210000000
1778.2320000000
1778.2430000000
1778.2540000000
1778.2660000000
1778.2760000000
1778.2880000000
1778.2990000000
1778.3100000000
1778.3210000000
1778.3320000000
1778.3430000000
1778.3540000000
1778.3650000000
1778.3760000000
1778.3880000000
1778.3990000000
1778.4100000000
1778.4210000000
1778.4320000000
1778.4430000000
1778.4540000000
1778.4650000000
1778.4760000000
1778.4880000000
1778.4990000000
1778.5100000000
1778.5210000000
1778.5320000000
1778.5430000000
1778.5540000000
1778.5650000000
1778.5760000000
1778.5870000000
1778.5990000000
1778.6100000000
1778.6210000000
1778.6320000000
1778.6430000000
1778.6540000000
1778.6650000000
1778.6760000000
1778.6870000000
1778.6990000000
1778.7090000000
1778.7210000000
1778.7320000000
1778.7430000000
1778.7540000000
1778.7650000000
1778.7760000000
1778.7870000000
1778.7980000000
1778.8100000000
1778.8210000000
1778.8320000000
1778.8430000000
1778.8540000000
1778.8650000000
1778.8760000000
1778.8870000000
1778.8980000000
1778.9100000000
1778.9210000000
1778.9320000000
1778.9430000000
1778.9540000000
1778.9650000000
1778.9760000000
1778.9870000000
1778.9980000000
1779.0090000000
1779.0210000000
1779.0320000000
1779.0430000000
1779.0540000000
1779.0650000000
1779.0760000000
1779.0870000000
1779.0980000000
1779.1090000000
1779.1200000000
1779.1320000000
1779.1430000000
1779.1540000000
1779.1650000000
1779.1760000000
1779.1870000000
1779.1980000000
1779.2090000000
1779.2200000000
1779.2310000000
1779.2430000000
1779.2540000000
1779.2650000000
1779.2760000000
1779.2870000000
1779.2980000000
1779.3090000000
1779.3200000000
1779.3310000000
1779.3430000000
1779.3540000000
1779.3650000000
1779.3760000000
1779.3870000000
1779.3980000000
1779.4090000000
1779.4200000000
1779.4320000000
1779.4430000000
1779.4540000000
1779.4650000000
1779.4760000000
1779.4870000000
1779.4980000000
1779.5090000000
1779.5200000000
1779.5320000000
1779.5420000000
1779.5540000000
1779.5650000000
1779.5760000000
1779.5870000000
1779.5980000000
1779.6090000000
1779.6200000000
1779.6310000000
1779.6430000000
1779.6540000000
1779.6650000000
1779.6760000000
1779.6870000000
1779.6980000000
1779.7090000000
1779.7200000000
1779.7310000000
1779.7420000000
1779.7540000000
1779.7650000000
1779.7760000000
1779.7870000000
1779.7980000000
1779.8090000000
1779.8200000000
1779.8310000000
1779.8420000000
1779.8540000000
1779.8650000000
1779.8760000000
1779.8870000000
1779.8980000000
1779.9090000000
1779.9200000000
1779.9310000000
1779.9420000000
1779.9530000000
1779.9650000000
1779.9760000000
1779.9870000000
1779.9980000000
1780.0090000000
1780.0200000000
1780.0310000000
1780.0420000000
1780.0530000000
1780.0640000000
1780.0760000000
1780.0870000000
1780.0980000000
1780.1090000000
1780.1200000000
1780.1310000000
1780.1420000000
1780.1530000000
1780.1640000000
1780.1750000000
1780.1870000000
1780.1980000000
1780.2090000000
1780.2200000000
1780.2310000000
1780.2420000000
1780.2530000000
1780.2640000000
1780.2760000000
1780.2870000000
1780.2980000000
1780.3090000000
1780.3200000000
1780.3310000000
1780.3420000000
1780.3530000000
1780.3640000000
1780.3750000000
1780.3860000000
1780.3980000000
1780.4090000000
1780.4200000000
1780.4310000000
1780.4420000000
1780.4530000000
1780.4640000000
1780.4750000000
1780.4870000000
1780.4980000000
1780.5090000000
1780.5200000000
1780.5310000000
1780.5420000000
1780.5530000000
1780.5640000000
1780.5750000000
1780.5870000000
1780.5980000000
1780.6090000000
1780.6200000000
1780.6310000000
1780.6420000000
1780.6530000000
1780.6640000000
1780.6750000000
1780.6860000000
1780.6980000000
1780.7090000000
1780.7200000000
1780.7310000000
1780.7420000000
1780.7530000000
1780.7640000000
1780.7750000000
1780.7860000000
1780.7980000000
1780.8090000000
1780.8200000000
1780.8310000000
1780.8420000000
1780.8530000000
1780.8640000000
1780.8750000000
1780.8860000000
1780.8970000000
1780.9090000000
1780.9200000000
1780.9310000000
1780.9420000000
1780.9530000000
1780.9640000000
1780.9750000000
1780.9860000000
1780.9970000000
1781.0080000000
1781.0200000000
1781.0310000000
1781.0420000000
1781.0530000000
1781.0640000000
1781.0750000000
1781.0860000000
1781.0970000000
1781.1090000000
1781.1200000000
1781.1300000000
1781.1420000000
1781.1530000000
1781.1640000000
1781.1750000000
1781.1860000000
1781.1970000000
1781.2080000000
1781.2190000000
1781.2300000000
1781.2420000000
1781.2530000000
1781.2640000000
1781.2750000000
1781.2860000000
1781.2970000000
1781.3080000000
1781.3190000000
1781.3300000000
1781.3420000000
1781.3530000000
1781.3640000000
1781.3750000000
1781.3860000000
1781.3970000000
1781.4080000000
1781.4190000000
1781.4300000000
1781.4410000000
1781.4530000000
1781.4640000000
1781.4750000000
1781.4860000000
1781.4970000000
1781.5080000000
1781.5200000000
1781.5300000000
1781.5420000000
1781.5530000000
1781.5640000000
1781.5750000000
1781.5860000000
1781.5970000000
1781.6080000000
1781.6190000000
1781.6300000000
1781.6420000000
1781.6520000000
1781.6640000000
1781.6750000000
1781.6860000000
1781.6970000000
1781.7080000000
1781.7190000000
1781.7300000000
1781.7420000000
1781.7530000000
1781.7640000000
1781.7750000000
1781.7860000000
1781.7970000000
1781.8080000000
1781.8190000000
1781.8310000000
1781.8410000000
1781.8520000000
1781.8640000000
1781.8750000000
1781.8860000000
1781.8970000000
1781.9080000000
1781.9190000000
1781.9300000000
1781.9410000000
1781.9520000000
1781.9640000000
1781.9750000000
1781.9860000000
1781.9970000000
1782.0080000000
1782.0190000000
1782.0300000000
1782.0410000000
1782.0520000000
1782.0640000000
1782.0750000000
1782.0860000000
1782.0970000000
1782.1080000000
1782.1190000000
1782.1300000000
1782.1410000000
1782.1530000000
1782.1640000000
1782.1750000000
1782.1880000000
1782.1980000000
1782.2080000000
1782.2180000000
1782.2290000000
1782.2400000000
1782.2510000000
1782.2620000000
1782.2730000000
1782.2840000000
1782.2950000000
1782.3070000000
1782.3180000000
1782.3290000000
1782.3400000000
1782.3510000000
1782.3620000000
1782.3730000000
1782.3840000000
1782.3950000000
1782.4060000000
1782.4170000000
1782.4290000000
1782.4400000000
1782.4510000000
1782.4620000000
1782.4730000000
1782.4840000000
1782.4950000000
1782.5060000000
1782.5170000000
1782.5280000000
1782.5400000000
1782.5510000000
1782.5620000000
1782.5730000000
1782.5850000000
1782.5960000000
1782.6070000000
1782.6180000000
1782.6300000000
1782.6410000000
1782.6520000000
1782.6630000000
1782.6740000000
1782.6850000000
1782.6970000000
1782.7080000000
1782.7190000000
1782.7300000000
1782.7410000000
1782.7520000000
1782.7630000000
1782.7740000000
1782.7850000000
1782.7970000000
1782.8080000000
1782.8190000000
1782.8300000000
1782.8410000000
1782.8520000000
1782.8630000000
1782.8740000000
1782.8850000000
1782.8960000000
1782.9080000000
1782.9190000000
1782.9300000000
1782.9410000000
1782.9520000000
1782.9630000000
1782.9740000000
1782.9850000000
1782.9960000000
1783.0080000000
1783.0180000000
1783.0300000000
1783.0410000000
1783.0520000000
1783.0630000000
1783.0740000000
1783.0850000000
1783.0960000000
1783.1080000000
1783.1190000000
1783.1300000000
1783.1410000000
1783.1520000000
1783.1630000000
1783.1740000000
1783.1850000000
1783.1960000000
1783.2080000000
1783.2190000000
1783.2300000000
1783.2410000000
1783.2520000000
1783.2630000000
1783.2740000000
1783.2850000000
1783.2960000000
1783.3070000000
1783.3180000000
1783.3290000000
1783.3410000000
1783.3520000000
1783.3630000000
1783.3740000000
1783.3850000000
1783.3970000000
1783.4070000000
1783.4180000000
1783.4290000000
1783.4410000000
1783.4520000000
1783.4630000000
1783.4740000000
1783.4850000000
1783.4960000000
1783.5070000000
1783.5180000000
1783.5290000000
1783.5410000000
1783.5520000000
1783.5630000000
1783.5740000000
1783.5850000000
1783.5960000000
1783.6070000000
1783.6180000000
1783.6300000000
1783.6400000000
1783.6510000000
1783.6630000000
1783.6740000000
1783.6850000000
1783.6960000000
1783.7070000000
1783.7180000000
1783.7300000000
1783.7400000000
1783.7510000000
1783.7630000000
1783.7740000000
1783.7850000000
1783.7960000000
1783.8070000000
1783.8180000000
1783.8290000000
1783.8400000000
1783.8510000000
1783.8630000000
1783.8740000000
1783.8850000000
1783.8960000000
1783.9070000000
1783.9180000000
1783.9290000000
1783.9400000000
1783.9520000000
1783.9630000000
1783.9740000000
1783.9850000000
1783.9960000000
1784.0070000000
1784.0180000000
1784.0290000000
1784.0400000000
1784.0510000000
1784.0630000000
1784.0730000000
1784.0850000000
1784.0960000000
1784.1070000000
1784.1180000000
1784.1290000000
1784.1400000000
1784.1510000000
1784.1630000000
1784.1730000000
1784.1850000000
1784.1960000000
1784.2070000000
1784.2180000000
1784.2290000000
1784.2400000000
1784.2510000000
1784.2630000000
1784.2740000000
1784.2850000000
1784.2960000000
1784.3070000000
1784.3180000000
1784.3290000000
1784.3400000000
1784.3510000000
1784.3620000000
1784.3730000000
1784.3850000000
1784.3960000000
1784.4070000000
1784.4180000000
1784.4290000000
1784.4400000000
1784.4510000000
1784.4630000000
1784.4730000000
1784.4840000000
1784.4950000000
1784.5070000000
1784.5180000000
1784.5290000000
1784.5400000000
1784.5510000000
1784.5620000000
1784.5730000000
1784.5840000000
1784.5960000000
1784.6070000000
1784.6180000000
1784.6290000000
1784.6400000000
1784.6510000000
1784.6620000000
1784.6730000000
1784.6840000000
1784.6960000000
1784.7070000000
1784.7180000000
1784.7290000000
1784.7400000000
1784.7510000000
1784.7620000000
1784.7730000000
1784.7840000000
1784.7950000000
1784.8070000000
1784.8180000000
1784.8290000000
1784.8400000000
1784.8510000000
1784.8620000000
1784.8730000000
1784.8840000000
1784.8950000000
1784.9060000000
1784.9170000000
1784.9290000000
1784.9400000000
1784.9510000000
1784.9620000000
1784.9730000000
1784.9840000000
1784.9950000000
1785.0060000000
1785.0180000000
1785.0290000000
1785.0400000000
1785.0510000000
1785.0620000000
1785.0730000000
1785.0840000000
1785.0950000000
1785.1060000000
1785.1180000000
1785.1290000000
1785.1400000000
1785.1510000000
1785.1620000000
1785.1730000000
1785.1840000000
1785.1950000000
1785.2060000000
1785.2180000000
1785.2290000000
1785.2400000000
1785.2510000000
1785.2620000000
1785.2730000000
1785.2840000000
1785.2950000000
1785.3070000000
1785.3170000000
1785.3280000000
1785.3390000000
1785.3510000000
1785.3620000000
1785.3730000000
1785.3840000000
1785.3950000000
1785.4060000000
1785.4170000000
1785.4280000000
1785.4400000000
1785.4510000000
1785.4620000000
1785.4730000000
1785.4840000000
1785.4950000000
1785.5060000000
1785.5170000000
1785.5280000000
1785.5390000000
1785.5510000000
1785.5620000000
1785.5730000000
1785.5840000000
1785.5950000000
1785.6060000000
1785.6170000000
1785.6280000000
1785.6390000000
1785.6510000000
1785.6620000000
1785.6730000000
1785.6840000000
1785.6950000000
1785.7060000000
1785.7170000000
1785.7280000000
1785.7390000000
1785.7500000000
1785.7620000000
1785.7730000000
1785.7840000000
1785.7950000000
1785.8060000000
1785.8170000000
1785.8280000000
1785.8390000000
1785.8500000000
1785.8620000000
1785.8730000000
1785.8840000000
1785.8950000000
1785.9060000000
1785.9170000000
1785.9280000000
1785.9390000000
1785.9500000000
1785.9620000000
1785.9730000000
1785.9840000000
1785.9950000000
1786.0060000000
1786.0170000000
1786.0280000000
1786.0390000000
1786.0510000000
1786.0620000000
1786.0730000000
1786.0840000000
1786.0950000000
1786.1060000000
1786.1170000000
1786.1280000000
1786.1390000000
1786.1500000000
1786.1610000000
1786.1720000000
1786.1830000000
1786.1950000000
1786.2060000000
1786.2170000000
1786.2280000000
1786.2390000000
1786.2500000000
1786.2610000000
1786.2730000000
1786.2840000000
1786.2950000000
1786.3060000000
1786.3170000000
1786.3280000000
1786.3390000000
1786.3500000000
1786.3610000000
1786.3730000000
1786.3840000000
1786.3950000000
1786.4060000000
1786.4170000000
1786.4280000000
1786.4390000000
1786.4500000000
1786.4610000000
1786.4730000000
1786.4830000000
1786.4950000000
1786.5060000000
1786.5170000000
1786.5280000000
1786.5390000000
1786.5500000000
1786.5610000000
1786.5720000000
1786.5830000000
1786.5940000000
1786.6060000000
1786.6170000000
1786.6280000000
1786.6390000000
1786.6500000000
1786.6610000000
1786.6720000000
1786.6830000000
1786.6940000000
1786.7060000000
1786.7170000000
1786.7280000000
1786.7390000000
1786.7500000000
1786.7610000000
1786.7720000000
1786.7830000000
1786.7940000000
1786.8060000000
1786.8170000000
1786.8280000000
1786.8390000000
1786.8500000000
1786.8610000000
1786.8720000000
1786.8830000000
1786.8940000000
1786.9060000000
1786.9170000000
1786.9280000000
1786.9390000000
1786.9500000000
1786.9610000000
1786.9720000000
1786.9830000000
1786.9940000000
1787.0060000000
1787.0170000000
1787.0280000000
1787.0390000000
1787.0500000000
1787.0610000000
1787.0720000000
1787.0830000000
1787.0940000000
1787.1060000000
1787.1170000000
1787.1280000000
1787.1390000000
1787.1500000000
1787.1610000000
1787.1720000000
1787.1830000000
1787.1940000000
1787.2050000000
1787.2170000000
1787.2280000000
1787.2390000000
1787.2500000000
1787.2610000000
1787.2720000000
1787.2830000000
1787.2940000000
1787.3050000000
1787.3160000000
1787.3280000000
1787.3390000000
1787.3500000000
1787.3610000000
1787.3720000000
1787.3830000000
1787.3940000000
1787.4050000000
1787.4160000000
1787.4270000000
1787.4390000000
1787.4500000000
1787.4610000000
1787.4720000000
1787.4830000000
1787.4940000000
1787.5050000000
1787.5160000000
1787.5270000000
1787.5390000000
1787.5500000000
1787.5610000000
1787.5720000000
1787.5830000000
1787.5940000000
1787.6050000000
1787.6160000000
1787.6270000000
1787.6380000000
1787.6500000000
1787.6610000000
1787.6720000000
1787.6830000000
1787.6940000000
1787.7050000000
1787.7160000000
1787.7270000000
1787.7380000000
1787.7490000000
1787.7600000000
1787.7720000000
1787.7830000000
1787.7940000000
1787.8050000000
1787.8160000000
1787.8270000000
1787.8380000000
1787.8490000000
1787.8600000000
1787.8720000000
1787.8830000000
1787.8940000000
1787.9050000000
1787.9160000000
1787.9270000000
1787.9380000000
1787.9490000000
1787.9600000000
1787.9720000000
1787.9830000000
1787.9940000000
1788.0050000000
1788.0160000000
1788.0270000000
1788.0380000000
1788.0490000000
1788.0600000000
1788.0720000000
1788.0830000000
1788.0940000000
1788.1050000000
1788.1160000000
1788.1270000000
1788.1380000000
1788.1490000000
1788.1610000000
1788.1720000000
1788.1830000000
1788.1940000000
1788.2050000000
1788.2160000000
1788.2270000000
1788.2380000000
1788.2490000000
1788.2600000000
1788.2710000000
1788.2820000000
1788.2940000000
1788.3050000000
1788.3160000000
1788.3270000000
1788.3380000000
1788.3490000000
1788.3600000000
1788.3710000000
1788.3820000000
1788.3940000000
1788.4050000000
1788.4160000000
1788.4270000000
1788.4380000000
1788.4490000000
1788.4600000000
1788.4710000000
1788.4820000000
1788.4940000000
1788.5050000000
1788.5160000000
1788.5270000000
1788.5380000000
1788.5490000000
1788.5600000000
1788.5710000000
1788.5820000000
1788.5930000000
1788.6050000000
1788.6160000000
1788.6270000000
1788.6380000000
1788.6490000000
1788.6600000000
1788.6710000000
1788.6830000000
1788.6930000000
1788.7050000000
1788.7160000000
1788.7270000000
1788.7380000000
1788.7490000000
1788.7600000000
1788.7710000000
1788.7820000000
1788.7930000000
1788.8050000000
1788.8160000000
1788.8270000000
1788.8380000000
1788.8490000000
1788.8600000000
1788.8710000000
1788.8820000000
1788.8940000000
1788.9050000000
1788.9160000000
1788.9270000000
1788.9380000000
1788.9490000000
1788.9600000000
1788.9710000000
1788.9820000000
1788.9930000000
1789.0040000000
1789.0160000000
1789.0270000000
1789.0380000000
1789.0490000000
1789.0600000000
1789.0710000000
1789.0820000000
1789.0930000000
1789.1040000000
1789.1150000000
1789.1260000000
1789.1380000000
1789.1490000000
1789.1600000000
1789.1710000000
1789.1820000000
1789.1930000000
1789.2040000000
1789.2150000000
1789.2260000000
1789.2380000000
1789.2490000000
1789.2600000000
1789.2710000000
1789.2820000000
1789.2930000000
1789.3040000000
1789.3150000000
1789.3270000000
1789.3380000000
1789.3490000000
1789.3600000000
1789.3710000000
1789.3820000000
1789.3930000000
1789.4040000000
1789.4150000000
1789.4270000000
1789.4380000000
1789.4490000000
1789.4600000000
1789.4710000000
1789.4820000000
1789.4930000000
1789.5040000000
1789.5150000000
1789.5260000000
1789.5380000000
1789.5490000000
1789.5600000000
1789.5710000000
1789.5820000000
1789.5930000000
1789.6040000000
1789.6150000000
1789.6260000000
1789.6380000000
1789.6490000000
1789.6600000000
1789.6710000000
1789.6820000000
1789.6930000000
1789.7040000000
1789.7150000000
1789.7260000000
1789.7370000000
1789.7490000000
1789.7600000000
1789.7710000000
1789.7820000000
1789.7930000000
1789.8040000000
1789.8150000000
1789.8260000000
1789.8370000000
1789.8480000000
1789.8590000000
1789.8710000000
1789.8820000000
1789.8930000000
1789.9040000000
1789.9150000000
1789.9260000000
1789.9370000000
1789.9480000000
1789.9590000000
1789.9710000000
1789.9820000000
1789.9930000000
1790.0040000000
1790.0150000000
1790.0260000000
1790.0370000000
1790.0480000000
1790.0590000000
1790.0700000000
1790.0820000000
1790.0930000000
1790.1040000000
1790.1150000000
1790.1260000000
1790.1370000000
1790.1480000000
1790.1590000000
1790.1700000000
1790.1820000000
1790.1930000000
1790.2040000000
1790.2150000000
1790.2260000000
1790.2370000000
1790.2480000000
1790.2600000000
1790.2710000000
1790.2810000000
1790.2930000000
1790.3040000000
1790.3150000000
1790.3260000000
1790.3370000000
1790.3480000000
1790.3590000000
1790.3700000000
1790.3810000000
1790.3930000000
1790.4040000000
1790.4150000000
1790.4260000000
1790.4370000000
1790.4480000000
1790.4590000000
1790.4700000000
1790.4810000000
1790.4920000000
1790.5040000000
1790.5150000000
1790.5260000000
1790.5370000000
1790.5480000000
1790.5590000000
1790.5700000000
1790.5810000000
1790.5920000000
1790.6040000000
1790.6150000000
1790.6260000000
1790.6370000000
1790.6480000000
1790.6590000000
1790.6700000000
1790.6810000000
1790.6920000000
1790.7030000000
1790.7150000000
1790.7260000000
1790.7370000000
1790.7480000000
1790.7590000000
1790.7710000000
1790.7810000000
1790.7920000000
1790.8040000000
1790.8150000000
1790.8260000000
1790.8370000000
1790.8480000000
1790.8590000000
1790.8700000000
1790.8810000000
1790.8920000000
1790.9030000000
1790.9140000000
1790.9260000000
1790.9370000000
1790.9480000000
1790.9590000000
1790.9700000000
1790.9810000000
1790.9920000000
1791.0030000000
1791.0140000000
1791.0260000000
1791.0370000000
1791.0480000000
1791.0590000000
1791.0700000000
1791.0810000000
1791.0920000000
1791.1030000000
1791.1150000000
1791.1260000000
1791.1370000000
1791.1480000000
1791.1590000000
1791.1700000000
1791.1810000000
1791.1920000000
1791.2030000000
1791.2140000000
1791.2260000000
1791.2370000000
1791.2480000000
1791.2590000000
1791.2700000000
1791.2810000000
1791.2920000000
1791.3030000000
1791.3140000000
1791.3250000000
1791.3370000000
1791.3480000000
1791.3590000000
1791.3700000000
1791.3810000000
1791.3920000000
1791.4030000000
1791.4140000000
1791.4250000000
1791.4360000000
1791.4480000000
1791.4590000000
1791.4700000000
1791.4810000000
1791.4920000000
1791.5030000000
1791.5140000000
1791.5250000000
1791.5360000000
1791.5470000000
1791.5590000000
1791.5700000000
1791.5810000000
1791.5920000000
1791.6030000000
1791.6140000000
1791.6260000000
1791.6360000000
1791.6480000000
1791.6590000000
1791.6700000000
1791.6810000000
1791.6920000000
1791.7030000000
1791.7140000000
1791.7250000000
1791.7360000000
1791.7470000000
1791.7590000000
1791.7700000000
1791.7810000000
1791.7920000000
1791.8030000000
1791.8140000000
1791.8250000000
1791.8360000000
1791.8470000000
1791.8590000000
1791.8700000000
1791.8810000000
1791.8920000000
1791.9030000000
1791.9140000000
1791.9250000000
1791.9360000000
1791.9470000000
1791.9580000000
1791.9700000000
1791.9810000000
1791.9920000000
1792.0030000000
1792.0140000000
1792.0250000000
1792.0360000000
1792.0470000000
1792.0580000000
1792.0690000000
1792.0810000000
1792.0920000000
1792.1030000000
1792.1140000000
1792.1250000000
1792.1360000000
1792.1470000000
1792.1580000000
1792.1700000000
1792.1810000000
1792.1920000000
1792.2030000000
1792.2140000000
1792.2250000000
1792.2360000000
1792.2470000000
1792.2580000000
1792.2690000000
1792.2810000000
1792.2920000000
1792.3030000000
1792.3140000000
1792.3250000000
1792.3360000000
1792.3470000000
1792.3580000000
1792.3690000000
1792.3800000000
1792.3910000000
1792.4030000000
1792.4140000000
1792.4250000000
1792.4360000000
1792.4470000000
1792.4580000000
1792.4690000000
1792.4810000000
1792.4910000000
1792.5030000000
1792.5140000000
1792.5250000000
1792.5360000000
1792.5470000000
1792.5580000000
1792.5690000000
1792.5800000000
1792.5920000000
1792.6030000000
1792.6140000000
1792.6250000000
1792.6360000000
1792.6470000000
1792.6580000000
1792.6690000000
1792.6800000000
1792.6910000000
1792.7030000000
1792.7140000000
1792.7250000000
1792.7360000000
1792.7470000000
1792.7580000000
1792.7690000000
1792.7800000000
1792.7910000000
1792.8020000000
1792.8130000000
1792.8250000000
1792.8360000000
1792.8470000000
1792.8580000000
1792.8690000000
1792.8800000000
1792.8910000000
1792.9030000000
1792.9130000000
1792.9250000000
1792.9360000000
1792.9470000000
1792.9580000000
1792.9690000000
1792.9800000000
1792.9910000000
1793.0020000000
1793.0140000000
1793.0250000000
1793.0360000000
1793.0470000000
1793.0580000000
1793.0690000000
1793.0800000000
1793.0910000000
1793.1020000000
1793.1130000000
1793.1250000000
1793.1360000000
1793.1470000000
1793.1580000000
1793.1690000000
1793.1800000000
1793.1910000000
1793.2030000000
1793.2140000000
1793.2240000000
1793.2360000000
1793.2470000000
1793.2580000000
1793.2690000000
1793.2800000000
1793.2910000000
1793.3020000000
1793.3130000000
1793.3240000000
1793.3350000000
1793.3470000000
1793.3580000000
1793.3690000000
1793.3800000000
1793.3910000000
1793.4020000000
1793.4130000000
1793.4250000000
1793.4360000000
1793.4470000000
1793.4580000000
1793.4690000000
1793.4800000000
1793.4910000000
1793.5020000000
1793.5130000000
1793.5240000000
1793.5350000000
1793.5470000000
1793.5580000000
1793.5690000000
1793.5800000000
1793.5910000000
1793.6020000000
1793.6130000000
1793.6240000000
1793.6360000000
1793.6470000000
1793.6580000000
1793.6690000000
1793.6800000000
1793.6910000000
1793.7020000000
1793.7130000000
1793.7240000000
1793.7350000000
1793.7460000000
1793.7580000000
1793.7690000000
1793.7800000000
1793.7910000000
1793.8020000000
1793.8130000000
1793.8240000000
1793.8360000000
1793.8460000000
1793.8580000000
1793.8690000000
1793.8800000000
1793.8910000000
1793.9020000000
1793.9130000000
1793.9240000000
1793.9350000000
1793.9460000000
1793.9570000000
1793.9690000000
1793.9800000000
1793.9910000000
1794.0020000000
1794.0130000000
1794.0240000000
1794.0350000000
1794.0460000000
1794.0570000000
1794.0690000000
1794.0800000000
1794.0910000000
1794.1020000000
1794.1130000000
1794.1240000000
1794.1350000000
1794.1460000000
1794.1570000000
1794.1680000000
1794.1800000000
1794.1910000000
1794.2020000000
1794.2130000000
1794.2240000000
1794.2350000000
1794.2460000000
1794.2570000000
1794.2680000000
1794.2800000000
1794.2910000000
1794.3020000000
1794.3130000000
1794.3240000000
1794.3350000000
1794.3460000000
1794.3570000000
1794.3680000000
1794.3800000000
1794.3910000000
1794.4020000000
1794.4130000000
1794.4240000000
1794.4350000000
1794.4460000000
1794.4570000000
1794.4690000000
1794.4800000000
1794.4900000000
1794.5020000000
1794.5130000000
1794.5240000000
1794.5350000000
1794.5460000000
1794.5570000000
1794.5680000000
1794.5790000000
1794.5910000000
1794.6020000000
1794.6130000000
1794.6240000000
1794.6350000000
1794.6460000000
1794.6570000000
1794.6680000000
1794.6790000000
1794.6900000000
1794.7020000000
1794.7130000000
1794.7240000000
1794.7350000000
1794.7460000000
1794.7570000000
1794.7680000000
1794.7790000000
1794.7900000000
1794.8020000000
1794.8130000000
1794.8240000000
1794.8350000000
1794.8460000000
1794.8570000000
1794.8680000000
1794.8790000000
1794.8900000000
1794.9010000000
1794.9120000000
1794.9240000000
1794.9350000000
1794.9460000000
1794.9570000000
1794.9680000000
1794.9790000000
1794.9900000000
1795.0020000000
1795.0130000000
1795.0240000000
1795.0350000000
1795.0460000000
1795.0570000000
1795.0680000000
1795.0790000000
1795.0900000000
1795.1010000000
1795.1130000000
1795.1230000000
1795.1350000000
1795.1460000000
1795.1570000000
1795.1680000000
1795.1790000000
1795.1900000000
1795.2010000000
1795.2120000000
1795.2240000000
1795.2350000000
1795.2460000000
1795.2570000000
1795.2680000000
1795.2790000000
1795.2900000000
1795.3010000000
1795.3130000000
1795.3240000000
1795.3350000000
1795.3460000000
1795.3570000000
1795.3680000000
1795.3790000000
1795.3900000000
1795.4010000000
1795.4120000000
1795.4230000000
1795.4350000000
1795.4460000000
1795.4570000000
1795.4680000000
1795.4790000000
1795.4900000000
1795.5010000000
1795.5120000000
1795.5230000000
1795.5350000000
1795.5460000000
1795.5570000000
1795.5680000000
1795.5790000000
1795.5900000000
1795.6010000000
1795.6120000000
1795.6230000000
1795.6350000000
1795.6460000000
1795.6560000000
1795.6680000000
1795.6790000000
1795.6900000000
1795.7010000000
1795.7120000000
1795.7230000000
1795.7350000000
1795.7450000000
1795.7570000000
1795.7680000000
1795.7790000000
1795.7900000000
1795.8010000000
1795.8120000000
1795.8230000000
1795.8350000000
1795.8450000000
1795.8570000000
1795.8680000000
1795.8790000000
1795.8900000000
1795.9010000000
1795.9120000000
1795.9230000000
1795.9340000000
1795.9460000000
1795.9560000000
1795.9680000000
1795.9790000000
1795.9900000000
1796.0010000000
1796.0120000000
1796.0230000000
1796.0340000000
1796.0450000000
1796.0560000000
1796.0680000000
1796.0790000000
1796.0900000000
1796.1010000000
1796.1120000000
1796.1230000000
1796.1340000000
1796.1450000000
1796.1560000000
1796.1680000000
1796.1780000000
1796.1900000000
1796.2010000000
1796.2120000000
1796.2230000000
1796.2340000000
1796.2450000000
1796.2560000000
1796.2670000000
1796.2790000000
1796.2900000000
1796.3010000000
1796.3120000000
1796.3230000000
1796.3340000000
1796.3450000000
1796.3560000000
1796.3670000000
1796.3790000000
1796.3900000000
1796.4010000000
1796.4120000000
1796.4230000000
1796.4340000000
1796.4450000000
1796.4560000000
1796.4670000000
1796.4790000000
1796.4900000000
1796.5010000000
1796.5120000000
1796.5230000000
1796.5340000000
1796.5450000000
1796.5560000000
1796.5670000000
1796.5790000000
1796.5890000000
1796.6000000000
1796.6120000000
1796.6230000000
1796.6340000000
1796.6450000000
1796.6560000000
1796.6670000000
1796.6780000000
1796.6890000000
1796.7010000000
1796.7120000000
1796.7230000000
1796.7340000000
1796.7450000000
1796.7560000000
1796.7670000000
1796.7780000000
1796.7890000000
1796.8000000000
1796.8120000000
1796.8230000000
1796.8340000000
1796.8450000000
1796.8560000000
1796.8670000000
1796.8780000000
1796.8890000000
1796.9010000000
1796.9120000000
1796.9230000000
1796.9340000000
1796.9450000000
1796.9560000000
1796.9670000000
1796.9780000000
1796.9890000000
1797.0000000000
1797.0110000000
1797.0230000000
1797.0340000000
1797.0450000000
1797.0560000000
1797.0670000000
1797.0780000000
1797.0890000000
1797.1000000000
1797.1110000000
1797.1230000000
1797.1340000000
1797.1450000000
1797.1560000000
1797.1670000000
1797.1780000000
1797.1890000000
1797.2000000000
1797.2110000000
1797.2230000000
1797.2340000000
1797.2450000000
1797.2560000000
1797.2670000000
1797.2780000000
1797.2890000000
1797.3000000000
1797.3110000000
1797.3220000000
1797.3330000000
1797.3450000000
1797.3560000000
1797.3670000000
1797.3780000000
1797.3890000000
1797.4000000000
1797.4110000000
1797.4220000000
1797.4340000000
1797.4450000000
1797.4560000000
1797.4670000000
1797.4780000000
1797.4890000000
1797.5000000000
1797.5110000000
1797.5220000000
1797.5340000000
1797.5450000000
1797.5560000000
1797.5670000000
1797.5780000000
1797.5890000000
1797.6000000000
1797.6110000000
1797.6220000000
1797.6330000000
1797.6450000000
1797.6560000000
1797.6670000000
1797.6780000000
1797.6890000000
1797.7000000000
1797.7110000000
1797.7220000000
1797.7330000000
1797.7450000000
1797.7550000000
1797.7670000000
1797.7780000000
1797.7890000000
1797.8000000000
1797.8110000000
1797.8220000000
1797.8330000000
1797.8440000000
1797.8560000000
1797.8670000000
1797.8780000000
1797.8890000000
1797.9000000000
1797.9110000000
1797.9220000000
1797.9330000000
1797.9440000000
1797.9550000000
1797.9670000000
1797.9780000000
1797.9890000000
1798.0000000000
1798.0110000000
1798.0220000000
1798.0330000000
1798.0440000000
1798.0550000000
1798.0670000000
1798.0780000000
1798.0890000000
1798.1000000000
1798.1110000000
1798.1220000000
1798.1330000000
1798.1440000000
1798.1550000000
1798.1670000000
1798.1780000000
1798.1890000000
1798.2000000000
1798.2110000000
1798.2220000000
1798.2330000000
1798.2440000000
1798.2550000000
1798.2660000000
1798.2770000000
1798.2890000000
1798.3000000000
1798.3110000000
1798.3220000000
1798.3330000000
1798.3440000000
1798.3550000000
1798.3660000000
1798.3780000000
1798.3890000000
1798.4000000000
1798.4110000000
1798.4220000000
1798.4330000000
1798.4440000000
1798.4550000000
1798.4660000000
1798.4770000000
1798.4890000000
1798.5000000000
1798.5110000000
1798.5220000000
1798.5330000000
1798.5440000000
1798.5550000000
1798.5660000000
1798.5780000000
1798.5880000000
1798.6000000000
1798.6110000000
1798.6220000000
1798.6330000000
1798.6440000000
1798.6550000000
1798.6660000000
1798.6770000000
1798.6890000000
1798.7000000000
1798.7110000000
1798.7220000000
1798.7330000000
1798.7440000000
1798.7550000000
1798.7660000000
1798.7770000000
1798.7880000000
1798.8000000000
1798.8110000000
1798.8220000000
1798.8330000000
1798.8440000000
1798.8550000000
1798.8660000000
1798.8770000000
1798.8880000000
1798.8990000000
1798.9110000000
1798.9220000000
1798.9330000000
1798.9440000000
1798.9550000000
1798.9660000000
1798.9770000000
1798.9880000000
1798.9990000000
1799.0100000000
1799.0220000000
1799.0330000000
1799.0440000000
1799.0550000000
1799.0660000000
1799.0770000000
1799.0880000000
1799.0990000000
1799.1100000000
1799.1220000000
1799.1330000000
1799.1440000000
1799.1550000000
1799.1660000000
1799.1770000000
1799.1880000000
1799.1990000000
1799.2100000000
1799.2210000000
1799.2330000000
1799.2440000000
1799.2550000000
1799.2660000000
1799.2770000000
1799.2880000000
1799.2990000000
1799.3100000000
1799.3210000000
1799.3330000000
1799.3440000000
1799.3550000000
1799.3660000000
1799.3770000000
1799.3880000000
1799.3990000000
1799.4100000000
1799.4210000000
1799.4330000000
1799.4440000000
1799.4550000000
1799.4660000000
1799.4770000000
1799.4880000000
1799.4990000000
1799.5100000000
1799.5210000000
1799.5320000000
1799.5440000000
1799.5550000000
1799.5660000000
1799.5770000000
1799.5880000000
1799.5990000000
1799.6100000000
1799.6210000000
1799.6330000000
1799.6440000000
1799.6550000000
1799.6660000000
1799.6770000000
1799.6880000000
1799.6990000000
1799.7100000000
1799.7210000000
1799.7320000000
1799.7440000000
1799.7550000000
1799.7660000000
1799.7770000000
1799.7880000000
1799.7990000000
1799.8100000000
1799.8210000000
1799.8320000000
1799.8430000000
1799.8540000000
1799.8660000000
1799.8770000000
1799.8880000000
1799.8990000000
1799.9100000000
1799.9210000000
1799.9320000000
1799.9430000000
1799.9540000000
1799.9660000000
1799.9770000000
1799.9880000000
1799.9990000000
1800.0100000000
1800.0210000000
1800.0320000000
1800.0430000000
1800.0540000000
1800.0660000000
1800.0770000000
1800.0880000000
1800.0990000000
1800.1100000000
1800.1210000000
1800.1320000000
1800.1430000000
1800.1540000000
1800.1660000000
1800.1770000000
1800.1880000000
1800.1990000000
1800.2100000000
1800.2210000000
1800.2320000000
1800.2430000000
1800.2540000000
1800.2650000000
1800.2760000000
1800.2880000000
1800.2990000000
1800.3100000000
1800.3210000000
1800.3320000000
1800.3430000000
1800.3540000000
1800.3650000000
1800.3760000000
1800.3870000000
1800.3990000000
1800.4100000000
1800.4210000000
1800.4320000000
1800.4430000000
1800.4540000000
1800.4650000000
1800.4760000000
1800.4870000000
1800.4990000000
1800.5100000000
1800.5210000000
1800.5320000000
1800.5430000000
1800.5540000000
1800.5650000000
1800.5760000000
1800.5870000000
1800.5990000000
1800.6100000000
1800.6210000000
1800.6320000000
1800.6430000000
1800.6540000000
1800.6650000000
1800.6760000000
1800.6870000000
1800.6990000000
1800.7100000000
1800.7210000000
1800.7320000000
1800.7430000000
1800.7540000000
1800.7650000000
1800.7760000000
1800.7870000000
1800.7990000000
1800.8090000000
1800.8210000000
1800.8320000000
1800.8430000000
1800.8540000000
1800.8650000000
1800.8760000000
1800.8870000000
1800.8980000000
1800.9100000000
1800.9210000000
1800.9320000000
1800.9430000000
1800.9540000000
1800.9650000000
1800.9760000000
1800.9870000000
1800.9980000000
1801.0090000000
1801.0210000000
1801.0320000000
1801.0430000000
1801.0540000000
1801.0650000000
1801.0760000000
1801.0870000000
1801.0980000000
1801.1090000000
1801.1200000000
1801.1320000000
1801.1430000000
1801.1540000000
1801.1650000000
1801.1760000000
1801.1870000000
1801.1980000000
1801.2090000000
1801.2200000000
1801.2320000000
1801.2430000000
1801.2540000000
1801.2650000000
1801.2760000000
1801.2870000000
1801.2980000000
1801.3090000000
1801.3200000000
1801.3310000000
1801.3430000000
1801.3540000000
1801.3650000000
1801.3760000000
1801.3870000000
1801.3980000000
1801.4090000000
1801.4200000000
1801.4320000000
1801.4430000000
1801.4540000000
1801.4650000000
1801.4760000000
1801.4870000000
1801.4980000000
1801.5090000000
1801.5200000000
1801.5310000000
1801.5420000000
1801.5540000000
1801.5650000000
1801.5760000000
1801.5870000000
1801.5980000000
1801.6090000000
1801.6200000000
1801.6310000000
1801.6430000000
1801.6530000000
1801.6650000000
1801.6760000000
1801.6870000000
1801.6980000000
1801.7090000000
1801.7200000000
1801.7310000000
1801.7430000000
1801.7540000000
1801.7650000000
1801.7760000000
1801.7870000000
1801.7980000000
1801.8090000000
1801.8200000000
1801.8310000000
1801.8420000000
1801.8540000000
1801.8650000000
1801.8760000000
1801.8870000000
1801.8980000000
1801.9090000000
1801.9200000000
1801.9310000000
1801.9420000000
1801.9530000000
1801.9650000000
1801.9760000000
1801.9870000000
1801.9980000000
1802.0090000000
1802.0200000000
1802.0310000000
1802.0420000000
1802.0530000000
1802.0650000000
1802.0760000000
1802.0870000000
1802.0980000000
1802.1090000000
1802.1200000000
1802.1310000000
1802.1420000000
1802.1530000000
1802.1640000000
1802.1750000000
1802.1870000000
1802.1980000000
1802.2090000000
1802.2200000000
1802.2310000000
1802.2420000000
1802.2530000000
1802.2640000000
1802.2760000000
1802.2870000000
1802.2980000000
1802.3090000000
1802.3200000000
1802.3310000000
1802.3420000000
1802.3530000000
1802.3640000000
1802.3750000000
1802.3870000000
1802.3980000000
1802.4090000000
1802.4200000000
1802.4310000000
1802.4420000000
1802.4530000000
1802.4640000000
1802.4750000000
1802.4860000000
1802.4980000000
1802.5090000000
1802.5200000000
1802.5310000000
1802.5420000000
1802.5530000000
1802.5640000000
1802.5750000000
1802.5860000000
1802.5970000000
1802.6090000000
1802.6200000000
1802.6310000000
1802.6420000000
1802.6530000000
1802.6640000000
1802.6750000000
1802.6860000000
1802.6980000000
1802.7090000000
1802.7200000000
1802.7310000000
1802.7420000000
1802.7530000000
1802.7640000000
1802.7750000000
1802.7860000000
1802.7970000000
1802.8090000000
1802.8200000000
1802.8310000000
1802.8420000000
1802.8530000000
1802.8640000000
1802.8750000000
1802.8860000000
1802.8970000000
1802.9080000000
1802.9200000000
1802.9310000000
1802.9420000000
1802.9530000000
1802.9640000000
1802.9750000000
1802.9860000000
1802.9970000000
1803.0090000000
1803.0200000000
1803.0310000000
1803.0420000000
1803.0530000000
1803.0640000000
1803.0750000000
1803.0860000000
1803.0970000000
1803.1080000000
1803.1200000000
1803.1310000000
1803.1420000000
1803.1530000000
1803.1640000000
1803.1750000000
1803.1860000000
1803.1970000000
1803.2080000000
1803.2190000000
1803.2310000000
1803.2420000000
1803.2530000000
1803.2640000000
1803.2750000000
1803.2860000000
1803.2970000000
1803.3080000000
1803.3190000000
1803.3310000000
1803.3420000000
1803.3530000000
1803.3640000000
1803.3750000000
1803.3860000000
1803.3970000000
1803.4080000000
1803.4190000000
1803.4300000000
1803.4420000000
1803.4530000000
1803.4640000000
1803.4750000000
1803.4860000000
1803.4970000000
1803.5080000000
1803.5200000000
1803.5300000000
1803.5420000000
1803.5520000000
1803.5640000000
1803.5750000000
1803.5860000000
1803.5970000000
1803.6080000000
1803.6190000000
1803.6300000000
1803.6410000000
1803.6530000000
1803.6640000000
1803.6750000000
1803.6860000000
1803.6970000000
1803.7080000000
1803.7190000000
1803.7300000000
1803.7410000000
1803.7530000000
1803.7640000000
1803.7750000000
1803.7860000000
1803.7970000000
1803.8080000000
1803.8190000000
1803.8300000000
1803.8410000000
1803.8530000000
1803.8640000000
1803.8750000000
1803.8860000000
1803.8970000000
1803.9080000000
1803.9190000000
1803.9300000000
1803.9410000000
1803.9530000000
1803.9640000000
1803.9750000000
1803.9860000000
1803.9970000000
1804.0080000000
1804.0190000000
1804.0300000000
1804.0410000000
1804.0530000000
1804.0640000000
1804.0750000000
1804.0860000000
1804.0970000000
1804.1080000000
1804.1190000000
1804.1300000000
1804.1410000000
1804.1530000000
1804.1630000000
1804.1740000000
1804.1860000000
1804.1970000000
1804.2080000000
1804.2190000000
1804.2300000000
1804.2410000000
1804.2530000000
1804.2630000000
1804.2740000000
1804.2860000000
1804.2970000000
1804.3080000000
1804.3190000000
1804.3300000000
1804.3410000000
1804.3520000000
1804.3630000000
1804.3740000000
1804.3860000000
1804.3970000000
1804.4080000000
1804.4190000000
1804.4300000000
1804.4410000000
1804.4520000000
1804.4630000000
1804.4740000000
1804.4850000000
1804.4970000000
1804.5080000000
1804.5190000000
1804.5300000000
1804.5410000000
1804.5520000000
1804.5630000000
1804.5740000000
1804.5860000000
1804.5960000000
1804.6080000000
1804.6190000000
1804.6300000000
1804.6410000000
1804.6520000000
1804.6630000000
1804.6740000000
1804.6860000000
1804.6970000000
1804.7080000000
1804.7190000000
1804.7300000000
1804.7410000000
1804.7520000000
1804.7630000000
1804.7740000000
1804.7850000000
1804.7970000000
1804.8070000000
1804.8190000000
1804.8300000000
1804.8410000000
1804.8520000000
1804.8630000000
1804.8750000000
1804.8850000000
1804.8960000000
1804.9080000000
1804.9190000000
1804.9300000000
1804.9410000000
1804.9520000000
1804.9630000000
1804.9740000000
1804.9850000000
1804.9960000000
1805.0070000000
1805.0190000000
1805.0300000000
1805.0410000000
1805.0520000000
1805.0630000000
1805.0740000000
1805.0850000000
1805.0960000000
1805.1070000000
1805.1180000000
1805.1300000000
1805.1410000000
1805.1520000000
1805.1630000000
1805.1740000000
1805.1850000000
1805.1960000000
1805.2080000000
1805.2180000000
1805.2300000000
1805.2410000000
1805.2520000000
1805.2630000000
1805.2740000000
1805.2850000000
1805.2960000000
1805.3070000000
1805.3180000000
1805.3300000000
1805.3410000000
1805.3520000000
1805.3630000000
1805.3740000000
1805.3850000000
1805.3960000000
1805.4080000000
1805.4180000000
1805.4290000000
1805.4410000000
1805.4520000000
1805.4630000000
1805.4740000000
1805.4850000000
1805.4960000000
1805.5070000000
1805.5180000000
1805.5290000000
1805.5400000000
1805.5520000000
1805.5630000000
1805.5740000000
1805.5850000000
1805.5960000000
1805.6070000000
1805.6180000000
1805.6290000000
1805.6400000000
1805.6520000000
1805.6630000000
1805.6740000000
1805.6850000000
1805.6960000000
1805.7070000000
1805.7180000000
1805.7290000000
1805.7400000000
1805.7510000000
1805.7630000000
1805.7740000000
1805.7850000000
1805.7960000000
1805.8070000000
1805.8180000000
1805.8290000000
1805.8400000000
1805.8510000000
1805.8630000000
1805.8740000000
1805.8850000000
1805.8960000000
1805.9070000000
1805.9180000000
1805.9290000000
1805.9400000000
1805.9510000000
1805.9630000000
1805.9740000000
1805.9850000000
1805.9960000000
1806.0070000000
1806.0180000000
1806.0290000000
1806.0400000000
1806.0510000000
1806.0630000000
1806.0730000000
1806.0850000000
1806.0960000000
1806.1070000000
1806.1180000000
1806.1290000000
1806.1400000000
1806.1510000000
1806.1620000000
1806.1740000000
1806.1850000000
1806.1960000000
1806.2070000000
1806.2180000000
1806.2290000000
1806.2400000000
1806.2510000000
1806.2620000000
1806.2740000000
1806.2840000000
1806.2960000000
1806.3070000000
1806.3180000000
1806.3290000000
1806.3400000000
1806.3510000000
1806.3620000000
1806.3730000000
1806.3850000000
1806.3960000000
1806.4070000000
1806.4180000000
1806.4290000000
1806.4400000000
1806.4510000000
1806.4620000000
1806.4730000000
1806.4840000000
1806.4960000000
1806.5070000000
1806.5180000000
1806.5290000000
1806.5400000000
1806.5510000000
1806.5620000000
1806.5730000000
1806.5850000000
1806.5950000000
1806.6070000000
1806.6180000000
1806.6290000000
1806.6400000000
1806.6510000000
1806.6620000000
1806.6730000000
1806.6850000000
1806.6950000000
1806.7070000000
1806.7180000000
1806.7290000000
1806.7400000000
1806.7510000000
1806.7620000000
1806.7730000000
1806.7840000000
1806.7950000000
1806.8070000000
1806.8180000000
1806.8290000000
1806.8400000000
1806.8510000000
1806.8620000000
1806.8730000000
1806.8840000000
1806.8950000000
1806.9070000000
1806.9170000000
1806.9290000000
1806.9400000000
1806.9510000000
1806.9620000000
1806.9730000000
1806.9840000000
1806.9950000000
1807.0060000000
1807.0180000000
1807.0290000000
1807.0400000000
1807.0510000000
1807.0620000000
1807.0730000000
1807.0840000000
1807.0950000000
1807.1060000000
1807.1180000000
1807.1290000000
1807.1400000000
1807.1510000000
1807.1620000000
1807.1730000000
1807.1840000000
1807.1950000000
1807.2060000000
1807.2180000000
1807.2290000000
1807.2400000000
1807.2510000000
1807.2620000000
1807.2730000000
1807.2840000000
1807.2950000000
1807.3060000000
1807.3170000000
1807.3280000000
1807.3400000000
1807.3510000000
1807.3620000000
1807.3730000000
1807.3840000000
1807.3950000000
1807.4060000000
1807.4170000000
1807.4290000000
1807.4390000000
1807.4510000000
1807.4620000000
1807.4730000000
1807.4840000000
1807.4950000000
1807.5060000000
1807.5170000000
1807.5280000000
1807.5400000000
1807.5510000000
1807.5620000000
1807.5730000000
1807.5840000000
1807.5950000000
1807.6060000000
1807.6170000000
1807.6280000000
1807.6390000000
1807.6510000000
1807.6620000000
1807.6730000000
1807.6840000000
1807.6950000000
1807.7060000000
1807.7170000000
1807.7280000000
1807.7390000000
1807.7510000000
1807.7620000000
1807.7730000000
1807.7840000000
1807.7950000000
1807.8060000000
1807.8170000000
1807.8280000000
1807.8390000000
1807.8510000000
1807.8620000000
1807.8730000000
1807.8840000000
1807.8950000000
1807.9060000000
1807.9170000000
1807.9280000000
1807.9390000000
1807.9500000000
1807.9620000000
1807.9730000000
1807.9840000000
1807.9950000000
1808.0060000000
1808.0170000000
1808.0280000000
1808.0390000000
1808.0510000000
1808.0620000000
1808.0730000000
1808.0840000000
1808.0950000000
1808.1060000000
1808.1170000000
1808.1280000000
1808.1390000000
1808.1500000000
1808.1620000000
1808.1720000000
1808.1840000000
1808.1950000000
1808.2060000000
1808.2170000000
1808.2280000000
1808.2390000000
1808.2500000000
1808.2610000000
1808.2720000000
1808.2840000000
1808.2950000000
1808.3060000000
1808.3170000000
1808.3280000000
1808.3390000000
1808.3500000000
1808.3610000000
1808.3720000000
1808.3850000000
1808.3950000000
1808.4060000000
1808.4170000000
1808.4280000000
1808.4390000000
1808.4500000000
1808.4610000000
1808.4720000000
1808.4840000000
1808.4950000000
1808.5060000000
1808.5170000000
1808.5280000000
1808.5390000000
1808.5500000000
1808.5610000000
1808.5720000000
1808.5830000000
1808.5940000000
1808.6060000000
1808.6170000000
1808.6280000000
1808.6390000000
1808.6500000000
1808.6610000000
1808.6720000000
1808.6830000000
1808.6940000000
1808.7060000000
1808.7170000000
1808.7280000000
1808.7390000000
1808.7500000000
1808.7610000000
1808.7720000000
1808.7830000000
1808.7940000000
1808.8060000000
1808.8170000000
1808.8280000000
1808.8390000000
1808.8500000000
1808.8610000000
1808.8720000000
1808.8830000000
1808.8940000000
1808.9060000000
1808.9170000000
1808.9280000000
1808.9390000000
1808.9500000000
1808.9610000000
1808.9720000000
1808.9830000000
1808.9940000000
1809.0060000000
1809.0160000000
1809.0280000000
1809.0390000000
1809.0500000000
1809.0610000000
1809.0720000000
1809.0830000000
1809.0940000000
1809.1050000000
1809.1160000000
1809.1280000000
1809.1390000000
1809.1500000000
1809.1610000000
1809.1720000000
1809.1830000000
1809.1940000000
1809.2050000000
1809.2160000000
1809.2280000000
1809.2390000000
1809.2500000000
1809.2610000000
1809.2720000000
1809.2830000000
1809.2940000000
1809.3050000000
1809.3160000000
1809.3270000000
1809.3390000000
1809.3500000000
1809.3610000000
1809.3720000000
1809.3830000000
1809.3940000000
1809.4050000000
1809.4160000000
1809.4270000000
1809.4390000000
1809.4500000000
1809.4610000000
1809.4720000000
1809.4830000000
1809.4940000000
1809.5050000000
1809.5160000000
1809.5270000000
1809.5390000000
1809.5500000000
1809.5610000000
1809.5720000000
1809.5830000000
1809.5940000000
1809.6050000000
1809.6160000000
1809.6270000000
1809.6380000000
1809.6500000000
1809.6610000000
1809.6720000000
1809.6830000000
1809.6940000000
1809.7050000000
1809.7160000000
1809.7270000000
1809.7380000000
1809.7500000000
1809.7610000000
1809.7720000000
1809.7830000000
1809.7940000000
1809.8050000000
1809.8160000000
1809.8270000000
1809.8380000000
1809.8500000000
1809.8600000000
1809.8720000000
1809.8830000000
1809.8940000000
1809.9050000000
1809.9160000000
1809.9270000000
1809.9380000000
1809.9490000000
1809.9600000000
1809.9720000000
1809.9830000000
1809.9940000000
1810.0050000000
1810.0160000000
1810.0270000000
1810.0390000000
1810.0490000000
1810.0610000000
1810.0720000000
1810.0830000000
1810.0940000000
1810.1050000000
1810.1160000000
1810.1270000000
1810.1380000000
1810.1490000000
1810.1610000000
1810.1720000000
1810.1830000000
1810.1940000000
1810.2050000000
1810.2160000000
1810.2270000000
1810.2380000000
1810.2490000000
1810.2600000000
1810.2710000000
1810.2830000000
1810.2940000000
1810.3050000000
1810.3160000000
1810.3270000000
1810.3380000000
1810.3490000000
1810.3600000000
1810.3710000000
1810.3830000000
1810.3940000000
1810.4050000000
1810.4160000000
1810.4270000000
1810.4380000000
1810.4490000000
1810.4600000000
1810.4720000000
1810.4830000000
1810.4940000000
1810.5050000000
1810.5160000000
1810.5270000000
1810.5380000000
1810.5490000000
1810.5600000000
1810.5710000000
1810.5830000000
1810.5940000000
1810.6050000000
1810.6160000000
1810.6270000000
1810.6380000000
1810.6490000000
1810.6600000000
1810.6710000000
1810.6820000000
1810.6930000000
1810.7050000000
1810.7160000000
1810.7270000000
1810.7380000000
1810.7490000000
1810.7600000000
1810.7710000000
1810.7820000000
1810.7930000000
1810.8050000000
1810.8160000000
1810.8270000000
1810.8380000000
1810.8490000000
1810.8600000000
1810.8710000000
1810.8820000000
1810.8930000000
1810.9040000000
1810.9160000000
1810.9270000000
1810.9380000000
1810.9490000000
1810.9600000000
1810.9710000000
1810.9820000000
1810.9940000000
1811.0040000000
1811.0160000000
1811.0270000000
1811.0380000000
1811.0490000000
1811.0600000000
1811.0710000000
1811.0820000000
1811.0930000000
1811.1040000000
1811.1160000000
1811.1270000000
1811.1380000000
1811.1490000000
1811.1600000000
1811.1710000000
1811.1820000000
1811.1930000000
1811.2040000000
1811.2150000000
1811.2260000000
1811.2380000000
1811.2490000000
1811.2600000000
1811.2710000000
1811.2820000000
1811.2930000000
1811.3040000000
1811.3150000000
1811.3260000000
1811.3380000000
1811.3490000000
1811.3600000000
1811.3710000000
1811.3820000000
1811.3930000000
1811.4040000000
1811.4150000000
1811.4260000000
1811.4380000000
1811.4490000000
1811.4600000000
1811.4710000000
1811.4820000000
1811.4930000000
1811.5040000000
1811.5150000000
1811.5260000000
1811.5370000000
1811.5490000000
1811.5600000000
1811.5710000000
1811.5820000000
1811.5930000000
1811.6040000000
1811.6150000000
1811.6260000000
1811.6370000000
1811.6490000000
1811.6600000000
1811.6710000000
1811.6820000000
1811.6930000000
1811.7040000000
1811.7150000000
1811.7260000000
1811.7370000000
1811.7490000000
1811.7600000000
1811.7710000000
1811.7820000000
1811.7930000000
1811.8040000000
1811.8150000000
1811.8260000000
1811.8370000000
1811.8490000000
1811.8590000000
1811.8710000000
1811.8820000000
1811.8930000000
1811.9040000000
1811.9150000000
1811.9260000000
1811.9370000000
1811.9480000000
1811.9590000000
1811.9710000000
1811.9820000000
1811.9930000000
1812.0040000000
1812.0160000000
1812.0260000000
1812.0370000000
1812.0490000000
1812.0590000000
1812.0710000000
1812.0820000000
1812.0930000000
1812.1040000000
1812.1150000000
1812.1260000000
1812.1370000000
1812.1480000000
1812.1590000000
1812.1710000000
1812.1820000000
1812.1930000000
1812.2040000000
1812.2150000000
1812.2260000000
1812.2370000000
1812.2480000000
1812.2590000000
1812.2710000000
1812.2820000000
1812.2930000000
1812.3040000000
1812.3150000000
1812.3260000000
1812.3370000000
1812.3480000000
1812.3590000000
1812.3700000000
1812.3820000000
1812.3930000000
1812.4040000000
1812.4150000000
1812.4260000000
1812.4370000000
1812.4480000000
1812.4590000000
1812.4700000000
1812.4810000000
1812.4930000000
1812.5040000000
1812.5150000000
1812.5260000000
1812.5370000000
1812.5480000000
1812.5590000000
1812.5700000000
1812.5810000000
1812.5920000000
1812.6040000000
1812.6150000000
1812.6260000000
1812.6370000000
1812.6480000000
1812.6600000000
1812.6700000000
1812.6820000000
1812.6920000000
1812.7040000000
1812.7150000000
1812.7260000000
1812.7370000000
1812.7480000000
1812.7590000000
1812.7700000000
1812.7810000000
1812.7920000000
1812.8040000000
1812.8150000000
1812.8260000000
1812.8370000000
1812.8480000000
1812.8590000000
1812.8700000000
1812.8810000000
1812.8920000000
1812.9040000000
1812.9150000000
1812.9260000000
1812.9370000000
1812.9480000000
1812.9590000000
1812.9700000000
1812.9810000000
1812.9920000000
1813.0030000000
1813.0150000000
1813.0260000000
1813.0370000000
1813.0480000000
1813.0590000000
1813.0700000000
1813.0810000000
1813.0920000000
1813.1040000000
1813.1150000000
1813.1260000000
1813.1370000000
1813.1480000000
1813.1590000000
1813.1700000000
1813.1810000000
1813.1920000000
1813.2030000000
1813.2140000000
1813.2250000000
1813.2370000000
1813.2480000000
1813.2590000000
1813.2700000000
1813.2810000000
1813.2920000000
1813.3030000000
1813.3140000000
1813.3260000000
1813.3370000000
1813.3480000000
1813.3590000000
1813.3700000000
1813.3810000000
1813.3920000000
1813.4030000000
1813.4140000000
1813.4250000000
1813.4370000000
1813.4480000000
1813.4590000000
1813.4700000000
1813.4810000000
1813.4920000000
1813.5030000000
1813.5140000000
1813.5250000000
1813.5360000000
1813.5480000000
1813.5590000000
1813.5700000000
1813.5810000000
1813.5920000000
1813.6030000000
1813.6140000000
1813.6250000000
1813.6360000000
1813.6470000000
1813.6590000000
1813.6700000000
1813.6810000000
1813.6920000000
1813.7030000000
1813.7140000000
1813.7250000000
1813.7360000000
1813.7470000000
1813.7590000000
1813.7700000000
1813.7810000000
1813.7920000000
1813.8030000000
1813.8140000000
1813.8250000000
1813.8360000000
1813.8470000000
1813.8590000000
1813.8700000000
1813.8810000000
1813.8920000000
1813.9030000000
1813.9140000000
1813.9250000000
1813.9360000000
1813.9470000000
1813.9580000000
1813.9700000000
1813.9810000000
1813.9920000000
1814.0030000000
1814.0140000000
1814.0250000000
1814.0360000000
1814.0470000000
1814.0580000000
1814.0700000000
1814.0810000000
1814.0920000000
1814.1030000000
1814.1140000000
1814.1250000000
1814.1360000000
1814.1470000000
1814.1580000000
1814.1690000000
1814.1810000000
1814.1920000000
1814.2030000000
1814.2140000000
1814.2250000000
1814.2360000000
1814.2470000000
1814.2580000000
1814.2700000000
1814.2810000000
1814.2920000000
1814.3030000000
1814.3140000000
1814.3250000000
1814.3360000000
1814.3470000000
1814.3580000000
1814.3690000000
1814.3800000000
1814.3920000000
1814.4030000000
1814.4140000000
1814.4250000000
1814.4360000000
1814.4470000000
1814.4580000000
1814.4690000000
1814.4800000000
1814.4910000000
1814.5030000000
1814.5140000000
1814.5250000000
1814.5360000000
1814.5470000000
1814.5580000000
1814.5690000000
1814.5800000000
1814.5920000000
1814.6030000000
1814.6140000000
1814.6250000000
1814.6360000000
1814.6470000000
1814.6580000000
1814.6690000000
