1641.5350000000
1641.5460000000
1641.5570000000
1641.5680000000
1641.5790000000
1641.5910000000
1641.6010000000
1641.6120000000
1641.6230000000
1641.6350000000
1641.6450000000
1641.6570000000
1641.6680000000
1641.6790000000
1641.6900000000
1641.7010000000
1641.7120000000
1641.7230000000
1641.7340000000
1641.7450000000
1641.7560000000
1641.7680000000
1641.7790000000
1641.7900000000
1641.8010000000
1641.8120000000
1641.8230000000
1641.8340000000
1641.8450000000
1641.8560000000
1641.8670000000
1641.8790000000
1641.8900000000
1641.9010000000
1641.9120000000
1641.9230000000
1641.9340000000
1641.9450000000
1641.9560000000
1641.9680000000
1641.9790000000
1641.9900000000
1642.0010000000
1642.0120000000
1642.0230000000
1642.0340000000
1642.0450000000
1642.0570000000
1642.0670000000
1642.0780000000
1642.0900000000
1642.1010000000
1642.1120000000
1642.1230000000
1642.1340000000
1642.1450000000
1642.1560000000
1642.1670000000
1642.1780000000
1642.1900000000
1642.2010000000
1642.2120000000
1642.2230000000
1642.2340000000
1642.2450000000
1642.2560000000
1642.2670000000
1642.2780000000
1642.2890000000
1642.3010000000
1642.3120000000
1642.3230000000
1642.3340000000
1642.3450000000
1642.3560000000
1642.3670000000
1642.3780000000
1642.3900000000
1642.4010000000
1642.4120000000
1642.4230000000
1642.4340000000
1642.4450000000
1642.4560000000
1642.4670000000
1642.4780000000
1642.4890000000
1642.5000000000
1642.5120000000
1642.5230000000
1642.5340000000
1642.5450000000
1642.5560000000
1642.5670000000
1642.5780000000
1642.5890000000
1642.6000000000
1642.6120000000
1642.6230000000
1642.6340000000
1642.6450000000
1642.6560000000
1642.6670000000
1642.6780000000
1642.6890000000
1642.7010000000
1642.7120000000
1642.7230000000
1642.7340000000
1642.7450000000
1642.7560000000
1642.7670000000
1642.7780000000
1642.7890000000
1642.8000000000
1642.8120000000
1642.8230000000
1642.8340000000
1642.8450000000
1642.8560000000
1642.8670000000
1642.8780000000
1642.8890000000
1642.9000000000
1642.9120000000
1642.9220000000
1642.9340000000
1642.9450000000
1642.9560000000
1642.9670000000
1642.9780000000
1642.9890000000
1643.0000000000
1643.0110000000
1643.0220000000
1643.0340000000
1643.0450000000
1643.0560000000
1643.0670000000
1643.0780000000
1643.0890000000
1643.1000000000
1643.1110000000
1643.1230000000
1643.1330000000
1643.1450000000
1643.1560000000
1643.1670000000
1643.1780000000
1643.1890000000
1643.2000000000
1643.2110000000
1643.2220000000
1643.2340000000
1643.2450000000
1643.2560000000
1643.2670000000
1643.2780000000
1643.2890000000
1643.3000000000
1643.3110000000
1643.3220000000
1643.3330000000
1643.3440000000
1643.3560000000
1643.3670000000
1643.3780000000
1643.3890000000
1643.4000000000
1643.4110000000
1643.4220000000
1643.4330000000
1643.4440000000
1643.4560000000
1643.4670000000
1643.4780000000
1643.4890000000
1643.5000000000
1643.5110000000
1643.5220000000
1643.5330000000
1643.5450000000
1643.5560000000
1643.5670000000
1643.5780000000
1643.5890000000
1643.6000000000
1643.6110000000
1643.6220000000
1643.6330000000
1643.6440000000
1643.6550000000
1643.6670000000
1643.6780000000
1643.6890000000
1643.7000000000
1643.7110000000
1643.7220000000
1643.7330000000
1643.7440000000
1643.7550000000
1643.7660000000
1643.7780000000
1643.7890000000
1643.8000000000
1643.8110000000
1643.8220000000
1643.8330000000
1643.8440000000
1643.8550000000
1643.8660000000
1643.8780000000
1643.8890000000
1643.9000000000
1643.9110000000
1643.9220000000
1643.9330000000
1643.9440000000
1643.9550000000
1643.9660000000
1643.9780000000
1643.9890000000
1644.0000000000
1644.0110000000
1644.0220000000
1644.0330000000
1644.0440000000
1644.0550000000
1644.0660000000
1644.0780000000
1644.0890000000
1644.1000000000
1644.1110000000
1644.1220000000
1644.1330000000
1644.1440000000
1644.1550000000
1644.1660000000
1644.1770000000
1644.1880000000
1644.1990000000
1644.2110000000
1644.2220000000
1644.2330000000
1644.2440000000
1644.2550000000
1644.2660000000
1644.2770000000
1644.2880000000
1644.3000000000
1644.3110000000
1644.3220000000
1644.3330000000
1644.3440000000
1644.3550000000
1644.3660000000
1644.3770000000
1644.3880000000
1644.3990000000
1644.4110000000
1644.4220000000
1644.4330000000
1644.4440000000
1644.4550000000
1644.4660000000
1644.4770000000
1644.4880000000
1644.4990000000
1644.5110000000
1644.5220000000
1644.5330000000
1644.5440000000
1644.5550000000
1644.5660000000
1644.5770000000
1644.5880000000
1644.5990000000
1644.6110000000
1644.6220000000
1644.6330000000
1644.6440000000
1644.6550000000
1644.6660000000
1644.6770000000
1644.6880000000
1644.6990000000
1644.7110000000
1644.7220000000
1644.7330000000
1644.7440000000
1644.7550000000
1644.7660000000
1644.7770000000
1644.7880000000
1644.7990000000
1644.8100000000
1644.8220000000
1644.8330000000
1644.8440000000
1644.8550000000
1644.8660000000
1644.8770000000
1644.8880000000
1644.8990000000
1644.9110000000
1644.9210000000
1644.9330000000
1644.9440000000
1644.9550000000
1644.9660000000
1644.9770000000
1644.9880000000
1644.9990000000
1645.0100000000
1645.0210000000
1645.0320000000
1645.0440000000
1645.0550000000
1645.0660000000
1645.0770000000
1645.0880000000
1645.0990000000
1645.1100000000
1645.1210000000
1645.1320000000
1645.1440000000
1645.1550000000
1645.1660000000
1645.1770000000
1645.1880000000
1645.1990000000
1645.2100000000
1645.2210000000
1645.2320000000
1645.2440000000
1645.2550000000
1645.2660000000
1645.2770000000
1645.2880000000
1645.2990000000
1645.3100000000
1645.3210000000
1645.3320000000
1645.3430000000
1645.3540000000
1645.3660000000
1645.3770000000
1645.3880000000
1645.3990000000
1645.4100000000
1645.4210000000
1645.4320000000
1645.4440000000
1645.4550000000
1645.4660000000
1645.4770000000
1645.4880000000
1645.4990000000
1645.5100000000
1645.5210000000
1645.5320000000
1645.5430000000
1645.5540000000
1645.5660000000
1645.5770000000
1645.5880000000
1645.5990000000
1645.6100000000
1645.6210000000
1645.6320000000
1645.6430000000
1645.6540000000
1645.6660000000
1645.6770000000
1645.6880000000
1645.6990000000
1645.7100000000
1645.7210000000
1645.7320000000
1645.7430000000
1645.7550000000
1645.7660000000
1645.7770000000
1645.7880000000
1645.7990000000
1645.8100000000
1645.8210000000
1645.8320000000
1645.8430000000
1645.8540000000
1645.8650000000
1645.8770000000
1645.8880000000
1645.8990000000
1645.9100000000
1645.9210000000
1645.9320000000
1645.9430000000
1645.9540000000
1645.9650000000
1645.9760000000
1645.9880000000
1645.9990000000
1646.0100000000
1646.0210000000
1646.0320000000
1646.0430000000
1646.0540000000
1646.0650000000
1646.0770000000
1646.0880000000
1646.0990000000
1646.1100000000
1646.1210000000
1646.1320000000
1646.1430000000
1646.1540000000
1646.1650000000
1646.1760000000
1646.1880000000
1646.1990000000
1646.2100000000
1646.2210000000
1646.2320000000
1646.2430000000
1646.2540000000
1646.2650000000
1646.2760000000
1646.2870000000
1646.2980000000
1646.3100000000
1646.3210000000
1646.3320000000
1646.3430000000
1646.3540000000
1646.3650000000
1646.3760000000
1646.3880000000
1646.3990000000
1646.4100000000
1646.4210000000
1646.4320000000
1646.4430000000
1646.4540000000
1646.4650000000
1646.4760000000
1646.4870000000
1646.4990000000
1646.5100000000
1646.5210000000
1646.5320000000
1646.5430000000
1646.5540000000
1646.5650000000
1646.5760000000
1646.5870000000
1646.5980000000
1646.6090000000
1646.6210000000
1646.6320000000
1646.6430000000
1646.6540000000
1646.6650000000
1646.6760000000
1646.6870000000
1646.6980000000
1646.7090000000
1646.7210000000
1646.7320000000
1646.7430000000
1646.7540000000
1646.7650000000
1646.7760000000
1646.7870000000
1646.7980000000
1646.8090000000
1646.8210000000
1646.8320000000
1646.8430000000
1646.8540000000
1646.8650000000
1646.8760000000
1646.8870000000
1646.8980000000
1646.9100000000
1646.9210000000
1646.9320000000
1646.9430000000
1646.9540000000
1646.9650000000
1646.9760000000
1646.9870000000
1646.9980000000
1647.0090000000
1647.0210000000
1647.0310000000
1647.0430000000
1647.0540000000
1647.0650000000
1647.0760000000
1647.0870000000
1647.0980000000
1647.1090000000
1647.1210000000
1647.1310000000
1647.1430000000
1647.1540000000
1647.1650000000
1647.1760000000
1647.1870000000
1647.1980000000
1647.2090000000
1647.2210000000
1647.2310000000
1647.2430000000
1647.2540000000
1647.2650000000
1647.2760000000
1647.2870000000
1647.2980000000
1647.3090000000
1647.3210000000
1647.3310000000
1647.3430000000
1647.3540000000
1647.3650000000
1647.3760000000
1647.3870000000
1647.3980000000
1647.4090000000
1647.4200000000
1647.4310000000
1647.4420000000
1647.4540000000
1647.4650000000
1647.4760000000
1647.4870000000
1647.4980000000
1647.5090000000
1647.5210000000
1647.5310000000
1647.5420000000
1647.5540000000
1647.5650000000
1647.5760000000
1647.5870000000
1647.5980000000
1647.6090000000
1647.6200000000
1647.6310000000
1647.6420000000
1647.6530000000
1647.6650000000
1647.6760000000
1647.6870000000
1647.6980000000
1647.7090000000
1647.7200000000
1647.7310000000
1647.7420000000
1647.7540000000
1647.7650000000
1647.7760000000
1647.7870000000
1647.7980000000
1647.8090000000
1647.8200000000
1647.8310000000
1647.8420000000
1647.8530000000
1647.8640000000
1647.8760000000
1647.8870000000
1647.8980000000
1647.9090000000
1647.9200000000
1647.9310000000
1647.9420000000
1647.9530000000
1647.9640000000
1647.9760000000
1647.9870000000
1647.9980000000
1648.0090000000
1648.0200000000
1648.0310000000
1648.0420000000
1648.0530000000
1648.0640000000
1648.0750000000
1648.0870000000
1648.0980000000
1648.1090000000
1648.1200000000
1648.1310000000
1648.1420000000
1648.1530000000
1648.1640000000
1648.1750000000
1648.1860000000
1648.1980000000
1648.2090000000
1648.2200000000
1648.2310000000
1648.2420000000
1648.2530000000
1648.2640000000
1648.2750000000
1648.2860000000
1648.2980000000
1648.3090000000
1648.3200000000
1648.3310000000
1648.3420000000
1648.3530000000
1648.3640000000
1648.3750000000
1648.3860000000
1648.3970000000
1648.4090000000
1648.4200000000
1648.4310000000
1648.4420000000
1648.4530000000
1648.4640000000
1648.4750000000
1648.4860000000
1648.4970000000
1648.5090000000
1648.5200000000
1648.5310000000
1648.5420000000
1648.5530000000
1648.5640000000
1648.5750000000
1648.5860000000
1648.5970000000
1648.6090000000
1648.6200000000
1648.6310000000
1648.6420000000
1648.6530000000
1648.6640000000
1648.6750000000
1648.6860000000
1648.6970000000
1648.7090000000
1648.7200000000
1648.7310000000
1648.7420000000
1648.7530000000
1648.7640000000
1648.7750000000
1648.7860000000
1648.7970000000
1648.8080000000
1648.8200000000
1648.8310000000
1648.8420000000
1648.8530000000
1648.8640000000
1648.8750000000
1648.8860000000
1648.8970000000
1648.9080000000
1648.9190000000
1648.9310000000
1648.9420000000
1648.9530000000
1648.9640000000
1648.9750000000
1648.9860000000
1648.9970000000
1649.0080000000
1649.0200000000
1649.0310000000
1649.0420000000
1649.0530000000
1649.0640000000
1649.0750000000
1649.0860000000
1649.0970000000
1649.1080000000
1649.1190000000
1649.1300000000
1649.1420000000
1649.1530000000
1649.1640000000
1649.1750000000
1649.1860000000
1649.1970000000
1649.2080000000
1649.2190000000
1649.2300000000
1649.2420000000
1649.2530000000
1649.2640000000
1649.2750000000
1649.2860000000
1649.2970000000
1649.3080000000
1649.3190000000
1649.3300000000
1649.3420000000
1649.3530000000
1649.3640000000
1649.3750000000
1649.3860000000
1649.3970000000
1649.4080000000
1649.4190000000
1649.4300000000
1649.4420000000
1649.4530000000
1649.4640000000
1649.4750000000
1649.4860000000
1649.4970000000
1649.5080000000
1649.5190000000
1649.5300000000
1649.5410000000
1649.5520000000
1649.5640000000
1649.5750000000
1649.5860000000
1649.5970000000
1649.6080000000
1649.6190000000
1649.6300000000
1649.6410000000
1649.6530000000
1649.6640000000
1649.6750000000
1649.6860000000
1649.6970000000
1649.7080000000
1649.7190000000
1649.7300000000
1649.7410000000
1649.7520000000
1649.7630000000
1649.7750000000
1649.7860000000
1649.7970000000
1649.8080000000
1649.8190000000
1649.8300000000
1649.8410000000
1649.8520000000
1649.8640000000
1649.8750000000
1649.8860000000
1649.8970000000
1649.9080000000
1649.9190000000
1649.9300000000
1649.9410000000
1649.9520000000
1649.9640000000
1649.9740000000
1649.9860000000
1649.9970000000
1650.0080000000
1650.0190000000
1650.0300000000
1650.0410000000
1650.0520000000
1650.0630000000
1650.0740000000
1650.0850000000
1650.0970000000
1650.1080000000
1650.1190000000
1650.1300000000
1650.1410000000
1650.1520000000
1650.1630000000
1650.1740000000
1650.1850000000
1650.1970000000
1650.2080000000
1650.2190000000
1650.2300000000
1650.2410000000
1650.2520000000
1650.2630000000
1650.2750000000
1650.2850000000
1650.2970000000
1650.3080000000
1650.3190000000
1650.3300000000
1650.3410000000
1650.3520000000
1650.3630000000
1650.3740000000
1650.3860000000
1650.3960000000
1650.4080000000
1650.4190000000
1650.4300000000
1650.4410000000
1650.4520000000
1650.4630000000
1650.4740000000
1650.4850000000
1650.4960000000
1650.5070000000
1650.5190000000
1650.5300000000
1650.5410000000
1650.5520000000
1650.5630000000
1650.5740000000
1650.5850000000
1650.5960000000
1650.6070000000
1650.6190000000
1650.6300000000
1650.6410000000
1650.6520000000
1650.6630000000
1650.6740000000
1650.6850000000
1650.6960000000
1650.7080000000
1650.7190000000
1650.7300000000
1650.7410000000
1650.7520000000
1650.7630000000
1650.7740000000
1650.7850000000
1650.7960000000
1650.8070000000
1650.8180000000
1650.8300000000
1650.8410000000
1650.8520000000
1650.8630000000
1650.8740000000
1650.8850000000
1650.8960000000
1650.9070000000
1650.9180000000
1650.9300000000
1650.9410000000
1650.9520000000
1650.9630000000
1650.9740000000
1650.9850000000
1650.9960000000
1651.0070000000
1651.0180000000
1651.0300000000
1651.0410000000
1651.0520000000
1651.0630000000
1651.0740000000
1651.0850000000
1651.0960000000
1651.1070000000
1651.1180000000
1651.1300000000
1651.1410000000
1651.1520000000
1651.1630000000
1651.1740000000
1651.1850000000
1651.1960000000
1651.2070000000
1651.2180000000
1651.2300000000
1651.2410000000
1651.2520000000
1651.2630000000
1651.2740000000
1651.2850000000
1651.2960000000
1651.3070000000
1651.3180000000
1651.3300000000
1651.3400000000
1651.3510000000
1651.3630000000
1651.3740000000
1651.3850000000
1651.3960000000
1651.4070000000
1651.4180000000
1651.4300000000
1651.4400000000
1651.4510000000
1651.4630000000
1651.4740000000
1651.4850000000
1651.4960000000
1651.5070000000
1651.5180000000
1651.5300000000
1651.5400000000
1651.5510000000
1651.5630000000
1651.5740000000
1651.5850000000
1651.5960000000
1651.6070000000
1651.6180000000
1651.6300000000
1651.6400000000
1651.6510000000
1651.6630000000
1651.6740000000
1651.6850000000
1651.6960000000
1651.7070000000
1651.7180000000
1651.7290000000
1651.7400000000
1651.7510000000
1651.7620000000
1651.7740000000
1651.7850000000
1651.7960000000
1651.8070000000
1651.8180000000
1651.8290000000
1651.8400000000
1651.8510000000
1651.8620000000
1651.8740000000
1651.8850000000
1651.8960000000
1651.9070000000
1651.9180000000
1651.9290000000
1651.9400000000
1651.9510000000
1651.9630000000
1651.9740000000
1651.9850000000
1651.9960000000
1652.0070000000
1652.0180000000
1652.0290000000
1652.0400000000
1652.0510000000
1652.0620000000
1652.0730000000
1652.0850000000
1652.0960000000
1652.1070000000
1652.1180000000
1652.1290000000
1652.1400000000
1652.1510000000
1652.1620000000
1652.1730000000
1652.1840000000
1652.1960000000
1652.2070000000
1652.2180000000
1652.2290000000
1652.2400000000
1652.2510000000
1652.2620000000
1652.2730000000
1652.2840000000
1652.2960000000
1652.3070000000
1652.3180000000
1652.3290000000
1652.3400000000
1652.3510000000
1652.3620000000
1652.3730000000
1652.3850000000
1652.3960000000
1652.4070000000
1652.4180000000
1652.4290000000
1652.4400000000
1652.4510000000
1652.4620000000
1652.4730000000
1652.4840000000
1652.4950000000
1652.5070000000
1652.5180000000
1652.5290000000
1652.5400000000
1652.5510000000
1652.5620000000
1652.5730000000
1652.5840000000
1652.5950000000
1652.6070000000
1652.6180000000
1652.6290000000
1652.6400000000
1652.6510000000
1652.6620000000
1652.6730000000
1652.6840000000
1652.6950000000
1652.7060000000
1652.7180000000
1652.7290000000
1652.7400000000
1652.7510000000
1652.7620000000
1652.7730000000
1652.7840000000
1652.7950000000
1652.8060000000
1652.8180000000
1652.8290000000
1652.8400000000
1652.8510000000
1652.8620000000
1652.8730000000
1652.8840000000
1652.8950000000
1652.9060000000
1652.9180000000
1652.9290000000
1652.9400000000
1652.9510000000
1652.9620000000
1652.9730000000
1652.9840000000
1652.9950000000
1653.0060000000
1653.0170000000
1653.0290000000
1653.0400000000
1653.0510000000
1653.0620000000
1653.0730000000
1653.0840000000
1653.0950000000
1653.1060000000
1653.1170000000
1653.1290000000
1653.1400000000
1653.1510000000
1653.1620000000
1653.1730000000
1653.1840000000
1653.1950000000
1653.2060000000
1653.2170000000
1653.2290000000
1653.2400000000
1653.2510000000
1653.2620000000
1653.2730000000
1653.2840000000
1653.2950000000
1653.3060000000
1653.3170000000
1653.3290000000
1653.3390000000
1653.3510000000
1653.3620000000
1653.3730000000
1653.3840000000
1653.3950000000
1653.4060000000
1653.4170000000
1653.4280000000
1653.4400000000
1653.4500000000
1653.4620000000
1653.4730000000
1653.4840000000
1653.4950000000
1653.5070000000
1653.5170000000
1653.5280000000
1653.5390000000
1653.5500000000
1653.5620000000
1653.5730000000
1653.5840000000
1653.5950000000
1653.6060000000
1653.6170000000
1653.6280000000
1653.6390000000
1653.6510000000
1653.6610000000
1653.6730000000
1653.6840000000
1653.6950000000
1653.7060000000
1653.7170000000
1653.7280000000
1653.7400000000
1653.7500000000
1653.7620000000
1653.7730000000
1653.7840000000
1653.7950000000
1653.8060000000
1653.8170000000
1653.8280000000
1653.8390000000
1653.8500000000
1653.8610000000
1653.8720000000
1653.8840000000
1653.8950000000
1653.9060000000
1653.9170000000
1653.9280000000
1653.9390000000
1653.9500000000
1653.9610000000
1653.9730000000
1653.9840000000
1653.9950000000
1654.0060000000
1654.0170000000
1654.0280000000
1654.0390000000
1654.0500000000
1654.0610000000
1654.0730000000
1654.0830000000
1654.0950000000
1654.1060000000
1654.1170000000
1654.1280000000
1654.1390000000
1654.1500000000
1654.1610000000
1654.1720000000
1654.1840000000
1654.1950000000
1654.2060000000
1654.2170000000
1654.2280000000
1654.2390000000
1654.2500000000
1654.2610000000
1654.2720000000
1654.2830000000
1654.2950000000
1654.3060000000
1654.3170000000
1654.3280000000
1654.3390000000
1654.3500000000
1654.3610000000
1654.3720000000
1654.3830000000
1654.3950000000
1654.4060000000
1654.4170000000
1654.4280000000
1654.4390000000
1654.4500000000
1654.4610000000
1654.4720000000
1654.4830000000
1654.4940000000
1654.5060000000
1654.5170000000
1654.5280000000
1654.5390000000
1654.5500000000
1654.5610000000
1654.5720000000
1654.5830000000
1654.5940000000
1654.6050000000
1654.6170000000
1654.6280000000
1654.6390000000
1654.6500000000
1654.6610000000
1654.6720000000
1654.6830000000
1654.6940000000
1654.7050000000
1654.7170000000
1654.7280000000
1654.7390000000
1654.7500000000
1654.7610000000
1654.7720000000
1654.7830000000
1654.7940000000
1654.8050000000
1654.8170000000
1654.8280000000
1654.8390000000
1654.8500000000
1654.8610000000
1654.8720000000
1654.8830000000
1654.8940000000
1654.9050000000
1654.9170000000
1654.9270000000
1654.9390000000
1654.9500000000
1654.9610000000
1654.9720000000
1654.9840000000
1654.9940000000
1655.0050000000
1655.0160000000
1655.0270000000
1655.0390000000
1655.0500000000
1655.0610000000
1655.0720000000
1655.0830000000
1655.0940000000
1655.1050000000
1655.1160000000
1655.1280000000
1655.1390000000
1655.1500000000
1655.1610000000
1655.1720000000
1655.1830000000
1655.1940000000
1655.2050000000
1655.2160000000
1655.2270000000
1655.2390000000
1655.2500000000
1655.2610000000
1655.2720000000
1655.2830000000
1655.2940000000
1655.3050000000
1655.3160000000
1655.3280000000
1655.3390000000
1655.3490000000
1655.3610000000
1655.3720000000
1655.3830000000
1655.3940000000
1655.4050000000
1655.4160000000
1655.4270000000
1655.4380000000
1655.4500000000
1655.4610000000
1655.4720000000
1655.4830000000
1655.4940000000
1655.5050000000
1655.5160000000
1655.5270000000
1655.5380000000
1655.5490000000
1655.5610000000
1655.5720000000
1655.5830000000
1655.5940000000
1655.6050000000
1655.6160000000
1655.6270000000
1655.6380000000
1655.6490000000
1655.6610000000
1655.6720000000
1655.6830000000
1655.6940000000
1655.7050000000
1655.7160000000
1655.7270000000
1655.7380000000
1655.7490000000
1655.7600000000
1655.7720000000
1655.7830000000
1655.7940000000
1655.8050000000
1655.8160000000
1655.8270000000
1655.8380000000
1655.8490000000
1655.8600000000
1655.8720000000
1655.8830000000
1655.8940000000
1655.9050000000
1655.9160000000
1655.9270000000
1655.9380000000
1655.9490000000
1655.9600000000
1655.9720000000
1655.9830000000
1655.9940000000
1656.0050000000
1656.0160000000
1656.0270000000
1656.0380000000
1656.0490000000
1656.0600000000
1656.0720000000
1656.0830000000
1656.0940000000
1656.1050000000
1656.1160000000
1656.1270000000
1656.1380000000
1656.1490000000
1656.1600000000
1656.1710000000
1656.1830000000
1656.1930000000
1656.2050000000
1656.2160000000
1656.2270000000
1656.2380000000
1656.2490000000
1656.2600000000
1656.2710000000
1656.2820000000
1656.2930000000
1656.3050000000
1656.3160000000
1656.3270000000
1656.3380000000
1656.3490000000
1656.3600000000
1656.3710000000
1656.3820000000
1656.3930000000
1656.4050000000
1656.4160000000
1656.4270000000
1656.4380000000
1656.4490000000
1656.4600000000
1656.4710000000
1656.4820000000
1656.4940000000
1656.5050000000
1656.5160000000
1656.5270000000
1656.5380000000
1656.5490000000
1656.5600000000
1656.5710000000
1656.5820000000
1656.5930000000
1656.6050000000
1656.6160000000
1656.6270000000
1656.6380000000
1656.6490000000
1656.6600000000
1656.6710000000
1656.6820000000
1656.6930000000
1656.7040000000
1656.7150000000
1656.7270000000
1656.7380000000
1656.7490000000
1656.7600000000
1656.7710000000
1656.7820000000
1656.7930000000
1656.8050000000
1656.8150000000
1656.8270000000
1656.8380000000
1656.8490000000
1656.8600000000
1656.8710000000
1656.8820000000
1656.8930000000
1656.9040000000
1656.9150000000
1656.9270000000
1656.9380000000
1656.9490000000
1656.9600000000
1656.9710000000
1656.9820000000
1656.9930000000
1657.0040000000
1657.0160000000
1657.0260000000
1657.0380000000
1657.0490000000
1657.0600000000
1657.0710000000
1657.0820000000
1657.0930000000
1657.1040000000
1657.1150000000
1657.1260000000
1657.1380000000
1657.1490000000
1657.1600000000
1657.1710000000
1657.1820000000
1657.1930000000
1657.2040000000
1657.2150000000
1657.2260000000
1657.2370000000
1657.2490000000
1657.2600000000
1657.2710000000
1657.2820000000
1657.2930000000
1657.3040000000
1657.3150000000
1657.3260000000
1657.3370000000
1657.3490000000
1657.3600000000
1657.3710000000
1657.3820000000
1657.3930000000
1657.4040000000
1657.4150000000
1657.4270000000
1657.4370000000
1657.4480000000
1657.4600000000
1657.4710000000
1657.4820000000
1657.4930000000
1657.5040000000
1657.5150000000
1657.5260000000
1657.5370000000
1657.5480000000
1657.5600000000
1657.5710000000
1657.5820000000
1657.5930000000
1657.6040000000
1657.6150000000
1657.6260000000
1657.6370000000
1657.6480000000
1657.6590000000
1657.6710000000
1657.6820000000
1657.6930000000
1657.7040000000
1657.7150000000
1657.7260000000
1657.7370000000
1657.7480000000
1657.7600000000
1657.7710000000
1657.7820000000
1657.7930000000
1657.8040000000
1657.8150000000
1657.8260000000
1657.8370000000
1657.8480000000
1657.8590000000
1657.8700000000
1657.8820000000
1657.8930000000
1657.9040000000
1657.9150000000
1657.9260000000
1657.9370000000
1657.9480000000
1657.9590000000
1657.9700000000
1657.9820000000
1657.9930000000
1658.0040000000
1658.0150000000
1658.0260000000
1658.0370000000
1658.0480000000
1658.0590000000
1658.0700000000
1658.0810000000
1658.0930000000
1658.1040000000
1658.1150000000
1658.1260000000
1658.1370000000
1658.1480000000
1658.1590000000
1658.1700000000
1658.1810000000
1658.1930000000
1658.2040000000
1658.2150000000
1658.2260000000
1658.2370000000
1658.2480000000
1658.2590000000
1658.2700000000
1658.2810000000
1658.2930000000
1658.3040000000
1658.3150000000
1658.3260000000
1658.3370000000
1658.3480000000
1658.3590000000
1658.3700000000
1658.3810000000
1658.3920000000
1658.4040000000
1658.4150000000
1658.4260000000
1658.4370000000
1658.4480000000
1658.4590000000
1658.4700000000
1658.4810000000
1658.4930000000
1658.5040000000
1658.5150000000
1658.5260000000
1658.5370000000
1658.5490000000
1658.5590000000
1658.5700000000
1658.5810000000
1658.5920000000
1658.6030000000
1658.6150000000
1658.6260000000
1658.6370000000
1658.6480000000
1658.6590000000
1658.6700000000
1658.6810000000
1658.6920000000
1658.7030000000
1658.7140000000
1658.7260000000
1658.7370000000
1658.7480000000
1658.7590000000
1658.7700000000
1658.7810000000
1658.7920000000
1658.8030000000
1658.8140000000
1658.8260000000
1658.8370000000
1658.8480000000
1658.8590000000
1658.8700000000
1658.8810000000
1658.8920000000
1658.9030000000
1658.9140000000
1658.9260000000
1658.9370000000
1658.9480000000
1658.9590000000
1658.9700000000
1658.9810000000
1658.9920000000
1659.0030000000
1659.0140000000
1659.0260000000
1659.0360000000
1659.0480000000
1659.0590000000
1659.0700000000
1659.0810000000
1659.0920000000
1659.1030000000
1659.1140000000
1659.1250000000
1659.1370000000
1659.1480000000
1659.1590000000
1659.1700000000
1659.1810000000
1659.1920000000
1659.2030000000
1659.2140000000
1659.2250000000
1659.2360000000
1659.2480000000
1659.2590000000
1659.2700000000
1659.2810000000
1659.2920000000
1659.3030000000
1659.3140000000
1659.3260000000
1659.3360000000
1659.3480000000
1659.3590000000
1659.3700000000
1659.3810000000
1659.3920000000
1659.4030000000
1659.4140000000
1659.4250000000
1659.4370000000
1659.4480000000
1659.4590000000
1659.4700000000
1659.4810000000
1659.4920000000
1659.5030000000
1659.5140000000
1659.5250000000
1659.5360000000
1659.5480000000
1659.5580000000
1659.5700000000
1659.5810000000
1659.5920000000
1659.6030000000
1659.6140000000
1659.6250000000
1659.6360000000
1659.6480000000
1659.6590000000
1659.6700000000
1659.6810000000
1659.6920000000
1659.7030000000
1659.7140000000
1659.7250000000
1659.7360000000
1659.7480000000
1659.7590000000
1659.7700000000
1659.7810000000
1659.7920000000
1659.8030000000
1659.8140000000
1659.8250000000
1659.8360000000
1659.8480000000
1659.8590000000
1659.8700000000
1659.8800000000
1659.8920000000
1659.9030000000
1659.9140000000
1659.9250000000
1659.9360000000
1659.9480000000
1659.9580000000
1659.9690000000
1659.9800000000
1659.9920000000
1660.0030000000
1660.0140000000
1660.0250000000
1660.0360000000
1660.0480000000
1660.0580000000
1660.0700000000
1660.0800000000
1660.0920000000
1660.1030000000
1660.1140000000
1660.1250000000
1660.1360000000
1660.1470000000
1660.1580000000
1660.1690000000
1660.1800000000
1660.1920000000
1660.2030000000
1660.2140000000
1660.2250000000
1660.2360000000
1660.2470000000
1660.2580000000
1660.2700000000
1660.2800000000
1660.2920000000
1660.3030000000
1660.3140000000
1660.3250000000
1660.3360000000
1660.3470000000
1660.3580000000
1660.3690000000
1660.3800000000
1660.3910000000
1660.4030000000
1660.4140000000
1660.4250000000
1660.4360000000
1660.4470000000
1660.4580000000
1660.4700000000
1660.4800000000
1660.4920000000
1660.5030000000
1660.5140000000
1660.5250000000
1660.5360000000
1660.5470000000
1660.5580000000
1660.5690000000
1660.5800000000
1660.5910000000
1660.6020000000
1660.6140000000
1660.6250000000
1660.6360000000
1660.6470000000
1660.6580000000
1660.6690000000
1660.6800000000
1660.6910000000
1660.7020000000
1660.7140000000
1660.7250000000
1660.7360000000
1660.7470000000
1660.7580000000
1660.7690000000
1660.7800000000
1660.7910000000
1660.8020000000
1660.8130000000
1660.8250000000
1660.8360000000
1660.8470000000
1660.8580000000
1660.8690000000
1660.8800000000
1660.8910000000
1660.9020000000
1660.9140000000
1660.9250000000
1660.9360000000
1660.9470000000
1660.9580000000
1660.9690000000
1660.9800000000
1660.9910000000
1661.0020000000
1661.0130000000
1661.0240000000
1661.0360000000
1661.0470000000
1661.0580000000
1661.0690000000
1661.0800000000
1661.0910000000
1661.1020000000
1661.1140000000
1661.1240000000
1661.1360000000
1661.1470000000
1661.1580000000
1661.1690000000
1661.1800000000
1661.1910000000
1661.2020000000
1661.2130000000
1661.2240000000
1661.2350000000
1661.2460000000
1661.2580000000
1661.2690000000
1661.2800000000
1661.2910000000
1661.3020000000
1661.3130000000
1661.3240000000
1661.3350000000
1661.3470000000
1661.3580000000
1661.3690000000
1661.3800000000
1661.3910000000
1661.4020000000
1661.4130000000
1661.4240000000
1661.4360000000
1661.4460000000
1661.4580000000
1661.4690000000
1661.4800000000
1661.4910000000
1661.5020000000
1661.5130000000
1661.5240000000
1661.5350000000
1661.5460000000
1661.5570000000
1661.5690000000
1661.5800000000
1661.5910000000
1661.6020000000
1661.6130000000
1661.6240000000
1661.6350000000
1661.6470000000
1661.6570000000
1661.6690000000
1661.6800000000
1661.6910000000
1661.7020000000
1661.7130000000
1661.7240000000
1661.7350000000
1661.7460000000
1661.7570000000
1661.7690000000
1661.7800000000
1661.7910000000
1661.8020000000
1661.8130000000
1661.8240000000
1661.8350000000
1661.8460000000
1661.8580000000
1661.8690000000
1661.8800000000
1661.8910000000
1661.9020000000
1661.9130000000
1661.9240000000
1661.9350000000
1661.9460000000
1661.9570000000
1661.9690000000
1661.9790000000
1661.9910000000
1662.0020000000
1662.0130000000
1662.0240000000
1662.0350000000
1662.0460000000
1662.0570000000
1662.0680000000
1662.0790000000
1662.0910000000
1662.1020000000
1662.1130000000
1662.1240000000
1662.1350000000
1662.1460000000
1662.1570000000
1662.1680000000
1662.1790000000
1662.1910000000
1662.2020000000
1662.2130000000
1662.2240000000
1662.2350000000
1662.2460000000
1662.2570000000
1662.2680000000
1662.2790000000
1662.2910000000
1662.3020000000
1662.3130000000
1662.3240000000
1662.3350000000
1662.3460000000
1662.3570000000
1662.3680000000
1662.3790000000
1662.3910000000
1662.4020000000
1662.4130000000
1662.4240000000
1662.4350000000
1662.4460000000
1662.4570000000
1662.4680000000
1662.4790000000
1662.4900000000
1662.5010000000
1662.5130000000
1662.5240000000
1662.5350000000
1662.5460000000
1662.5570000000
1662.5680000000
1662.5790000000
1662.5900000000
1662.6010000000
1662.6130000000
1662.6240000000
1662.6350000000
1662.6460000000
1662.6570000000
1662.6680000000
1662.6790000000
1662.6900000000
1662.7010000000
1662.7130000000
1662.7240000000
1662.7350000000
1662.7460000000
1662.7570000000
1662.7680000000
1662.7790000000
1662.7900000000
1662.8010000000
1662.8130000000
1662.8230000000
1662.8350000000
1662.8460000000
1662.8570000000
1662.8680000000
1662.8790000000
1662.8900000000
1662.9010000000
1662.9120000000
1662.9230000000
1662.9350000000
1662.9460000000
1662.9570000000
1662.9680000000
1662.9790000000
1662.9900000000
1663.0010000000
1663.0120000000
1663.0240000000
1663.0350000000
1663.0460000000
1663.0570000000
1663.0680000000
1663.0790000000
1663.0900000000
1663.1010000000
1663.1120000000
1663.1230000000
1663.1350000000
1663.1460000000
1663.1570000000
1663.1680000000
1663.1790000000
1663.1900000000
1663.2010000000
1663.2120000000
1663.2230000000
1663.2340000000
1663.2450000000
1663.2570000000
1663.2680000000
1663.2790000000
1663.2900000000
1663.3010000000
1663.3120000000
1663.3230000000
1663.3350000000
1663.3450000000
1663.3570000000
1663.3680000000
1663.3790000000
1663.3900000000
1663.4010000000
1663.4120000000
1663.4230000000
1663.4340000000
1663.4460000000
1663.4570000000
1663.4680000000
1663.4790000000
1663.4900000000
1663.5010000000
1663.5120000000
1663.5230000000
1663.5340000000
1663.5450000000
1663.5570000000
1663.5680000000
1663.5790000000
1663.5900000000
1663.6010000000
1663.6120000000
1663.6230000000
1663.6340000000
1663.6460000000
1663.6570000000
1663.6680000000
1663.6790000000
1663.6900000000
1663.7010000000
1663.7120000000
1663.7230000000
1663.7340000000
1663.7450000000
1663.7570000000
1663.7680000000
1663.7790000000
1663.7900000000
1663.8010000000
1663.8120000000
1663.8230000000
1663.8340000000
1663.8450000000
1663.8560000000
1663.8670000000
1663.8790000000
1663.8900000000
1663.9010000000
1663.9120000000
1663.9230000000
1663.9340000000
1663.9450000000
1663.9560000000
1663.9670000000
1663.9790000000
1663.9900000000
1664.0010000000
1664.0120000000
1664.0230000000
1664.0340000000
1664.0450000000
1664.0560000000
1664.0670000000
1664.0790000000
1664.0900000000
1664.1010000000
1664.1120000000
1664.1230000000
1664.1340000000
1664.1450000000
1664.1560000000
1664.1670000000
1664.1780000000
1664.1900000000
1664.2010000000
1664.2120000000
1664.2230000000
1664.2340000000
1664.2450000000
1664.2560000000
1664.2670000000
1664.2780000000
1664.2890000000
1664.3010000000
1664.3120000000
1664.3230000000
1664.3340000000
1664.3450000000
1664.3560000000
1664.3670000000
1664.3780000000
1664.3890000000
1664.4010000000
1664.4120000000
1664.4230000000
1664.4340000000
1664.4450000000
1664.4560000000
1664.4670000000
1664.4780000000
1664.4900000000
1664.5000000000
1664.5120000000
1664.5230000000
1664.5340000000
1664.5450000000
1664.5560000000
1664.5670000000
1664.5780000000
1664.5890000000
1664.6000000000
1664.6120000000
1664.6230000000
1664.6340000000
1664.6450000000
1664.6560000000
1664.6670000000
1664.6780000000
1664.6890000000
1664.7000000000
1664.7110000000
1664.7230000000
1664.7340000000
1664.7450000000
1664.7560000000
1664.7670000000
1664.7780000000
1664.7890000000
1664.8000000000
1664.8120000000
1664.8230000000
1664.8340000000
1664.8450000000
1664.8560000000
1664.8670000000
1664.8780000000
1664.8890000000
1664.9000000000
1664.9110000000
1664.9220000000
1664.9340000000
1664.9450000000
1664.9560000000
1664.9670000000
1664.9780000000
1664.9890000000
1665.0000000000
1665.0110000000
1665.0220000000
1665.0340000000
1665.0450000000
1665.0560000000
1665.0670000000
1665.0780000000
1665.0890000000
1665.1000000000
1665.1110000000
1665.1220000000
1665.1330000000
1665.1450000000
1665.1560000000
1665.1670000000
1665.1780000000
1665.1890000000
1665.2000000000
1665.2110000000
1665.2220000000
1665.2340000000
1665.2450000000
1665.2560000000
1665.2670000000
1665.2780000000
1665.2890000000
1665.3000000000
1665.3110000000
1665.3220000000
1665.3330000000
1665.3440000000
1665.3560000000
1665.3670000000
1665.3780000000
1665.3890000000
1665.4000000000
1665.4110000000
1665.4220000000
1665.4330000000
1665.4440000000
1665.4560000000
1665.4670000000
1665.4780000000
1665.4890000000
1665.5000000000
1665.5110000000
1665.5220000000
1665.5330000000
1665.5440000000
1665.5550000000
1665.5670000000
1665.5780000000
1665.5890000000
1665.6000000000
1665.6110000000
1665.6220000000
1665.6330000000
1665.6450000000
1665.6550000000
1665.6670000000
1665.6780000000
1665.6890000000
1665.7000000000
1665.7110000000
1665.7220000000
1665.7330000000
1665.7440000000
1665.7550000000
1665.7660000000
1665.7780000000
1665.7890000000
1665.8000000000
1665.8110000000
1665.8220000000
1665.8330000000
1665.8440000000
1665.8550000000
1665.8670000000
1665.8780000000
1665.8890000000
1665.9000000000
1665.9110000000
1665.9220000000
1665.9330000000
1665.9440000000
1665.9550000000
1665.9660000000
1665.9780000000
1665.9890000000
1666.0000000000
1666.0110000000
1666.0220000000
1666.0330000000
1666.0440000000
1666.0550000000
1666.0660000000
1666.0780000000
1666.0890000000
1666.1000000000
1666.1110000000
1666.1220000000
1666.1330000000
1666.1440000000
1666.1550000000
1666.1670000000
1666.1770000000
1666.1890000000
1666.2000000000
1666.2110000000
1666.2220000000
1666.2330000000
1666.2440000000
1666.2550000000
1666.2660000000
1666.2770000000
1666.2890000000
1666.3000000000
1666.3110000000
1666.3220000000
1666.3330000000
1666.3440000000
1666.3550000000
1666.3660000000
1666.3770000000
1666.3880000000
1666.4000000000
1666.4110000000
1666.4220000000
1666.4330000000
1666.4440000000
1666.4550000000
1666.4660000000
1666.4770000000
1666.4890000000
1666.5000000000
1666.5100000000
1666.5220000000
1666.5330000000
1666.5440000000
1666.5550000000
1666.5660000000
1666.5770000000
1666.5880000000
1666.5990000000
1666.6110000000
1666.6220000000
1666.6330000000
1666.6440000000
1666.6550000000
1666.6660000000
1666.6770000000
1666.6880000000
1666.6990000000
1666.7110000000
1666.7220000000
1666.7330000000
1666.7440000000
1666.7550000000
1666.7660000000
1666.7770000000
1666.7880000000
1666.7990000000
1666.8110000000
1666.8210000000
1666.8330000000
1666.8440000000
1666.8550000000
1666.8660000000
1666.8770000000
1666.8880000000
1666.8990000000
1666.9100000000
1666.9220000000
1666.9330000000
1666.9440000000
1666.9550000000
1666.9660000000
1666.9770000000
1666.9880000000
1666.9990000000
1667.0100000000
1667.0220000000
1667.0330000000
1667.0440000000
1667.0550000000
1667.0660000000
1667.0770000000
1667.0880000000
1667.0990000000
1667.1100000000
1667.1220000000
1667.1320000000
1667.1440000000
1667.1550000000
1667.1660000000
1667.1770000000
1667.1880000000
1667.1990000000
1667.2100000000
1667.2210000000
1667.2330000000
1667.2440000000
1667.2550000000
1667.2660000000
1667.2770000000
1667.2880000000
1667.2990000000
1667.3100000000
1667.3210000000
1667.3330000000
1667.3440000000
1667.3550000000
1667.3660000000
1667.3770000000
1667.3880000000
1667.3990000000
1667.4100000000
1667.4220000000
1667.4320000000
1667.4440000000
1667.4550000000
1667.4660000000
1667.4770000000
1667.4880000000
1667.4990000000
1667.5100000000
1667.5210000000
1667.5320000000
1667.5430000000
1667.5550000000
1667.5660000000
1667.5770000000
1667.5880000000
1667.5990000000
1667.6100000000
1667.6210000000
1667.6320000000
1667.6430000000
1667.6550000000
1667.6660000000
1667.6770000000
1667.6880000000
1667.6990000000
1667.7100000000
1667.7210000000
1667.7320000000
1667.7430000000
1667.7550000000
1667.7660000000
1667.7770000000
1667.7880000000
1667.7990000000
1667.8100000000
1667.8210000000
1667.8320000000
1667.8440000000
1667.8550000000
1667.8660000000
1667.8770000000
1667.8880000000
1667.8990000000
1667.9100000000
1667.9210000000
1667.9320000000
1667.9430000000
1667.9540000000
1667.9660000000
1667.9760000000
1667.9880000000
1667.9990000000
1668.0100000000
1668.0210000000
1668.0320000000
1668.0430000000
1668.0540000000
1668.0660000000
1668.0760000000
1668.0880000000
1668.0990000000
1668.1100000000
1668.1210000000
1668.1320000000
1668.1430000000
1668.1540000000
1668.1660000000
1668.1760000000
1668.1880000000
1668.1990000000
1668.2100000000
1668.2210000000
1668.2320000000
1668.2430000000
1668.2540000000
1668.2660000000
1668.2760000000
1668.2880000000
1668.2990000000
1668.3100000000
1668.3210000000
1668.3320000000
1668.3430000000
1668.3540000000
1668.3650000000
1668.3760000000
1668.3880000000
1668.3990000000
1668.4100000000
1668.4210000000
1668.4320000000
1668.4430000000
1668.4540000000
1668.4650000000
1668.4760000000
1668.4870000000
1668.4980000000
1668.5100000000
1668.5210000000
1668.5320000000
1668.5430000000
1668.5540000000
1668.5650000000
1668.5760000000
1668.5880000000
1668.5980000000
1668.6100000000
1668.6210000000
1668.6320000000
1668.6430000000
1668.6540000000
1668.6650000000
1668.6760000000
1668.6880000000
1668.6980000000
1668.7100000000
1668.7210000000
1668.7320000000
1668.7430000000
1668.7540000000
1668.7650000000
1668.7760000000
1668.7870000000
1668.7980000000
1668.8100000000
1668.8210000000
1668.8320000000
1668.8430000000
1668.8540000000
1668.8650000000
1668.8760000000
1668.8870000000
1668.8980000000
1668.9090000000
1668.9210000000
1668.9320000000
1668.9430000000
1668.9540000000
1668.9650000000
1668.9760000000
1668.9870000000
1668.9980000000
1669.0090000000
1669.0210000000
1669.0310000000
1669.0430000000
1669.0540000000
1669.0650000000
1669.0760000000
1669.0870000000
1669.0980000000
1669.1090000000
1669.1200000000
1669.1310000000
1669.1430000000
1669.1540000000
1669.1650000000
1669.1760000000
1669.1870000000
1669.1980000000
1669.2090000000
1669.2200000000
1669.2320000000
1669.2430000000
1669.2540000000
1669.2650000000
1669.2760000000
1669.2870000000
1669.2980000000
1669.3090000000
1669.3200000000
1669.3310000000
1669.3430000000
1669.3540000000
1669.3650000000
1669.3760000000
1669.3870000000
1669.3980000000
1669.4100000000
1669.4200000000
1669.4310000000
1669.4430000000
1669.4540000000
1669.4650000000
1669.4760000000
1669.4870000000
1669.4980000000
1669.5090000000
1669.5200000000
1669.5310000000
1669.5420000000
1669.5540000000
1669.5650000000
1669.5760000000
1669.5870000000
1669.5980000000
1669.6090000000
1669.6200000000
1669.6310000000
1669.6420000000
1669.6530000000
1669.6650000000
1669.6760000000
1669.6870000000
1669.6980000000
1669.7090000000
1669.7200000000
1669.7310000000
1669.7430000000
1669.7540000000
1669.7650000000
1669.7760000000
1669.7870000000
1669.7980000000
1669.8090000000
1669.8200000000
1669.8310000000
1669.8420000000
1669.8530000000
1669.8650000000
1669.8760000000
1669.8870000000
1669.8980000000
1669.9090000000
1669.9200000000
1669.9310000000
1669.9420000000
1669.9530000000
1669.9640000000
1669.9760000000
1669.9870000000
1669.9980000000
1670.0090000000
1670.0200000000
1670.0310000000
1670.0420000000
1670.0530000000
1670.0650000000
1670.0760000000
1670.0870000000
1670.0980000000
1670.1090000000
1670.1200000000
1670.1310000000
1670.1420000000
1670.1530000000
1670.1640000000
1670.1760000000
1670.1870000000
1670.1980000000
1670.2090000000
1670.2200000000
1670.2310000000
1670.2420000000
1670.2530000000
1670.2640000000
1670.2750000000
1670.2860000000
1670.2980000000
1670.3090000000
1670.3200000000
1670.3310000000
1670.3420000000
1670.3530000000
1670.3640000000
1670.3750000000
1670.3860000000
1670.3970000000
1670.4090000000
1670.4200000000
1670.4310000000
1670.4420000000
1670.4530000000
1670.4640000000
1670.4750000000
1670.4860000000
1670.4970000000
1670.5090000000
1670.5200000000
1670.5310000000
1670.5420000000
1670.5530000000
1670.5640000000
1670.5750000000
1670.5860000000
1670.5970000000
1670.6090000000
1670.6200000000
1670.6310000000
1670.6420000000
1670.6530000000
1670.6640000000
1670.6750000000
1670.6860000000
1670.6970000000
1670.7080000000
1670.7200000000
1670.7310000000
1670.7420000000
1670.7530000000
1670.7640000000
1670.7750000000
1670.7860000000
1670.7970000000
1670.8080000000
1670.8200000000
1670.8310000000
1670.8420000000
1670.8530000000
1670.8640000000
1670.8750000000
1670.8860000000
1670.8970000000
1670.9080000000
1670.9200000000
1670.9310000000
1670.9420000000
1670.9530000000
1670.9640000000
1670.9750000000
1670.9860000000
1670.9970000000
1671.0080000000
1671.0190000000
1671.0310000000
1671.0420000000
1671.0530000000
1671.0640000000
1671.0750000000
1671.0860000000
1671.0970000000
1671.1080000000
1671.1190000000
1671.1300000000
1671.1420000000
1671.1530000000
1671.1640000000
1671.1750000000
1671.1860000000
1671.1970000000
1671.2080000000
1671.2190000000
1671.2300000000
1671.2420000000
1671.2530000000
1671.2640000000
1671.2750000000
1671.2860000000
1671.2970000000
1671.3080000000
1671.3190000000
1671.3300000000
1671.3420000000
1671.3530000000
1671.3640000000
1671.3750000000
1671.3860000000
1671.3970000000
1671.4080000000
1671.4190000000
1671.4300000000
1671.4420000000
1671.4530000000
1671.4640000000
1671.4750000000
1671.4860000000
1671.4970000000
1671.5080000000
1671.5190000000
1671.5300000000
1671.5410000000
1671.5520000000
1671.5640000000
1671.5750000000
1671.5860000000
1671.5970000000
1671.6080000000
1671.6190000000
1671.6300000000
1671.6410000000
1671.6520000000
1671.6640000000
1671.6750000000
1671.6860000000
1671.6970000000
1671.7080000000
1671.7190000000
1671.7300000000
1671.7420000000
1671.7520000000
1671.7630000000
1671.7750000000
1671.7860000000
1671.7970000000
1671.8080000000
1671.8190000000
1671.8300000000
1671.8410000000
1671.8520000000
1671.8630000000
1671.8750000000
1671.8860000000
1671.8970000000
1671.9080000000
1671.9190000000
1671.9300000000
1671.9410000000
1671.9520000000
1671.9630000000
1671.9750000000
1671.9860000000
1671.9970000000
1672.0080000000
1672.0190000000
1672.0300000000
1672.0410000000
1672.0520000000
1672.0630000000
1672.0750000000
1672.0860000000
1672.0970000000
1672.1080000000
1672.1190000000
1672.1300000000
1672.1410000000
1672.1520000000
1672.1630000000
1672.1750000000
1672.1860000000
1672.1970000000
1672.2080000000
1672.2190000000
1672.2300000000
1672.2410000000
1672.2520000000
1672.2630000000
1672.2750000000
1672.2860000000
1672.2970000000
1672.3080000000
1672.3190000000
1672.3300000000
1672.3410000000
1672.3520000000
1672.3630000000
1672.3750000000
1672.3850000000
1672.3960000000
1672.4080000000
1672.4190000000
1672.4300000000
1672.4410000000
1672.4520000000
1672.4630000000
1672.4750000000
1672.4850000000
1672.4960000000
1672.5080000000
1672.5190000000
1672.5300000000
1672.5410000000
1672.5520000000
1672.5630000000
1672.5740000000
1672.5860000000
1672.5960000000
1672.6080000000
1672.6190000000
1672.6300000000
1672.6410000000
1672.6520000000
1672.6630000000
1672.6750000000
1672.6850000000
1672.6960000000
1672.7080000000
1672.7190000000
1672.7300000000
1672.7410000000
1672.7520000000
1672.7630000000
1672.7740000000
1672.7860000000
1672.7960000000
1672.8080000000
1672.8190000000
1672.8300000000
1672.8410000000
1672.8520000000
1672.8630000000
1672.8740000000
1672.8850000000
1672.8960000000
1672.9070000000
1672.9180000000
1672.9300000000
1672.9410000000
1672.9520000000
1672.9630000000
1672.9740000000
1672.9850000000
1672.9960000000
1673.0070000000
1673.0180000000
1673.0290000000
1673.0410000000
1673.0520000000
1673.0630000000
1673.0740000000
1673.0850000000
1673.0960000000
1673.1070000000
1673.1180000000
1673.1300000000
1673.1410000000
1673.1520000000
1673.1630000000
1673.1740000000
1673.1850000000
1673.1960000000
1673.2070000000
1673.2180000000
1673.2290000000
1673.2400000000
1673.2520000000
1673.2630000000
1673.2740000000
1673.2850000000
1673.2960000000
1673.3070000000
1673.3180000000
1673.3290000000
1673.3400000000
1673.3520000000
1673.3630000000
1673.3740000000
1673.3850000000
1673.3960000000
1673.4070000000
1673.4180000000
1673.4290000000
1673.4410000000
1673.4520000000
1673.4630000000
1673.4740000000
1673.4850000000
1673.4960000000
1673.5070000000
1673.5180000000
1673.5290000000
1673.5400000000
1673.5520000000
1673.5630000000
1673.5740000000
1673.5850000000
1673.5960000000
1673.6070000000
1673.6180000000
1673.6290000000
1673.6400000000
1673.6520000000
1673.6620000000
1673.6740000000
1673.6850000000
1673.6960000000
1673.7070000000
1673.7180000000
1673.7290000000
1673.7400000000
1673.7510000000
1673.7620000000
1673.7740000000
1673.7850000000
1673.7960000000
1673.8070000000
1673.8180000000
1673.8290000000
1673.8400000000
1673.8510000000
1673.8620000000
1673.8740000000
1673.8850000000
1673.8960000000
1673.9070000000
1673.9180000000
1673.9290000000
1673.9400000000
1673.9510000000
1673.9620000000
1673.9740000000
1673.9850000000
1673.9960000000
1674.0070000000
1674.0180000000
1674.0290000000
1674.0400000000
1674.0510000000
1674.0620000000
1674.0730000000
1674.0840000000
1674.0960000000
1674.1070000000
1674.1180000000
1674.1290000000
1674.1400000000
1674.1510000000
1674.1620000000
1674.1730000000
1674.1850000000
1674.1960000000
1674.2070000000
1674.2180000000
1674.2290000000
1674.2400000000
1674.2510000000
1674.2620000000
1674.2730000000
1674.2850000000
1674.2960000000
1674.3070000000
1674.3180000000
1674.3290000000
1674.3400000000
1674.3510000000
1674.3620000000
1674.3740000000
1674.3850000000
1674.3960000000
1674.4070000000
1674.4180000000
1674.4290000000
1674.4400000000
1674.4510000000
1674.4620000000
1674.4730000000
1674.4850000000
1674.4950000000
1674.5060000000
1674.5180000000
1674.5290000000
1674.5400000000
1674.5510000000
1674.5620000000
1674.5730000000
1674.5840000000
1674.5950000000
1674.6070000000
1674.6180000000
1674.6290000000
1674.6400000000
1674.6510000000
1674.6620000000
1674.6730000000
1674.6840000000
1674.6950000000
1674.7070000000
1674.7180000000
1674.7290000000
1674.7400000000
1674.7510000000
1674.7620000000
1674.7730000000
1674.7840000000
1674.7950000000
1674.8070000000
1674.8180000000
1674.8290000000
1674.8400000000
1674.8510000000
1674.8620000000
1674.8730000000
1674.8840000000
1674.8950000000
1674.9060000000
1674.9170000000
1674.9290000000
1674.9400000000
1674.9510000000
1674.9620000000
1674.9730000000
1674.9840000000
1674.9950000000
1675.0060000000
1675.0170000000
1675.0290000000
1675.0400000000
1675.0510000000
1675.0620000000
1675.0730000000
1675.0840000000
1675.0950000000
1675.1060000000
1675.1170000000
1675.1280000000
1675.1400000000
1675.1510000000
1675.1620000000
1675.1730000000
1675.1840000000
1675.1950000000
1675.2060000000
1675.2170000000
1675.2280000000
1675.2400000000
1675.2510000000
1675.2620000000
1675.2730000000
1675.2840000000
1675.2950000000
1675.3060000000
1675.3170000000
1675.3280000000
1675.3400000000
1675.3510000000
1675.3620000000
1675.3730000000
1675.3840000000
1675.3950000000
1675.4060000000
1675.4170000000
1675.4290000000
1675.4390000000
1675.4510000000
1675.4620000000
1675.4730000000
1675.4840000000
1675.4950000000
1675.5060000000
1675.5170000000
1675.5290000000
1675.5390000000
1675.5510000000
1675.5620000000
1675.5730000000
1675.5840000000
1675.5950000000
1675.6060000000
1675.6170000000
1675.6280000000
1675.6390000000
1675.6510000000
1675.6610000000
1675.6730000000
1675.6840000000
1675.6950000000
1675.7060000000
1675.7170000000
1675.7280000000
1675.7390000000
1675.7510000000
1675.7610000000
1675.7730000000
1675.7840000000
1675.7950000000
1675.8060000000
1675.8170000000
1675.8280000000
1675.8390000000
1675.8500000000
1675.8610000000
1675.8730000000
1675.8840000000
1675.8950000000
1675.9060000000
1675.9170000000
1675.9280000000
1675.9390000000
1675.9500000000
1675.9610000000
1675.9720000000
1675.9840000000
1675.9950000000
1676.0060000000
1676.0170000000
1676.0280000000
1676.0390000000
1676.0500000000
1676.0610000000
1676.0730000000
1676.0840000000
1676.0950000000
1676.1060000000
1676.1170000000
1676.1280000000
1676.1390000000
1676.1500000000
1676.1610000000
1676.1720000000
1676.1830000000
1676.1950000000
1676.2060000000
1676.2170000000
1676.2280000000
1676.2390000000
1676.2500000000
1676.2610000000
1676.2730000000
1676.2830000000
1676.2940000000
1676.3060000000
1676.3170000000
1676.3280000000
1676.3390000000
1676.3500000000
1676.3610000000
1676.3720000000
1676.3830000000
1676.3950000000
1676.4060000000
1676.4170000000
1676.4280000000
1676.4390000000
1676.4500000000
1676.4610000000
1676.4720000000
1676.4830000000
1676.4940000000
1676.5060000000
1676.5170000000
1676.5280000000
1676.5390000000
1676.5500000000
1676.5610000000
1676.5720000000
1676.5830000000
1676.5940000000
1676.6050000000
1676.6170000000
1676.6280000000
1676.6390000000
1676.6500000000
1676.6610000000
1676.6720000000
1676.6830000000
1676.6950000000
1676.7060000000
1676.7170000000
1676.7280000000
1676.7390000000
1676.7500000000
1676.7610000000
1676.7720000000
1676.7830000000
1676.7940000000
1676.8060000000
1676.8160000000
1676.8280000000
1676.8390000000
1676.8500000000
1676.8610000000
1676.8720000000
1676.8830000000
1676.8940000000
1676.9050000000
1676.9160000000
1676.9270000000
1676.9390000000
1676.9500000000
1676.9610000000
1676.9720000000
1676.9830000000
1676.9940000000
1677.0050000000
1677.0170000000
1677.0270000000
1677.0390000000
1677.0500000000
1677.0610000000
1677.0720000000
1677.0830000000
1677.0940000000
1677.1050000000
1677.1160000000
1677.1270000000
1677.1390000000
1677.1500000000
1677.1610000000
1677.1720000000
1677.1830000000
1677.1940000000
1677.2050000000
1677.2160000000
1677.2270000000
1677.2380000000
1677.2500000000
1677.2610000000
1677.2720000000
1677.2830000000
1677.2940000000
1677.3050000000
1677.3160000000
1677.3280000000
1677.3380000000
1677.3490000000
1677.3610000000
1677.3720000000
1677.3830000000
1677.3940000000
1677.4050000000
1677.4160000000
1677.4270000000
1677.4390000000
1677.4500000000
1677.4610000000
1677.4720000000
1677.4830000000
1677.4940000000
1677.5050000000
1677.5160000000
1677.5270000000
1677.5380000000
1677.5490000000
1677.5610000000
1677.5720000000
1677.5830000000
1677.5940000000
1677.6050000000
1677.6160000000
1677.6270000000
1677.6390000000
1677.6500000000
1677.6610000000
1677.6720000000
1677.6830000000
1677.6940000000
1677.7050000000
1677.7160000000
1677.7270000000
1677.7380000000
1677.7490000000
1677.7610000000
1677.7710000000
1677.7830000000
1677.7940000000
1677.8050000000
1677.8160000000
1677.8270000000
1677.8380000000
1677.8490000000
1677.8600000000
1677.8720000000
1677.8830000000
1677.8940000000
1677.9050000000
1677.9160000000
1677.9270000000
1677.9380000000
1677.9490000000
1677.9600000000
1677.9710000000
1677.9830000000
1677.9940000000
1678.0050000000
1678.0160000000
1678.0270000000
1678.0380000000
1678.0490000000
1678.0600000000
1678.0720000000
1678.0830000000
1678.0940000000
1678.1050000000
1678.1160000000
1678.1270000000
1678.1380000000
1678.1490000000
1678.1600000000
1678.1720000000
1678.1820000000
1678.1940000000
1678.2050000000
1678.2160000000
1678.2270000000
1678.2380000000
1678.2490000000
1678.2600000000
1678.2710000000
1678.2820000000
1678.2940000000
1678.3050000000
1678.3160000000
1678.3270000000
1678.3380000000
1678.3490000000
1678.3600000000
1678.3710000000
1678.3820000000
1678.3930000000
1678.4050000000
1678.4160000000
1678.4270000000
1678.4380000000
1678.4490000000
1678.4600000000
1678.4710000000
1678.4820000000
1678.4930000000
1678.5050000000
1678.5160000000
1678.5270000000
1678.5380000000
1678.5490000000
1678.5600000000
1678.5710000000
1678.5820000000
1678.5930000000
1678.6040000000
1678.6160000000
1678.6270000000
1678.6380000000
1678.6490000000
1678.6600000000
1678.6710000000
1678.6820000000
1678.6930000000
1678.7040000000
1678.7160000000
1678.7270000000
1678.7380000000
1678.7490000000
1678.7600000000
1678.7710000000
1678.7820000000
1678.7930000000
1678.8040000000
1678.8150000000
1678.8270000000
1678.8380000000
1678.8490000000
1678.8600000000
1678.8710000000
1678.8820000000
1678.8930000000
1678.9040000000
1678.9150000000
1678.9270000000
1678.9380000000
1678.9490000000
1678.9600000000
1678.9710000000
1678.9820000000
1678.9930000000
1679.0040000000
1679.0150000000
1679.0260000000
1679.0380000000
1679.0490000000
1679.0600000000
1679.0710000000
1679.0820000000
1679.0930000000
1679.1040000000
1679.1150000000
1679.1270000000
1679.1380000000
1679.1490000000
1679.1600000000
1679.1710000000
1679.1820000000
1679.1930000000
1679.2040000000
1679.2150000000
1679.2260000000
1679.2370000000
1679.2490000000
1679.2600000000
1679.2710000000
1679.2820000000
1679.2930000000
1679.3040000000
1679.3150000000
1679.3260000000
1679.3370000000
1679.3490000000
1679.3600000000
1679.3710000000
1679.3820000000
1679.3930000000
1679.4040000000
1679.4150000000
1679.4270000000
1679.4380000000
1679.4480000000
1679.4600000000
1679.4710000000
1679.4820000000
1679.4930000000
1679.5040000000
1679.5150000000
1679.5260000000
1679.5370000000
1679.5480000000
1679.5600000000
1679.5710000000
1679.5820000000
1679.5930000000
1679.6040000000
1679.6150000000
1679.6260000000
1679.6370000000
1679.6480000000
1679.6600000000
1679.6710000000
1679.6820000000
1679.6930000000
1679.7040000000
1679.7150000000
1679.7260000000
1679.7370000000
1679.7480000000
1679.7600000000
1679.7710000000
1679.7820000000
1679.7930000000
1679.8040000000
1679.8150000000
1679.8260000000
1679.8370000000
1679.8490000000
1679.8590000000
1679.8700000000
1679.8820000000
1679.8930000000
1679.9040000000
1679.9150000000
1679.9260000000
1679.9370000000
1679.9480000000
1679.9590000000
1679.9710000000
1679.9820000000
1679.9930000000
1680.0040000000
1680.0150000000
1680.0260000000
1680.0370000000
1680.0480000000
1680.0590000000
1680.0710000000
1680.0820000000
1680.0930000000
1680.1040000000
1680.1150000000
1680.1260000000
1680.1370000000
1680.1480000000
1680.1590000000
1680.1700000000
1680.1810000000
1680.1930000000
1680.2040000000
1680.2150000000
1680.2260000000
1680.2370000000
1680.2480000000
1680.2590000000
1680.2700000000
1680.2810000000
1680.2920000000
1680.3040000000
1680.3150000000
1680.3260000000
1680.3370000000
1680.3480000000
1680.3590000000
1680.3700000000
1680.3810000000
1680.3920000000
1680.4040000000
1680.4150000000
1680.4260000000
1680.4370000000
1680.4480000000
1680.4590000000
1680.4700000000
1680.4810000000
1680.4920000000
1680.5040000000
1680.5150000000
1680.5260000000
1680.5370000000
1680.5480000000
1680.5590000000
1680.5700000000
1680.5810000000
1680.5930000000
1680.6030000000
1680.6150000000
1680.6260000000
1680.6370000000
1680.6480000000
1680.6590000000
1680.6700000000
1680.6810000000
1680.6930000000
1680.7030000000
1680.7140000000
1680.7260000000
1680.7370000000
1680.7480000000
1680.7590000000
1680.7700000000
1680.7810000000
1680.7920000000
1680.8030000000
1680.8140000000
1680.8260000000
1680.8370000000
1680.8480000000
1680.8590000000
1680.8700000000
1680.8810000000
1680.8930000000
1680.9030000000
1680.9140000000
1680.9260000000
1680.9370000000
1680.9480000000
1680.9590000000
1680.9700000000
1680.9810000000
1680.9920000000
1681.0030000000
1681.0140000000
1681.0260000000
1681.0360000000
1681.0480000000
1681.0590000000
1681.0700000000
1681.0810000000
1681.0920000000
1681.1030000000
1681.1140000000
1681.1250000000
1681.1360000000
1681.1480000000
1681.1590000000
1681.1700000000
1681.1810000000
1681.1920000000
1681.2030000000
1681.2140000000
1681.2250000000
1681.2360000000
1681.2480000000
1681.2590000000
1681.2700000000
1681.2810000000
1681.2920000000
1681.3030000000
1681.3140000000
1681.3250000000
1681.3360000000
1681.3470000000
1681.3590000000
1681.3700000000
1681.3810000000
1681.3920000000
1681.4030000000
1681.4140000000
1681.4250000000
1681.4360000000
1681.4470000000
1681.4590000000
1681.4700000000
1681.4810000000
1681.4920000000
1681.5030000000
1681.5140000000
1681.5250000000
