1686.7340000000
1686.7450000000
1686.7560000000
1686.7670000000
1686.7780000000
1686.7900000000
1686.8010000000
1686.8120000000
1686.8240000000
1686.8360000000
1686.8460000000
1686.8560000000
1686.8670000000
1686.8780000000
1686.8890000000
1686.9000000000
1686.9110000000
1686.9220000000
1686.9330000000
1686.9450000000
1686.9550000000
1686.9670000000
1686.9780000000
1686.9890000000
1687.0000000000
1687.0110000000
1687.0220000000
1687.0330000000
1687.0440000000
1687.0560000000
1687.0670000000
1687.0780000000
1687.0890000000
1687.1000000000
1687.1110000000
1687.1220000000
1687.1330000000
1687.1450000000
1687.1550000000
1687.1670000000
1687.1770000000
1687.1890000000
1687.2000000000
1687.2110000000
1687.2230000000
1687.2330000000
1687.2450000000
1687.2560000000
1687.2670000000
1687.2780000000
1687.2890000000
1687.3000000000
1687.3110000000
1687.3220000000
1687.3330000000
1687.3450000000
1687.3560000000
1687.3670000000
1687.3780000000
1687.3890000000
1687.4000000000
1687.4120000000
1687.4220000000
1687.4330000000
1687.4450000000
1687.4560000000
1687.4670000000
1687.4780000000
1687.4890000000
1687.5000000000
1687.5110000000
1687.5220000000
1687.5330000000
1687.5440000000
1687.5560000000
1687.5670000000
1687.5780000000
1687.5890000000
1687.6000000000
1687.6110000000
1687.6220000000
1687.6330000000
1687.6440000000
1687.6560000000
1687.6670000000
1687.6780000000
1687.6890000000
1687.7000000000
1687.7110000000
1687.7220000000
1687.7330000000
1687.7450000000
1687.7550000000
1687.7670000000
1687.7780000000
1687.7890000000
1687.8000000000
1687.8110000000
1687.8220000000
1687.8330000000
1687.8440000000
1687.8560000000
1687.8670000000
1687.8780000000
1687.8890000000
1687.9000000000
1687.9110000000
1687.9220000000
1687.9330000000
1687.9440000000
1687.9560000000
1687.9660000000
1687.9780000000
1687.9890000000
1688.0000000000
1688.0110000000
1688.0220000000
1688.0330000000
1688.0440000000
1688.0560000000
1688.0660000000
1688.0770000000
1688.0890000000
1688.1000000000
1688.1110000000
1688.1220000000
1688.1330000000
1688.1440000000
1688.1550000000
1688.1660000000
1688.1780000000
1688.1880000000
1688.2000000000
1688.2110000000
1688.2220000000
1688.2330000000
1688.2440000000
1688.2550000000
1688.2660000000
1688.2770000000
1688.2890000000
1688.3000000000
1688.3110000000
1688.3220000000
1688.3330000000
1688.3440000000
1688.3550000000
1688.3660000000
1688.3770000000
1688.3890000000
1688.4000000000
1688.4110000000
1688.4220000000
1688.4330000000
1688.4440000000
1688.4550000000
1688.4660000000
1688.4770000000
1688.4880000000
1688.5000000000
1688.5110000000
1688.5220000000
1688.5330000000
1688.5440000000
1688.5550000000
1688.5660000000
1688.5770000000
1688.5890000000
1688.5990000000
1688.6110000000
1688.6220000000
1688.6330000000
1688.6440000000
1688.6550000000
1688.6660000000
1688.6770000000
1688.6880000000
1688.6990000000
1688.7110000000
1688.7220000000
1688.7330000000
1688.7440000000
1688.7550000000
1688.7660000000
1688.7770000000
1688.7880000000
1688.8000000000
1688.8110000000
1688.8220000000
1688.8330000000
1688.8440000000
1688.8550000000
1688.8660000000
1688.8770000000
1688.8880000000
1688.8990000000
1688.9110000000
1688.9220000000
1688.9330000000
1688.9440000000
1688.9550000000
1688.9660000000
1688.9770000000
1688.9890000000
1688.9990000000
1689.0100000000
1689.0210000000
1689.0330000000
1689.0440000000
1689.0550000000
1689.0660000000
1689.0770000000
1689.0880000000
1689.0990000000
1689.1110000000
1689.1210000000
1689.1320000000
1689.1440000000
1689.1550000000
1689.1660000000
1689.1770000000
1689.1880000000
1689.1990000000
1689.2110000000
1689.2220000000
1689.2330000000
1689.2440000000
1689.2550000000
1689.2660000000
1689.2770000000
1689.2880000000
1689.2990000000
1689.3110000000
1689.3210000000
1689.3330000000
1689.3440000000
1689.3550000000
1689.3660000000
1689.3770000000
1689.3880000000
1689.3990000000
1689.4100000000
1689.4210000000
1689.4320000000
1689.4430000000
1689.4550000000
1689.4660000000
1689.4770000000
1689.4880000000
1689.4990000000
1689.5100000000
1689.5210000000
1689.5320000000
1689.5430000000
1689.5550000000
1689.5660000000
1689.5770000000
1689.5880000000
1689.5990000000
1689.6100000000
1689.6210000000
1689.6320000000
1689.6430000000
1689.6550000000
1689.6660000000
1689.6770000000
1689.6880000000
1689.6990000000
1689.7100000000
1689.7210000000
1689.7320000000
1689.7430000000
1689.7550000000
1689.7660000000
1689.7770000000
1689.7880000000
1689.7990000000
1689.8100000000
1689.8210000000
1689.8320000000
1689.8430000000
1689.8540000000
1689.8650000000
1689.8770000000
1689.8880000000
1689.8990000000
1689.9100000000
1689.9210000000
1689.9320000000
1689.9430000000
1689.9540000000
1689.9650000000
1689.9770000000
1689.9880000000
1689.9990000000
1690.0100000000
1690.0210000000
1690.0320000000
1690.0430000000
1690.0540000000
1690.0650000000
1690.0770000000
1690.0880000000
1690.0990000000
1690.1100000000
1690.1210000000
1690.1320000000
1690.1430000000
1690.1540000000
1690.1650000000
1690.1760000000
1690.1880000000
1690.1990000000
1690.2100000000
1690.2210000000
1690.2320000000
1690.2430000000
1690.2540000000
1690.2650000000
1690.2770000000
1690.2870000000
1690.2990000000
1690.3100000000
1690.3210000000
1690.3320000000
1690.3430000000
1690.3540000000
1690.3660000000
1690.3760000000
1690.3880000000
1690.3980000000
1690.4100000000
1690.4210000000
1690.4320000000
1690.4430000000
1690.4540000000
1690.4650000000
1690.4760000000
1690.4880000000
1690.4980000000
1690.5100000000
1690.5210000000
1690.5320000000
1690.5430000000
1690.5540000000
1690.5650000000
1690.5760000000
1690.5870000000
1690.5980000000
1690.6100000000
1690.6210000000
1690.6320000000
1690.6430000000
1690.6540000000
1690.6650000000
1690.6760000000
1690.6870000000
1690.6980000000
1690.7100000000
1690.7210000000
1690.7320000000
1690.7430000000
1690.7540000000
1690.7650000000
1690.7760000000
1690.7870000000
1690.7980000000
1690.8090000000
1690.8210000000
1690.8320000000
1690.8430000000
1690.8540000000
1690.8650000000
1690.8760000000
1690.8870000000
1690.8980000000
1690.9100000000
1690.9210000000
1690.9320000000
1690.9430000000
1690.9540000000
1690.9650000000
1690.9760000000
1690.9870000000
1690.9980000000
1691.0100000000
1691.0210000000
1691.0310000000
1691.0430000000
1691.0540000000
1691.0650000000
1691.0760000000
1691.0870000000
1691.0980000000
1691.1090000000
1691.1210000000
1691.1310000000
1691.1430000000
1691.1540000000
1691.1650000000
1691.1760000000
1691.1870000000
1691.1980000000
1691.2090000000
1691.2200000000
1691.2310000000
1691.2430000000
1691.2540000000
1691.2650000000
1691.2760000000
1691.2870000000
1691.2980000000
1691.3090000000
1691.3200000000
1691.3320000000
1691.3430000000
1691.3540000000
1691.3650000000
1691.3760000000
1691.3870000000
1691.3980000000
1691.4090000000
1691.4210000000
1691.4310000000
1691.4420000000
1691.4530000000
1691.4650000000
1691.4760000000
1691.4870000000
1691.4980000000
1691.5090000000
1691.5200000000
1691.5310000000
1691.5430000000
1691.5540000000
1691.5650000000
1691.5760000000
1691.5870000000
1691.5980000000
1691.6090000000
1691.6200000000
1691.6310000000
1691.6420000000
1691.6530000000
1691.6650000000
1691.6760000000
1691.6870000000
1691.6980000000
1691.7090000000
1691.7200000000
1691.7310000000
1691.7420000000
1691.7540000000
1691.7650000000
1691.7760000000
1691.7870000000
1691.7980000000
1691.8090000000
1691.8200000000
1691.8310000000
1691.8420000000
1691.8530000000
1691.8650000000
1691.8750000000
1691.8870000000
1691.8980000000
1691.9090000000
1691.9200000000
1691.9310000000
1691.9420000000
1691.9530000000
1691.9640000000
1691.9760000000
1691.9870000000
1691.9980000000
1692.0090000000
1692.0200000000
1692.0310000000
1692.0420000000
1692.0530000000
1692.0640000000
1692.0760000000
1692.0870000000
1692.0980000000
1692.1090000000
1692.1200000000
1692.1310000000
1692.1420000000
1692.1530000000
1692.1640000000
1692.1750000000
1692.1870000000
1692.1980000000
1692.2090000000
1692.2200000000
1692.2310000000
1692.2420000000
1692.2530000000
1692.2650000000
1692.2750000000
1692.2870000000
1692.2970000000
1692.3090000000
1692.3200000000
1692.3310000000
1692.3420000000
1692.3530000000
1692.3640000000
1692.3750000000
1692.3860000000
1692.3970000000
1692.4090000000
1692.4200000000
1692.4310000000
1692.4420000000
1692.4530000000
1692.4640000000
1692.4750000000
1692.4860000000
1692.4980000000
1692.5090000000
1692.5200000000
1692.5310000000
1692.5420000000
1692.5530000000
1692.5640000000
1692.5750000000
1692.5860000000
1692.5980000000
1692.6090000000
1692.6200000000
1692.6310000000
1692.6420000000
1692.6530000000
1692.6640000000
1692.6750000000
1692.6860000000
1692.6970000000
1692.7090000000
1692.7200000000
1692.7310000000
1692.7420000000
1692.7530000000
1692.7640000000
1692.7750000000
1692.7860000000
1692.7970000000
1692.8090000000
1692.8200000000
1692.8310000000
1692.8420000000
1692.8530000000
1692.8640000000
1692.8750000000
1692.8860000000
1692.8970000000
1692.9080000000
1692.9200000000
1692.9310000000
1692.9420000000
1692.9530000000
1692.9640000000
1692.9750000000
1692.9860000000
1692.9970000000
1693.0080000000
1693.0200000000
1693.0310000000
1693.0420000000
1693.0530000000
1693.0640000000
1693.0750000000
1693.0860000000
1693.0970000000
1693.1090000000
1693.1200000000
1693.1300000000
1693.1420000000
1693.1530000000
1693.1640000000
1693.1750000000
1693.1860000000
1693.1970000000
1693.2080000000
1693.2200000000
1693.2300000000
1693.2420000000
1693.2530000000
1693.2640000000
1693.2750000000
1693.2860000000
1693.2970000000
1693.3080000000
1693.3200000000
1693.3300000000
1693.3420000000
1693.3530000000
1693.3640000000
1693.3750000000
1693.3860000000
1693.3970000000
1693.4080000000
1693.4190000000
1693.4300000000
1693.4410000000
1693.4530000000
1693.4640000000
1693.4750000000
1693.4870000000
1693.4970000000
1693.5080000000
1693.5190000000
1693.5300000000
1693.5410000000
1693.5520000000
1693.5640000000
1693.5750000000
1693.5860000000
1693.5970000000
1693.6080000000
1693.6190000000
1693.6300000000
1693.6410000000
1693.6520000000
1693.6640000000
1693.6750000000
1693.6860000000
1693.6970000000
1693.7080000000
1693.7190000000
1693.7300000000
1693.7410000000
1693.7520000000
1693.7630000000
1693.7750000000
1693.7860000000
1693.7970000000
1693.8080000000
1693.8190000000
1693.8300000000
1693.8410000000
1693.8520000000
1693.8630000000
1693.8750000000
1693.8860000000
1693.8970000000
1693.9080000000
1693.9190000000
1693.9300000000
1693.9410000000
1693.9520000000
1693.9640000000
1693.9740000000
1693.9860000000
1693.9970000000
1694.0080000000
1694.0190000000
1694.0300000000
1694.0410000000
1694.0520000000
1694.0630000000
1694.0740000000
1694.0850000000
1694.0970000000
1694.1080000000
1694.1190000000
1694.1300000000
1694.1410000000
1694.1520000000
1694.1630000000
1694.1740000000
1694.1860000000
1694.1970000000
1694.2080000000
1694.2190000000
1694.2300000000
1694.2410000000
1694.2520000000
1694.2630000000
1694.2750000000
1694.2850000000
1694.2970000000
1694.3080000000
1694.3190000000
1694.3300000000
1694.3410000000
1694.3520000000
1694.3630000000
1694.3740000000
1694.3850000000
1694.3960000000
1694.4080000000
1694.4190000000
1694.4300000000
1694.4410000000
1694.4520000000
1694.4630000000
1694.4740000000
1694.4850000000
1694.4970000000
1694.5080000000
1694.5190000000
1694.5300000000
1694.5410000000
1694.5520000000
1694.5630000000
1694.5740000000
1694.5860000000
1694.5960000000
1694.6080000000
1694.6190000000
1694.6300000000
1694.6410000000
1694.6520000000
1694.6630000000
1694.6740000000
1694.6850000000
1694.6960000000
1694.7080000000
1694.7190000000
1694.7300000000
1694.7410000000
1694.7520000000
1694.7630000000
1694.7740000000
1694.7850000000
1694.7960000000
1694.8070000000
1694.8180000000
1694.8300000000
1694.8410000000
1694.8520000000
1694.8630000000
1694.8740000000
1694.8850000000
1694.8960000000
1694.9070000000
1694.9180000000
1694.9300000000
1694.9410000000
1694.9520000000
1694.9630000000
1694.9740000000
1694.9850000000
1694.9960000000
1695.0070000000
1695.0180000000
1695.0300000000
1695.0410000000
1695.0520000000
1695.0630000000
1695.0740000000
1695.0850000000
1695.0960000000
1695.1070000000
1695.1180000000
1695.1290000000
1695.1410000000
1695.1520000000
1695.1630000000
1695.1740000000
1695.1850000000
1695.1960000000
1695.2080000000
1695.2180000000
1695.2290000000
1695.2410000000
1695.2520000000
1695.2630000000
1695.2740000000
1695.2850000000
1695.2960000000
1695.3070000000
1695.3180000000
1695.3290000000
1695.3400000000
1695.3520000000
1695.3630000000
1695.3740000000
1695.3850000000
1695.3960000000
1695.4070000000
1695.4180000000
1695.4290000000
1695.4400000000
1695.4520000000
1695.4630000000
1695.4740000000
1695.4850000000
1695.4960000000
1695.5070000000
1695.5180000000
1695.5290000000
1695.5400000000
1695.5520000000
1695.5630000000
1695.5740000000
1695.5850000000
1695.5960000000
1695.6070000000
1695.6180000000
1695.6290000000
1695.6400000000
1695.6510000000
1695.6620000000
1695.6740000000
1695.6850000000
1695.6960000000
1695.7070000000
1695.7180000000
1695.7290000000
1695.7400000000
1695.7510000000
1695.7620000000
1695.7740000000
1695.7850000000
1695.7960000000
1695.8070000000
1695.8180000000
1695.8290000000
1695.8400000000
1695.8510000000
1695.8620000000
1695.8740000000
1695.8850000000
1695.8960000000
1695.9070000000
1695.9180000000
1695.9290000000
1695.9400000000
1695.9510000000
1695.9620000000
1695.9740000000
1695.9850000000
1695.9960000000
1696.0070000000
1696.0180000000
1696.0290000000
1696.0400000000
1696.0510000000
1696.0620000000
1696.0740000000
1696.0850000000
1696.0960000000
1696.1070000000
1696.1180000000
1696.1290000000
1696.1400000000
1696.1510000000
1696.1620000000
1696.1730000000
1696.1850000000
1696.1960000000
1696.2070000000
1696.2180000000
1696.2290000000
1696.2400000000
1696.2510000000
1696.2620000000
1696.2730000000
1696.2850000000
1696.2960000000
1696.3070000000
1696.3180000000
1696.3290000000
1696.3400000000
1696.3510000000
1696.3620000000
1696.3730000000
1696.3850000000
1696.3960000000
1696.4070000000
1696.4180000000
1696.4290000000
1696.4400000000
1696.4510000000
1696.4620000000
1696.4740000000
1696.4840000000
1696.4950000000
1696.5070000000
1696.5180000000
1696.5290000000
1696.5400000000
1696.5510000000
1696.5620000000
1696.5730000000
1696.5840000000
1696.5950000000
1696.6070000000
1696.6180000000
1696.6290000000
1696.6400000000
1696.6510000000
1696.6620000000
1696.6730000000
1696.6840000000
1696.6950000000
1696.7060000000
1696.7180000000
1696.7290000000
1696.7400000000
1696.7510000000
1696.7620000000
1696.7730000000
1696.7840000000
1696.7950000000
1696.8060000000
1696.8180000000
1696.8290000000
1696.8400000000
1696.8510000000
1696.8620000000
1696.8730000000
1696.8840000000
1696.8950000000
1696.9060000000
1696.9180000000
1696.9290000000
1696.9400000000
1696.9510000000
1696.9620000000
1696.9730000000
1696.9840000000
1696.9950000000
1697.0060000000
1697.0170000000
1697.0290000000
1697.0400000000
1697.0510000000
1697.0620000000
1697.0730000000
1697.0840000000
1697.0950000000
1697.1060000000
1697.1180000000
1697.1290000000
1697.1400000000
1697.1510000000
1697.1620000000
1697.1730000000
1697.1840000000
1697.1950000000
1697.2060000000
1697.2170000000
1697.2290000000
1697.2400000000
1697.2510000000
1697.2620000000
1697.2730000000
1697.2840000000
1697.2950000000
1697.3060000000
1697.3170000000
1697.3290000000
1697.3390000000
1697.3510000000
1697.3620000000
1697.3730000000
1697.3840000000
1697.3950000000
1697.4060000000
1697.4170000000
1697.4280000000
1697.4390000000
1697.4500000000
1697.4620000000
1697.4730000000
1697.4840000000
1697.4950000000
1697.5060000000
1697.5170000000
1697.5280000000
1697.5390000000
1697.5500000000
1697.5620000000
1697.5730000000
1697.5840000000
1697.5950000000
1697.6060000000
1697.6170000000
1697.6280000000
1697.6390000000
1697.6510000000
1697.6620000000
1697.6730000000
1697.6840000000
1697.6950000000
1697.7060000000
1697.7170000000
1697.7280000000
1697.7390000000
1697.7500000000
1697.7620000000
1697.7730000000
1697.7840000000
1697.7950000000
1697.8060000000
1697.8170000000
1697.8280000000
1697.8390000000
1697.8510000000
1697.8610000000
1697.8730000000
1697.8840000000
1697.8950000000
1697.9060000000
1697.9170000000
1697.9280000000
1697.9390000000
1697.9500000000
1697.9610000000
1697.9720000000
1697.9840000000
1697.9950000000
1698.0060000000
1698.0170000000
1698.0280000000
1698.0390000000
1698.0500000000
1698.0610000000
1698.0720000000
1698.0840000000
1698.0950000000
1698.1060000000
1698.1170000000
1698.1280000000
1698.1390000000
1698.1500000000
1698.1610000000
1698.1720000000
1698.1830000000
1698.1950000000
1698.2060000000
1698.2170000000
1698.2280000000
1698.2390000000
1698.2500000000
1698.2610000000
1698.2720000000
1698.2840000000
1698.2950000000
1698.3060000000
1698.3170000000
1698.3280000000
1698.3390000000
1698.3500000000
1698.3610000000
1698.3720000000
1698.3840000000
1698.3950000000
1698.4060000000
1698.4170000000
1698.4280000000
1698.4390000000
1698.4500000000
1698.4610000000
1698.4720000000
1698.4840000000
1698.4940000000
1698.5060000000
1698.5170000000
1698.5280000000
1698.5390000000
1698.5500000000
1698.5610000000
1698.5720000000
1698.5840000000
1698.5940000000
1698.6050000000
1698.6170000000
1698.6280000000
1698.6390000000
1698.6500000000
1698.6610000000
1698.6720000000
1698.6830000000
1698.6940000000
1698.7060000000
1698.7170000000
1698.7280000000
1698.7390000000
1698.7500000000
1698.7610000000
1698.7720000000
1698.7830000000
1698.7950000000
1698.8050000000
1698.8170000000
1698.8280000000
1698.8390000000
1698.8500000000
1698.8610000000
1698.8720000000
1698.8830000000
1698.8940000000
1698.9050000000
1698.9160000000
1698.9280000000
1698.9390000000
1698.9500000000
1698.9610000000
1698.9720000000
1698.9830000000
1698.9940000000
1699.0050000000
1699.0160000000
1699.0280000000
1699.0390000000
1699.0500000000
1699.0610000000
1699.0720000000
1699.0830000000
1699.0940000000
1699.1050000000
1699.1160000000
1699.1270000000
1699.1390000000
1699.1500000000
1699.1610000000
1699.1720000000
1699.1830000000
1699.1940000000
1699.2050000000
1699.2160000000
1699.2270000000
1699.2390000000
1699.2500000000
1699.2610000000
1699.2720000000
1699.2830000000
1699.2940000000
1699.3050000000
1699.3160000000
1699.3270000000
1699.3390000000
1699.3500000000
1699.3610000000
1699.3720000000
1699.3830000000
1699.3940000000
1699.4050000000
1699.4160000000
1699.4270000000
1699.4380000000
1699.4500000000
1699.4610000000
1699.4720000000
1699.4830000000
1699.4940000000
1699.5050000000
1699.5160000000
1699.5270000000
1699.5380000000
1699.5490000000
1699.5610000000
1699.5720000000
1699.5830000000
1699.5940000000
1699.6050000000
1699.6160000000
1699.6270000000
1699.6380000000
1699.6490000000
1699.6610000000
1699.6720000000
1699.6830000000
1699.6940000000
1699.7050000000
1699.7160000000
1699.7270000000
1699.7380000000
1699.7490000000
1699.7600000000
1699.7720000000
1699.7830000000
1699.7940000000
1699.8050000000
1699.8160000000
1699.8270000000
1699.8380000000
1699.8490000000
1699.8610000000
1699.8720000000
1699.8830000000
1699.8940000000
1699.9050000000
1699.9160000000
1699.9270000000
1699.9380000000
1699.9490000000
1699.9610000000
1699.9710000000
1699.9830000000
1699.9940000000
1700.0050000000
1700.0160000000
1700.0270000000
1700.0380000000
1700.0490000000
1700.0600000000
1700.0710000000
1700.0830000000
1700.0940000000
1700.1050000000
1700.1160000000
1700.1270000000
1700.1380000000
1700.1490000000
1700.1600000000
1700.1710000000
1700.1830000000
1700.1940000000
1700.2050000000
1700.2160000000
1700.2270000000
1700.2380000000
1700.2490000000
1700.2600000000
1700.2720000000
1700.2820000000
1700.2930000000
1700.3050000000
1700.3160000000
1700.3270000000
1700.3380000000
1700.3490000000
1700.3600000000
1700.3710000000
1700.3820000000
1700.3940000000
1700.4050000000
1700.4160000000
1700.4270000000
1700.4380000000
1700.4490000000
1700.4600000000
1700.4710000000
1700.4820000000
1700.4940000000
1700.5050000000
1700.5160000000
1700.5270000000
1700.5380000000
1700.5490000000
1700.5610000000
1700.5710000000
1700.5820000000
1700.5930000000
1700.6040000000
1700.6160000000
1700.6270000000
1700.6380000000
1700.6490000000
1700.6600000000
1700.6710000000
1700.6820000000
1700.6930000000
1700.7040000000
1700.7160000000
1700.7270000000
1700.7380000000
1700.7490000000
1700.7600000000
1700.7710000000
1700.7820000000
1700.7930000000
1700.8050000000
1700.8160000000
1700.8270000000
1700.8380000000
1700.8490000000
1700.8600000000
1700.8710000000
1700.8820000000
1700.8940000000
1700.9040000000
1700.9150000000
1700.9270000000
1700.9380000000
1700.9490000000
1700.9600000000
1700.9710000000
1700.9820000000
1700.9930000000
1701.0040000000
1701.0150000000
1701.0260000000
1701.0380000000
1701.0490000000
1701.0600000000
1701.0710000000
1701.0820000000
1701.0930000000
1701.1040000000
1701.1150000000
1701.1260000000
1701.1380000000
1701.1490000000
1701.1600000000
1701.1710000000
1701.1820000000
1701.1930000000
1701.2040000000
1701.2150000000
1701.2260000000
1701.2380000000
1701.2490000000
1701.2600000000
1701.2710000000
1701.2820000000
1701.2930000000
1701.3040000000
1701.3150000000
1701.3260000000
1701.3380000000
1701.3490000000
1701.3600000000
1701.3710000000
1701.3820000000
1701.3930000000
1701.4040000000
1701.4150000000
1701.4260000000
1701.4380000000
1701.4490000000
1701.4600000000
1701.4710000000
1701.4820000000
1701.4930000000
1701.5040000000
1701.5150000000
1701.5260000000
1701.5380000000
1701.5480000000
1701.5600000000
1701.5710000000
1701.5820000000
1701.5930000000
1701.6040000000
1701.6150000000
1701.6260000000
1701.6380000000
1701.6480000000
1701.6600000000
1701.6710000000
1701.6820000000
1701.6930000000
1701.7040000000
1701.7150000000
1701.7260000000
1701.7380000000
1701.7480000000
1701.7600000000
1701.7710000000
1701.7820000000
1701.7930000000
1701.8040000000
1701.8150000000
1701.8260000000
1701.8380000000
1701.8480000000
1701.8590000000
1701.8710000000
1701.8820000000
1701.8930000000
1701.9040000000
1701.9150000000
1701.9260000000
1701.9380000000
1701.9480000000
1701.9590000000
1701.9710000000
1701.9820000000
1701.9930000000
1702.0040000000
1702.0150000000
1702.0260000000
1702.0370000000
1702.0480000000
1702.0590000000
1702.0710000000
1702.0820000000
1702.0930000000
1702.1040000000
1702.1150000000
1702.1260000000
1702.1370000000
1702.1480000000
1702.1590000000
1702.1710000000
1702.1820000000
1702.1930000000
1702.2040000000
1702.2150000000
1702.2260000000
1702.2370000000
1702.2480000000
1702.2590000000
1702.2710000000
1702.2820000000
1702.2930000000
1702.3040000000
1702.3150000000
1702.3260000000
1702.3370000000
1702.3480000000
1702.3590000000
1702.3700000000
1702.3810000000
1702.3920000000
1702.4040000000
1702.4150000000
1702.4260000000
1702.4370000000
1702.4480000000
1702.4590000000
1702.4700000000
1702.4810000000
1702.4920000000
1702.5040000000
1702.5150000000
1702.5260000000
1702.5370000000
1702.5480000000
1702.5590000000
1702.5700000000
1702.5810000000
1702.5920000000
1702.6030000000
1702.6150000000
1702.6260000000
1702.6370000000
1702.6480000000
1702.6590000000
1702.6700000000
1702.6810000000
1702.6920000000
1702.7030000000
1702.7150000000
1702.7260000000
1702.7370000000
1702.7480000000
1702.7590000000
1702.7700000000
1702.7810000000
1702.7920000000
1702.8040000000
1702.8140000000
1702.8260000000
1702.8370000000
1702.8480000000
1702.8590000000
1702.8700000000
1702.8810000000
1702.8920000000
1702.9040000000
1702.9140000000
1702.9260000000
1702.9370000000
1702.9480000000
1702.9590000000
1702.9700000000
1702.9810000000
1702.9920000000
1703.0030000000
1703.0140000000
1703.0260000000
1703.0370000000
1703.0480000000
1703.0590000000
1703.0700000000
1703.0810000000
1703.0920000000
1703.1030000000
1703.1140000000
1703.1250000000
1703.1370000000
1703.1480000000
1703.1590000000
1703.1700000000
1703.1810000000
1703.1920000000
1703.2030000000
1703.2140000000
1703.2250000000
1703.2370000000
1703.2480000000
1703.2590000000
1703.2700000000
1703.2810000000
1703.2920000000
1703.3030000000
1703.3140000000
1703.3250000000
1703.3360000000
1703.3480000000
1703.3590000000
1703.3700000000
1703.3810000000
1703.3920000000
1703.4030000000
1703.4140000000
1703.4250000000
1703.4360000000
1703.4480000000
1703.4590000000
1703.4700000000
1703.4810000000
1703.4920000000
1703.5030000000
1703.5140000000
1703.5250000000
1703.5360000000
1703.5470000000
1703.5580000000
1703.5700000000
1703.5810000000
1703.5920000000
1703.6030000000
1703.6140000000
1703.6250000000
1703.6360000000
1703.6470000000
1703.6580000000
1703.6700000000
1703.6810000000
1703.6920000000
1703.7030000000
1703.7140000000
1703.7250000000
1703.7360000000
1703.7470000000
1703.7590000000
1703.7700000000
1703.7810000000
1703.7920000000
1703.8030000000
1703.8140000000
1703.8250000000
1703.8360000000
1703.8470000000
1703.8580000000
1703.8700000000
1703.8800000000
1703.8920000000
1703.9030000000
1703.9140000000
1703.9250000000
1703.9360000000
1703.9470000000
1703.9580000000
1703.9700000000
1703.9810000000
1703.9920000000
1704.0030000000
1704.0140000000
1704.0250000000
1704.0360000000
1704.0470000000
1704.0580000000
1704.0700000000
1704.0800000000
1704.0920000000
1704.1030000000
1704.1140000000
1704.1250000000
1704.1360000000
1704.1470000000
1704.1580000000
1704.1690000000
1704.1800000000
1704.1920000000
1704.2030000000
1704.2140000000
1704.2250000000
1704.2360000000
1704.2470000000
1704.2580000000
1704.2690000000
1704.2810000000
1704.2920000000
1704.3030000000
1704.3140000000
1704.3250000000
1704.3360000000
1704.3470000000
1704.3580000000
1704.3690000000
1704.3800000000
1704.3910000000
1704.4030000000
1704.4140000000
1704.4250000000
1704.4360000000
1704.4470000000
1704.4580000000
1704.4690000000
1704.4800000000
1704.4920000000
1704.5030000000
1704.5140000000
1704.5250000000
1704.5360000000
1704.5470000000
1704.5580000000
1704.5700000000
1704.5800000000
1704.5910000000
1704.6030000000
1704.6140000000
1704.6250000000
1704.6360000000
1704.6470000000
1704.6580000000
1704.6690000000
1704.6800000000
1704.6920000000
1704.7020000000
1704.7140000000
1704.7250000000
1704.7360000000
1704.7470000000
1704.7580000000
1704.7690000000
1704.7800000000
1704.7910000000
1704.8020000000
1704.8130000000
1704.8250000000
1704.8360000000
1704.8470000000
1704.8580000000
1704.8690000000
1704.8800000000
1704.8910000000
1704.9020000000
1704.9130000000
1704.9250000000
1704.9360000000
1704.9470000000
1704.9580000000
1704.9690000000
1704.9800000000
1704.9910000000
1705.0020000000
1705.0130000000
1705.0250000000
1705.0360000000
1705.0470000000
1705.0580000000
1705.0690000000
1705.0800000000
1705.0910000000
1705.1020000000
1705.1130000000
1705.1250000000
1705.1360000000
1705.1470000000
1705.1580000000
1705.1690000000
1705.1800000000
1705.1910000000
1705.2020000000
1705.2130000000
1705.2240000000
1705.2350000000
1705.2470000000
1705.2580000000
1705.2690000000
1705.2800000000
1705.2910000000
1705.3020000000
1705.3130000000
1705.3240000000
1705.3350000000
1705.3470000000
1705.3580000000
1705.3690000000
1705.3800000000
1705.3910000000
1705.4020000000
1705.4130000000
1705.4240000000
1705.4360000000
1705.4470000000
1705.4580000000
1705.4690000000
1705.4800000000
1705.4910000000
1705.5030000000
1705.5130000000
1705.5240000000
1705.5350000000
1705.5470000000
1705.5580000000
1705.5690000000
1705.5800000000
1705.5910000000
1705.6020000000
1705.6130000000
1705.6240000000
1705.6350000000
1705.6460000000
1705.6580000000
1705.6690000000
1705.6800000000
1705.6910000000
1705.7020000000
1705.7130000000
1705.7240000000
1705.7350000000
1705.7460000000
1705.7580000000
1705.7690000000
1705.7800000000
1705.7910000000
1705.8020000000
1705.8130000000
1705.8240000000
1705.8350000000
1705.8460000000
1705.8580000000
1705.8690000000
1705.8800000000
1705.8910000000
1705.9020000000
1705.9130000000
1705.9240000000
1705.9350000000
1705.9460000000
1705.9580000000
1705.9690000000
1705.9790000000
1705.9910000000
1706.0020000000
1706.0130000000
1706.0240000000
1706.0350000000
1706.0460000000
1706.0570000000
1706.0680000000
1706.0790000000
1706.0910000000
1706.1020000000
1706.1130000000
1706.1240000000
1706.1350000000
1706.1460000000
1706.1570000000
1706.1690000000
1706.1790000000
1706.1910000000
1706.2020000000
1706.2130000000
1706.2240000000
1706.2350000000
1706.2460000000
1706.2570000000
1706.2680000000
1706.2790000000
1706.2910000000
1706.3020000000
1706.3130000000
1706.3240000000
1706.3350000000
1706.3460000000
1706.3570000000
1706.3680000000
1706.3790000000
1706.3900000000
1706.4020000000
1706.4130000000
1706.4240000000
1706.4350000000
1706.4470000000
1706.4570000000
1706.4680000000
1706.4790000000
1706.4910000000
1706.5020000000
1706.5130000000
1706.5240000000
1706.5350000000
1706.5460000000
1706.5570000000
1706.5680000000
1706.5790000000
1706.5900000000
1706.6020000000
1706.6130000000
1706.6240000000
1706.6350000000
1706.6460000000
1706.6570000000
1706.6680000000
1706.6790000000
1706.6900000000
1706.7020000000
1706.7130000000
1706.7240000000
1706.7350000000
1706.7460000000
1706.7570000000
1706.7680000000
1706.7790000000
1706.7910000000
1706.8010000000
1706.8130000000
1706.8240000000
1706.8350000000
1706.8460000000
1706.8570000000
1706.8680000000
1706.8790000000
1706.8900000000
1706.9010000000
1706.9120000000
1706.9240000000
1706.9350000000
1706.9460000000
1706.9570000000
1706.9680000000
1706.9790000000
1706.9900000000
1707.0010000000
1707.0120000000
1707.0240000000
1707.0350000000
1707.0460000000
1707.0570000000
1707.0680000000
1707.0790000000
1707.0900000000
1707.1010000000
1707.1120000000
1707.1230000000
1707.1350000000
1707.1460000000
1707.1570000000
1707.1680000000
1707.1790000000
1707.1900000000
1707.2010000000
1707.2120000000
1707.2240000000
1707.2350000000
1707.2460000000
1707.2570000000
1707.2680000000
1707.2790000000
1707.2900000000
1707.3010000000
1707.3120000000
1707.3230000000
1707.3350000000
1707.3450000000
1707.3570000000
1707.3680000000
1707.3790000000
1707.3900000000
1707.4010000000
1707.4120000000
1707.4230000000
1707.4340000000
1707.4460000000
1707.4570000000
1707.4680000000
1707.4790000000
1707.4900000000
1707.5010000000
1707.5120000000
1707.5230000000
1707.5340000000
1707.5460000000
1707.5570000000
1707.5680000000
1707.5790000000
1707.5900000000
1707.6010000000
1707.6120000000
1707.6230000000
1707.6340000000
1707.6460000000
1707.6570000000
1707.6680000000
1707.6790000000
1707.6900000000
1707.7010000000
1707.7120000000
1707.7230000000
1707.7340000000
1707.7450000000
1707.7570000000
1707.7680000000
1707.7790000000
1707.7900000000
1707.8010000000
1707.8120000000
1707.8230000000
1707.8340000000
1707.8450000000
1707.8560000000
1707.8680000000
1707.8790000000
1707.8900000000
1707.9010000000
1707.9120000000
1707.9230000000
1707.9340000000
1707.9450000000
1707.9560000000
1707.9680000000
1707.9790000000
1707.9900000000
1708.0010000000
1708.0120000000
1708.0230000000
1708.0340000000
1708.0450000000
1708.0560000000
1708.0670000000
1708.0780000000
1708.0900000000
1708.1010000000
1708.1120000000
1708.1230000000
1708.1340000000
1708.1450000000
1708.1560000000
1708.1670000000
1708.1780000000
1708.1900000000
1708.2010000000
1708.2120000000
1708.2230000000
1708.2340000000
1708.2450000000
1708.2570000000
1708.2680000000
1708.2780000000
1708.2900000000
1708.3010000000
1708.3120000000
1708.3230000000
1708.3340000000
1708.3450000000
1708.3560000000
1708.3670000000
1708.3780000000
1708.3900000000
1708.4010000000
1708.4120000000
1708.4230000000
1708.4340000000
1708.4450000000
1708.4560000000
1708.4670000000
1708.4780000000
1708.4900000000
1708.5000000000
1708.5120000000
1708.5230000000
1708.5340000000
1708.5450000000
1708.5560000000
1708.5670000000
1708.5780000000
1708.5890000000
1708.6000000000
1708.6110000000
1708.6230000000
1708.6340000000
1708.6450000000
1708.6560000000
1708.6670000000
1708.6780000000
1708.6890000000
1708.7000000000
1708.7120000000
1708.7230000000
1708.7340000000
1708.7450000000
1708.7560000000
1708.7670000000
1708.7780000000
1708.7890000000
1708.8010000000
1708.8120000000
1708.8230000000
1708.8340000000
1708.8450000000
1708.8560000000
1708.8670000000
1708.8780000000
1708.8890000000
1708.9000000000
1708.9110000000
1708.9230000000
1708.9340000000
1708.9450000000
1708.9560000000
1708.9670000000
1708.9780000000
1708.9890000000
1709.0000000000
1709.0110000000
1709.0230000000
1709.0340000000
1709.0450000000
1709.0560000000
1709.0670000000
1709.0780000000
1709.0890000000
1709.1000000000
1709.1110000000
1709.1220000000
1709.1340000000
1709.1450000000
1709.1560000000
1709.1670000000
1709.1780000000
1709.1890000000
1709.2000000000
1709.2110000000
1709.2220000000
1709.2340000000
1709.2450000000
1709.2560000000
1709.2670000000
1709.2780000000
1709.2890000000
1709.3000000000
1709.3110000000
1709.3220000000
1709.3340000000
1709.3450000000
1709.3560000000
1709.3670000000
1709.3780000000
1709.3890000000
1709.4000000000
1709.4110000000
1709.4220000000
1709.4330000000
1709.4450000000
1709.4560000000
1709.4670000000
1709.4780000000
1709.4890000000
1709.5000000000
1709.5110000000
1709.5220000000
1709.5340000000
1709.5440000000
1709.5560000000
1709.5670000000
1709.5780000000
1709.5890000000
1709.6000000000
1709.6110000000
1709.6220000000
1709.6330000000
1709.6450000000
1709.6560000000
1709.6670000000
1709.6780000000
1709.6890000000
1709.7000000000
1709.7110000000
1709.7220000000
1709.7330000000
1709.7440000000
1709.7550000000
1709.7670000000
1709.7780000000
1709.7890000000
1709.8000000000
1709.8110000000
1709.8220000000
1709.8330000000
1709.8440000000
1709.8550000000
1709.8660000000
1709.8780000000
1709.8890000000
1709.9000000000
1709.9110000000
1709.9220000000
1709.9330000000
1709.9440000000
1709.9550000000
1709.9670000000
1709.9780000000
1709.9890000000
1710.0000000000
1710.0110000000
1710.0220000000
1710.0330000000
1710.0440000000
1710.0550000000
1710.0660000000
1710.0780000000
1710.0890000000
1710.1000000000
1710.1110000000
1710.1220000000
1710.1330000000
1710.1440000000
1710.1550000000
1710.1670000000
1710.1770000000
1710.1890000000
1710.2000000000
1710.2110000000
1710.2220000000
1710.2330000000
1710.2440000000
1710.2550000000
1710.2660000000
1710.2770000000
1710.2890000000
1710.3000000000
1710.3110000000
1710.3220000000
1710.3330000000
1710.3440000000
1710.3550000000
1710.3660000000
1710.3770000000
1710.3890000000
1710.4000000000
1710.4110000000
1710.4220000000
1710.4330000000
1710.4440000000
1710.4550000000
1710.4660000000
1710.4770000000
1710.4890000000
1710.5000000000
1710.5110000000
1710.5220000000
1710.5330000000
1710.5440000000
1710.5550000000
1710.5660000000
1710.5770000000
1710.5890000000
1710.6000000000
1710.6110000000
1710.6220000000
1710.6330000000
1710.6440000000
1710.6550000000
1710.6660000000
1710.6770000000
1710.6880000000
1710.6990000000
1710.7100000000
1710.7220000000
1710.7330000000
1710.7440000000
1710.7550000000
1710.7660000000
1710.7770000000
1710.7880000000
1710.7990000000
1710.8110000000
1710.8220000000
1710.8330000000
1710.8440000000
1710.8550000000
1710.8660000000
1710.8770000000
1710.8880000000
1710.8990000000
1710.9100000000
1710.9220000000
1710.9330000000
1710.9440000000
1710.9550000000
1710.9660000000
1710.9770000000
1710.9880000000
1710.9990000000
1711.0100000000
1711.0220000000
1711.0330000000
1711.0440000000
1711.0550000000
1711.0660000000
1711.0770000000
1711.0880000000
1711.0990000000
1711.1100000000
1711.1210000000
1711.1330000000
1711.1440000000
1711.1550000000
1711.1660000000
1711.1770000000
1711.1880000000
1711.1990000000
1711.2100000000
1711.2220000000
1711.2330000000
1711.2440000000
1711.2550000000
1711.2660000000
1711.2770000000
1711.2880000000
1711.2990000000
1711.3100000000
1711.3220000000
1711.3320000000
1711.3440000000
1711.3550000000
1711.3660000000
1711.3770000000
1711.3880000000
1711.3990000000
1711.4100000000
1711.4210000000
1711.4320000000
1711.4430000000
1711.4540000000
1711.4660000000
1711.4770000000
1711.4880000000
1711.4990000000
1711.5100000000
1711.5210000000
1711.5320000000
1711.5440000000
1711.5540000000
1711.5660000000
1711.5770000000
1711.5880000000
1711.5990000000
1711.6100000000
1711.6210000000
1711.6320000000
1711.6430000000
1711.6550000000
1711.6660000000
1711.6770000000
1711.6880000000
1711.6990000000
1711.7100000000
1711.7210000000
1711.7320000000
1711.7430000000
1711.7550000000
1711.7660000000
1711.7770000000
1711.7880000000
1711.7990000000
1711.8100000000
1711.8210000000
1711.8320000000
1711.8440000000
1711.8540000000
1711.8660000000
1711.8770000000
1711.8880000000
1711.8990000000
1711.9100000000
1711.9210000000
1711.9320000000
1711.9430000000
1711.9540000000
1711.9660000000
1711.9770000000
1711.9880000000
1711.9990000000
1712.0100000000
1712.0210000000
1712.0320000000
1712.0430000000
1712.0540000000
1712.0650000000
1712.0770000000
1712.0880000000
1712.0990000000
1712.1100000000
1712.1210000000
1712.1320000000
1712.1430000000
1712.1540000000
1712.1650000000
1712.1770000000
1712.1880000000
1712.1990000000
1712.2100000000
1712.2210000000
1712.2320000000
1712.2430000000
1712.2540000000
1712.2650000000
1712.2760000000
1712.2870000000
1712.2990000000
1712.3100000000
1712.3210000000
1712.3320000000
1712.3430000000
1712.3540000000
1712.3650000000
1712.3770000000
1712.3870000000
1712.3990000000
1712.4100000000
1712.4210000000
1712.4320000000
1712.4430000000
1712.4540000000
1712.4650000000
1712.4760000000
1712.4870000000
1712.4990000000
1712.5100000000
1712.5210000000
1712.5320000000
1712.5430000000
1712.5540000000
1712.5650000000
1712.5760000000
1712.5870000000
1712.5990000000
1712.6090000000
1712.6210000000
1712.6320000000
1712.6430000000
1712.6540000000
1712.6650000000
1712.6760000000
1712.6870000000
1712.6980000000
1712.7090000000
1712.7210000000
1712.7320000000
1712.7430000000
1712.7540000000
1712.7650000000
1712.7760000000
1712.7870000000
1712.7990000000
1712.8090000000
1712.8210000000
1712.8320000000
1712.8430000000
1712.8540000000
1712.8650000000
1712.8760000000
1712.8870000000
1712.8980000000
1712.9090000000
1712.9210000000
1712.9320000000
1712.9430000000
1712.9540000000
1712.9650000000
1712.9760000000
1712.9870000000
1712.9980000000
1713.0090000000
1713.0210000000
1713.0310000000
1713.0430000000
1713.0540000000
1713.0650000000
1713.0760000000
1713.0870000000
1713.0980000000
1713.1090000000
1713.1200000000
1713.1320000000
1713.1430000000
1713.1540000000
1713.1650000000
1713.1760000000
1713.1870000000
1713.1980000000
1713.2090000000
1713.2200000000
1713.2320000000
1713.2430000000
1713.2540000000
1713.2650000000
1713.2760000000
1713.2870000000
1713.2980000000
1713.3090000000
1713.3200000000
1713.3310000000
1713.3420000000
1713.3540000000
1713.3650000000
1713.3760000000
1713.3870000000
1713.3980000000
1713.4090000000
1713.4200000000
1713.4310000000
1713.4430000000
1713.4540000000
1713.4650000000
1713.4760000000
1713.4870000000
1713.4980000000
1713.5090000000
1713.5200000000
1713.5310000000
1713.5420000000
1713.5540000000
1713.5650000000
1713.5760000000
1713.5870000000
1713.5980000000
1713.6090000000
1713.6200000000
1713.6310000000
1713.6420000000
1713.6540000000
1713.6650000000
1713.6760000000
1713.6870000000
1713.6980000000
1713.7090000000
1713.7200000000
1713.7310000000
1713.7420000000
1713.7530000000
1713.7650000000
1713.7760000000
1713.7870000000
1713.7980000000
1713.8090000000
1713.8200000000
1713.8310000000
1713.8420000000
1713.8540000000
1713.8650000000
1713.8760000000
1713.8870000000
1713.8980000000
1713.9090000000
1713.9200000000
1713.9310000000
1713.9430000000
1713.9530000000
1713.9640000000
1713.9760000000
1713.9870000000
1713.9980000000
1714.0090000000
1714.0200000000
1714.0310000000
1714.0420000000
1714.0530000000
1714.0640000000
1714.0760000000
1714.0870000000
1714.0980000000
1714.1090000000
1714.1200000000
1714.1310000000
1714.1420000000
1714.1530000000
1714.1640000000
1714.1760000000
1714.1870000000
1714.1980000000
1714.2090000000
1714.2200000000
1714.2310000000
1714.2420000000
1714.2530000000
1714.2640000000
1714.2760000000
1714.2860000000
1714.2980000000
1714.3090000000
1714.3200000000
1714.3310000000
1714.3420000000
1714.3530000000
1714.3650000000
1714.3750000000
1714.3860000000
1714.3970000000
1714.4090000000
1714.4200000000
1714.4310000000
1714.4420000000
1714.4530000000
1714.4640000000
1714.4750000000
1714.4870000000
1714.4980000000
1714.5090000000
1714.5200000000
1714.5310000000
1714.5420000000
1714.5530000000
1714.5640000000
1714.5750000000
1714.5870000000
1714.5970000000
1714.6090000000
1714.6200000000
1714.6310000000
1714.6420000000
1714.6530000000
1714.6640000000
1714.6750000000
1714.6860000000
1714.6970000000
1714.7080000000
1714.7200000000
1714.7310000000
1714.7420000000
1714.7530000000
1714.7640000000
1714.7750000000
1714.7860000000
1714.7970000000
1714.8090000000
1714.8190000000
1714.8310000000
1714.8420000000
1714.8530000000
1714.8640000000
1714.8750000000
1714.8860000000
1714.8970000000
1714.9080000000
1714.9190000000
1714.9310000000
1714.9420000000
1714.9530000000
1714.9640000000
1714.9750000000
1714.9860000000
1714.9970000000
1715.0090000000
1715.0200000000
1715.0310000000
1715.0420000000
1715.0530000000
1715.0640000000
1715.0750000000
1715.0860000000
1715.0970000000
1715.1090000000
1715.1190000000
1715.1300000000
1715.1420000000
1715.1530000000
1715.1640000000
1715.1750000000
1715.1860000000
1715.1970000000
1715.2080000000
1715.2190000000
1715.2300000000
1715.2420000000
1715.2530000000
1715.2640000000
1715.2750000000
1715.2860000000
1715.2970000000
1715.3080000000
1715.3190000000
1715.3310000000
1715.3410000000
1715.3530000000
1715.3640000000
1715.3750000000
1715.3860000000
1715.3970000000
1715.4080000000
1715.4190000000
1715.4300000000
1715.4420000000
1715.4530000000
1715.4640000000
1715.4750000000
1715.4860000000
1715.4970000000
1715.5080000000
1715.5190000000
1715.5300000000
1715.5420000000
1715.5520000000
1715.5640000000
1715.5750000000
1715.5860000000
1715.5970000000
1715.6080000000
1715.6190000000
1715.6300000000
1715.6410000000
1715.6520000000
1715.6640000000
1715.6750000000
1715.6860000000
1715.6970000000
1715.7080000000
1715.7190000000
1715.7300000000
1715.7410000000
1715.7520000000
1715.7640000000
1715.7750000000
1715.7860000000
1715.7970000000
1715.8080000000
1715.8190000000
1715.8300000000
1715.8410000000
1715.8530000000
1715.8630000000
1715.8750000000
1715.8860000000
1715.8970000000
1715.9080000000
1715.9190000000
1715.9300000000
1715.9410000000
1715.9520000000
1715.9630000000
1715.9750000000
1715.9860000000
1715.9970000000
1716.0080000000
1716.0190000000
1716.0300000000
1716.0410000000
1716.0520000000
1716.0630000000
1716.0750000000
1716.0860000000
1716.0970000000
1716.1080000000
1716.1190000000
1716.1300000000
1716.1410000000
1716.1520000000
1716.1630000000
1716.1740000000
1716.1860000000
1716.1970000000
1716.2080000000
1716.2190000000
1716.2300000000
1716.2410000000
1716.2520000000
1716.2640000000
1716.2740000000
1716.2860000000
1716.2970000000
1716.3080000000
1716.3190000000
1716.3300000000
1716.3410000000
1716.3520000000
1716.3630000000
1716.3740000000
1716.3850000000
1716.3970000000
1716.4080000000
1716.4190000000
1716.4300000000
1716.4410000000
1716.4520000000
1716.4630000000
1716.4740000000
1716.4860000000
1716.4960000000
1716.5080000000
1716.5190000000
1716.5300000000
1716.5410000000
1716.5520000000
1716.5630000000
1716.5740000000
1716.5850000000
1716.5970000000
1716.6080000000
1716.6190000000
1716.6300000000
1716.6410000000
1716.6520000000
1716.6630000000
1716.6740000000
1716.6850000000
1716.6960000000
1716.7080000000
1716.7190000000
1716.7300000000
1716.7410000000
1716.7520000000
1716.7630000000
1716.7740000000
1716.7850000000
1716.7960000000
1716.8070000000
1716.8190000000
1716.8300000000
1716.8410000000
1716.8520000000
1716.8630000000
1716.8740000000
1716.8850000000
1716.8960000000
1716.9070000000
1716.9190000000
1716.9300000000
1716.9410000000
1716.9520000000
1716.9630000000
1716.9740000000
1716.9850000000
1716.9960000000
1717.0070000000
1717.0190000000
1717.0300000000
1717.0410000000
1717.0520000000
1717.0630000000
1717.0740000000
1717.0850000000
1717.0960000000
1717.1070000000
1717.1180000000
1717.1300000000
1717.1410000000
1717.1520000000
1717.1630000000
1717.1740000000
1717.1850000000
1717.1960000000
1717.2070000000
1717.2180000000
1717.2290000000
1717.2410000000
1717.2520000000
1717.2630000000
1717.2740000000
1717.2850000000
1717.2960000000
1717.3070000000
1717.3180000000
1717.3290000000
1717.3400000000
1717.3520000000
1717.3630000000
1717.3740000000
1717.3850000000
1717.3960000000
1717.4070000000
1717.4180000000
1717.4290000000
1717.4410000000
1717.4520000000
1717.4630000000
1717.4740000000
1717.4850000000
1717.4960000000
1717.5070000000
1717.5190000000
1717.5290000000
1717.5400000000
1717.5520000000
1717.5630000000
1717.5740000000
1717.5850000000
1717.5960000000
1717.6070000000
1717.6180000000
1717.6290000000
1717.6400000000
1717.6510000000
1717.6620000000
1717.6740000000
1717.6850000000
1717.6960000000
1717.7070000000
1717.7180000000
1717.7290000000
1717.7410000000
1717.7510000000
1717.7620000000
1717.7740000000
1717.7850000000
1717.7960000000
1717.8070000000
1717.8180000000
1717.8290000000
1717.8400000000
1717.8510000000
1717.8620000000
1717.8740000000
1717.8850000000
1717.8960000000
1717.9070000000
1717.9180000000
1717.9290000000
1717.9400000000
1717.9510000000
1717.9620000000
1717.9740000000
1717.9850000000
1717.9960000000
1718.0070000000
1718.0180000000
1718.0290000000
1718.0400000000
1718.0510000000
1718.0630000000
1718.0730000000
1718.0850000000
1718.0960000000
1718.1070000000
1718.1180000000
1718.1290000000
1718.1400000000
1718.1510000000
1718.1620000000
1718.1740000000
1718.1850000000
1718.1960000000
1718.2070000000
1718.2180000000
1718.2290000000
1718.2400000000
1718.2510000000
1718.2620000000
1718.2730000000
1718.2850000000
1718.2960000000
1718.3070000000
1718.3180000000
1718.3290000000
1718.3400000000
1718.3510000000
1718.3620000000
1718.3740000000
1718.3850000000
1718.3960000000
1718.4070000000
1718.4180000000
1718.4290000000
1718.4400000000
1718.4510000000
1718.4620000000
1718.4730000000
1718.4840000000
1718.4950000000
1718.5070000000
1718.5180000000
1718.5290000000
1718.5400000000
1718.5510000000
1718.5620000000
1718.5730000000
1718.5840000000
1718.5950000000
1718.6070000000
1718.6180000000
1718.6290000000
1718.6400000000
1718.6510000000
1718.6620000000
1718.6730000000
1718.6840000000
1718.6950000000
1718.7060000000
1718.7180000000
1718.7290000000
1718.7400000000
1718.7510000000
1718.7620000000
1718.7730000000
1718.7840000000
1718.7950000000
1718.8060000000
1718.8180000000
1718.8290000000
1718.8400000000
1718.8510000000
1718.8620000000
1718.8730000000
1718.8840000000
1718.8950000000
1718.9060000000
1718.9180000000
1718.9290000000
1718.9400000000
1718.9510000000
1718.9620000000
1718.9730000000
1718.9840000000
1718.9950000000
1719.0060000000
1719.0170000000
1719.0290000000
1719.0400000000
1719.0510000000
1719.0620000000
1719.0730000000
1719.0840000000
1719.0950000000
1719.1060000000
1719.1170000000
1719.1280000000
1719.1400000000
1719.1510000000
1719.1620000000
1719.1730000000
1719.1840000000
1719.1950000000
1719.2060000000
1719.2170000000
1719.2290000000
1719.2400000000
1719.2510000000
1719.2620000000
1719.2730000000
1719.2840000000
1719.2950000000
1719.3060000000
1719.3170000000
1719.3280000000
1719.3400000000
1719.3510000000
1719.3620000000
1719.3730000000
1719.3840000000
1719.3950000000
1719.4060000000
1719.4170000000
1719.4280000000
1719.4390000000
1719.4510000000
1719.4620000000
1719.4730000000
1719.4840000000
1719.4950000000
1719.5060000000
1719.5170000000
1719.5280000000
1719.5390000000
1719.5510000000
1719.5620000000
1719.5730000000
1719.5840000000
1719.5950000000
1719.6060000000
1719.6170000000
1719.6280000000
1719.6400000000
1719.6500000000
1719.6620000000
1719.6730000000
1719.6840000000
1719.6950000000
1719.7060000000
1719.7170000000
1719.7280000000
1719.7390000000
1719.7510000000
1719.7610000000
1719.7730000000
1719.7840000000
1719.7950000000
1719.8060000000
1719.8170000000
1719.8280000000
1719.8390000000
1719.8510000000
1719.8620000000
1719.8720000000
1719.8840000000
1719.8950000000
1719.9060000000
1719.9170000000
1719.9280000000
1719.9390000000
1719.9500000000
1719.9620000000
1719.9730000000
1719.9840000000
1719.9950000000
1720.0060000000
1720.0170000000
1720.0280000000
1720.0390000000
1720.0500000000
1720.0610000000
1720.0730000000
1720.0840000000
1720.0950000000
1720.1060000000
1720.1170000000
1720.1280000000
1720.1390000000
1720.1500000000
1720.1610000000
1720.1720000000
1720.1840000000
1720.1950000000
1720.2060000000
1720.2170000000
1720.2280000000
1720.2390000000
1720.2500000000
1720.2610000000
1720.2720000000
1720.2830000000
1720.2950000000
1720.3060000000
1720.3170000000
1720.3280000000
1720.3390000000
1720.3500000000
1720.3610000000
1720.3720000000
1720.3840000000
1720.3950000000
1720.4060000000
1720.4170000000
1720.4280000000
1720.4390000000
1720.4500000000
1720.4610000000
1720.4720000000
1720.4830000000
1720.4950000000
1720.5060000000
1720.5170000000
1720.5280000000
1720.5390000000
1720.5500000000
1720.5610000000
1720.5720000000
1720.5830000000
1720.5940000000
1720.6060000000
1720.6170000000
1720.6280000000
1720.6390000000
1720.6500000000
1720.6610000000
1720.6720000000
1720.6830000000
1720.6940000000
1720.7060000000
1720.7170000000
1720.7280000000
1720.7390000000
1720.7500000000
1720.7610000000
1720.7720000000
1720.7840000000
1720.7940000000
1720.8060000000
1720.8160000000
1720.8280000000
1720.8390000000
1720.8500000000
1720.8610000000
1720.8720000000
1720.8830000000
1720.8940000000
1720.9060000000
1720.9160000000
1720.9280000000
1720.9390000000
1720.9500000000
1720.9610000000
1720.9720000000
1720.9830000000
1720.9940000000
1721.0050000000
1721.0170000000
1721.0280000000
1721.0390000000
1721.0500000000
1721.0610000000
1721.0720000000
1721.0830000000
1721.0940000000
1721.1050000000
1721.1160000000
1721.1280000000
1721.1390000000
1721.1500000000
1721.1610000000
1721.1720000000
1721.1830000000
1721.1940000000
1721.2050000000
1721.2160000000
1721.2270000000
1721.2390000000
1721.2500000000
1721.2610000000
1721.2720000000
1721.2830000000
1721.2940000000
1721.3050000000
1721.3160000000
1721.3280000000
1721.3390000000
1721.3500000000
1721.3610000000
1721.3720000000
1721.3830000000
1721.3940000000
1721.4050000000
1721.4160000000
1721.4270000000
1721.4380000000
1721.4500000000
1721.4610000000
1721.4720000000
1721.4830000000
1721.4940000000
1721.5050000000
1721.5170000000
1721.5270000000
1721.5380000000
1721.5490000000
1721.5610000000
1721.5720000000
1721.5830000000
1721.5940000000
1721.6050000000
1721.6160000000
1721.6270000000
1721.6380000000
1721.6490000000
1721.6610000000
1721.6720000000
1721.6830000000
1721.6940000000
1721.7050000000
1721.7160000000
1721.7270000000
1721.7380000000
1721.7490000000
1721.7600000000
1721.7720000000
1721.7830000000
1721.7940000000
1721.8050000000
1721.8160000000
1721.8270000000
1721.8380000000
1721.8490000000
1721.8600000000
1721.8720000000
1721.8830000000
1721.8940000000
1721.9050000000
1721.9160000000
1721.9270000000
1721.9380000000
1721.9500000000
1721.9610000000
1721.9710000000
1721.9830000000
1721.9940000000
1722.0050000000
1722.0160000000
1722.0270000000
1722.0380000000
1722.0490000000
1722.0600000000
1722.0710000000
1722.0830000000
1722.0940000000
1722.1050000000
1722.1160000000
1722.1270000000
1722.1380000000
1722.1490000000
1722.1600000000
1722.1710000000
1722.1830000000
1722.1940000000
1722.2050000000
1722.2160000000
1722.2270000000
1722.2380000000
1722.2490000000
1722.2600000000
1722.2710000000
1722.2830000000
1722.2940000000
1722.3050000000
1722.3160000000
1722.3270000000
1722.3380000000
1722.3490000000
1722.3600000000
1722.3710000000
1722.3820000000
1722.3940000000
1722.4050000000
1722.4160000000
1722.4270000000
1722.4380000000
1722.4490000000
1722.4600000000
1722.4710000000
1722.4830000000
1722.4930000000
1722.5050000000
1722.5160000000
1722.5270000000
1722.5380000000
1722.5490000000
1722.5600000000
1722.5720000000
1722.5820000000
1722.5930000000
1722.6040000000
1722.6160000000
1722.6270000000
1722.6380000000
1722.6490000000
1722.6600000000
1722.6710000000
1722.6820000000
1722.6940000000
1722.7040000000
1722.7160000000
1722.7270000000
1722.7380000000
1722.7490000000
1722.7600000000
1722.7710000000
1722.7820000000
1722.7930000000
1722.8040000000
1722.8160000000
1722.8270000000
1722.8380000000
1722.8490000000
1722.8600000000
1722.8710000000
1722.8830000000
1722.8930000000
1722.9040000000
1722.9150000000
1722.9270000000
1722.9380000000
1722.9490000000
1722.9600000000
1722.9710000000
1722.9820000000
1722.9930000000
1723.0040000000
1723.0150000000
1723.0260000000
1723.0380000000
1723.0490000000
1723.0600000000
1723.0710000000
1723.0820000000
1723.0930000000
1723.1040000000
1723.1150000000
1723.1260000000
1723.1380000000
1723.1490000000
1723.1600000000
1723.1710000000
1723.1820000000
1723.1930000000
1723.2040000000
1723.2150000000
1723.2260000000
1723.2380000000
1723.2490000000
1723.2600000000
1723.2710000000
1723.2820000000
1723.2930000000
1723.3050000000
1723.3150000000
1723.3260000000
1723.3380000000
1723.3490000000
1723.3600000000
1723.3710000000
1723.3820000000
1723.3930000000
1723.4040000000
1723.4150000000
1723.4260000000
1723.4370000000
1723.4480000000
1723.4600000000
1723.4710000000
1723.4820000000
1723.4930000000
1723.5050000000
1723.5150000000
1723.5260000000
1723.5370000000
1723.5490000000
1723.5600000000
1723.5710000000
1723.5820000000
1723.5930000000
1723.6040000000
1723.6150000000
1723.6260000000
1723.6370000000
1723.6490000000
1723.6600000000
1723.6710000000
1723.6820000000
1723.6930000000
1723.7040000000
1723.7150000000
1723.7260000000
1723.7380000000
1723.7490000000
1723.7590000000
1723.7710000000
1723.7820000000
1723.7930000000
1723.8040000000
1723.8150000000
1723.8260000000
1723.8370000000
1723.8480000000
1723.8590000000
1723.8700000000
1723.8820000000
1723.8930000000
1723.9040000000
1723.9150000000
1723.9260000000
1723.9370000000
1723.9480000000
1723.9590000000
1723.9710000000
1723.9820000000
1723.9930000000
1724.0040000000
1724.0150000000
1724.0260000000
1724.0370000000
1724.0480000000
1724.0590000000
1724.0700000000
1724.0820000000
1724.0930000000
1724.1040000000
1724.1150000000
1724.1260000000
1724.1370000000
1724.1480000000
1724.1590000000
1724.1700000000
1724.1820000000
1724.1930000000
1724.2040000000
1724.2150000000
1724.2260000000
1724.2370000000
1724.2480000000
1724.2590000000
1724.2710000000
1724.2820000000
1724.2930000000
1724.3040000000
1724.3150000000
1724.3260000000
1724.3370000000
1724.3490000000
1724.3590000000
1724.3700000000
1724.3810000000
1724.3930000000
1724.4040000000
1724.4150000000
1724.4260000000
1724.4370000000
1724.4480000000
1724.4590000000
1724.4700000000
1724.4810000000
1724.4930000000
1724.5040000000
1724.5150000000
1724.5260000000
1724.5370000000
1724.5480000000
1724.5590000000
1724.5700000000
1724.5810000000
1724.5930000000
1724.6040000000
1724.6150000000
1724.6260000000
1724.6370000000
1724.6480000000
1724.6590000000
1724.6700000000
1724.6810000000
1724.6920000000
1724.7030000000
1724.7150000000
1724.7260000000
1724.7370000000
1724.7480000000
1724.7590000000
1724.7700000000
1724.7810000000
1724.7920000000
1724.8030000000
1724.8150000000
1724.8260000000
1724.8370000000
1724.8480000000
1724.8590000000
1724.8700000000
1724.8810000000
1724.8920000000
1724.9030000000
1724.9150000000
1724.9260000000
1724.9370000000
1724.9480000000
1724.9590000000
1724.9700000000
1724.9810000000
1724.9920000000
1725.0040000000
1725.0140000000
1725.0260000000
1725.0370000000
1725.0480000000
1725.0590000000
1725.0700000000
1725.0810000000
1725.0920000000
1725.1030000000
1725.1140000000
1725.1250000000
1725.1370000000
1725.1480000000
1725.1590000000
1725.1700000000
1725.1810000000
1725.1920000000
1725.2030000000
1725.2140000000
1725.2250000000
1725.2360000000
1725.2480000000
1725.2590000000
1725.2700000000
1725.2810000000
1725.2920000000
1725.3030000000
1725.3140000000
1725.3250000000
1725.3360000000
1725.3480000000
1725.3590000000
1725.3700000000
1725.3810000000
1725.3920000000
1725.4030000000
1725.4140000000
1725.4250000000
1725.4360000000
1725.4480000000
1725.4590000000
1725.4700000000
1725.4810000000
1725.4920000000
1725.5030000000
1725.5140000000
1725.5260000000
1725.5360000000
1725.5470000000
1725.5590000000
1725.5700000000
1725.5810000000
1725.5920000000
1725.6030000000
1725.6140000000
1725.6250000000
1725.6360000000
1725.6470000000
1725.6590000000
1725.6700000000
1725.6810000000
1725.6920000000
1725.7030000000
1725.7140000000
1725.7250000000
1725.7360000000
1725.7470000000
1725.7580000000
1725.7700000000
1725.7810000000
1725.7920000000
1725.8030000000
1725.8140000000
1725.8250000000
1725.8360000000
1725.8470000000
1725.8580000000
1725.8700000000
1725.8810000000
1725.8920000000
1725.9030000000
1725.9140000000
1725.9250000000
1725.9410000000
1725.9540000000
1725.9670000000
1725.9800000000
1725.9940000000
1726.0060000000
1726.0200000000
1726.0320000000
1726.0460000000
1726.0590000000
1726.0720000000
1726.0840000000
1726.0970000000
1726.1110000000
1726.1240000000
1726.1370000000
1726.1500000000
1726.1890000000
1726.2020000000
1726.2140000000
1726.2250000000
1726.2370000000
1726.2480000000
1726.2580000000
1726.2680000000
1726.2770000000
1726.2870000000
1726.2980000000
1726.3090000000
1726.3200000000
1726.3310000000
1726.3420000000
1726.3530000000
1726.3640000000
1726.3750000000
1726.3860000000
1726.3980000000
1726.4090000000
1726.4200000000
1726.4310000000
1726.4420000000
1726.4530000000
1726.4640000000
1726.4750000000
1726.4870000000
1726.4980000000
1726.5090000000
1726.5200000000
1726.5310000000
1726.5420000000
1726.5530000000
1726.5640000000
1726.5750000000
1726.5870000000
1726.5970000000
1726.6090000000
1726.6200000000
1726.6310000000
1726.6430000000
1726.6540000000
1726.6660000000
1726.6770000000
1726.6890000000
1726.7000000000
1726.7110000000
1726.7230000000
1726.7340000000
