293.4434000000
293.4540000000
293.4650000000
293.4761000000
293.4874000000
293.4983000000
293.5095000000
293.5207000000
293.5316000000
293.5427000000
293.5544000000
293.5652000000
293.5769000000
293.5874000000
293.5985000000
293.6092000000
293.6205000000
293.6316000000
293.6425000000
293.6537000000
293.6647000000
293.6758000000
293.6870000000
293.6981000000
293.7092000000
293.7204000000
293.7314000000
293.7425000000
293.7536000000
293.7650000000
293.7758000000
293.7870000000
293.7980000000
293.8091000000
293.8203000000
293.8314000000
293.8424000000
293.8537000000
293.8646000000
293.8759000000
293.8869000000
293.8979000000
293.9091000000
293.9202000000
293.9319000000
293.9424000000
293.9535000000
293.9649000000
293.9759000000
293.9870000000
293.9979000000
294.0090000000
294.0202000000
294.0313000000
294.0423000000
294.0535000000
294.0647000000
294.0757000000
294.0870000000
294.0978000000
294.1093000000
294.1200000000
294.1312000000
294.1423000000
294.1536000000
294.1647000000
294.1756000000
294.1870000000
294.1980000000
294.2089000000
294.2202000000
294.2312000000
294.2424000000
294.2534000000
294.2644000000
294.2755000000
294.2868000000
294.2979000000
294.3089000000
294.3200000000
294.3311000000
294.3423000000
294.3534000000
294.3646000000
294.3756000000
294.3867000000
294.3978000000
294.4089000000
294.4199000000
294.4311000000
294.4425000000
294.4533000000
294.4645000000
294.4755000000
294.4865000000
294.4977000000
294.5088000000
294.5200000000
294.5309000000
294.5423000000
294.5533000000
294.5643000000
294.5754000000
294.5865000000
294.5976000000
294.6087000000
294.6201000000
294.6310000000
294.6426000000
294.6532000000
294.6648000000
294.6753000000
294.6865000000
294.6975000000
294.7086000000
294.7200000000
294.7308000000
294.7423000000
294.7532000000
294.7642000000
294.7753000000
294.7866000000
294.7975000000
294.8088000000
294.8197000000
294.8308000000
294.8421000000
294.8532000000
294.8642000000
294.8752000000
294.8863000000
294.8974000000
294.9085000000
294.9197000000
294.9308000000
294.9420000000
294.9530000000
294.9644000000
294.9752000000
294.9863000000
294.9974000000
295.0085000000
295.0196000000
295.0307000000
295.0420000000
295.0530000000
295.0646000000
295.0752000000
295.0862000000
295.0973000000
295.1085000000
295.1196000000
295.1308000000
295.1418000000
295.1528000000
295.1643000000
295.1752000000
295.1866000000
295.1973000000
295.2083000000
295.2194000000
295.2306000000
295.2418000000
295.2529000000
295.2639000000
295.2752000000
295.2863000000
295.2972000000
295.3083000000
295.3195000000
295.3306000000
295.3417000000
295.3529000000
295.3639000000
295.3751000000
295.3860000000
295.3972000000
295.4084000000
295.4195000000
295.4307000000
295.4417000000
295.4529000000
295.4639000000
295.4750000000
295.4862000000
295.4979000000
295.5082000000
295.5193000000
295.5304000000
295.5415000000
295.5527000000
295.5637000000
295.5749000000
295.5861000000
295.5970000000
295.6082000000
295.6193000000
295.6304000000
295.6416000000
295.6528000000
295.6638000000
295.6748000000
295.6860000000
295.6970000000
295.7082000000
295.7193000000
295.7304000000
295.7416000000
295.7527000000
295.7637000000
295.7748000000
295.7859000000
295.7970000000
295.8083000000
295.8192000000
295.8304000000
295.8414000000
295.8525000000
295.8637000000
295.8748000000
295.8859000000
295.8971000000
295.9082000000
295.9193000000
295.9303000000
295.9415000000
295.9529000000
295.9636000000
295.9747000000
295.9858000000
295.9969000000
296.0080000000
296.0191000000
296.0302000000
296.0413000000
296.0525000000
296.0635000000
296.0747000000
296.0858000000
296.0971000000
296.1080000000
296.1192000000
296.1302000000
296.1413000000
296.1525000000
296.1635000000
296.1746000000
296.1858000000
296.1969000000
296.2080000000
296.2190000000
296.2302000000
296.2412000000
296.2523000000
296.2634000000
296.2746000000
296.2857000000
296.2968000000
296.3080000000
296.3189000000
296.3300000000
296.3412000000
296.3523000000
296.3634000000
296.3749000000
296.3857000000
296.3967000000
296.4078000000
296.4199000000
296.4300000000
296.4411000000
296.4522000000
296.4636000000
296.4744000000
296.4856000000
296.4966000000
296.5078000000
296.5190000000
296.5300000000
296.5413000000
296.5522000000
296.5634000000
296.5744000000
296.5855000000
296.5966000000
296.6077000000
296.6188000000
296.6299000000
296.6411000000
296.6521000000
296.6635000000
296.6744000000
296.6855000000
296.6965000000
296.7076000000
296.7189000000
296.7299000000
296.7410000000
296.7521000000
296.7632000000
296.7744000000
296.7854000000
296.7964000000
296.8076000000
296.8186000000
296.8300000000
296.8409000000
296.8520000000
296.8632000000
296.8742000000
296.8853000000
296.8964000000
296.9076000000
296.9187000000
296.9297000000
296.9409000000
296.9520000000
296.9632000000
296.9742000000
296.9855000000
296.9964000000
297.0075000000
297.0187000000
297.0297000000
297.0408000000
297.0520000000
297.0630000000
297.0742000000
297.0853000000
297.0963000000
297.1075000000
297.1186000000
297.1297000000
297.1409000000
297.1519000000
297.1630000000
297.1741000000
297.1853000000
297.1962000000
297.2074000000
297.2186000000
297.2296000000
297.2408000000
297.2520000000
297.2629000000
297.2740000000
297.2851000000
297.2964000000
297.3074000000
297.3185000000
297.3296000000
297.3406000000
297.3518000000
297.3629000000
297.3740000000
297.3852000000
297.3961000000
297.4073000000
297.4185000000
297.4295000000
297.4407000000
297.4519000000
297.4628000000
297.4740000000
297.4851000000
297.4961000000
297.5074000000
297.5184000000
297.5294000000
297.5406000000
297.5519000000
297.5627000000
297.5739000000
297.5850000000
297.5961000000
297.6075000000
297.6184000000
297.6295000000
297.6407000000
297.6519000000
297.6628000000
297.6738000000
297.6850000000
297.6960000000
297.7072000000
297.7184000000
297.7293000000
297.7406000000
297.7517000000
297.7628000000
297.7738000000
297.7849000000
297.7960000000
297.8071000000
297.8184000000
297.8293000000
297.8404000000
297.8518000000
297.8626000000
297.8737000000
297.8848000000
297.8959000000
297.9070000000
297.9183000000
297.9293000000
297.9406000000
297.9517000000
297.9626000000
297.9736000000
297.9848000000
297.9958000000
298.0071000000
298.0182000000
298.0292000000
298.0403000000
298.0517000000
298.0625000000
298.0737000000
298.0848000000
298.0959000000
298.1070000000
298.1181000000
298.1292000000
298.1402000000
298.1516000000
298.1626000000
298.1736000000
298.1849000000
298.1958000000
298.2068000000
298.2180000000
298.2292000000
298.2403000000
298.2517000000
298.2625000000
298.2736000000
298.2847000000
298.2958000000
298.3068000000
298.3189000000
298.3297000000
298.3401000000
298.3516000000
298.3623000000
298.3735000000
298.3848000000
298.3960000000
298.4068000000
298.4179000000
298.4290000000
298.4402000000
298.4516000000
298.4624000000
298.4739000000
298.4851000000
298.4956000000
298.5067000000
298.5179000000
298.5289000000
298.5402000000
298.5515000000
298.5623000000
298.5735000000
298.5845000000
298.5956000000
298.6068000000
298.6179000000
298.6289000000
298.6400000000
298.6514000000
298.6622000000
298.6733000000
298.6847000000
298.6957000000
298.7067000000
298.7179000000
298.7288000000
298.7400000000
298.7516000000
298.7621000000
298.7733000000
298.7844000000
298.7957000000
298.8068000000
298.8178000000
298.8288000000
298.8399000000
298.8515000000
298.8625000000
298.8738000000
298.8845000000
298.8955000000
298.9066000000
298.9178000000
298.9287000000
298.9400000000
298.9512000000
298.9621000000
298.9732000000
298.9844000000
298.9955000000
299.0066000000
299.0177000000
299.0287000000
299.0398000000
299.0511000000
299.0620000000
299.0731000000
299.0845000000
299.0953000000
299.1065000000
299.1176000000
299.1286000000
299.1398000000
299.1512000000
299.1624000000
299.1737000000
299.1844000000
299.1953000000
299.2065000000
299.2175000000
299.2286000000
299.2398000000
299.2509000000
299.2623000000
299.2732000000
299.2843000000
299.2954000000
299.3064000000
299.3177000000
299.3288000000
299.3397000000
299.3512000000
299.3622000000
299.3731000000
299.3844000000
299.3952000000
299.4063000000
299.4174000000
299.4286000000
299.4397000000
299.4510000000
299.4622000000
299.4731000000
299.4842000000
299.4952000000
299.5064000000
299.5174000000
299.5284000000
299.5396000000
299.5508000000
299.5619000000
299.5729000000
299.5840000000
299.5951000000
299.6062000000
299.6176000000
299.6287000000
299.6396000000
299.6508000000
299.6617000000
299.6728000000
299.6839000000
299.6951000000
299.7063000000
299.7173000000
299.7283000000
299.7396000000
299.7506000000
299.7616000000
299.7728000000
299.7840000000
299.7950000000
299.8062000000
299.8174000000
299.8283000000
299.8394000000
299.8508000000
299.8616000000
299.8727000000
299.8838000000
299.8949000000
299.9065000000
299.9171000000
299.9282000000
299.9395000000
299.9505000000
299.9617000000
299.9727000000
299.9838000000
299.9949000000
300.0061000000
300.0171000000
300.0283000000
300.0393000000
300.0504000000
300.0617000000
300.0727000000
300.0837000000
300.0951000000
300.1059000000
300.1171000000
300.1283000000
300.1393000000
300.1504000000
300.1614000000
300.1726000000
300.1837000000
300.1947000000
300.2059000000
300.2170000000
300.2281000000
300.2392000000
300.2505000000
300.2617000000
300.2726000000
300.2839000000
300.2949000000
300.3059000000
300.3171000000
300.3281000000
300.3392000000
300.3503000000
300.3614000000
300.3725000000
300.3836000000
300.3947000000
300.4059000000
300.4169000000
300.4279000000
300.4392000000
300.4504000000
300.4613000000
300.4724000000
300.4836000000
300.4951000000
300.5060000000
300.5173000000
300.5284000000
300.5395000000
300.5502000000
300.5616000000
300.5725000000
300.5835000000
300.5946000000
300.6057000000
300.6168000000
300.6279000000
300.6389000000
300.6502000000
300.6612000000
300.6723000000
300.6835000000
300.6946000000
300.7057000000
300.7169000000
300.7278000000
300.7390000000
300.7501000000
300.7612000000
300.7723000000
300.7834000000
300.7945000000
300.8056000000
300.8168000000
300.8282000000
300.8389000000
300.8501000000
300.8611000000
300.8723000000
300.8833000000
300.8945000000
300.9056000000
300.9167000000
300.9278000000
300.9390000000
300.9500000000
300.9610000000
300.9721000000
300.9834000000
300.9944000000
301.0055000000
301.0168000000
301.0280000000
301.0390000000
301.0499000000
301.0614000000
301.0721000000
301.0832000000
301.0948000000
301.1059000000
301.1166000000
301.1277000000
301.1392000000
301.1502000000
301.1613000000
301.1727000000
301.1833000000
301.1943000000
301.2054000000
301.2166000000
301.2278000000
301.2387000000
301.2498000000
301.2615000000
301.2721000000
301.2831000000
301.2943000000
301.3053000000
301.3168000000
301.3275000000
301.3387000000
301.3500000000
301.3609000000
301.3720000000
301.3831000000
301.3945000000
301.4055000000
301.4165000000
301.4275000000
301.4387000000
301.4497000000
301.4612000000
301.4728000000
301.4832000000
301.4944000000
301.5053000000
301.5165000000
301.5275000000
301.5385000000
301.5497000000
301.5612000000
301.5724000000
301.5833000000
301.5947000000
301.6052000000
301.6164000000
301.6273000000
301.6385000000
301.6499000000
301.6615000000
301.6731000000
301.6841000000
301.6951000000
301.7061000000
301.7169000000
301.7280000000
301.7396000000
301.7505000000
301.7617000000
301.7726000000
301.7834000000
301.7945000000
301.8054000000
301.8162000000
301.8273000000
301.8384000000
301.8496000000
301.8612000000
301.8727000000
301.8843000000
301.8958000000
301.9067000000
301.9177000000
301.9288000000
301.9397000000
301.9510000000
301.9624000000
301.9730000000
301.9845000000
301.9961000000
302.0070000000
302.0181000000
302.0280000000
302.0394000000
302.0504000000
302.0617000000
302.0732000000
302.0837000000
302.0946000000
302.1053000000
302.1170000000
302.1280000000
302.1391000000
302.1498000000
302.1612000000
302.1730000000
302.1838000000
302.1949000000
302.2060000000
302.2171000000
302.2283000000
302.2394000000
302.2498000000
302.2608000000
302.2716000000
302.2827000000
302.2937000000
302.3047000000
302.3159000000
302.3268000000
302.3368000000
302.3481000000
302.3589000000
302.3697000000
302.3813000000
302.3927000000
302.4034000000
302.4148000000
302.4257000000
302.4373000000
302.4487000000
302.4600000000
302.4717000000
302.4825000000
302.4933000000
302.5042000000
302.5153000000
302.5261000000
302.5374000000
302.5486000000
302.5601000000
302.5717000000
302.5829000000
302.5938000000
302.6047000000
302.6157000000
302.6267000000
302.6384000000
302.6499000000
302.6609000000
302.6716000000
302.6828000000
302.6937000000
302.7049000000
302.7163000000
302.7273000000
302.7394000000
302.7500000000
302.7611000000
302.7714000000
302.7821000000
302.7934000000
302.8042000000
302.8154000000
302.8264000000
302.8375000000
302.8486000000
302.8598000000
302.8709000000
302.8821000000
302.8926000000
302.9035000000
302.9146000000
302.9258000000
302.9369000000
302.9478000000
302.9597000000
302.9714000000
302.9832000000
302.9942000000
303.0051000000
303.0169000000
303.0276000000
303.0388000000
303.0501000000
303.0612000000
303.0722000000
303.0836000000
303.0955000000
303.1071000000
303.1180000000
303.1283000000
303.1398000000
303.1506000000
303.1622000000
303.1735000000
303.1851000000
303.1967000000
303.2076000000
303.2191000000
303.2297000000
303.2406000000
303.2515000000
303.2629000000
303.2746000000
303.2861000000
303.2971000000
303.3086000000
303.3195000000
303.3307000000
303.3425000000
303.3535000000
303.3648000000
303.3766000000
303.3873000000
303.3982000000
303.4092000000
303.4202000000
303.4312000000
303.4424000000
303.4538000000
303.4652000000
303.4770000000
303.4882000000
303.4993000000
303.5103000000
303.5226000000
303.5342000000
303.5457000000
303.5575000000
303.5686000000
303.5796000000
303.5906000000
303.6021000000
303.6135000000
303.6244000000
303.6355000000
303.6471000000
303.6581000000
303.6690000000
303.6797000000
303.6906000000
303.7017000000
303.7137000000
303.7250000000
303.7370000000
303.7480000000
303.7589000000
303.7700000000
303.7807000000
303.7919000000
303.8036000000
303.8151000000
303.8268000000
303.8389000000
303.8499000000
303.8620000000
303.8737000000
303.8847000000
303.8968000000
303.9076000000
303.9185000000
303.9297000000
303.9410000000
303.9523000000
303.9645000000
303.9762000000
303.9875000000
303.9986000000
304.0097000000
304.0215000000
304.0328000000
304.0444000000
304.0564000000
304.0682000000
304.0803000000
304.0912000000
304.1029000000
304.1139000000
304.1255000000
304.1373000000
304.1493000000
304.1607000000
304.1728000000
304.1845000000
304.1956000000
304.2065000000
304.2176000000
304.2292000000
304.2406000000
304.2523000000
304.2644000000
304.2758000000
304.2868000000
304.2989000000
304.3104000000
304.3224000000
304.3341000000
304.3454000000
304.3573000000
304.3695000000
304.3813000000
304.3932000000
304.4052000000
304.4173000000
304.4289000000
304.4400000000
304.4524000000
304.4646000000
304.4761000000
304.4880000000
304.4995000000
304.5115000000
304.5234000000
304.5353000000
304.5464000000
304.5583000000
304.5697000000
304.5808000000
304.5934000000
304.6057000000
304.6172000000
304.6291000000
304.6408000000
304.6521000000
304.6643000000
304.6759000000
304.6875000000
304.6998000000
304.7112000000
304.7233000000
304.7346000000
304.7465000000
304.7581000000
304.7704000000
304.7816000000
304.7928000000
304.8042000000
304.8161000000
304.8273000000
304.8389000000
304.8500000000
304.8622000000
304.8734000000
304.8843000000
304.8964000000
304.9083000000
304.9205000000
304.9324000000
304.9440000000
304.9557000000
304.9669000000
304.9787000000
304.9905000000
305.0016000000
305.0132000000
305.0252000000
305.0370000000
305.0487000000
305.0606000000
305.0726000000
305.0846000000
305.0965000000
305.1076000000
305.1190000000
305.1307000000
305.1426000000
305.1546000000
305.1663000000
305.1781000000
305.1901000000
305.2020000000
305.2142000000
305.2254000000
305.2374000000
305.2492000000
305.2609000000
305.2729000000
305.2849000000
305.2968000000
305.3083000000
305.3205000000
305.3323000000
305.3441000000
305.3566000000
305.3682000000
305.3803000000
305.3919000000
305.4035000000
305.4153000000
305.4263000000
305.4379000000
305.4506000000
305.4627000000
305.4749000000
305.4868000000
305.4982000000
305.5096000000
305.5213000000
305.5333000000
305.5453000000
305.5569000000
305.5681000000
305.5804000000
305.5923000000
305.6042000000
305.6158000000
305.6269000000
305.6384000000
305.6502000000
305.6627000000
305.6748000000
305.6868000000
305.6987000000
305.7102000000
305.7222000000
305.7341000000
305.7463000000
305.7579000000
305.7701000000
305.7818000000
305.7939000000
305.8060000000
305.8177000000
305.8289000000
305.8406000000
305.8526000000
305.8645000000
305.8764000000
305.8882000000
305.9000000000
305.9121000000
305.9238000000
305.9358000000
305.9476000000
305.9596000000
305.9718000000
305.9836000000
305.9954000000
306.0067000000
306.0188000000
306.0307000000
306.0426000000
306.0549000000
306.0666000000
306.0786000000
306.0906000000
306.1027000000
306.1149000000
306.1266000000
306.1388000000
306.1508000000
306.1622000000
306.1753000000
306.1873000000
306.1990000000
306.2105000000
306.2224000000
306.2343000000
306.2466000000
306.2582000000
306.2704000000
306.2818000000
306.2937000000
306.3059000000
306.3174000000
306.3295000000
306.3414000000
306.3535000000
306.3654000000
306.3770000000
306.3891000000
306.4008000000
306.4132000000
306.4248000000
306.4368000000
306.4489000000
306.4607000000
306.4724000000
306.4844000000
306.4964000000
306.5081000000
306.5204000000
306.5321000000
306.5438000000
306.5559000000
306.5680000000
306.5799000000
306.5918000000
306.6036000000
306.6157000000
306.6279000000
306.6397000000
306.6515000000
306.6627000000
306.6749000000
306.6866000000
306.6982000000
306.7099000000
306.7219000000
306.7338000000
306.7457000000
306.7574000000
306.7697000000
306.7817000000
306.7939000000
306.8056000000
306.8169000000
306.8289000000
306.8406000000
306.8520000000
306.8641000000
306.8755000000
306.8872000000
306.8993000000
306.9108000000
306.9229000000
306.9350000000
306.9475000000
306.9592000000
306.9713000000
306.9837000000
306.9960000000
307.0079000000
307.0199000000
307.0315000000
307.0434000000
307.0555000000
307.0669000000
307.0790000000
307.0910000000
307.1029000000
307.1148000000
307.1270000000
307.1388000000
307.1508000000
307.1631000000
307.1759000000
307.1877000000
307.2000000000
307.2116000000
307.2235000000
307.2356000000
307.2475000000
307.2594000000
307.2713000000
307.2836000000
307.2954000000
307.3072000000
307.3193000000
307.3315000000
307.3434000000
307.3543000000
307.3657000000
307.3778000000
307.3900000000
307.4025000000
307.4143000000
307.4263000000
307.4384000000
307.4506000000
307.4624000000
307.4746000000
307.4864000000
307.4986000000
307.5104000000
307.5222000000
307.5341000000
307.5463000000
307.5580000000
307.5710000000
307.5832000000
307.5952000000
307.6068000000
307.6192000000
307.6312000000
307.6431000000
307.6552000000
307.6669000000
307.6793000000
307.6913000000
307.7034000000
307.7147000000
307.7262000000
307.7383000000
307.7502000000
307.7617000000
307.7741000000
307.7867000000
307.7991000000
307.8109000000
307.8229000000
307.8349000000
307.8471000000
307.8590000000
307.8705000000
307.8820000000
307.8942000000
307.9061000000
307.9181000000
307.9301000000
307.9423000000
307.9543000000
307.9660000000
307.9791000000
307.9903000000
308.0024000000
308.0148000000
308.0269000000
308.0382000000
308.0503000000
308.0623000000
308.0753000000
308.0875000000
308.0990000000
308.1113000000
308.1239000000
308.1364000000
308.1482000000
308.1601000000
308.1729000000
308.1850000000
308.1973000000
308.2094000000
308.2217000000
308.2343000000
308.2462000000
308.2580000000
308.2704000000
308.2815000000
308.2936000000
308.3055000000
308.3179000000
308.3300000000
308.3418000000
308.3543000000
308.3659000000
308.3782000000
308.3903000000
308.4023000000
308.4141000000
308.4259000000
308.4380000000
308.4504000000
308.4627000000
308.4747000000
308.4863000000
308.4982000000
308.5093000000
308.5217000000
308.5341000000
308.5464000000
308.5590000000
308.5700000000
308.5817000000
308.5934000000
308.6058000000
308.6178000000
308.6299000000
308.6421000000
308.6539000000
308.6661000000
308.6780000000
308.6905000000
308.7028000000
308.7147000000
308.7266000000
308.7386000000
308.7509000000
308.7637000000
308.7757000000
308.7876000000
308.8001000000
308.8117000000
308.8240000000
308.8365000000
308.8488000000
308.8607000000
308.8729000000
308.8846000000
308.8970000000
308.9090000000
308.9209000000
308.9328000000
308.9449000000
308.9568000000
308.9685000000
308.9808000000
308.9925000000
309.0047000000
309.0165000000
309.0284000000
309.0402000000
309.0520000000
309.0641000000
309.0771000000
309.0891000000
309.1004000000
309.1124000000
309.1241000000
309.1361000000
309.1481000000
309.1602000000
309.1722000000
309.1840000000
309.1961000000
309.2082000000
309.2203000000
309.2324000000
309.2454000000
309.2585000000
309.2718000000
309.2846000000
309.2976000000
309.3095000000
309.3223000000
309.3344000000
309.3466000000
309.3585000000
309.3711000000
309.3838000000
309.3958000000
309.4077000000
309.4197000000
309.4319000000
309.4448000000
309.4581000000
309.4707000000
309.4834000000
309.4955000000
309.5072000000
309.5200000000
309.5320000000
309.5438000000
309.5564000000
309.5687000000
309.5809000000
309.5934000000
309.6057000000
309.6180000000
309.6300000000
309.6419000000
309.6550000000
309.6673000000
309.6801000000
309.6927000000
309.7046000000
309.7166000000
309.7295000000
309.7417000000
309.7542000000
309.7661000000
309.7774000000
309.7904000000
309.8037000000
309.8159000000
309.8279000000
309.8400000000
309.8521000000
309.8645000000
309.8768000000
309.8894000000
309.9014000000
309.9136000000
309.9261000000
309.9384000000
309.9503000000
309.9624000000
309.9756000000
309.9878000000
309.9998000000
310.0118000000
310.0246000000
310.0365000000
310.0486000000
310.0607000000
310.0726000000
310.0851000000
310.0981000000
310.1100000000
310.1229000000
310.1357000000
310.1479000000
310.1611000000
310.1739000000
310.1861000000
310.1982000000
310.2099000000
310.2227000000
310.2348000000
310.2468000000
310.2596000000
310.2715000000
310.2834000000
310.2959000000
310.3080000000
310.3199000000
310.3318000000
310.3446000000
310.3574000000
310.3694000000
310.3826000000
310.3958000000
310.4084000000
310.4210000000
310.4337000000
310.4462000000
310.4598000000
310.4724000000
310.4857000000
310.4985000000
310.5105000000
310.5231000000
310.5354000000
310.5471000000
310.5598000000
310.5719000000
310.5846000000
310.5976000000
310.6095000000
310.6214000000
310.6338000000
310.6462000000
310.6589000000
310.6709000000
310.6833000000
310.6962000000
310.7084000000
310.7212000000
310.7338000000
310.7458000000
310.7585000000
310.7708000000
310.7839000000
310.7967000000
310.8094000000
310.8220000000
310.8350000000
310.8471000000
310.8600000000
310.8719000000
310.8841000000
310.8972000000
310.9100000000
310.9224000000
310.9352000000
310.9475000000
310.9577000000
310.9677000000
310.9779000000
310.9879000000
310.9978000000
311.0075000000
311.0177000000
311.0286000000
311.0398000000
311.0510000000
311.0620000000
311.0732000000
311.0843000000
311.0954000000
311.1065000000
311.1176000000
311.1290000000
311.1397000000
311.1511000000
311.1621000000
311.1734000000
311.1842000000
311.1953000000
311.2064000000
311.2175000000
311.2286000000
311.2400000000
311.2509000000
311.2620000000
311.2730000000
311.2844000000
311.2952000000
311.3067000000
311.3177000000
311.3286000000
311.3399000000
311.3509000000
311.3619000000
311.3732000000
311.3848000000
311.3961000000
311.4077000000
311.4191000000
311.4305000000
311.4422000000
311.4535000000
311.4651000000
311.4764000000
311.4878000000
311.4991000000
311.5105000000
311.5218000000
311.5332000000
311.5446000000
311.5557000000
311.5668000000
311.5781000000
311.5890000000
311.6002000000
311.6114000000
311.6224000000
311.6336000000
311.6447000000
311.6557000000
311.6670000000
311.6781000000
311.6890000000
311.7002000000
311.7113000000
311.7225000000
311.7334000000
311.7445000000
311.7556000000
311.7667000000
311.7781000000
311.7892000000
311.8000000000
311.8112000000
311.8223000000
311.8333000000
311.8446000000
311.8556000000
311.8666000000
311.8777000000
311.8889000000
311.9000000000
311.9112000000
311.9223000000
311.9334000000
311.9444000000
311.9555000000
311.9666000000
311.9778000000
311.9891000000
312.0000000000
312.0112000000
312.0222000000
312.0333000000
312.0443000000
312.0555000000
312.0666000000
312.0779000000
312.0890000000
312.1000000000
312.1110000000
312.1222000000
312.1340000000
312.1443000000
312.1554000000
312.1667000000
312.1777000000
312.1889000000
312.1999000000
312.2109000000
312.2223000000
312.2332000000
312.2444000000
312.2554000000
312.2666000000
312.2776000000
312.2886000000
312.2999000000
312.3109000000
312.3221000000
312.3332000000
312.3443000000
312.3554000000
312.3664000000
312.3776000000
312.3891000000
312.4000000000
312.4110000000
312.4219000000
312.4330000000
312.4443000000
312.4553000000
312.4666000000
312.4776000000
312.4886000000
312.4997000000
312.5108000000
312.5222000000
312.5332000000
312.5442000000
312.5555000000
312.5664000000
312.5775000000
312.5886000000
312.5997000000
312.6108000000
312.6219000000
312.6329000000
312.6441000000
312.6553000000
312.6665000000
312.6774000000
312.6886000000
312.6996000000
312.7109000000
312.7219000000
312.7331000000
312.7440000000
312.7553000000
312.7664000000
312.7776000000
312.7887000000
312.7996000000
312.8109000000
312.8218000000
312.8330000000
312.8440000000
312.8552000000
312.8663000000
312.8773000000
312.8885000000
312.8996000000
312.9106000000
312.9217000000
312.9329000000
312.9440000000
312.9550000000
312.9661000000
312.9774000000
312.9889000000
312.9994000000
313.0106000000
313.0217000000
313.0327000000
313.0439000000
313.0550000000
313.0661000000
313.0773000000
313.0886000000
313.0995000000
313.1105000000
313.1218000000
313.1327000000
313.1441000000
313.1552000000
313.1661000000
313.1774000000
313.1883000000
313.1993000000
313.2108000000
313.2215000000
313.2326000000
313.2438000000
313.2576000000
313.2673000000
313.2773000000
313.2874000000
313.2980000000
313.3090000000
313.3201000000
313.3314000000
313.3423000000
313.3535000000
313.3646000000
313.3757000000
313.3871000000
313.3979000000
313.4090000000
313.4202000000
313.4312000000
313.4423000000
313.4534000000
313.4645000000
313.4756000000
313.4869000000
313.4978000000
313.5089000000
313.5201000000
313.5311000000
313.5423000000
313.5534000000
313.5646000000
313.5755000000
313.5868000000
313.5978000000
313.6089000000
313.6202000000
313.6314000000
313.6429000000
313.6538000000
313.6650000000
313.6765000000
313.6877000000
313.6989000000
313.7101000000
313.7213000000
313.7325000000
313.7436000000
313.7546000000
313.7657000000
313.7769000000
313.7879000000
313.7994000000
313.8101000000
313.8212000000
313.8323000000
313.8434000000
313.8547000000
313.8657000000
313.8768000000
313.8880000000
313.8990000000
313.9102000000
313.9212000000
313.9326000000
313.9435000000
313.9547000000
313.9656000000
313.9768000000
313.9878000000
313.9990000000
314.0101000000
314.0211000000
314.0324000000
314.0434000000
314.0545000000
314.0656000000
314.0767000000
314.0877000000
314.0989000000
314.1101000000
314.1214000000
314.1322000000
314.1434000000
314.1545000000
314.1655000000
314.1768000000
314.1877000000
314.1989000000
314.2100000000
314.2212000000
314.2322000000
314.2434000000
314.2544000000
314.2658000000
314.2767000000
314.2879000000
314.2989000000
314.3100000000
314.3211000000
314.3322000000
314.3433000000
314.3545000000
314.3655000000
314.3768000000
314.3879000000
314.3989000000
314.4099000000
314.4211000000
314.4322000000
314.4433000000
314.4543000000
314.4654000000
314.4765000000
314.4879000000
314.4989000000
314.5099000000
314.5210000000
314.5320000000
314.5432000000
314.5543000000
314.5653000000
314.5766000000
314.5875000000
314.5986000000
314.6098000000
314.6208000000
314.6320000000
314.6430000000
314.6542000000
314.6653000000
314.6764000000
314.6875000000
314.6986000000
314.7097000000
314.7209000000
314.7320000000
314.7431000000
314.7542000000
314.7652000000
314.7765000000
314.7874000000
314.7986000000
314.8096000000
314.8209000000
314.8321000000
314.8429000000
314.8542000000
314.8653000000
314.8762000000
314.8876000000
314.8986000000
314.9098000000
314.9207000000
314.9318000000
314.9429000000
314.9540000000
314.9651000000
314.9762000000
314.9875000000
314.9985000000
315.0095000000
315.0208000000
315.0317000000
315.0430000000
315.0540000000
315.0651000000
315.0763000000
315.0874000000
315.0986000000
315.1096000000
315.1206000000
315.1317000000
315.1428000000
315.1538000000
315.1651000000
315.1761000000
315.1874000000
315.1986000000
315.2095000000
315.2205000000
315.2317000000
315.2427000000
315.2539000000
315.2650000000
315.2762000000
315.2873000000
315.2983000000
315.3094000000
315.3206000000
315.3317000000
315.3427000000
315.3539000000
315.3650000000
315.3761000000
315.3872000000
315.3985000000
315.4093000000
315.4205000000
315.4316000000
315.4427000000
315.4538000000
315.4649000000
315.4760000000
315.4871000000
315.4982000000
315.5094000000
315.5206000000
315.5315000000
315.5426000000
315.5539000000
315.5648000000
315.5759000000
315.5870000000
315.5982000000
315.6094000000
315.6204000000
315.6315000000
315.6425000000
315.6538000000
315.6649000000
315.6758000000
315.6870000000
315.6982000000
315.7092000000
315.7204000000
315.7316000000
315.7425000000
315.7538000000
315.7648000000
315.7758000000
315.7870000000
315.7981000000
315.8091000000
315.8204000000
315.8313000000
315.8425000000
315.8538000000
315.8648000000
315.8760000000
315.8870000000
315.8980000000
315.9091000000
315.9202000000
315.9318000000
315.9425000000
315.9554000000
315.9682000000
315.9816000000
315.9940000000
316.0066000000
316.0193000000
316.0323000000
316.0454000000
316.0579000000
316.0701000000
316.0833000000
316.0967000000
316.1094000000
316.1214000000
316.1335000000
316.1455000000
316.1586000000
316.1714000000
316.1842000000
316.1976000000
316.2101000000
316.2229000000
316.2349000000
316.2472000000
316.2603000000
316.2730000000
316.2856000000
316.2991000000
316.3116000000
316.3243000000
316.3374000000
316.3502000000
316.3635000000
316.3762000000
316.3892000000
316.4016000000
316.4147000000
316.4273000000
316.4406000000
316.4532000000
316.4657000000
316.4785000000
316.4914000000
316.5044000000
316.5173000000
316.5304000000
316.5432000000
316.5561000000
316.5683000000
316.5808000000
316.5934000000
316.6069000000
316.6203000000
316.6328000000
316.6464000000
316.6595000000
316.6724000000
316.6854000000
316.6986000000
316.7108000000
316.7241000000
316.7372000000
316.7502000000
316.7631000000
316.7759000000
316.7887000000
316.8023000000
316.8151000000
316.8272000000
316.8403000000
316.8534000000
316.8662000000
316.8794000000
316.8917000000
316.9050000000
316.9175000000
316.9300000000
316.9420000000
316.9543000000
316.9676000000
316.9807000000
316.9940000000
317.0070000000
317.0197000000
317.0316000000
317.0443000000
317.0573000000
317.0697000000
317.0825000000
317.0956000000
317.1086000000
317.1213000000
317.1346000000
317.1475000000
317.1604000000
317.1732000000
317.1863000000
317.1996000000
317.2128000000
317.2256000000
317.2388000000
317.2518000000
317.2648000000
317.2784000000
317.2913000000
317.3044000000
317.3173000000
317.3307000000
317.3440000000
317.3569000000
317.3705000000
317.3830000000
317.3963000000
317.4090000000
317.4220000000
317.4354000000
317.4482000000
317.4611000000
317.4742000000
317.4871000000
317.5004000000
317.5140000000
317.5265000000
317.5401000000
317.5535000000
317.5661000000
317.5794000000
317.5925000000
317.6061000000
317.6185000000
317.6315000000
317.6444000000
317.6574000000
317.6705000000
317.6839000000
317.6972000000
317.7103000000
317.7231000000
317.7357000000
317.7489000000
317.7621000000
317.7755000000
317.7886000000
317.8016000000
317.8144000000
317.8273000000
317.8411000000
317.8540000000
317.8663000000
317.8796000000
317.8923000000
317.9056000000
317.9189000000
317.9315000000
317.9442000000
317.9568000000
317.9698000000
317.9830000000
317.9959000000
318.0085000000
318.0219000000
318.0353000000
318.0486000000
318.0616000000
318.0742000000
318.0872000000
318.1005000000
318.1134000000
318.1261000000
318.1392000000
318.1524000000
318.1649000000
318.1782000000
318.1913000000
318.2052000000
318.2186000000
318.2314000000
318.2443000000
318.2573000000
318.2710000000
318.2845000000
318.2973000000
318.3105000000
318.3226000000
318.3356000000
318.3490000000
318.3627000000
318.3763000000
318.3898000000
318.4040000000
318.4179000000
318.4313000000
318.4445000000
318.4570000000
318.4708000000
318.4838000000
318.4970000000
318.5101000000
318.5233000000
318.5370000000
318.5496000000
318.5627000000
318.5757000000
318.5891000000
318.6022000000
318.6151000000
318.6273000000
318.6404000000
318.6539000000
318.6670000000
318.6806000000
318.6937000000
318.7069000000
318.7205000000
318.7339000000
318.7473000000
318.7605000000
318.7733000000
318.7870000000
318.8002000000
318.8143000000
318.8274000000
318.8404000000
318.8541000000
318.8669000000
318.8801000000
318.8940000000
318.9075000000
318.9213000000
318.9352000000
318.9483000000
318.9621000000
318.9760000000
318.9886000000
319.0020000000
319.0160000000
319.0289000000
319.0423000000
319.0555000000
319.0685000000
319.0816000000
319.0945000000
319.1082000000
319.1218000000
319.1353000000
319.1478000000
319.1617000000
319.1746000000
319.1879000000
319.2018000000
319.2151000000
319.2288000000
319.2424000000
319.2563000000
319.2705000000
319.2844000000
319.2986000000
319.3129000000
319.3267000000
319.3400000000
319.3542000000
319.3676000000
319.3817000000
319.3960000000
319.4104000000
319.4244000000
319.4385000000
319.4523000000
319.4662000000
319.4812000000
319.4957000000
319.5107000000
319.5247000000
319.5386000000
319.5525000000
319.5665000000
319.5807000000
319.5947000000
319.6091000000
319.6224000000
319.6364000000
319.6507000000
319.6646000000
319.6781000000
319.6922000000
319.7061000000
319.7198000000
319.7339000000
319.7478000000
319.7618000000
319.7756000000
319.7890000000
319.8020000000
319.8161000000
319.8302000000
319.8438000000
319.8573000000
319.8713000000
319.8851000000
319.8990000000
319.9125000000
319.9266000000
319.9406000000
319.9547000000
319.9680000000
319.9820000000
319.9959000000
320.0105000000
320.0239000000
320.0380000000
320.0516000000
320.0657000000
320.0795000000
320.0934000000
320.1072000000
320.1213000000
320.1354000000
320.1493000000
320.1636000000
320.1775000000
320.1909000000
320.2052000000
320.2187000000
320.2323000000
320.2461000000
320.2600000000
320.2736000000
320.2874000000
320.3012000000
320.3155000000
320.3298000000
320.3428000000
320.3570000000
320.3709000000
320.3848000000
320.3992000000
320.4134000000
320.4278000000
320.4417000000
320.4560000000
320.4705000000
320.4838000000
320.4984000000
320.5124000000
320.5269000000
320.5406000000
320.5544000000
320.5686000000
320.5828000000
320.5969000000
320.6107000000
320.6239000000
320.6378000000
320.6516000000
320.6655000000
320.6792000000
320.6938000000
320.7078000000
320.7214000000
320.7350000000
320.7488000000
320.7637000000
320.7780000000
320.7920000000
320.8059000000
320.8202000000
320.8343000000
320.8484000000
320.8622000000
320.8757000000
320.8900000000
320.9046000000
320.9185000000
320.9319000000
320.9463000000
320.9595000000
320.9735000000
320.9872000000
321.0010000000
321.0153000000
321.0292000000
321.0431000000
321.0574000000
321.0712000000
321.0852000000
321.0992000000
321.1140000000
321.1282000000
321.1422000000
321.1564000000
321.1704000000
321.1845000000
321.1986000000
321.2128000000
321.2265000000
321.2404000000
321.2537000000
321.2678000000
321.2819000000
321.2956000000
321.3096000000
321.3235000000
321.3376000000
321.3515000000
321.3657000000
321.3797000000
321.3932000000
321.4071000000
321.4212000000
321.4352000000
321.4492000000
321.4633000000
321.4779000000
321.4922000000
321.5063000000
321.5207000000
321.5346000000
321.5481000000
321.5622000000
321.5765000000
321.5905000000
321.6043000000
321.6186000000
321.6334000000
321.6483000000
321.6622000000
321.6756000000
321.6900000000
321.7041000000
321.7182000000
321.7323000000
321.7470000000
321.7612000000
321.7746000000
321.7887000000
321.8032000000
321.8173000000
321.8309000000
321.8449000000
321.8586000000
321.8727000000
321.8872000000
321.9017000000
321.9167000000
321.9310000000
321.9444000000
321.9587000000
321.9729000000
321.9874000000
322.0019000000
322.0162000000
322.0298000000
322.0438000000
322.0579000000
322.0718000000
322.0857000000
322.1002000000
322.1147000000
322.1294000000
322.1433000000
322.1578000000
322.1720000000
322.1861000000
322.2001000000
322.2145000000
322.2280000000
322.2421000000
322.2561000000
322.2690000000
322.2827000000
322.2972000000
322.3115000000
322.3263000000
322.3402000000
322.3542000000
322.3686000000
322.3822000000
322.3964000000
322.4104000000
322.4253000000
322.4398000000
322.4540000000
322.4684000000
322.4829000000
322.4970000000
322.5114000000
322.5261000000
322.5399000000
322.5538000000
322.5683000000
322.5826000000
322.5964000000
322.6105000000
322.6245000000
322.6386000000
322.6524000000
322.6661000000
322.6802000000
322.6943000000
322.7085000000
322.7229000000
322.7371000000
322.7514000000
322.7658000000
322.7799000000
322.7939000000
322.8076000000
322.8218000000
322.8363000000
322.8503000000
322.8647000000
322.8792000000
322.8930000000
322.9069000000
322.9216000000
322.9359000000
322.9498000000
322.9640000000
322.9784000000
322.9920000000
323.0060000000
323.0208000000
323.0352000000
323.0494000000
323.0628000000
323.0766000000
323.0907000000
323.1045000000
323.1194000000
323.1338000000
323.1479000000
323.1627000000
323.1764000000
323.1904000000
323.2051000000
323.2231000000
323.2376000000
323.2517000000
323.2653000000
323.2797000000
323.2942000000
323.3079000000
323.3226000000
323.3369000000
323.3509000000
323.3657000000
323.3802000000
323.3941000000
323.4080000000
323.4222000000
323.4373000000
323.4519000000
323.4662000000
323.4811000000
323.4960000000
323.5103000000
323.5252000000
323.5397000000
323.5533000000
323.5679000000
323.5821000000
323.5966000000
323.6107000000
323.6252000000
323.6391000000
323.6529000000
323.6667000000
323.6816000000
323.6963000000
323.7099000000
323.7242000000
323.7377000000
323.7520000000
323.7662000000
323.7804000000
323.7944000000
323.8089000000
323.8239000000
323.8383000000
323.8531000000
323.8671000000
323.8814000000
323.8961000000
323.9109000000
323.9257000000
323.9394000000
323.9534000000
323.9677000000
323.9819000000
323.9970000000
324.0116000000
324.0256000000
324.0396000000
324.0542000000
324.0691000000
324.0830000000
324.0971000000
324.1118000000
324.1266000000
324.1410000000
324.1556000000
324.1704000000
324.1849000000
324.1997000000
324.2144000000
324.2294000000
324.2450000000
324.2598000000
324.2745000000
324.2888000000
324.3038000000
324.3191000000
324.3339000000
324.3489000000
324.3633000000
324.3784000000
324.3929000000
324.4083000000
324.4232000000
324.4380000000
324.4531000000
324.4673000000
324.4825000000
324.4973000000
324.5116000000
324.5256000000
324.5394000000
324.5540000000
324.5687000000
324.5834000000
324.5985000000
324.6131000000
324.6282000000
324.6432000000
324.6581000000
324.6724000000
324.6878000000
324.7022000000
324.7170000000
324.7316000000
324.7458000000
324.7599000000
324.7741000000
324.7887000000
324.8033000000
324.8180000000
324.8322000000
324.8468000000
324.8606000000
324.8744000000
324.8889000000
324.9033000000
324.9191000000
324.9335000000
324.9476000000
324.9619000000
324.9767000000
324.9912000000
325.0062000000
325.0215000000
325.0360000000
325.0508000000
325.0650000000
325.0808000000
325.0959000000
325.1101000000
325.1243000000
325.1394000000
325.1533000000
325.1672000000
325.1817000000
325.1974000000
325.2119000000
325.2267000000
325.2415000000
325.2569000000
325.2707000000
325.2851000000
325.2996000000
325.3148000000
325.3293000000
325.3445000000
325.3593000000
325.3734000000
325.3882000000
325.4023000000
325.4177000000
325.4327000000
325.4476000000
325.4626000000
325.4782000000
325.4925000000
325.5070000000
325.5223000000
325.5375000000
325.5519000000
325.5661000000
325.5814000000
325.5969000000
325.6116000000
325.6264000000
325.6413000000
325.6561000000
325.6710000000
325.6855000000
325.6999000000
325.7145000000
325.7299000000
325.7450000000
325.7605000000
325.7748000000
325.7894000000
325.8035000000
325.8188000000
325.8338000000
325.8487000000
325.8633000000
325.8781000000
325.8919000000
325.9059000000
325.9207000000
325.9353000000
325.9496000000
325.9648000000
325.9796000000
325.9940000000
326.0091000000
326.0244000000
326.0393000000
326.0538000000
326.0688000000
326.0836000000
326.0983000000
326.1133000000
326.1283000000
326.1436000000
326.1583000000
326.1732000000
326.1878000000
326.2025000000
326.2175000000
326.2320000000
326.2472000000
326.2623000000
326.2774000000
326.2921000000
326.3066000000
326.3220000000
326.3394000000
326.3539000000
326.3685000000
326.3838000000
326.3989000000
326.4131000000
326.4283000000
326.4428000000
326.4581000000
326.4734000000
326.4885000000
326.5031000000
326.5181000000
326.5328000000
326.5479000000
326.5626000000
326.5767000000
326.5915000000
326.6056000000
326.6206000000
326.6358000000
326.6502000000
326.6655000000
326.6804000000
326.6952000000
326.7094000000
326.7249000000
326.7401000000
326.7546000000
326.7699000000
326.7841000000
326.7992000000
326.8139000000
326.8291000000
326.8437000000
326.8586000000
326.8733000000
326.8876000000
326.9019000000
326.9162000000
326.9316000000
326.9464000000
326.9615000000
326.9762000000
326.9908000000
327.0052000000
327.0205000000
327.0356000000
327.0502000000
327.0653000000
327.0797000000
327.0947000000
327.1096000000
327.1252000000
327.1394000000
327.1547000000
327.1691000000
327.1844000000
327.1992000000
327.2139000000
327.2287000000
327.2435000000
327.2585000000
327.2731000000
327.2885000000
327.3033000000
327.3190000000
327.3337000000
327.3484000000
327.3630000000
327.3774000000
327.3922000000
327.4070000000
327.4222000000
327.4372000000
327.4518000000
327.4669000000
327.4817000000
327.4967000000
327.5122000000
327.5273000000
327.5425000000
327.5574000000
327.5717000000
327.5866000000
327.6018000000
327.6172000000
327.6320000000
327.6476000000
327.6621000000
327.6766000000
327.6910000000
327.7057000000
327.7211000000
327.7361000000
327.7509000000
327.7661000000
327.7815000000
327.7967000000
327.8116000000
327.8270000000
327.8415000000
327.8564000000
327.8713000000
327.8861000000
327.9019000000
327.9166000000
327.9312000000
327.9464000000
327.9612000000
327.9761000000
327.9911000000
328.0060000000
328.0213000000
328.0366000000
328.0520000000
328.0674000000
328.0823000000
328.0972000000
328.1123000000
328.1274000000
328.1422000000
328.1580000000
328.1724000000
328.1868000000
328.2028000000
328.2175000000
328.2325000000
328.2480000000
328.2630000000
328.2783000000
328.2928000000
328.3078000000
328.3232000000
328.3383000000
328.3536000000
328.3682000000
328.3834000000
328.3990000000
328.4144000000
328.4296000000
328.4455000000
328.4601000000
328.4754000000
328.4903000000
328.5047000000
328.5195000000
328.5342000000
328.5496000000
328.5641000000
328.5793000000
328.5948000000
328.6103000000
328.6257000000
328.6408000000
328.6562000000
328.6709000000
328.6857000000
328.7009000000
328.7158000000
328.7317000000
328.7466000000
328.7617000000
328.7769000000
328.7925000000
328.8074000000
328.8228000000
328.8376000000
328.8526000000
328.8681000000
328.8837000000
328.8988000000
328.9139000000
328.9293000000
328.9434000000
328.9582000000
328.9734000000
328.9886000000
329.0034000000
329.0182000000
329.0336000000
329.0485000000
329.0633000000
329.0782000000
329.0935000000
329.1082000000
329.1231000000
329.1378000000
329.1532000000
329.1681000000
329.1828000000
329.1982000000
329.2136000000
329.2292000000
329.2454000000
329.2608000000
329.2765000000
329.2914000000
329.3062000000
329.3214000000
329.3372000000
329.3521000000
329.3674000000
329.3831000000
329.3991000000
329.4141000000
329.4307000000
329.4463000000
329.4612000000
329.4765000000
329.4924000000
329.5082000000
329.5234000000
329.5394000000
329.5539000000
329.5689000000
329.5841000000
329.5999000000
329.6150000000
329.6306000000
329.6461000000
329.6618000000
329.6766000000
329.6916000000
329.7061000000
329.7215000000
329.7361000000
329.7511000000
329.7664000000
329.7812000000
329.7961000000
329.8112000000
329.8267000000
329.8423000000
329.8569000000
329.8720000000
329.8870000000
329.9018000000
329.9171000000
329.9323000000
329.9479000000
329.9634000000
329.9791000000
329.9937000000
330.0090000000
330.0248000000
330.0396000000
330.0543000000
330.0690000000
330.0841000000
330.0999000000
330.1150000000
330.1314000000
330.1469000000
330.1628000000
330.1791000000
330.1944000000
330.2090000000
330.2240000000
330.2396000000
330.2548000000
330.2701000000
330.2852000000
330.3007000000
330.3156000000
330.3314000000
330.3464000000
330.3611000000
330.3760000000
330.3917000000
330.4074000000
330.4233000000
330.4393000000
330.4537000000
330.4705000000
330.4857000000
330.5014000000
330.5167000000
330.5322000000
330.5479000000
330.5626000000
330.5779000000
330.5930000000
330.6085000000
330.6238000000
330.6394000000
330.6546000000
330.6696000000
330.6846000000
330.6999000000
330.7145000000
330.7297000000
330.7456000000
330.7608000000
330.7758000000
330.7912000000
330.8062000000
330.8216000000
330.8368000000
330.8518000000
330.8672000000
330.8828000000
330.8983000000
330.9141000000
330.9295000000
330.9452000000
330.9603000000
330.9761000000
330.9911000000
331.0059000000
331.0211000000
331.0363000000
331.0511000000
331.0662000000
331.0823000000
331.0981000000
331.1137000000
331.1294000000
331.1454000000
331.1612000000
331.1768000000
331.1915000000
331.2066000000
331.2213000000
331.2365000000
331.2512000000
331.2661000000
331.2811000000
331.2960000000
331.3111000000
331.3273000000
331.3431000000
331.3591000000
331.3738000000
331.3897000000
331.4048000000
331.4206000000
331.4360000000
331.4517000000
331.4680000000
331.4836000000
331.4987000000
331.5138000000
331.5293000000
331.5453000000
331.5612000000
331.5772000000
331.5923000000
331.6080000000
331.6230000000
331.6385000000
331.6537000000
331.6695000000
331.6848000000
331.7009000000
331.7165000000
331.7325000000
331.7481000000
331.7632000000
331.7791000000
331.7941000000
331.8099000000
331.8252000000
331.8400000000
331.8558000000
331.8711000000
331.8861000000
331.9013000000
331.9160000000
331.9318000000
331.9473000000
331.9625000000
331.9795000000
331.9943000000
332.0092000000
332.0241000000
332.0401000000
332.0551000000
332.0700000000
332.0852000000
332.1008000000
332.1167000000
332.1326000000
332.1485000000
332.1648000000
332.1801000000
332.1952000000
332.2111000000
332.2269000000
332.2418000000
332.2567000000
332.2715000000
332.2874000000
332.3028000000
332.3185000000
332.3337000000
332.3492000000
332.3654000000
332.3808000000
332.3966000000
332.4123000000
332.4280000000
332.4435000000
332.4592000000
332.4745000000
332.4900000000
332.5047000000
332.5201000000
332.5357000000
332.5513000000
332.5668000000
332.5830000000
332.5984000000
332.6139000000
332.6289000000
332.6437000000
332.6590000000
332.6744000000
332.6901000000
332.7054000000
332.7215000000
332.7370000000
332.7524000000
332.7683000000
332.7842000000
332.7999000000
332.8150000000
332.8309000000
332.8463000000
332.8614000000
332.8763000000
332.8912000000
332.9070000000
332.9227000000
332.9381000000
332.9532000000
332.9684000000
332.9850000000
333.0013000000
333.0167000000
333.0324000000
333.0480000000
333.0632000000
333.0794000000
333.0948000000
333.1100000000
333.1258000000
333.1420000000
333.1574000000
333.1729000000
333.1886000000
333.2043000000
333.2202000000
333.2358000000
333.2510000000
333.2662000000
333.2825000000
333.2977000000
333.3136000000
333.3295000000
333.3455000000
333.3612000000
333.3774000000
333.3932000000
333.4091000000
333.4246000000
333.4406000000
