1953.9040000000
1953.9220000000
1953.9330000000
1953.9530000000
1953.9760000000
1953.9990000000
1954.0210000000
1954.0420000000
1954.0650000000
1954.0870000000
1954.1090000000
1954.1320000000
1954.1530000000
1954.1760000000
1954.1980000000
1954.2210000000
1954.2420000000
1954.2650000000
1954.2870000000
1954.3090000000
1954.3320000000
1954.3530000000
1954.3760000000
1954.3980000000
1954.4200000000
1954.4420000000
1954.4650000000
1954.4870000000
1954.5090000000
1954.5320000000
1954.5530000000
1954.5760000000
1954.5990000000
1954.6200000000
1954.6420000000
1954.6650000000
1954.6870000000
1954.7090000000
1954.7320000000
1954.7530000000
1954.7760000000
1954.7980000000
1954.8200000000
1954.8320000000
1954.8530000000
1954.8750000000
1954.8980000000
1954.9200000000
1954.9420000000
1954.9650000000
1954.9860000000
1955.0090000000
1955.0320000000
1955.0530000000
1955.0750000000
1955.0980000000
1955.1200000000
1955.1420000000
1955.1650000000
1955.1870000000
1955.2090000000
1955.2320000000
1955.2530000000
1955.2750000000
1955.2980000000
1955.3200000000
1955.3420000000
1955.3650000000
1955.3860000000
1955.4080000000
1955.4310000000
1955.4530000000
1955.4750000000
1955.4980000000
1955.5200000000
1955.5420000000
1955.5650000000
1955.5860000000
1955.6090000000
1955.6320000000
1955.6530000000
1955.6750000000
1955.6980000000
1955.7190000000
1955.7420000000
1955.7650000000
1955.7860000000
1955.7980000000
1955.8190000000
1955.8410000000
1955.8640000000
1955.8860000000
1955.9080000000
1955.9310000000
1955.9530000000
1955.9750000000
1955.9980000000
1956.0200000000
1956.0420000000
1956.0640000000
1956.0860000000
1956.1090000000
1956.1310000000
1956.1530000000
1956.1750000000
1956.1970000000
1956.2190000000
1956.2420000000
1956.2650000000
1956.2860000000
1956.3080000000
1956.3310000000
1956.3530000000
1956.3750000000
1956.3980000000
1956.4190000000
1956.4420000000
1956.4640000000
1956.4860000000
1956.5080000000
1956.5320000000
1956.5520000000
1956.5750000000
1956.5970000000
1956.6200000000
1956.6410000000
1956.6640000000
1956.6860000000
1956.7080000000
1956.7300000000
1956.7520000000
1956.7740000000
1956.7970000000
1956.8190000000
1956.8310000000
1956.8520000000
1956.8740000000
1956.8970000000
1956.9190000000
1956.9410000000
1956.9630000000
1956.9850000000
1957.0080000000
1957.0310000000
1957.0530000000
1957.0740000000
1957.0970000000
1957.1190000000
1957.1420000000
1957.1640000000
1957.1850000000
1957.2080000000
1957.2300000000
1957.2520000000
1957.2740000000
1957.2960000000
1957.3190000000
1957.3410000000
1957.3630000000
1957.3860000000
1957.4080000000
1957.4300000000
1957.4520000000
1957.4740000000
1957.4960000000
1957.5190000000
1957.5410000000
1957.5630000000
1957.5850000000
1957.6070000000
1957.6300000000
1957.6520000000
1957.6740000000
1957.6960000000
1957.7180000000
1957.7410000000
1957.7630000000
1957.7850000000
1957.7960000000
1957.8180000000
1957.8410000000
1957.8630000000
1957.8850000000
1957.9070000000
1957.9300000000
1957.9520000000
1957.9740000000
1957.9960000000
1958.0190000000
1958.0410000000
1958.0630000000
1958.0850000000
1958.1070000000
1958.1290000000
1958.1520000000
1958.1740000000
1958.1960000000
1958.2180000000
1958.2400000000
1958.2630000000
1958.2850000000
1958.3070000000
1958.3290000000
1958.3520000000
1958.3740000000
1958.3960000000
1958.4180000000
1958.4400000000
1958.4620000000
1958.4850000000
1958.5070000000
1958.5290000000
1958.5520000000
1958.5740000000
1958.5960000000
1958.6180000000
1958.6400000000
1958.6620000000
1958.6850000000
1958.7070000000
1958.7290000000
1958.7510000000
1958.7740000000
1958.7960000000
1958.8070000000
1958.8290000000
1958.8510000000
1958.8730000000
1958.8960000000
1958.9180000000
1958.9400000000
1958.9620000000
1958.9840000000
1959.0070000000
1959.0290000000
1959.0520000000
1959.0730000000
1959.0960000000
1959.1180000000
1959.1400000000
1959.1620000000
1959.1840000000
1959.2070000000
1959.2290000000
1959.2510000000
1959.2730000000
1959.2960000000
1959.3180000000
1959.3400000000
1959.3620000000
1959.3840000000
1959.4060000000
1959.4290000000
1959.4510000000
1959.4730000000
1959.4950000000
1959.5180000000
1959.5400000000
1959.5620000000
1959.5840000000
1959.6060000000
1959.6290000000
1959.6510000000
1959.6730000000
1959.6960000000
1959.7180000000
1959.7400000000
1959.7620000000
1959.7840000000
1959.7950000000
1959.8170000000
1959.8400000000
1959.8620000000
1959.8840000000
1959.9060000000
1959.9280000000
1959.9510000000
1959.9730000000
1959.9950000000
1960.0170000000
1960.0400000000
1960.0620000000
1960.0840000000
1960.1060000000
1960.1290000000
1960.1500000000
1960.1730000000
1960.1950000000
1960.2170000000
1960.2400000000
1960.2620000000
1960.2840000000
1960.3060000000
1960.3280000000
1960.3510000000
1960.3730000000
1960.3950000000
1960.4170000000
1960.4400000000
1960.4620000000
1960.4840000000
1960.5060000000
1960.5280000000
1960.5510000000
1960.5730000000
1960.5950000000
1960.6170000000
1960.6400000000
1960.6610000000
1960.6840000000
1960.7060000000
1960.7280000000
1960.7500000000
1960.7730000000
1960.7950000000
1960.8060000000
1960.8280000000
1960.8500000000
1960.8720000000
1960.8950000000
1960.9170000000
1960.9390000000
1960.9610000000
1960.9830000000
1961.0060000000
1961.0280000000
1961.0500000000
1961.0720000000
1961.0950000000
1961.1170000000
1961.1390000000
1961.1610000000
1961.1830000000
1961.2050000000
1961.2280000000
1961.2500000000
1961.2720000000
1961.2950000000
1961.3170000000
1961.3390000000
1961.3610000000
1961.3830000000
1961.4060000000
1961.4280000000
1961.4500000000
1961.4730000000
1961.4940000000
1961.5170000000
1961.5390000000
1961.5610000000
1961.5840000000
1961.6050000000
1961.6280000000
1961.6500000000
1961.6720000000
1961.6940000000
1961.7170000000
1961.7390000000
1961.7610000000
1961.7830000000
1961.7940000000
1961.8170000000
1961.8380000000
1961.8610000000
1961.8830000000
1961.9050000000
1961.9280000000
1961.9500000000
1961.9720000000
1961.9940000000
1962.0170000000
1962.0380000000
1962.0610000000
1962.0830000000
1962.1050000000
1962.1280000000
1962.1500000000
1962.1720000000
1962.1940000000
1962.2170000000
1962.2380000000
1962.2610000000
1962.2830000000
1962.3050000000
1962.3270000000
1962.3500000000
1962.3720000000
1962.3940000000
1962.4170000000
1962.4380000000
1962.4610000000
1962.4830000000
1962.5050000000
1962.5270000000
1962.5500000000
1962.5720000000
1962.5940000000
1962.6170000000
1962.6380000000
1962.6610000000
1962.6830000000
1962.7050000000
1962.7270000000
1962.7500000000
1962.7720000000
1962.7940000000
1962.8050000000
1962.8270000000
1962.8500000000
1962.8710000000
1962.8940000000
1962.9170000000
1962.9380000000
1962.9600000000
1962.9830000000
1963.0050000000
1963.0270000000
1963.0500000000
1963.0710000000
1963.0930000000
1963.1170000000
1963.1380000000
1963.1600000000
1963.1830000000
1963.2050000000
1963.2270000000
1963.2500000000
1963.2710000000
1963.2930000000
1963.3160000000
1963.3380000000
1963.3600000000
1963.3830000000
1963.4050000000
1963.4270000000
1963.4500000000
1963.4710000000
1963.4930000000
1963.5160000000
1963.5370000000
1963.5600000000
1963.5830000000
1963.6040000000
1963.6270000000
1963.6490000000
1963.6710000000
1963.6930000000
1963.7150000000
1963.7380000000
1963.7600000000
1963.7820000000
1963.8040000000
1963.8160000000
1963.8380000000
1963.8600000000
1963.8830000000
1963.9040000000
1963.9260000000
1963.9490000000
1963.9710000000
1963.9930000000
1964.0150000000
1964.0380000000
1964.0590000000
1964.0820000000
1964.1040000000
1964.1260000000
1964.1480000000
1964.1710000000
1964.1930000000
1964.2150000000
1964.2380000000
1964.2590000000
1964.2820000000
1964.3040000000
1964.3260000000
1964.3480000000
1964.3710000000
1964.3930000000
1964.4150000000
1964.4380000000
1964.4590000000
1964.4810000000
1964.5040000000
1964.5260000000
1964.5480000000
1964.5710000000
1964.5930000000
1964.6150000000
1964.6380000000
1964.6590000000
1964.6810000000
1964.6920000000
1964.7140000000
1964.7260000000
1964.7480000000
1964.7710000000
1964.7920000000
1964.8150000000
1964.8380000000
1964.8590000000
1964.8810000000
1964.9040000000
1964.9260000000
1964.9480000000
1964.9710000000
1964.9920000000
1965.0150000000
1965.0380000000
1965.0590000000
1965.0810000000
1965.1040000000
1965.1250000000
1965.1480000000
1965.1590000000
1965.1700000000
1965.1920000000
1965.2140000000
1965.2250000000
1965.2370000000
1965.2590000000
1965.2810000000
1965.2920000000
1965.3140000000
1965.3250000000
1965.3370000000
1965.3590000000
1965.3810000000
1965.4040000000
1965.4250000000
1965.4470000000
1965.4580000000
1965.4690000000
1965.4810000000
1965.5030000000
1965.5260000000
1965.5480000000
1965.5700000000
1965.5920000000
1965.6150000000
1965.6370000000
1965.6590000000
1965.6810000000
1965.7040000000
1965.7250000000
1965.7470000000
1965.7700000000
1965.7920000000
1965.8140000000
1965.8370000000
1965.8590000000
1965.8810000000
1965.9040000000
1965.9250000000
1965.9470000000
1965.9700000000
1965.9920000000
1966.0140000000
1966.0360000000
1966.0600000000
1966.0810000000
1966.1030000000
1966.1250000000
1966.1470000000
1966.1710000000
1966.1920000000
1966.2140000000
1966.2370000000
1966.2590000000
1966.2810000000
1966.3040000000
1966.3260000000
1966.3480000000
1966.3700000000
1966.3920000000
1966.4140000000
1966.4370000000
1966.4590000000
1966.4810000000
1966.4920000000
1966.5140000000
1966.5370000000
1966.5590000000
1966.5810000000
1966.6040000000
1966.6250000000
1966.6470000000
1966.6700000000
1966.6920000000
1966.7140000000
1966.7370000000
1966.7590000000
1966.7810000000
1966.8030000000
1966.8250000000
1966.8480000000
1966.8700000000
1966.8920000000
1966.9140000000
1966.9370000000
1966.9590000000
1966.9800000000
1967.0030000000
1967.0250000000
1967.0470000000
1967.0700000000
1967.0920000000
1967.1140000000
1967.1370000000
1967.1580000000
1967.1800000000
1967.2030000000
1967.2250000000
1967.2470000000
1967.2710000000
1967.2910000000
1967.3140000000
1967.3370000000
1967.3580000000
1967.3800000000
1967.4030000000
1967.4250000000
1967.4470000000
1967.4700000000
1967.4920000000
1967.5030000000
1967.5250000000
1967.5470000000
1967.5690000000
1967.5910000000
1967.6130000000
1967.6360000000
1967.6580000000
1967.6800000000
1967.7030000000
1967.7240000000
1967.7470000000
1967.7700000000
1967.7910000000
1967.8130000000
1967.8360000000
1967.8580000000
1967.8810000000
1967.9030000000
1967.9240000000
1967.9470000000
1967.9700000000
1967.9910000000
1968.0130000000
1968.0360000000
1968.0580000000
1968.0800000000
1968.1030000000
1968.1240000000
1968.1470000000
1968.1700000000
1968.1910000000
1968.2140000000
1968.2360000000
1968.2580000000
1968.2800000000
1968.3030000000
1968.3240000000
1968.3470000000
1968.3690000000
1968.3910000000
1968.4130000000
1968.4360000000
1968.4580000000
1968.4800000000
1968.4910000000
1968.5130000000
1968.5360000000
1968.5570000000
1968.5800000000
1968.6030000000
1968.6240000000
1968.6460000000
1968.6690000000
1968.6910000000
1968.7130000000
1968.7350000000
1968.7570000000
1968.7800000000
1968.8020000000
1968.8240000000
1968.8460000000
1968.8690000000
1968.8910000000
1968.9130000000
1968.9360000000
1968.9570000000
1968.9790000000
1969.0020000000
1969.0240000000
1969.0460000000
1969.0690000000
1969.0900000000
1969.1130000000
1969.1350000000
1969.1580000000
1969.1790000000
1969.2020000000
1969.2240000000
1969.2460000000
1969.2680000000
1969.2900000000
1969.3130000000
1969.3350000000
1969.3570000000
1969.3800000000
1969.4020000000
1969.4240000000
1969.4460000000
1969.4690000000
1969.4900000000
1969.5020000000
1969.5230000000
1969.5460000000
1969.5680000000
1969.5900000000
1969.6120000000
1969.6350000000
1969.6570000000
1969.6790000000
1969.7010000000
1969.7230000000
1969.7460000000
1969.7690000000
1969.7900000000
1969.8120000000
1969.8350000000
1969.8560000000
1969.8790000000
1969.9020000000
1969.9240000000
1969.9460000000
1969.9680000000
1969.9900000000
1970.0120000000
1970.0340000000
1970.0570000000
1970.0790000000
1970.1010000000
1970.1230000000
1970.1460000000
1970.1680000000
1970.1900000000
1970.2120000000
1970.2340000000
1970.2570000000
1970.2790000000
1970.3010000000
1970.3230000000
1970.3450000000
1970.3680000000
1970.3900000000
1970.4120000000
1970.4340000000
1970.4570000000
1970.4790000000
1970.4900000000
1970.5120000000
1970.5350000000
1970.5570000000
1970.5790000000
1970.6010000000
1970.6230000000
1970.6460000000
1970.6680000000
1970.6900000000
1970.7120000000
1970.7340000000
1970.7560000000
1970.7790000000
1970.8010000000
1970.8230000000
1970.8450000000
1970.8680000000
1970.8900000000
1970.9120000000
1970.9340000000
1970.9560000000
1970.9790000000
1971.0010000000
1971.0230000000
1971.0450000000
1971.0680000000
1971.0890000000
1971.1110000000
1971.1340000000
1971.1560000000
1971.1780000000
1971.2000000000
1971.2110000000
1971.2340000000
1971.2450000000
1971.2670000000
1971.2900000000
1971.3120000000
1971.3340000000
1971.3560000000
1971.3780000000
1971.4000000000
1971.4220000000
1971.4450000000
1971.4670000000
1971.4890000000
1971.5120000000
1971.5340000000
1971.5560000000
1971.5780000000
1971.6000000000
1971.6230000000
1971.6450000000
1971.6680000000
1971.6890000000
1971.7120000000
1971.7340000000
1971.7560000000
1971.7780000000
1971.8000000000
1971.8220000000
1971.8450000000
1971.8670000000
1971.8890000000
1971.9120000000
1971.9330000000
1971.9560000000
1971.9780000000
1972.0000000000
1972.0230000000
1972.0440000000
1972.0670000000
1972.0890000000
1972.1110000000
1972.1330000000
1972.1560000000
1972.1790000000
1972.2000000000
1972.2220000000
1972.2450000000
1972.2550000000
1972.2780000000
1972.3000000000
1972.3220000000
1972.3440000000
1972.3670000000
1972.3890000000
1972.4110000000
1972.4330000000
1972.4560000000
1972.4780000000
1972.5000000000
1972.5220000000
1972.5440000000
1972.5670000000
1972.5890000000
1972.6110000000
1972.6330000000
1972.6560000000
1972.6780000000
1972.7000000000
1972.7220000000
1972.7440000000
1972.7660000000
1972.7890000000
1972.8110000000
1972.8330000000
1972.8550000000
1972.8780000000
1972.9000000000
1972.9220000000
1972.9440000000
1972.9660000000
1972.9890000000
1973.0110000000
1973.0330000000
1973.0550000000
1973.0780000000
1973.1000000000
1973.1220000000
1973.1440000000
1973.1660000000
1973.1890000000
1973.2110000000
1973.2330000000
1973.2440000000
1973.2660000000
1973.2890000000
1973.3110000000
1973.3330000000
1973.3550000000
1973.3780000000
1973.4000000000
1973.4220000000
1973.4440000000
1973.4660000000
1973.4880000000
1973.5110000000
1973.5330000000
1973.5550000000
1973.5780000000
1973.5990000000
1973.6220000000
1973.6440000000
1973.6660000000
1973.6880000000
1973.7110000000
1973.7330000000
1973.7550000000
1973.7770000000
1973.7990000000
1973.8210000000
1973.8440000000
1973.8660000000
1973.8880000000
1973.9110000000
1973.9330000000
1973.9550000000
1973.9780000000
1974.0000000000
1974.0220000000
1974.0430000000
1974.0660000000
1974.0880000000
1974.1100000000
1974.1330000000
1974.1540000000
1974.1770000000
1974.2000000000
1974.2210000000
1974.2330000000
1974.2550000000
1974.2770000000
1974.3000000000
1974.3210000000
1974.3440000000
1974.3660000000
1974.3880000000
1974.4100000000
1974.4330000000
1974.4540000000
1974.4770000000
1974.5000000000
1974.5210000000
1974.5430000000
1974.5660000000
1974.5880000000
1974.6100000000
1974.6330000000
1974.6540000000
1974.6770000000
1974.7000000000
1974.7210000000
1974.7430000000
1974.7660000000
1974.7880000000
1974.8100000000
1974.8330000000
1974.8540000000
1974.8760000000
1974.8990000000
1974.9210000000
1974.9430000000
1974.9660000000
1974.9870000000
1975.0100000000
1975.0320000000
1975.0540000000
1975.0760000000
1975.0990000000
1975.1210000000
1975.1440000000
1975.1660000000
1975.1870000000
1975.2100000000
1975.2320000000
1975.2430000000
1975.2650000000
1975.2870000000
1975.3100000000
1975.3320000000
1975.3540000000
1975.3650000000
1975.3870000000
1975.4100000000
1975.4320000000
1975.4540000000
1975.4760000000
1975.5000000000
1975.5200000000
1975.5430000000
1975.5660000000
1975.5870000000
1975.6100000000
1975.6320000000
1975.6540000000
1975.6760000000
1975.6980000000
1975.7200000000
1975.7430000000
1975.7650000000
1975.7870000000
1975.8090000000
1975.8310000000
1975.8540000000
1975.8650000000
1975.8870000000
1975.9090000000
1975.9310000000
1975.9530000000
1975.9760000000
1975.9980000000
1976.0200000000
1976.0430000000
1976.0650000000
1976.0870000000
1976.1090000000
1976.1310000000
1976.1530000000
1976.1760000000
1976.1980000000
1976.2200000000
1976.2430000000
1976.2640000000
1976.2870000000
1976.3100000000
1976.3310000000
1976.3540000000
1976.3760000000
1976.3980000000
1976.4200000000
1976.4430000000
1976.4650000000
1976.4870000000
1976.5100000000
1976.5310000000
1976.5530000000
1976.5760000000
1976.5980000000
1976.6200000000
1976.6430000000
1976.6640000000
1976.6870000000
1976.7100000000
1976.7310000000
1976.7530000000
1976.7760000000
1976.7980000000
1976.8200000000
1976.8430000000
1976.8640000000
1976.8760000000
1976.8980000000
1976.9200000000
1976.9430000000
1976.9640000000
1976.9870000000
1977.0090000000
1977.0310000000
1977.0530000000
1977.0760000000
1977.0970000000
1977.1200000000
1977.1420000000
1977.1640000000
1977.1870000000
1977.2080000000
1977.2320000000
1977.2530000000
1977.2760000000
1977.2970000000
1977.3200000000
1977.3420000000
1977.3640000000
1977.3870000000
1977.4090000000
1977.4310000000
1977.4530000000
1977.4760000000
1977.4980000000
1977.5200000000
1977.5420000000
1977.5640000000
1977.5860000000
1977.6090000000
1977.6300000000
1977.6530000000
1977.6760000000
1977.6970000000
1977.7200000000
1977.7420000000
1977.7640000000
1977.7860000000
1977.8090000000
1977.8300000000
1977.8420000000
1977.8640000000
1977.8860000000
1977.9090000000
1977.9300000000
1977.9530000000
1977.9750000000
1977.9970000000
1978.0190000000
1978.0420000000
1978.0640000000
1978.0860000000
1978.1090000000
1978.1300000000
1978.1520000000
1978.1750000000
1978.1970000000
1978.2190000000
1978.2420000000
1978.2640000000
1978.2860000000
1978.3090000000
1978.3300000000
1978.3530000000
1978.3750000000
1978.3970000000
1978.4190000000
1978.4420000000
1978.4640000000
1978.4860000000
1978.5090000000
1978.5300000000
1978.5520000000
1978.5750000000
1978.5970000000
1978.6190000000
1978.6420000000
1978.6640000000
1978.6860000000
1978.7090000000
1978.7300000000
1978.7530000000
1978.7750000000
1978.7970000000
1978.8190000000
1978.8410000000
1978.8520000000
1978.8750000000
1978.8970000000
1978.9190000000
1978.9420000000
1978.9630000000
1978.9860000000
1979.0080000000
1979.0300000000
1979.0520000000
1979.0750000000
1979.0970000000
1979.1190000000
1979.1420000000
1979.1630000000
1979.1860000000
1979.2080000000
1979.2300000000
1979.2520000000
1979.2750000000
1979.2970000000
1979.3190000000
1979.3420000000
1979.3630000000
1979.3850000000
1979.4080000000
1979.4300000000
1979.4520000000
1979.4740000000
1979.4970000000
1979.5180000000
1979.5420000000
1979.5630000000
1979.5850000000
1979.6080000000
1979.6300000000
1979.6520000000
1979.6750000000
1979.6960000000
1979.7190000000
1979.7410000000
1979.7630000000
1979.7850000000
1979.8080000000
1979.8290000000
1979.8410000000
1979.8630000000
1979.8850000000
1979.9080000000
1979.9290000000
1979.9520000000
1979.9740000000
1979.9960000000
1980.0180000000
1980.0410000000
1980.0630000000
1980.0850000000
1980.1080000000
1980.1290000000
1980.1510000000
1980.1740000000
1980.1960000000
1980.2180000000
1980.2410000000
1980.2620000000
1980.2850000000
1980.3070000000
1980.3300000000
1980.3520000000
1980.3740000000
1980.3960000000
1980.4180000000
1980.4400000000
1980.4630000000
1980.4850000000
1980.5070000000
1980.5290000000
1980.5510000000
1980.5740000000
1980.5960000000
1980.6180000000
1980.6400000000
1980.6620000000
1980.6850000000
1980.7070000000
1980.7290000000
1980.7510000000
1980.7740000000
1980.7960000000
1980.8180000000
1980.8400000000
1980.8510000000
1980.8730000000
1980.8960000000
1980.9180000000
1980.9400000000
1980.9620000000
1980.9840000000
1981.0070000000
1981.0290000000
1981.0510000000
1981.0730000000
1981.0960000000
1981.1180000000
1981.1410000000
1981.1620000000
1981.1840000000
1981.2070000000
1981.2290000000
1981.2510000000
1981.2740000000
1981.2960000000
1981.3180000000
1981.3400000000
1981.3630000000
1981.3840000000
1981.4070000000
1981.4290000000
1981.4520000000
1981.4730000000
1981.4950000000
1981.5180000000
1981.5400000000
1981.5620000000
1981.5840000000
1981.6060000000
1981.6290000000
1981.6510000000
1981.6730000000
1981.6950000000
1981.7170000000
1981.7400000000
1981.7620000000
1981.7840000000
1981.8060000000
1981.8290000000
1981.8510000000
1981.8620000000
1981.8840000000
1981.9060000000
1981.9280000000
1981.9510000000
1981.9730000000
1981.9950000000
1982.0170000000
1982.0400000000
1982.0620000000
1982.0840000000
1982.1060000000
1982.1290000000
1982.1510000000
1982.1730000000
1982.1950000000
1982.2170000000
1982.2390000000
1982.2610000000
1982.2840000000
1982.3060000000
1982.3280000000
1982.3500000000
1982.3730000000
1982.3950000000
1982.4170000000
1982.4390000000
1982.4620000000
1982.4840000000
1982.5060000000
1982.5280000000
1982.5500000000
1982.5730000000
1982.5950000000
1982.6170000000
1982.6390000000
1982.6610000000
1982.6840000000
1982.7060000000
1982.7280000000
1982.7500000000
1982.7730000000
1982.7950000000
1982.8170000000
1982.8390000000
1982.8500000000
1982.8740000000
1982.8950000000
1982.9170000000
1982.9390000000
1982.9610000000
1982.9840000000
1983.0060000000
1983.0280000000
1983.0500000000
1983.0720000000
1983.0940000000
1983.1170000000
1983.1390000000
1983.1610000000
1983.1840000000
1983.2060000000
1983.2280000000
1983.2500000000
1983.2720000000
1983.2940000000
1983.3170000000
1983.3390000000
1983.3610000000
1983.3830000000
1983.4060000000
1983.4270000000
1983.4500000000
1983.4720000000
1983.4940000000
1983.5170000000
1983.5390000000
1983.5610000000
1983.5830000000
1983.6050000000
1983.6280000000
1983.6500000000
1983.6720000000
1983.6940000000
1983.7170000000
1983.7390000000
1983.7610000000
1983.7830000000
1983.8050000000
1983.8280000000
1983.8390000000
1983.8610000000
1983.8830000000
1983.9060000000
1983.9280000000
1983.9500000000
1983.9720000000
1983.9940000000
1984.0160000000
1984.0380000000
1984.0610000000
1984.0830000000
1984.1060000000
1984.1270000000
1984.1490000000
1984.1720000000
1984.1940000000
1984.2170000000
1984.2390000000
1984.2610000000
1984.2830000000
1984.3050000000
1984.3270000000
1984.3500000000
1984.3720000000
1984.3940000000
1984.4160000000
1984.4380000000
1984.4600000000
1984.4830000000
1984.5050000000
1984.5270000000
1984.5490000000
1984.5720000000
1984.5940000000
1984.6160000000
1984.6390000000
1984.6600000000
1984.6820000000
1984.7050000000
1984.7270000000
1984.7490000000
1984.7710000000
1984.7940000000
1984.8160000000
1984.8380000000
1984.8500000000
1984.8710000000
1984.8940000000
1984.9160000000
1984.9380000000
1984.9600000000
1984.9830000000
1985.0050000000
1985.0270000000
1985.0490000000
1985.0710000000
1985.0940000000
1985.1160000000
1985.1380000000
1985.1600000000
1985.1830000000
1985.2050000000
1985.2280000000
1985.2500000000
1985.2710000000
1985.2930000000
1985.3160000000
1985.3380000000
1985.3600000000
1985.3820000000
1985.4050000000
1985.4270000000
1985.4490000000
1985.4710000000
1985.4930000000
1985.5160000000
1985.5380000000
1985.5600000000
1985.5820000000
1985.6050000000
1985.6260000000
1985.6490000000
1985.6710000000
1985.6930000000
1985.7160000000
1985.7370000000
1985.7600000000
1985.7820000000
1985.8050000000
1985.8270000000
1985.8370000000
1985.8600000000
1985.8820000000
1985.9040000000
1985.9260000000
1985.9490000000
1985.9710000000
1985.9930000000
1986.0160000000
1986.0370000000
1986.0600000000
1986.0820000000
1986.1040000000
1986.1260000000
1986.1490000000
1986.1710000000
1986.1930000000
1986.2160000000
1986.2370000000
1986.2600000000
1986.2830000000
1986.3040000000
1986.3260000000
1986.3490000000
1986.3710000000
1986.3930000000
1986.4160000000
1986.4370000000
1986.4600000000
1986.4820000000
1986.5040000000
1986.5260000000
1986.5490000000
1986.5710000000
1986.5930000000
1986.6170000000
1986.6370000000
1986.6600000000
1986.6820000000
1986.7040000000
1986.7260000000
1986.7490000000
1986.7710000000
1986.7930000000
1986.8150000000
1986.8370000000
1986.8490000000
1986.8700000000
1986.8920000000
1986.9160000000
1986.9370000000
1986.9590000000
1986.9820000000
1987.0040000000
1987.0260000000
1987.0480000000
1987.0700000000
1987.0930000000
1987.1160000000
1987.1370000000
1987.1590000000
1987.1820000000
1987.2040000000
1987.2260000000
1987.2490000000
1987.2700000000
1987.2920000000
1987.3150000000
1987.3370000000
1987.3590000000
1987.3820000000
1987.4030000000
1987.4260000000
1987.4480000000
1987.4700000000
1987.4920000000
1987.5160000000
1987.5370000000
1987.5590000000
1987.5820000000
1987.6030000000
1987.6250000000
1987.6480000000
1987.6700000000
1987.6920000000
1987.7150000000
1987.7360000000
1987.7590000000
1987.7820000000
1987.8030000000
1987.8150000000
1987.8360000000
1987.8590000000
1987.8820000000
1987.9030000000
1987.9260000000
1987.9480000000
1987.9700000000
1987.9920000000
1988.0150000000
1988.0360000000
1988.0580000000
1988.0700000000
1988.0920000000
1988.1150000000
1988.1360000000
1988.1580000000
1988.1810000000
1988.2030000000
1988.2250000000
1988.2480000000
1988.2700000000
1988.2920000000
1988.3150000000
1988.3360000000
1988.3590000000
1988.3820000000
1988.4030000000
1988.4250000000
1988.4480000000
1988.4690000000
1988.4920000000
1988.5150000000
1988.5360000000
1988.5580000000
1988.5820000000
1988.6030000000
1988.6250000000
1988.6480000000
1988.6690000000
1988.6920000000
1988.7150000000
1988.7360000000
1988.7580000000
1988.7820000000
1988.8030000000
1988.8250000000
1988.8480000000
1988.8690000000
1988.8920000000
1988.9150000000
1988.9360000000
1988.9590000000
1988.9820000000
1989.0030000000
1989.0250000000
1989.0480000000
1989.0690000000
1989.0820000000
1989.1030000000
1989.1250000000
1989.1480000000
1989.1690000000
1989.1910000000
1989.2150000000
1989.2360000000
1989.2580000000
1989.2810000000
1989.3030000000
1989.3250000000
1989.3480000000
1989.3690000000
1989.3920000000
1989.4150000000
1989.4360000000
1989.4580000000
1989.4810000000
1989.5020000000
1989.5250000000
1989.5480000000
1989.5690000000
1989.5910000000
1989.6140000000
1989.6360000000
1989.6580000000
1989.6810000000
1989.7020000000
1989.7250000000
1989.7480000000
1989.7690000000
1989.7910000000
1989.8150000000
1989.8360000000
1989.8580000000
1989.8820000000
1989.9020000000
1989.9250000000
1989.9480000000
1989.9690000000
1989.9910000000
1990.0140000000
1990.0360000000
1990.0580000000
1990.0690000000
1990.0910000000
1990.1140000000
1990.1350000000
1990.1580000000
1990.1820000000
1990.2020000000
1990.2240000000
1990.2480000000
1990.2690000000
1990.2910000000
1990.3140000000
1990.3360000000
1990.3580000000
1990.3810000000
1990.4020000000
1990.4250000000
1990.4480000000
1990.4690000000
1990.4910000000
1990.5140000000
1990.5360000000
1990.5580000000
1990.5800000000
1990.6020000000
1990.6250000000
1990.6470000000
1990.6690000000
1990.6910000000
1990.7140000000
1990.7350000000
1990.7570000000
1990.7810000000
1990.8020000000
1990.8240000000
1990.8470000000
1990.8690000000
1990.8910000000
1990.9130000000
1990.9350000000
1990.9570000000
1990.9800000000
1991.0020000000
1991.0250000000
1991.0470000000
1991.0680000000
1991.0800000000
1991.1020000000
1991.1240000000
1991.1460000000
1991.1680000000
1991.1910000000
1991.2140000000
1991.2350000000
1991.2570000000
1991.2810000000
1991.3020000000
1991.3240000000
1991.3470000000
1991.3690000000
1991.3910000000
1991.4130000000
1991.4350000000
1991.4570000000
1991.4800000000
1991.5020000000
1991.5240000000
1991.5470000000
1991.5680000000
1991.5900000000
1991.6130000000
1991.6350000000
1991.6570000000
1991.6790000000
1991.7010000000
1991.7240000000
1991.7470000000
1991.7680000000
1991.7900000000
1991.8130000000
1991.8350000000
1991.8570000000
1991.8800000000
1991.9010000000
1991.9230000000
1991.9460000000
1991.9680000000
1991.9910000000
1992.0120000000
1992.0350000000
1992.0570000000
1992.0680000000
1992.0900000000
1992.1130000000
1992.1350000000
1992.1570000000
1992.1790000000
1992.2010000000
1992.2230000000
1992.2460000000
1992.2680000000
1992.2900000000
1992.3120000000
1992.3340000000
1992.3560000000
1992.3790000000
1992.4010000000
1992.4230000000
1992.4450000000
1992.4680000000
1992.4900000000
1992.5130000000
1992.5350000000
1992.5570000000
1992.5790000000
1992.6010000000
1992.6230000000
1992.6460000000
1992.6670000000
1992.6900000000
1992.7120000000
1992.7340000000
1992.7560000000
1992.7790000000
1992.8010000000
1992.8230000000
1992.8450000000
1992.8670000000
1992.8900000000
1992.9130000000
1992.9340000000
1992.9560000000
1992.9790000000
1993.0020000000
1993.0230000000
1993.0460000000
1993.0670000000
1993.0780000000
1993.1000000000
1993.1230000000
1993.1450000000
1993.1670000000
1993.1900000000
1993.2120000000
1993.2340000000
1993.2560000000
1993.2780000000
1993.3010000000
1993.3230000000
1993.3450000000
1993.3670000000
1993.3890000000
1993.4120000000
1993.4340000000
1993.4560000000
1993.4780000000
1993.5000000000
1993.5230000000
1993.5450000000
1993.5670000000
1993.5890000000
1993.6110000000
1993.6340000000
1993.6560000000
1993.6780000000
1993.7010000000
1993.7220000000
1993.7450000000
1993.7670000000
1993.7890000000
1993.8110000000
1993.8340000000
1993.8560000000
1993.8780000000
1993.9000000000
