(-0.5983820000, -0.6576866000, 0.4575658000)
(-0.5972552000, -0.6596656000, 0.4561802000)
(-0.5995626000, -0.6586697000, 0.4545975000)
(-0.5996988000, -0.6563603000, 0.4577555000)
(-0.5975847000, -0.6587779000, 0.4570464000)
(-0.6071832000, -0.6499355000, 0.4570392000)
(-0.5875965000, -0.6517361000, 0.4795494000)
(-0.6020361000, -0.6488904000, 0.4652748000)
(-0.6017885000, -0.6456769000, 0.4700250000)
(-0.5946741000, -0.6470847000, 0.4771146000)
(-0.5916849000, -0.6478823000, 0.4797395000)
(-0.5962666000, -0.6474047000, 0.4746724000)
(-0.5989660000, -0.6450841000, 0.4744368000)
(-0.6149011000, -0.6389925000, 0.4621417000)
(-0.6175424000, -0.6359114000, 0.4628640000)
(-0.6164139000, -0.6383576000, 0.4609964000)
(-0.6150849000, -0.6410679000, 0.4590219000)
(-0.5815386000, -0.6414092000, 0.5003829000)
(-0.5804461000, -0.6445597000, 0.4975897000)
(-0.5887524000, -0.6351674000, 0.4999129000)
(-0.5975785000, -0.6406682000, 0.4821223000)
(-0.5852626000, -0.6170690000, 0.5260015000)
(-0.5842824000, -0.6215945000, 0.5217323000)
(-0.5859182000, -0.6124393000, 0.5306696000)
(-0.5879839000, -0.6166528000, 0.5234483000)
(-0.6288687000, -0.6020592000, 0.4919632000)
(-0.6384919000, -0.5937643000, 0.4896643000)
(-0.6318309000, -0.5981788000, 0.4929103000)
(-0.6169137000, -0.6049898000, 0.5033890000)
(-0.6193506000, -0.6036649000, 0.5019680000)
(-0.6288973000, -0.5984733000, 0.4963004000)
(-0.6244087000, -0.6013238000, 0.4984951000)
(-0.6242129000, -0.5979885000, 0.5027326000)
(-0.6351177000, -0.5939761000, 0.4937759000)
(-0.6236159000, -0.6021801000, 0.4984620000)
(-0.6171411000, -0.6034846000, 0.5049022000)
(-0.6183524000, -0.6035843000, 0.5033091000)
(-0.6256746000, -0.5976093000, 0.5013838000)
(-0.6199670000, -0.6039571000, 0.5008599000)
(-0.5924395000, -0.6143131000, 0.5211697000)
(-0.5886826000, -0.6172848000, 0.5219254000)
(-0.5899017000, -0.6167980000, 0.5211129000)
(-0.6227150000, -0.5946566000, 0.5085196000)
(-0.6251885000, -0.5954004000, 0.5046145000)
(-0.6243566000, -0.5929089000, 0.5085362000)
(-0.6203453000, -0.5961444000, 0.5096889000)
(-0.6201439000, -0.5971498000, 0.5087293000)
(-0.6277631000, -0.5921259000, 0.5052698000)
(-0.6300944000, -0.5907939000, 0.5039129000)
(-0.6300555000, -0.5912356000, 0.5034323000)
(-0.6098206000, -0.6089536000, 0.5072228000)
(-0.5914978000, -0.6132595000, 0.5234873000)
(-0.5902085000, -0.6140224000, 0.5240252000)
(-0.6395608000, -0.5982190000, 0.4827702000)
(-0.6413010000, -0.5966229000, 0.4824513000)
(-0.6313897000, -0.6095823000, 0.4793133000)
(-0.5972372000, -0.5997484000, 0.5325353000)
(-0.6015883000, -0.5966141000, 0.5311648000)
(-0.6338634000, -0.6053451000, 0.4814028000)
(-0.6343138000, -0.6042395000, 0.4822066000)
(-0.6350735000, -0.6028107000, 0.4829796000)
(-0.6353073000, -0.6031835000, 0.4822094000)
(-0.6236147000, -0.6037062000, 0.4966089000)
(-0.6242030000, -0.6042573000, 0.4951921000)
(-0.6245604000, -0.6044065000, 0.4945662000)
(-0.6243209000, -0.6055039000, 0.4935318000)
(-0.6276132000, -0.6009410000, 0.4949321000)
(-0.6283923000, -0.6012905000, 0.4935210000)
(-0.6286354000, -0.6019032000, 0.4924457000)
(-0.6276773000, -0.6026565000, 0.4927540000)
(-0.6266875000, -0.6035663000, 0.4929117000)
(-0.6247297000, -0.6056541000, 0.4928310000)
(-0.6253219000, -0.6061509000, 0.4914640000)
(-0.6271169000, -0.6065704000, 0.4886672000)
(-0.6268153000, -0.6072214000, 0.4882406000)
(-0.6227075000, -0.6079227000, 0.4925978000)
(-0.6228191000, -0.6077896000, 0.4926062000)
(-0.6248659000, -0.6072218000, 0.4907094000)
(-0.6265708000, -0.6074775000, 0.4882291000)
(-0.6274103000, -0.6063679000, 0.4885293000)
(-0.6331346000, -0.6039661000, 0.4840967000)
(-0.6369644000, -0.6006550000, 0.4831896000)
(-0.6343437000, -0.6013703000, 0.4857416000)
(-0.6435547000, -0.5991824000, 0.4762268000)
(-0.6442155000, -0.5981236000, 0.4766672000)
(-0.6455095000, -0.5961491000, 0.4773872000)
(-0.6482911000, -0.5942484000, 0.4760011000)
(-0.5991655000, -0.6172642000, 0.5098780000)
(-0.6266788000, -0.6050133000, 0.4911254000)
(-0.6297898000, -0.6029143000, 0.4897420000)
(-0.6311258000, -0.6025755000, 0.4884275000)
(-0.6326861000, -0.6014108000, 0.4878363000)
(-0.6325048000, -0.6016073000, 0.4878332000)
(-0.6317086000, -0.6018336000, 0.4885804000)
(-0.6363481000, -0.6011471000, 0.4833792000)
(-0.6363955000, -0.5957639000, 0.4899376000)
(-0.6374344000, -0.5956070000, 0.4887743000)
(-0.6027550000, -0.6018211000, 0.5239086000)
(-0.6244557000, -0.5980651000, 0.5023432000)
(-0.6253374000, -0.5984355000, 0.5008128000)
(-0.6251842000, -0.5987384000, 0.5006360000)
(-0.6247128000, -0.6001549000, 0.4995215000)
(-0.6245793000, -0.6002426000, 0.4995921000)
(-0.6246572000, -0.5998341000, 0.4999989000)
(-0.6247417000, -0.6000981000, 0.4995523000)
(-0.6247087000, -0.6001243000, 0.4995646000)
(-0.6246751000, -0.6006077000, 0.4990366000)
(-0.6383790000, -0.5977206000, 0.4849738000)
(-0.6383562000, -0.5974054000, 0.4853725000)
(-0.6370575000, -0.5982503000, 0.4860476000)
(-0.6364534000, -0.5989607000, 0.4859461000)
(-0.5916786000, -0.6254158000, 0.5086765000)
(-0.6033132000, -0.6215100000, 0.4997357000)
(-0.6267096000, -0.6090589000, 0.4860593000)
(-0.6275138000, -0.6085699000, 0.4856514000)
(-0.6275275000, -0.6078865000, 0.4864793000)
(-0.6258873000, -0.6094682000, 0.4866325000)
(-0.6250122000, -0.6093682000, 0.4878752000)
(-0.6133412000, -0.6064094000, 0.5060345000)
(-0.5889674000, -0.6198579000, 0.5185383000)
(-0.5868317000, -0.6194503000, 0.5214400000)
(-0.6083039000, -0.6094830000, 0.5084225000)
(-0.6174324000, -0.6042812000, 0.5035834000)
(-0.6184469000, -0.6031221000, 0.5037343000)
(-0.6235201000, -0.5994201000, 0.5018972000)
(-0.6201979000, -0.5979252000, 0.5077669000)
(-0.6181309000, -0.5997801000, 0.5081103000)
(-0.6520898000, -0.5867721000, 0.4800630000)
(-0.6528451000, -0.5864038000, 0.4794770000)
(-0.6520612000, -0.5864457000, 0.4805035000)
(-0.6391564000, -0.5937959000, 0.4887280000)
(-0.6313568000, -0.5988170000, 0.4927533000)
(-0.6318718000, -0.5989755000, 0.4918717000)
(-0.6327141000, -0.5984560000, 0.4914332000)
(-0.6323861000, -0.5984727000, 0.4918336000)
(-0.6325359000, -0.5992591000, 0.4906980000)
(-0.6343166000, -0.5990316000, 0.4886622000)
(-0.6373240000, -0.5983575000, 0.4855659000)
(-0.6380733000, -0.5977060000, 0.4853829000)
(-0.6326138000, -0.6003067000, 0.4892968000)
(-0.6225418000, -0.6130815000, 0.4863807000)
(-0.6289311000, -0.6104333000, 0.4814471000)
(-0.6242138000, -0.6145162000, 0.4823960000)
(-0.6167173000, -0.6171995000, 0.4885757000)
(-0.6117542000, -0.6201228000, 0.4911005000)
(-0.6175632000, -0.6173857000, 0.4872786000)
(-0.6189053000, -0.6165483000, 0.4866330000)
(-0.6193936000, -0.6163717000, 0.4862280000)
(-0.6203654000, -0.6153752000, 0.4862622000)
(-0.6218510000, -0.6147245000, 0.4851674000)
(-0.6221539000, -0.6140360000, 0.4856655000)
(-0.6226119000, -0.6139979000, 0.4851101000)
(-0.6215951000, -0.6143497000, 0.4859667000)
(-0.6235781000, -0.6135091000, 0.4844888000)
(-0.6263037000, -0.6109228000, 0.4842409000)
(-0.6261168000, -0.6106182000, 0.4848790000)
(-0.6242249000, -0.6115791000, 0.4860995000)
(-0.6243521000, -0.6118693000, 0.4855663000)
(-0.6238322000, -0.6122736000, 0.4857315000)
(-0.6248984000, -0.6120032000, 0.4847029000)
(-0.6288776000, -0.6089969000, 0.4833514000)
(-0.6341298000, -0.6053964000, 0.4810093000)
(-0.6365767000, -0.6046396000, 0.4786958000)
(-0.6304913000, -0.6084234000, 0.4819490000)
(-0.6249223000, -0.6117370000, 0.4849945000)
(-0.6263012000, -0.6103137000, 0.4850250000)
(-0.6277331000, -0.6092719000, 0.4844767000)
(-0.6425547000, -0.6019028000, 0.4741623000)
(-0.6429462000, -0.6015629000, 0.4740631000)
(-0.6421758000, -0.6027011000, 0.4736401000)
(-0.6301672000, -0.6067970000, 0.4844157000)
(-0.6326273000, -0.6067559000, 0.4812503000)
(-0.6310708000, -0.6082909000, 0.4813738000)
(-0.6279274000, -0.6087257000, 0.4849237000)
(-0.6227269000, -0.6131101000, 0.4861080000)
(-0.6219965000, -0.6131115000, 0.4870279000)
(-0.6226158000, -0.6127121000, 0.4867314000)
(-0.6234182000, -0.6129777000, 0.4853800000)
(-0.6237981000, -0.6129189000, 0.4849720000)
(-0.6238659000, -0.6128988000, 0.4849116000)
(-0.6246039000, -0.6115245000, 0.4856915000)
(-0.6231881000, -0.6132235000, 0.4853782000)
(-0.6234110000, -0.6133624000, 0.4849046000)
(-0.6242781000, -0.6129279000, 0.4843395000)
(-0.6246488000, -0.6132820000, 0.4834166000)
(-0.6251785000, -0.6130183000, 0.4830667000)
(-0.6252365000, -0.6133258000, 0.4826047000)
(-0.6253978000, -0.6135175000, 0.4821292000)
(-0.6254666000, -0.6136752000, 0.4818629000)
(-0.6227570000, -0.6163152000, 0.4819873000)
(-0.6349996000, -0.6162041000, 0.4658732000)
(-0.6259963000, -0.6306932000, 0.4586421000)
(0.0000000000, 0.0000000000, 0.0000000000)
(0.0000000000, 0.0000000000, 0.0000000000)
(0.0000000000, 0.0000000000, 0.0000000000)
(0.0000000000, 0.0000000000, 0.0000000000)
(0.0000000000, 0.0000000000, 0.0000000000)
(0.0000000000, 0.0000000000, 0.0000000000)
(-0.5712403000, -0.6617979000, 0.4854707000)
(-0.6164796000, -0.6378557000, 0.4615927000)
(-0.6164869000, -0.6362553000, 0.4638062000)
(-0.6130536000, -0.6398441000, 0.4634254000)
(-0.6154366000, -0.6353476000, 0.4664208000)
(-0.6173755000, -0.6334994000, 0.4663710000)
(-0.6353713000, -0.6231645000, 0.4560275000)
(-0.6293232000, -0.6236367000, 0.4636964000)
(-0.6275245000, -0.6254252000, 0.4637320000)
(-0.6280391000, -0.6252963000, 0.4632113000)
(-0.6229541000, -0.6262337000, 0.4687709000)
(-0.6218817000, -0.6260865000, 0.4703729000)
(-0.6209549000, -0.6254885000, 0.4724152000)
(-0.6183964000, -0.6262789000, 0.4747029000)
(-0.6165346000, -0.6274120000, 0.4756176000)
(-0.6147814000, -0.6277891000, 0.4773880000)
(-0.6121702000, -0.6282567000, 0.4801176000)
(-0.6074923000, -0.6315720000, 0.4817108000)
(-0.6101867000, -0.6314873000, 0.4784229000)
(-0.6225916000, -0.6315182000, 0.4621044000)
(-0.6222200000, -0.6348085000, 0.4580720000)
(-0.6227418000, -0.6342587000, 0.4581258000)
(-0.6228939000, -0.6337599000, 0.4586169000)
(-0.6139837000, -0.6330733000, 0.4714127000)
(-0.6162171000, -0.6281975000, 0.4749938000)
(-0.6226698000, -0.6246609000, 0.4712331000)
(-0.6216460000, -0.6253405000, 0.4716896000)
(-0.6216554000, -0.6250007000, 0.4721110000)
(-0.6187734000, -0.6251673000, 0.4756682000)
(-0.6184114000, -0.6251655000, 0.4761525000)
(-0.6184774000, -0.6250104000, 0.4762751000)
(-0.6180992000, -0.6255802000, 0.4760089000)
(-0.6187886000, -0.6248323000, 0.4760987000)
(-0.6190212000, -0.6242447000, 0.4765514000)
(-0.6194549000, -0.6235979000, 0.4768536000)
(-0.6204186000, -0.6234727000, 0.4757538000)
(-0.6216941000, -0.6242239000, 0.4730993000)
(-0.6303182000, -0.6222715000, 0.4641886000)
(-0.6292606000, -0.6227358000, 0.4649840000)
(-0.6304716000, -0.6198770000, 0.4671567000)
(-0.6122792000, -0.6306496000, 0.4768391000)
(-0.5952821000, -0.6389757000, 0.4871643000)
(-0.5926645000, -0.6385571000, 0.4908801000)
(-0.5922355000, -0.6388511000, 0.4910219000)
(-0.6145990000, -0.6287199000, 0.4764175000)
(-0.6203106000, -0.6263364000, 0.4721376000)
(-0.6196848000, -0.6261865000, 0.4731323000)
(-0.6201236000, -0.6262264000, 0.4725037000)
(-0.6206279000, -0.6250968000, 0.4733452000)
(-0.6310178000, -0.6162089000, 0.4712701000)
(-0.6310810000, -0.6178820000, 0.4689672000)
(-0.6302622000, -0.6181513000, 0.4697154000)
(-0.6290668000, -0.6186719000, 0.4706516000)
(-0.6176801000, -0.6195451000, 0.4843880000)
(-0.6178471000, -0.6193507000, 0.4844256000)
(-0.6181450000, -0.6193254000, 0.4840530000)
(-0.6172110000, -0.6201860000, 0.4841533000)
(-0.6173836000, -0.6199074000, 0.4842863000)
(-0.6179907000, -0.6192657000, 0.4843370000)
(-0.6292219000, -0.6182477000, 0.4709867000)
(-0.6412948000, -0.6132916000, 0.4610977000)
(-0.6441410000, -0.6103889000, 0.4609820000)
(-0.6436731000, -0.6114001000, 0.4602765000)
(-0.6234116000, -0.6210073000, 0.4750834000)
(-0.6276744000, -0.6196119000, 0.4712665000)
(-0.6269640000, -0.6201525000, 0.4714914000)
(-0.6267621000, -0.6199596000, 0.4720361000)
(-0.6415433000, -0.6113962000, 0.4632650000)
(-0.6363013000, -0.6138840000, 0.4671896000)
(-0.6369455000, -0.6130365000, 0.4674100000)
(-0.6381706000, -0.6127236000, 0.4661564000)
(-0.6278460000, -0.6162185000, 0.4754814000)
(-0.6384059000, -0.6122852000, 0.4664049000)
(-0.6383705000, -0.6124594000, 0.4662283000)
(-0.6406943000, -0.6143597000, 0.4604954000)
(-0.6504288000, -0.6111543000, 0.4510059000)
(-0.6498147000, -0.6109807000, 0.4521279000)
(-0.6516281000, -0.6081887000, 0.4532861000)
(-0.5999660000, -0.6284729000, 0.4950086000)
(-0.5977201000, -0.6279148000, 0.4984286000)
(-0.6525407000, -0.6033239000, 0.4584318000)
(-0.6496079000, -0.6017643000, 0.4646118000)
(-0.6505294000, -0.6016664000, 0.4634477000)
(-0.6510926000, -0.6024331000, 0.4616502000)
(-0.6397983000, -0.6057327000, 0.4730037000)
(-0.6398336000, -0.6048555000, 0.4740677000)
(-0.6391101000, -0.6047475000, 0.4751810000)
(-0.5989088000, -0.6183101000, 0.5089108000)
(-0.6003270000, -0.6186911000, 0.5067745000)
(-0.6028973000, -0.6185064000, 0.5039443000)
(-0.6427690000, -0.6075167000, 0.4666544000)
(-0.6027792000, -0.6174710000, 0.5053275000)
(-0.6025739000, -0.6153893000, 0.5081277000)
(-0.5992639000, -0.6159306000, 0.5113807000)
(-0.5997491000, -0.6154944000, 0.5113171000)
(-0.6008270000, -0.6136318000, 0.5123071000)
(-0.6591250000, -0.5896198000, 0.4667687000)
(-0.6599823000, -0.5879486000, 0.4676643000)
(-0.6619132000, -0.5850691000, 0.4685746000)
(-0.6627100000, -0.5851550000, 0.4673236000)
(-0.6620502000, -0.5861401000, 0.4670121000)
(-0.6625816000, -0.5858660000, 0.4666008000)
(-0.6603490000, -0.5907237000, 0.4636343000)
(-0.6611212000, -0.5911148000, 0.4620618000)
(-0.6242554000, -0.6070936000, 0.4916680000)
(-0.6305323000, -0.6050239000, 0.4861658000)
(-0.6447055000, -0.5991693000, 0.4746962000)
(-0.6535091000, -0.5954177000, 0.4673204000)
(-0.6529163000, -0.5986517000, 0.4639983000)
(-0.6561098000, -0.5935861000, 0.4660062000)
(-0.6533897000, -0.5973459000, 0.4650155000)
(-0.6538880000, -0.5968526000, 0.4649522000)
(-0.6536614000, -0.5969514000, 0.4651439000)
(-0.6538405000, -0.5967864000, 0.4650944000)
(-0.6538056000, -0.5954611000, 0.4668417000)
(-0.6533278000, -0.5954722000, 0.4675097000)
(-0.6454782000, -0.5958638000, 0.4778068000)
(-0.6458278000, -0.5948547000, 0.4785926000)
(-0.6450867000, -0.5929112000, 0.4819623000)
(-0.6423182000, -0.5935525000, 0.4848863000)
(-0.6567330000, -0.5888138000, 0.4711542000)
(-0.6568752000, -0.5884538000, 0.4714119000)
(-0.6572129000, -0.5871208000, 0.4725985000)
(-0.6512201000, -0.5900409000, 0.4772448000)
(-0.6522647000, -0.5872619000, 0.4792342000)
(-0.6534349000, -0.5865700000, 0.4784912000)
(-0.6401821000, -0.5935863000, 0.4876573000)
(-0.6406809000, -0.5931306000, 0.4875643000)
(-0.6383065000, -0.5953395000, 0.4879785000)
(-0.6387268000, -0.5986430000, 0.4833452000)
(-0.5920253000, -0.6295154000, 0.5031867000)
(-0.5934930000, -0.6292467000, 0.5017967000)
(-0.5928059000, -0.6283372000, 0.5037352000)
(-0.5932857000, -0.6294540000, 0.5017806000)
(-0.6089390000, -0.6212373000, 0.4931800000)
(-0.6378679000, -0.6057866000, 0.4755460000)
(-0.6389740000, -0.6066138000, 0.4729799000)
(-0.6242647000, -0.6153719000, 0.4812572000)
(-0.6437834000, -0.6067303000, 0.4662707000)
(-0.6400709000, -0.6130371000, 0.4631129000)
(-0.6395640000, -0.6140293000, 0.4625156000)
(-0.6403328000, -0.6129071000, 0.4629149000)
(-0.6267690000, -0.6176021000, 0.4751028000)
(-0.6306626000, -0.6188099000, 0.4683206000)
(-0.6342502000, -0.6183196000, 0.4641126000)
(-0.6244424000, -0.6207063000, 0.4741053000)
(-0.5880690000, -0.6334812000, 0.5028442000)
(-0.5890239000, -0.6333874000, 0.5018409000)
(-0.5884805000, -0.6333522000, 0.5025352000)
(-0.6327582000, -0.6187805000, 0.4655121000)
(-0.6343763000, -0.6182838000, 0.4639772000)
(-0.5872414000, -0.6335360000, 0.5037580000)
(-0.5904828000, -0.6287004000, 0.5060096000)
(-0.5897197000, -0.6324040000, 0.5022714000)
(-0.6233900000, -0.6131733000, 0.4851803000)
(-0.6169953000, -0.6181254000, 0.4870440000)
(-0.6143085000, -0.6210955000, 0.4866568000)
(-0.6397510000, -0.6099005000, 0.4676806000)
(-0.6322319000, -0.6307867000, 0.4498555000)
(0.0000000000, 0.0000000000, 0.0000000000)
(0.0000000000, 0.0000000000, 0.0000000000)
(0.0000000000, 0.0000000000, 0.0000000000)
(0.0000000000, 0.0000000000, 0.0000000000)
(0.0000000000, 0.0000000000, 0.0000000000)
(0.0000000000, 0.0000000000, 0.0000000000)
(0.0000000000, 0.0000000000, 0.0000000000)
(0.0000000000, 0.0000000000, 0.0000000000)
(0.0000000000, 0.0000000000, 0.0000000000)
(0.0000000000, 0.0000000000, 0.0000000000)
(-0.6647371000, -0.6113379000, 0.4293877000)
(-0.6875901000, -0.5919792000, 0.4204208000)
(-0.6861204000, -0.5950338000, 0.4185058000)
(-0.6198431000, -0.6094574000, 0.4943038000)
(-0.6502713000, -0.6021093000, 0.4632373000)
(-0.6447919000, -0.6026339000, 0.4701748000)
(-0.6568301000, -0.6044444000, 0.4507987000)
(-0.6779228000, -0.6031564000, 0.4202461000)
(-0.6815785000, -0.5944948000, 0.4266113000)
(-0.6194033000, -0.6107011000, 0.4933098000)
(-0.6199976000, -0.6094799000, 0.4940830000)
(-0.6124853000, -0.6241171000, 0.4851108000)
(-0.6523583000, -0.6184380000, 0.4381061000)
(-0.6531993000, -0.6173528000, 0.4384063000)
(-0.6510565000, -0.6210942000, 0.4362766000)
(-0.6501776000, -0.6231728000, 0.4346453000)
(-0.6491682000, -0.6218618000, 0.4380139000)
(-0.6450802000, -0.6315256000, 0.4301687000)
(-0.6523086000, -0.6255056000, 0.4280505000)
(-0.6481104000, -0.6282223000, 0.4304375000)
(-0.6574915000, -0.6163620000, 0.4333406000)
(-0.6527925000, -0.6222946000, 0.4319741000)
(-0.6347476000, -0.6273968000, 0.4510486000)
(-0.6319329000, -0.6277102000, 0.4545667000)
(-0.6159700000, -0.6375869000, 0.4626486000)
(-0.6365294000, -0.6283291000, 0.4472483000)
(-0.6463884000, -0.6245401000, 0.4382967000)
(-0.6361904000, -0.6303828000, 0.4448194000)
(-0.6222062000, -0.6326168000, 0.4611362000)
(-0.6145723000, -0.6343333000, 0.4689429000)
(-0.6335409000, -0.6269385000, 0.4533697000)
(-0.6505080000, -0.6176806000, 0.4419082000)
(-0.6419609000, -0.6218186000, 0.4485698000)
(-0.6445124000, -0.6178846000, 0.4503459000)
(-0.6425956000, -0.6211944000, 0.4485351000)
(-0.6149108000, -0.6292590000, 0.4752941000)
(-0.5918091000, -0.6355093000, 0.4958531000)
(-0.6074042000, -0.6265363000, 0.4883698000)
(-0.6439993000, -0.6185481000, 0.4501468000)
(-0.6441993000, -0.6145231000, 0.4553689000)
(-0.6339062000, -0.6180598000, 0.4649131000)
(-0.6066359000, -0.6251073000, 0.4911346000)
(-0.6074122000, -0.6256845000, 0.4894406000)
(-0.6118557000, -0.6270066000, 0.4821606000)
(-0.6353756000, -0.6170103000, 0.4643211000)
(-0.6335827000, -0.6176122000, 0.4659552000)
(-0.6298170000, -0.6200948000, 0.4677429000)
(-0.6129390000, -0.6233072000, 0.4855697000)
(-0.6152421000, -0.6235780000, 0.4822859000)
(-0.6079291000, -0.6214559000, 0.4941790000)
(-0.6095045000, -0.6222914000, 0.4911795000)
(-0.6105964000, -0.6223254000, 0.4897520000)
(-0.6130030000, -0.6208682000, 0.4886089000)
(-0.6164647000, -0.6198987000, 0.4854624000)
(-0.6278711000, -0.6147367000, 0.4773366000)
(-0.6302328000, -0.6204505000, 0.4667246000)
(-0.6409375000, -0.6112058000, 0.4643356000)
(-0.6380946000, -0.6148456000, 0.4634525000)
(-0.6364734000, -0.6142797000, 0.4664239000)
(-0.6142060000, -0.6255093000, 0.4811064000)
(-0.6135359000, -0.6249772000, 0.4826579000)
(-0.6157511000, -0.6249431000, 0.4798639000)
(-0.6236948000, -0.6220419000, 0.4733464000)
(-0.6229907000, -0.6210634000, 0.4755553000)
(-0.6374592000, -0.6147559000, 0.4644257000)
(-0.6285288000, -0.6192238000, 0.4706312000)
(-0.6293304000, -0.6207013000, 0.4676197000)
(-0.6237503000, -0.6220150000, 0.4733189000)
(-0.6243873000, -0.6221814000, 0.4722326000)
(-0.6346669000, -0.6172515000, 0.4649506000)
(-0.6332182000, -0.6312174000, 0.4478633000)
(-0.6056345000, -0.6424681000, 0.4695034000)
(-0.6099601000, -0.6637288000, 0.4328958000)
(0.0000000000, 0.0000000000, 0.0000000000)
(0.0000000000, 0.0000000000, 0.0000000000)
(0.0000000000, 0.0000000000, 0.0000000000)
(0.0000000000, 0.0000000000, 0.0000000000)
(0.0000000000, 0.0000000000, 0.0000000000)
(0.0000000000, 0.0000000000, 0.0000000000)
(0.0000000000, 0.0000000000, 0.0000000000)
(-0.6468014000, -0.6034599000, 0.4663438000)
(-0.6977600000, -0.5749195000, 0.4273076000)
(-0.6399953000, -0.6024179000, 0.4769552000)
(-0.6645933000, -0.5913694000, 0.4566903000)
(-0.6723213000, -0.5876962000, 0.4500760000)
(-0.6689571000, -0.5893133000, 0.4529805000)
(-0.6658130000, -0.5887425000, 0.4583232000)
(-0.6254341000, -0.6045794000, 0.4932601000)
(-0.6595922000, -0.5805212000, 0.4774183000)
(-0.6142159000, -0.6130366000, 0.4968848000)
(-0.6546390000, -0.5806421000, 0.4840432000)
(-0.6542264000, -0.5773866000, 0.4884734000)
(-0.6543142000, -0.5779691000, 0.4876519000)
(-0.6344768000, -0.5949486000, 0.4934034000)
(-0.6513059000, -0.5802562000, 0.4889597000)
(-0.6516509000, -0.5807323000, 0.4879422000)
(-0.6555920000, -0.5827643000, 0.4801749000)
(-0.6098675000, -0.6193627000, 0.4943913000)
(-0.5893881000, -0.6317952000, 0.5034376000)
(-0.5872127000, -0.6345156000, 0.5025526000)
(-0.6000953000, -0.6250509000, 0.4991843000)
(-0.6056470000, -0.6227161000, 0.4953826000)
(-0.6463070000, -0.6039814000, 0.4663602000)
(-0.6108981000, -0.6174346000, 0.4955521000)
(-0.6193845000, -0.6138564000, 0.4894295000)
(-0.6472328000, -0.6011282000, 0.4687435000)
(-0.6502267000, -0.5989118000, 0.4674325000)
(-0.6528696000, -0.5925243000, 0.4718739000)
(-0.6409379000, -0.6024072000, 0.4756921000)
(-0.6372612000, -0.6016178000, 0.4815859000)
(-0.6330409000, -0.6026767000, 0.4858250000)
(-0.6342634000, -0.6014569000, 0.4857285000)
(-0.6616499000, -0.5932420000, 0.4585376000)
(-0.6655471000, -0.5873047000, 0.4605332000)
(-0.6657171000, -0.5872923000, 0.4603307000)
(-0.6584557000, -0.5847270000, 0.4738428000)
(-0.6617610000, -0.5841038000, 0.4699816000)
(-0.6615361000, -0.5836816000, 0.4708191000)
(-0.6616945000, -0.5824147000, 0.4721552000)
(-0.6631697000, -0.5811459000, 0.4716622000)
(-0.6709484000, -0.5788956000, 0.4633607000)
(-0.6749846000, -0.5728353000, 0.4650290000)
(-0.6759179000, -0.5713549000, 0.4654766000)
(-0.6805187000, -0.5610891000, 0.4712314000)
(-0.6572280000, -0.5757185000, 0.4863994000)
(-0.6602504000, -0.5719065000, 0.4868144000)
(-0.6662918000, -0.5673716000, 0.4838536000)
(-0.6618202000, -0.5706346000, 0.4861628000)
(-0.6548121000, -0.5756919000, 0.4896896000)
(-0.6602432000, -0.5709788000, 0.4879098000)
(-0.6721120000, -0.5685714000, 0.4743247000)
(-0.6623859000, -0.5808445000, 0.4731349000)
(-0.6613787000, -0.5802055000, 0.4753184000)
(-0.6560282000, -0.5893241000, 0.4715086000)
(-0.6519778000, -0.5873185000, 0.4795368000)
(-0.6512250000, -0.5880660000, 0.4796408000)
(-0.6452011000, -0.5970511000, 0.4766976000)
(-0.6468790000, -0.5941231000, 0.4780616000)
(-0.6468685000, -0.5981501000, 0.4730430000)
(-0.6434305000, -0.5998613000, 0.4755422000)
(-0.6452165000, -0.6026011000, 0.4696355000)
(-0.6414246000, -0.6041723000, 0.4727907000)
(-0.6389772000, -0.6097956000, 0.4688694000)
(-0.6385853000, -0.6109586000, 0.4678819000)
(-0.6378174000, -0.6104992000, 0.4695354000)
(-0.6370662000, -0.6158947000, 0.4634614000)
(-0.6234053000, -0.6266563000, 0.4675984000)
(-0.6289388000, -0.6215034000, 0.4670760000)
(-0.6379231000, -0.6186551000, 0.4585944000)
(-0.6398459000, -0.6188229000, 0.4556617000)
(-0.6053466000, -0.6385235000, 0.4752141000)
(-0.6057781000, -0.6386291000, 0.4745237000)
(-0.6075943000, -0.6379091000, 0.4731547000)
(-0.6273373000, -0.6231270000, 0.4670510000)
(-0.6300450000, -0.6198859000, 0.4677213000)
(-0.6326007000, -0.6205126000, 0.4634289000)
(-0.6378645000, -0.6134081000, 0.4656757000)
(-0.6334426000, -0.6159810000, 0.4682839000)
(-0.6293753000, -0.6209063000, 0.4672829000)
(-0.6164098000, -0.6295147000, 0.4730072000)
(-0.6064143000, -0.6418404000, 0.4693451000)
(-0.6102355000, -0.6394921000, 0.4676088000)
(-0.6040606000, -0.6562791000, 0.4520841000)
(0.0000000000, 0.0000000000, 0.0000000000)
(0.0000000000, 0.0000000000, 0.0000000000)
(0.0000000000, 0.0000000000, 0.0000000000)
(0.0000000000, 0.0000000000, 0.0000000000)
(0.0000000000, 0.0000000000, 0.0000000000)
(0.0000000000, 0.0000000000, 0.0000000000)
(0.0000000000, 0.0000000000, 0.0000000000)
(0.0000000000, 0.0000000000, 0.0000000000)
(-0.6459730000, -0.6066675000, 0.4632986000)
(-0.6517497000, -0.6045638000, 0.4579489000)
(-0.6529674000, -0.5950004000, 0.4686067000)
(-0.6584900000, -0.5887730000, 0.4687316000)
(-0.6545971000, -0.5798637000, 0.4850191000)
(-0.6575764000, -0.5796165000, 0.4812712000)
(-0.6530904000, -0.5860624000, 0.4795631000)
(-0.6525414000, -0.5823522000, 0.4848233000)
(-0.6484194000, -0.5859603000, 0.4859911000)
(-0.6398039000, -0.6023511000, 0.4772830000)
(-0.6394910000, -0.6036173000, 0.4761082000)
(-0.6389289000, -0.6047250000, 0.4754679000)
(-0.6345863000, -0.6124593000, 0.4713704000)
(-0.6348860000, -0.6103818000, 0.4736373000)
(-0.6204857000, -0.6287807000, 0.4686487000)
(-0.6152145000, -0.6331341000, 0.4697171000)
(-0.6088863000, -0.6324099000, 0.4788446000)
(-0.6381233000, -0.6237963000, 0.4512786000)
(-0.6218408000, -0.6449791000, 0.4441776000)
(0.0000000000, 0.0000000000, 0.0000000000)
(0.0000000000, 0.0000000000, 0.0000000000)
(0.0000000000, 0.0000000000, 0.0000000000)
(0.0000000000, 0.0000000000, 0.0000000000)
(0.0000000000, 0.0000000000, 0.0000000000)
(0.0000000000, 0.0000000000, 0.0000000000)
(0.0000000000, 0.0000000000, 0.0000000000)
(0.0000000000, 0.0000000000, 0.0000000000)
(-0.6378170000, -0.6135086000, 0.4656096000)
(-0.6673097000, -0.5969083000, 0.4453858000)
(-0.6477141000, -0.6047722000, 0.4633649000)
(-0.6405757000, -0.6102630000, 0.4660685000)
(-0.6616487000, -0.5959086000, 0.4550759000)
(-0.6624349000, -0.5882102000, 0.4638790000)
(-0.6544262000, -0.5921656000, 0.4701570000)
(-0.6532705000, -0.5965502000, 0.4661970000)
(-0.6546937000, -0.5936344000, 0.4679246000)
(-0.6553509000, -0.5933581000, 0.4673459000)
(-0.6475487000, -0.5939161000, 0.4774126000)
(-0.6355640000, -0.6011600000, 0.4844117000)
(-0.6204628000, -0.6137218000, 0.4882296000)
(-0.6172174000, -0.6170003000, 0.4881844000)
(-0.6194126000, -0.6142277000, 0.4889291000)
(-0.6339465000, -0.6027538000, 0.4845536000)
(-0.6318199000, -0.6075079000, 0.4813895000)
(-0.6144823000, -0.6237826000, 0.4830110000)
(-0.6055278000, -0.6290091000, 0.4875162000)
(-0.6045977000, -0.6295973000, 0.4879145000)
(-0.6030085000, -0.6308275000, 0.4882729000)
(-0.6027637000, -0.6316352000, 0.4875378000)
(-0.6022666000, -0.6358660000, 0.4826240000)
(-0.6237673000, -0.6257891000, 0.4682671000)
(-0.6247783000, -0.6234754000, 0.4700277000)
(-0.6240802000, -0.6258810000, 0.4677360000)
(-0.6246751000, -0.6284720000, 0.4634657000)
(-0.6215514000, -0.6321101000, 0.4627072000)
(-0.6225396000, -0.6319975000, 0.4615132000)
(-0.6181557000, -0.6324532000, 0.4667571000)
(-0.6192418000, -0.6327029000, 0.4649824000)
(-0.6132858000, -0.6354395000, 0.4691131000)
(-0.6023827000, -0.6393287000, 0.4778869000)
(-0.6099650000, -0.6360062000, 0.4726690000)
(-0.6097690000, -0.6357957000, 0.4732006000)
(-0.6121419000, -0.6385868000, 0.4663381000)
(-0.6066725000, -0.6374126000, 0.4750259000)
(-0.6143955000, -0.6434903000, 0.4565331000)
(-0.6240929000, -0.6353437000, 0.4547743000)
(-0.6183967000, -0.6388339000, 0.4576696000)
(-0.6197196000, -0.6382980000, 0.4566406000)
(-0.6239706000, -0.6332248000, 0.4578920000)
(-0.6219641000, -0.6344106000, 0.4589764000)
(-0.6246197000, -0.6297204000, 0.4618397000)
(-0.6191956000, -0.6397246000, 0.4553494000)
(-0.6037468000, -0.6411902000, 0.4736418000)
(-0.6063789000, -0.6383125000, 0.4741642000)
(-0.6101667000, -0.6354196000, 0.4732108000)
(-0.6112499000, -0.6370805000, 0.4695660000)
(-0.6117684000, -0.6352361000, 0.4713808000)
(-0.6080596000, -0.6376401000, 0.4729343000)
(-0.6091526000, -0.6362970000, 0.4733263000)
(-0.6143587000, -0.6338147000, 0.4699166000)
(-0.6151626000, -0.6309726000, 0.4726784000)
(-0.6066098000, -0.6371312000, 0.4754632000)
(-0.6125872000, -0.6324754000, 0.4740078000)
(-0.6113164000, -0.6338218000, 0.4738615000)
(-0.6162932000, -0.6287094000, 0.4742244000)
(-0.6119474000, -0.6400487000, 0.4645772000)
(-0.6151160000, -0.6351985000, 0.4670679000)
(-0.5943410000, -0.6545960000, 0.4671710000)
(-0.6032206000, -0.6474543000, 0.4657430000)
(-0.5954905000, -0.6497529000, 0.4724272000)
(-0.5971433000, -0.6435652000, 0.4787637000)
(-0.5965604000, -0.6455460000, 0.4768467000)
(-0.5967469000, -0.6429689000, 0.4800808000)
(-0.5939196000, -0.6447940000, 0.4811228000)
(-0.5944173000, -0.6438711000, 0.4817586000)
(-0.5915982000, -0.6475586000, 0.4802630000)
(-0.5939522000, -0.6461722000, 0.4792227000)
(-0.5939472000, -0.6441541000, 0.4819663000)
(-0.5937917000, -0.6446453000, 0.4814895000)
(-0.5971538000, -0.6464059000, 0.4749164000)
(-0.5916946000, -0.6402714000, 0.4898195000)
(-0.5898865000, -0.6432571000, 0.4881075000)
(-0.5909303000, -0.6414438000, 0.4892066000)
(-0.5888502000, -0.6486256000, 0.4822082000)
(-0.5994306000, -0.6392729000, 0.4816596000)
(-0.6012664000, -0.6330420000, 0.4875651000)
(-0.5995462000, -0.6281486000, 0.4959425000)
(-0.6017290000, -0.6260525000, 0.4959568000)
(-0.6018357000, -0.6341084000, 0.4854836000)
(-0.6055841000, -0.6311168000, 0.4847245000)
(-0.6072793000, -0.6300676000, 0.4839546000)
(-0.6068169000, -0.6290953000, 0.4858053000)
(-0.6009200000, -0.6275395000, 0.4950421000)
(-0.5966291000, -0.6290137000, 0.4983487000)
(-0.6058525000, -0.6353160000, 0.4788460000)
(-0.6205929000, -0.6225618000, 0.4767397000)
(-0.6221890000, -0.6196322000, 0.4784599000)
(-0.6129078000, -0.6237087000, 0.4850858000)
(-0.6146368000, -0.6226038000, 0.4843161000)
(-0.6157842000, -0.6182877000, 0.4883935000)
(-0.6199693000, -0.6170671000, 0.4846185000)
(-0.6249434000, -0.6192883000, 0.4753107000)
(-0.6228238000, -0.6215878000, 0.4750929000)
(-0.6293878000, -0.6152747000, 0.4746461000)
(-0.6083567000, -0.6245791000, 0.4896955000)
(-0.6004931000, -0.6284189000, 0.4944440000)
(-0.6012484000, -0.6292077000, 0.4925283000)
(-0.6018808000, -0.6287850000, 0.4922897000)
(-0.6034299000, -0.6298609000, 0.4890068000)
(-0.6045789000, -0.6300231000, 0.4873937000)
(-0.6034653000, -0.6367186000, 0.4800018000)
(-0.6044083000, -0.6344661000, 0.4817986000)
(-0.6025376000, -0.6343468000, 0.4842991000)
(-0.6482121000, -0.6162007000, 0.4473198000)
(-0.6532242000, -0.6082764000, 0.4508689000)
(-0.6413164000, -0.6181536000, 0.4545002000)
(0.0000000000, 0.0000000000, 0.0000000000)
(0.0000000000, 0.0000000000, 0.0000000000)
(0.0000000000, 0.0000000000, 0.0000000000)
(0.0000000000, 0.0000000000, 0.0000000000)
(0.0000000000, 0.0000000000, 0.0000000000)
(0.0000000000, 0.0000000000, 0.0000000000)
(0.0000000000, 0.0000000000, 0.0000000000)
(-0.6753509000, -0.5454566000, 0.4963602000)
(-0.6605605000, -0.5588760000, 0.5012911000)
(-0.6363921000, -0.5909217000, 0.4957983000)
(-0.6609775000, -0.5502123000, 0.5102459000)
(-0.6556554000, -0.5587990000, 0.5077763000)
(-0.6573126000, -0.5613490000, 0.5028015000)
(-0.6578548000, -0.5561157000, 0.5078688000)
(-0.6613330000, -0.5564649000, 0.5029519000)
(-0.6627488000, -0.5558571000, 0.5017688000)
(-0.6584989000, -0.5636218000, 0.4986808000)
(-0.6430068000, -0.5721799000, 0.5090551000)
(-0.6428224000, -0.5737161000, 0.5075540000)
(-0.6388513000, -0.5760099000, 0.5099751000)
(-0.6325847000, -0.5777016000, 0.5158213000)
(-0.6491138000, -0.5686862000, 0.5052091000)
(-0.6585280000, -0.5650709000, 0.4970115000)
(-0.6561328000, -0.5715786000, 0.4927174000)
(0.0000000000, 0.0000000000, 0.0000000000)
(0.0000000000, 0.0000000000, 0.0000000000)
(0.0000000000, 0.0000000000, 0.0000000000)
(0.0000000000, 0.0000000000, 0.0000000000)
(0.0000000000, 0.0000000000, 0.0000000000)
(0.0000000000, 0.0000000000, 0.0000000000)
(0.0000000000, 0.0000000000, 0.0000000000)
(0.0000000000, 0.0000000000, 0.0000000000)
(0.0000000000, 0.0000000000, 0.0000000000)
(0.0000000000, 0.0000000000, 0.0000000000)
(-0.6622049000, -0.5850202000, 0.4681943000)
(-0.6565853000, -0.5855978000, 0.4753449000)
(-0.6583785000, -0.5616267000, 0.5010905000)
(-0.6520647000, -0.5707725000, 0.4989989000)
(-0.6544932000, -0.5633572000, 0.5042247000)
(-0.6537015000, -0.5675480000, 0.5005507000)
(-0.6464295000, -0.5720937000, 0.5047908000)
(-0.6491433000, -0.5717144000, 0.5017374000)
(-0.6502185000, -0.5698757000, 0.5024322000)
(-0.6500401000, -0.5711133000, 0.5012686000)
(-0.6522186000, -0.5718194000, 0.4976065000)
(-0.6555671000, -0.5709512000, 0.4942082000)
(-0.6533527000, -0.5712589000, 0.4967760000)
(-0.6466915000, -0.5816750000, 0.4933888000)
(-0.6382090000, -0.5847843000, 0.5007011000)
(-0.6342938000, -0.5937093000, 0.4951406000)
(-0.6258160000, -0.5986600000, 0.4999324000)
(-0.6291457000, -0.6008114000, 0.4931244000)
(-0.6319972000, -0.6000636000, 0.4904055000)
(-0.6336032000, -0.5988281000, 0.4898204000)
(-0.6380972000, -0.5963500000, 0.4870039000)
(-0.6401083000, -0.5941435000, 0.4870602000)
(-0.6333094000, -0.5923519000, 0.4980343000)
(-0.6326677000, -0.5938879000, 0.4970049000)
(-0.6364997000, -0.5881485000, 0.4989381000)
(-0.6337368000, -0.5860630000, 0.5048622000)
(-0.6354276000, -0.5829544000, 0.5063489000)
(-0.6304693000, -0.5792528000, 0.5166779000)
(-0.6339953000, -0.5808029000, 0.5106005000)
(-0.6307485000, -0.5809773000, 0.5143911000)
(-0.6252370000, -0.5910565000, 0.5096292000)
(-0.6333811000, -0.6027623000, 0.4852819000)
(-0.6329254000, -0.5972603000, 0.4926273000)
(-0.6348063000, -0.5964801000, 0.4911231000)
(-0.6320887000, -0.5955344000, 0.4957789000)
(-0.6378016000, -0.5869088000, 0.4987352000)
(-0.6399122000, -0.5862598000, 0.4967809000)
(-0.6411703000, -0.5855663000, 0.4959872000)
(-0.6181958000, -0.5985099000, 0.5095026000)
(-0.6368462000, -0.5918759000, 0.4940638000)
(-0.6373742000, -0.5957408000, 0.4887002000)
(-0.6396146000, -0.5920801000, 0.4902304000)
(-0.6389179000, -0.5986471000, 0.4830972000)
(-0.6377609000, -0.5951177000, 0.4889520000)
(-0.6364494000, -0.6011784000, 0.4832346000)
(-0.5999880000, -0.6116587000, 0.5156360000)
(-0.5926597000, -0.6207788000, 0.5132023000)
(-0.6247635000, -0.6176364000, 0.4776754000)
(-0.6288283000, -0.6164909000, 0.4738283000)
(-0.6289316000, -0.6165297000, 0.4736395000)
(-0.6149290000, -0.6244231000, 0.4816121000)
(-0.6303684000, -0.6328434000, 0.4495898000)
(-0.6332216000, -0.6244758000, 0.4572206000)
(-0.6336529000, -0.6244690000, 0.4566230000)
(-0.6314525000, -0.6288715000, 0.4536119000)
(-0.6290818000, -0.6333714000, 0.4506566000)
(-0.6285551000, -0.6352412000, 0.4487340000)
(-0.6293588000, -0.6338462000, 0.4495740000)
(-0.5964182000, -0.6421335000, 0.4816074000)
(-0.6130012000, -0.6391278000, 0.4644586000)
(-0.5905768000, -0.6448601000, 0.4851250000)
(-0.5876291000, -0.6453198000, 0.4880933000)
(-0.5965679000, -0.6460342000, 0.4761657000)
(-0.6141224000, -0.6453363000, 0.4542781000)
(-0.6088515000, -0.6520929000, 0.4517391000)
(-0.5870072000, -0.6472857000, 0.4862238000)
(-0.5857055000, -0.6488022000, 0.4857926000)
(-0.5874799000, -0.6502398000, 0.4817050000)
(-0.6059706000, -0.6508997000, 0.4573063000)
(-0.6120517000, -0.6505862000, 0.4495637000)
(-0.6179961000, -0.6521754000, 0.4390256000)
(-0.6128601000, -0.6551970000, 0.4417116000)
(-0.6093388000, -0.6576619000, 0.4429085000)
(-0.6140047000, -0.6553667000, 0.4398733000)
(-0.5848202000, -0.6625175000, 0.4680075000)
(-0.5896857000, -0.6614125000, 0.4634687000)
(-0.5953545000, -0.6556706000, 0.4643617000)
(-0.6162326000, -0.6336578000, 0.4676766000)
(-0.6203136000, -0.6347867000, 0.4607067000)
(-0.6175839000, -0.6358324000, 0.4629286000)
(-0.6169077000, -0.6369138000, 0.4623317000)
(-0.6165650000, -0.6376935000, 0.4617293000)
(-0.6131290000, -0.6411744000, 0.4614691000)
(-0.5981081000, -0.6497049000, 0.4691855000)
(-0.5845055000, -0.6534942000, 0.4809078000)
(-0.6195313000, -0.6358520000, 0.4602711000)
(-0.6236701000, -0.6368853000, 0.4532030000)
(-0.6254477000, -0.6357639000, 0.4523323000)
(-0.6243985000, -0.6302397000, 0.4614339000)
(-0.6165708000, -0.6298759000, 0.4723200000)
(-0.6162967000, -0.6314167000, 0.4706230000)
(-0.6110429000, -0.6288394000, 0.4808036000)
(-0.6289855000, -0.6247541000, 0.4626374000)
(-0.6263728000, -0.6257674000, 0.4648058000)
(-0.6254197000, -0.6259877000, 0.4658012000)
(-0.5758972000, -0.6479980000, 0.4984260000)
(-0.6304280000, -0.6212259000, 0.4654404000)
(-0.6297969000, -0.6199937000, 0.4679121000)
(-0.6286611000, -0.6215881000, 0.4673194000)
(-0.6291389000, -0.6244575000, 0.4628321000)
(-0.5982650000, -0.6280669000, 0.4975770000)
(-0.6004316000, -0.6260154000, 0.4975573000)
(-0.6173855000, -0.6243289000, 0.4785853000)
(-0.6200741000, -0.6183509000, 0.4828363000)
(-0.6172953000, -0.6198428000, 0.4844844000)
(-0.6168419000, -0.6196585000, 0.4852996000)
(-0.6205051000, -0.6194006000, 0.4809476000)
(-0.6225986000, -0.6125236000, 0.4870110000)
(-0.5944057000, -0.6225463000, 0.5090342000)
(-0.5889788000, -0.6314446000, 0.5043557000)
(-0.5900880000, -0.6316665000, 0.5027778000)
(-0.5865659000, -0.6312032000, 0.5074553000)
(-0.5855762000, -0.6294332000, 0.5107784000)
(-0.6187878000, -0.6253450000, 0.4754105000)
(-0.6249007000, -0.6285647000, 0.4630066000)
(-0.6246609000, -0.6275055000, 0.4647903000)
(-0.6231200000, -0.6282066000, 0.4659095000)
(-0.6186012000, -0.6299777000, 0.4695159000)
(-0.6124671000, -0.6328734000, 0.4736342000)
(-0.6248994000, -0.6288684000, 0.4625959000)
(-0.6258025000, -0.6264442000, 0.4646842000)
(-0.6268490000, -0.6178604000, 0.4746474000)
(-0.6280133000, -0.6201115000, 0.4701590000)
(-0.6110432000, -0.6237286000, 0.4874007000)
(-0.6194687000, -0.6240954000, 0.4761954000)
(-0.6271483000, -0.6217529000, 0.4691381000)
(-0.6300284000, -0.6239160000, 0.4623588000)
(-0.6304117000, -0.6283148000, 0.4558409000)
(-0.6233097000, -0.6263842000, 0.4680930000)
(-0.6246964000, -0.6307557000, 0.4603265000)
(-0.6229314000, -0.6313047000, 0.4619450000)
(-0.6230116000, -0.6305778000, 0.4628308000)
(-0.6183650000, -0.6360040000, 0.4616319000)
(-0.6204453000, -0.6333498000, 0.4624919000)
(-0.6190668000, -0.6349146000, 0.4621987000)
(-0.6179368000, -0.6365775000, 0.4614135000)
(-0.6191015000, -0.6370177000, 0.4592432000)
(-0.6219298000, -0.6363332000, 0.4563731000)
(-0.5916370000, -0.6309485000, 0.5018586000)
(-0.5957767000, -0.6305584000, 0.4974264000)
(-0.6056031000, -0.6319388000, 0.4836240000)
(-0.6207621000, -0.6360322000, 0.4583561000)
(-0.6289788000, -0.6319554000, 0.4527754000)
(-0.6244704000, -0.6284341000, 0.4637675000)
(-0.6254272000, -0.6304650000, 0.4597151000)
(-0.5797150000, -0.6479325000, 0.4940539000)
(-0.6129705000, -0.6335079000, 0.4721351000)
(-0.6127113000, -0.6332304000, 0.4728672000)
(-0.6158304000, -0.6310197000, 0.4717598000)
(-0.6159454000, -0.6310372000, 0.4715863000)
(-0.6123261000, -0.6334273000, 0.4730978000)
(-0.6081198000, -0.6348789000, 0.4765524000)
(-0.6044700000, -0.6374247000, 0.4778106000)
(-0.5850309000, -0.6434833000, 0.4936099000)
(-0.5836693000, -0.6454594000, 0.4926297000)
(-0.6085764000, -0.6375208000, 0.4724229000)
(-0.6139075000, -0.6350217000, 0.4688823000)
(-0.6144522000, -0.6349741000, 0.4682180000)
(-0.6129827000, -0.6355860000, 0.4693383000)
(-0.5869237000, -0.6447030000, 0.4897675000)
(-0.5763258000, -0.6503952000, 0.4948018000)
(-0.5752559000, -0.6514234000, 0.4946728000)
(-0.5994433000, -0.6428586000, 0.4768537000)
(-0.5791614000, -0.6485330000, 0.4939218000)
(-0.5744625000, -0.6493471000, 0.4983222000)
(-0.5744364000, -0.6490713000, 0.4987161000)
(-0.5741286000, -0.6492805000, 0.4988087000)
(-0.5729282000, -0.6499126000, 0.4993656000)
(-0.5730634000, -0.6500418000, 0.4990209000)
(-0.5740321000, -0.6492239000, 0.4989820000)
(-0.5745860000, -0.6506082000, 0.4965404000)
(-0.5961864000, -0.6391521000, 0.4858334000)
(-0.6044699000, -0.6339599000, 0.4823768000)
(-0.5991674000, -0.6379223000, 0.4837816000)
(-0.5838026000, -0.6431699000, 0.4954651000)
(-0.5857518000, -0.6420760000, 0.4945754000)
(-0.6005123000, -0.6357836000, 0.4849152000)
(-0.6124017000, -0.6298972000, 0.4776849000)
(-0.6125895000, -0.6297028000, 0.4776807000)
(-0.6086663000, -0.6312709000, 0.4806183000)
(-0.5899435000, -0.6398024000, 0.4925468000)
(-0.5932010000, -0.6396478000, 0.4888319000)
(-0.6074685000, -0.6329687000, 0.4799018000)
(-0.6113107000, -0.6322161000, 0.4760132000)
(-0.6113546000, -0.6322477000, 0.4759152000)
(-0.6109831000, -0.6324796000, 0.4760675000)
(-0.6121607000, -0.6310913000, 0.4764184000)
(-0.6150900000, -0.6285607000, 0.4759989000)
(-0.6184181000, -0.6263574000, 0.4745792000)
(-0.6175285000, -0.6280088000, 0.4735406000)
(-0.6143852000, -0.6262082000, 0.4799773000)
(-0.6123315000, -0.6282220000, 0.4799742000)
(-0.6119415000, -0.6289672000, 0.4795018000)
(-0.6170236000, -0.6250881000, 0.4780393000)
(-0.6175345000, -0.6241635000, 0.4785997000)
(-0.6159542000, -0.6243234000, 0.4804176000)
(-0.6135598000, -0.6243087000, 0.4834928000)
(-0.6134120000, -0.6240728000, 0.4839738000)
(-0.6124968000, -0.6249314000, 0.4840502000)
(-0.6129701000, -0.6242775000, 0.4842789000)
(-0.6134406000, -0.6242059000, 0.4837848000)
(-0.5875221000, -0.6395265000, 0.4957986000)
(-0.5724133000, -0.6478038000, 0.5026770000)
(-0.5717679000, -0.6497697000, 0.5008613000)
(-0.5743987000, -0.6466942000, 0.5018447000)
(-0.5763980000, -0.6455609000, 0.5010086000)
(-0.5821143000, -0.6437313000, 0.4967301000)
(-0.5734077000, -0.6471158000, 0.5024310000)
(-0.5731628000, -0.6469468000, 0.5029306000)
(-0.5718756000, -0.6482377000, 0.5027269000)
(-0.5780085000, -0.6414569000, 0.5043907000)
(-0.6199757000, -0.6215235000, 0.4788691000)
(-0.6245703000, -0.6207715000, 0.4738579000)
(-0.6227465000, -0.6217287000, 0.4750050000)
(-0.6160553000, -0.6240313000, 0.4806674000)
(-0.6122056000, -0.6269937000, 0.4817353000)
(-0.6128095000, -0.6261172000, 0.4821092000)
(-0.5971754000, -0.6311038000, 0.4950603000)
(-0.5942644000, -0.6314741000, 0.4980693000)
(-0.5858814000, -0.6343118000, 0.5043688000)
(-0.5912102000, -0.6356649000, 0.4963804000)
(-0.6222721000, -0.6209144000, 0.4766943000)
(-0.6226726000, -0.6188608000, 0.4788297000)
(-0.5870327000, -0.6386133000, 0.4975288000)
(-0.5805705000, -0.6409472000, 0.5021054000)
(-0.5796939000, -0.6401110000, 0.5041767000)
(-0.5902538000, -0.6359635000, 0.4971215000)
(-0.6206698000, -0.6238128000, 0.4749896000)
(-0.6212434000, -0.6244035000, 0.4734646000)
(-0.6209168000, -0.6240752000, 0.4743229000)
(-0.6208307000, -0.6242014000, 0.4742577000)
(-0.6078495000, -0.6253063000, 0.4893886000)
(-0.5811178000, -0.6366258000, 0.5069586000)
(-0.5800917000, -0.6366542000, 0.5080950000)
(-0.6086982000, -0.6260794000, 0.4873458000)
(-0.6187044000, -0.6220542000, 0.4798209000)
(-0.6270961000, -0.6237572000, 0.4665267000)
(-0.6177334000, -0.6242964000, 0.4781675000)
(-0.6232094000, -0.6226028000, 0.4732486000)
(-0.6285171000, -0.6194589000, 0.4703412000)
(-0.5774227000, -0.6368502000, 0.5108660000)
(-0.5787759000, -0.6364884000, 0.5097963000)
(-0.6181247000, -0.6218416000, 0.4808575000)
(-0.6187747000, -0.6220203000, 0.4797934000)
(-0.6191059000, -0.6218527000, 0.4795741000)
(-0.6208636000, -0.6209751000, 0.4784276000)
(-0.6204467000, -0.6212353000, 0.4786327000)
(-0.6179705000, -0.6227995000, 0.4798068000)
(-0.6186404000, -0.6225468000, 0.4792856000)
(-0.6210282000, -0.6216946000, 0.4772943000)
(-0.6206635000, -0.6226333000, 0.4765386000)
(-0.6175667000, -0.6238880000, 0.4789010000)
(-0.6162845000, -0.6245521000, 0.4796989000)
(-0.6162669000, -0.6244807000, 0.4798214000)
(-0.6158759000, -0.6254557000, 0.4790465000)
(-0.6160400000, -0.6252437000, 0.4791271000)
(-0.6161271000, -0.6244032000, 0.4800948000)
(-0.6160675000, -0.6244051000, 0.4801756000)
(-0.6155025000, -0.6250161000, 0.4800877000)
(-0.6147977000, -0.6256507000, 0.4801672000)
(-0.6152173000, -0.6255144000, 0.4798194000)
(-0.6165475000, -0.6246421000, 0.4792310000)
(-0.6176656000, -0.6238754000, 0.4788067000)
(-0.5932689000, -0.6357201000, 0.4938388000)
(-0.5838625000, -0.6403527000, 0.4990269000)
(-0.5854271000, -0.6411411000, 0.4961852000)
(-0.6184676000, -0.6273285000, 0.4732240000)
(-0.6193649000, -0.6264400000, 0.4732306000)
(-0.6192311000, -0.6267846000, 0.4729367000)
(-0.6182706000, -0.6282732000, 0.4722380000)
(-0.6179287000, -0.6288043000, 0.4719765000)
(-0.6185515000, -0.6287476000, 0.4712371000)
(-0.6195148000, -0.6278596000, 0.4711349000)
(-0.6197709000, -0.6275963000, 0.4711676000)
(-0.6196662000, -0.6276629000, 0.4711980000)
(-0.6167681000, -0.6275617000, 0.4751419000)
(-0.6158965000, -0.6285789000, 0.4749155000)
(-0.6289285000, -0.6216715000, 0.4668486000)
(-0.6282457000, -0.6226833000, 0.4664166000)
(-0.6285340000, -0.6213924000, 0.4677547000)
(-0.5924588000, -0.6252596000, 0.5079778000)
(-0.5934054000, -0.6254007000, 0.5066759000)
(-0.6251999000, -0.6249338000, 0.4674993000)
(-0.6280252000, -0.6256598000, 0.4627367000)
(-0.6281417000, -0.6256217000, 0.4626377000)
(-0.6288636000, -0.6258340000, 0.4613588000)
(-0.6301844000, -0.6274624000, 0.4573368000)
(-0.6306647000, -0.6262895000, 0.4582673000)
(-0.6288377000, -0.6266809000, 0.4602415000)
(-0.6211060000, -0.6269038000, 0.4703209000)
(-0.6206752000, -0.6266505000, 0.4712437000)
(-0.6253282000, -0.6235730000, 0.4691651000)
(-0.6245210000, -0.6257092000, 0.4673813000)
(-0.6242959000, -0.6261348000, 0.4671150000)
(-0.6226274000, -0.6274856000, 0.4675203000)
(-0.6026943000, -0.6338423000, 0.4847517000)
(-0.6281478000, -0.6255412000, 0.4627096000)
(-0.6293445000, -0.6269062000, 0.4592287000)
(-0.6292807000, -0.6271246000, 0.4590135000)
(-0.6292463000, -0.6274798000, 0.4585712000)
(-0.6208194000, -0.6275381000, 0.4698542000)
(-0.6193494000, -0.6293043000, 0.4694175000)
(-0.6191200000, -0.6295025000, 0.4694701000)
(-0.6189887000, -0.6300993000, 0.4688512000)
(-0.6187404000, -0.6307560000, 0.4682917000)
(-0.6216232000, -0.6353453000, 0.4581673000)
(-0.6207486000, -0.6352777000, 0.4594298000)
(-0.6216735000, -0.6334306000, 0.4607207000)
(-0.6118988000, -0.6338479000, 0.4730680000)
(-0.6119949000, -0.6343806000, 0.4722471000)
(-0.6114187000, -0.6350179000, 0.4721366000)
(-0.6119960000, -0.6331457000, 0.4738784000)
(-0.6130850000, -0.6317717000, 0.4743122000)
(-0.6130425000, -0.6315942000, 0.4746179000)
(-0.6134378000, -0.6310835000, 0.4747770000)
(-0.6137990000, -0.6312213000, 0.4741306000)
(-0.6151329000, -0.6301787000, 0.4737725000)
(-0.6168409000, -0.6291497000, 0.4729349000)
(-0.6169116000, -0.6281884000, 0.4740998000)
(-0.6163483000, -0.6286163000, 0.4742909000)
(-0.6151750000, -0.6284881000, 0.4759796000)
(-0.6161105000, -0.6286920000, 0.4744836000)
(-0.6165968000, -0.6286959000, 0.4738413000)
(-0.6171013000, -0.6276788000, 0.4745532000)
(-0.6166862000, -0.6299360000, 0.4720881000)
(-0.6197689000, -0.6271510000, 0.4717410000)
(-0.6172888000, -0.6304065000, 0.4706782000)
(-0.6168017000, -0.6297338000, 0.4722162000)
(-0.6171003000, -0.6291201000, 0.4726160000)
(-0.6193195000, -0.6292332000, 0.4695570000)
(-0.6221741000, -0.6276135000, 0.4679714000)
(-0.6215531000, -0.6276962000, 0.4686824000)
(-0.6054018000, -0.6308339000, 0.4852996000)
(-0.6016313000, -0.6309273000, 0.4898446000)
(-0.6089801000, -0.6298224000, 0.4821456000)
(-0.6164862000, -0.6281043000, 0.4747816000)
(-0.6164358000, -0.6286888000, 0.4740717000)
(-0.6166760000, -0.6288198000, 0.4735838000)
(-0.6178845000, -0.6284228000, 0.4725454000)
(-0.6164297000, -0.6308905000, 0.4711297000)
(-0.5825847000, -0.6390927000, 0.5021232000)
(-0.5878149000, -0.6367155000, 0.4990605000)
(-0.5940432000, -0.6359792000, 0.4925672000)
(-0.5933259000, -0.6360378000, 0.4933610000)
(-0.6119794000, -0.6331578000, 0.4739032000)
(-0.6120229000, -0.6327855000, 0.4743218000)
(-0.6122782000, -0.6325248000, 0.4743571000)
(-0.5893099000, -0.6406577000, 0.4922053000)
(-0.6192279000, -0.6307323000, 0.4676679000)
(-0.6223923000, -0.6318699000, 0.4618900000)
(-0.6269889000, -0.6303809000, 0.4577115000)
(-0.5985477000, -0.6171261000, 0.5107592000)
(-0.5975677000, -0.6167373000, 0.5123743000)
(-0.6130326000, -0.6237257000, 0.4849256000)
(-0.6173537000, -0.6256517000, 0.4768769000)
(-0.6146969000, -0.6315608000, 0.4724954000)
(-0.6188862000, -0.6363232000, 0.4605029000)
(-0.6224699000, -0.6409287000, 0.4491386000)
(0.0000000000, 0.0000000000, 0.0000000000)
(0.0000000000, 0.0000000000, 0.0000000000)
(0.0000000000, 0.0000000000, 0.0000000000)
(0.0000000000, 0.0000000000, 0.0000000000)
(0.0000000000, 0.0000000000, 0.0000000000)
(0.0000000000, 0.0000000000, 0.0000000000)
(0.0000000000, 0.0000000000, 0.0000000000)
(-0.6515408000, -0.6116359000, 0.4487501000)
(-0.6520392000, -0.6162887000, 0.4415980000)
(-0.6422923000, -0.6219960000, 0.4478513000)
(-0.6421933000, -0.6276249000, 0.4400704000)
(-0.6525971000, -0.6122169000, 0.4464329000)
(-0.6512620000, -0.6138715000, 0.4461034000)
(-0.6053638000, -0.6139287000, 0.5065625000)
(-0.6086441000, -0.6063378000, 0.5117487000)
(-0.6480893000, -0.6060858000, 0.4611253000)
(-0.6358418000, -0.6220847000, 0.4568466000)
(-0.6471418000, -0.6065501000, 0.4618267000)
(-0.6390038000, -0.6167739000, 0.4596077000)
(-0.6241895000, -0.6069345000, 0.4919443000)
(-0.6097372000, -0.6069939000, 0.5096569000)
(-0.6382409000, -0.6101647000, 0.4693955000)
(-0.6447691000, -0.6203163000, 0.4466065000)
(-0.6464912000, -0.6141816000, 0.4525671000)
(-0.6397170000, -0.6250708000, 0.4472401000)
(-0.6073929000, -0.6318467000, 0.4814838000)
(-0.5966368000, -0.6350111000, 0.4906878000)
(-0.5935468000, -0.6370952000, 0.4917379000)
(-0.6331792000, -0.6302894000, 0.4492353000)
(-0.6292930000, -0.6276382000, 0.4582905000)
(-0.6317962000, -0.6258880000, 0.4572670000)
(-0.6301953000, -0.6264095000, 0.4587418000)
(-0.6308941000, -0.6261372000, 0.4581608000)
(-0.6160228000, -0.6301420000, 0.4726789000)
(-0.6178995000, -0.6327273000, 0.4667296000)
(-0.6039326000, -0.6328786000, 0.4844792000)
(-0.5993276000, -0.6320795000, 0.4911762000)
(-0.6002096000, -0.6317419000, 0.4905578000)
(-0.6043650000, -0.6304095000, 0.4871581000)
(-0.6108291000, -0.6268653000, 0.4836566000)
(-0.6006219000, -0.6301481000, 0.4920919000)
(-0.5974419000, -0.6304247000, 0.4955938000)
(-0.5990977000, -0.6299909000, 0.4941279000)
(-0.5991768000, -0.6284678000, 0.4959819000)
(-0.5948894000, -0.6342311000, 0.4937999000)
(-0.6026082000, -0.6339962000, 0.4846485000)
(-0.6244349000, -0.6326770000, 0.4580131000)
(-0.6260385000, -0.6305545000, 0.4587609000)
(-0.6259651000, -0.6309179000, 0.4583575000)
(-0.6193195000, -0.6293971000, 0.4693449000)
(-0.6181425000, -0.6293377000, 0.4709758000)
(-0.6167970000, -0.6341978000, 0.4662051000)
(-0.6190459000, -0.6367236000, 0.4597375000)
(-0.6263698000, -0.6316883000, 0.4567290000)
(-0.6311958000, -0.6316766000, 0.4500532000)
(-0.6315418000, -0.6331653000, 0.4474868000)
(-0.6211659000, -0.6468203000, 0.4424546000)
(-0.5870394000, -0.6336932000, 0.5037973000)
(-0.6191748000, -0.6396581000, 0.4554724000)
(-0.6194965000, -0.6368860000, 0.4589074000)
(-0.6215625000, -0.6344024000, 0.4595350000)
(-0.5865927000, -0.6317464000, 0.5067469000)
(-0.6201654000, -0.6352457000, 0.4602505000)
(-0.6158704000, -0.6389112000, 0.4609698000)
(-0.6153521000, -0.6440552000, 0.4544315000)
(-0.6175516000, -0.6404763000, 0.4565070000)
(-0.5915321000, -0.6357547000, 0.4958694000)
(-0.5937867000, -0.6364771000, 0.4922489000)
(-0.6041991000, -0.6367398000, 0.4790641000)
(-0.5946874000, -0.6344733000, 0.4937280000)
(-0.5895370000, -0.6381500000, 0.4951628000)
(-0.5904818000, -0.6364770000, 0.4962025000)
(-0.6205951000, -0.6321536000, 0.4639136000)
(-0.6206955000, -0.6312495000, 0.4650200000)
(-0.6258065000, -0.6276779000, 0.4629980000)
(-0.6020994000, -0.6226588000, 0.4997470000)
(-0.5951985000, -0.6217867000, 0.5090339000)
(-0.5980349000, -0.6227263000, 0.5045421000)
(-0.6086782000, -0.6280374000, 0.4848282000)
(-0.6279205000, -0.6359830000, 0.4485921000)
(-0.6220505000, -0.6427245000, 0.4471601000)
(-0.6246251000, -0.6407545000, 0.4463857000)
(-0.6331417000, -0.6358085000, 0.4414197000)
(-0.6423502000, -0.6331283000, 0.4318657000)
(-0.6424521000, -0.6315914000, 0.4339773000)
(-0.6021464000, -0.6177723000, 0.5057194000)
(-0.6175361000, -0.6187966000, 0.4855196000)
(-0.6068203000, -0.6150915000, 0.5033900000)
(-0.6480588000, -0.6210192000, 0.4408319000)
(-0.6535327000, -0.6193079000, 0.4351419000)
(-0.6504720000, -0.6188632000, 0.4403204000)
(-0.6296759000, -0.6298498000, 0.4547396000)
(-0.5907274000, -0.6394663000, 0.4920487000)
(-0.5907500000, -0.6394728000, 0.4920201000)
(-0.5903381000, -0.6406305000, 0.4910075000)
(-0.5955790000, -0.6388146000, 0.4870047000)
(-0.5932261000, -0.6390988000, 0.4895220000)
(-0.6376294000, -0.6190159000, 0.4585191000)
(-0.6404559000, -0.6184804000, 0.4552997000)
(-0.6367543000, -0.6194636000, 0.4591379000)
(-0.5930228000, -0.6269573000, 0.5052033000)
(-0.6194849000, -0.6248940000, 0.4751106000)
(-0.6270716000, -0.6238538000, 0.4664593000)
(-0.6249864000, -0.6222161000, 0.4714145000)
(-0.5977783000, -0.6384576000, 0.4847704000)
(-0.5992076000, -0.6359757000, 0.4862693000)
(-0.5926139000, -0.6419005000, 0.4865842000)
(-0.5994722000, -0.6352983000, 0.4868287000)
(-0.5999491000, -0.6356861000, 0.4857320000)
(-0.5931916000, -0.6398236000, 0.4886064000)
(-0.5947021000, -0.6379825000, 0.4891849000)
(-0.5929468000, -0.6398271000, 0.4889098000)
(-0.5947433000, -0.6310635000, 0.4980166000)
(-0.6281735000, -0.6126449000, 0.4796417000)
(-0.6149011000, -0.6234933000, 0.4828277000)
(-0.6123285000, -0.6296633000, 0.4780975000)
(-0.5994830000, -0.6214317000, 0.5043959000)
(-0.6199886000, -0.6212754000, 0.4791796000)
(-0.6240869000, -0.6210890000, 0.4740725000)
(-0.6290894000, -0.6159441000, 0.4741656000)
(-0.6218991000, -0.6239186000, 0.4732206000)
(-0.5904020000, -0.6415825000, 0.4896613000)
(-0.5916150000, -0.6397316000, 0.4906311000)
(-0.5920000000, -0.6406505000, 0.4889528000)
(-0.5939788000, -0.6344880000, 0.4945697000)
(-0.5947587000, -0.6380033000, 0.4890910000)
(-0.5941470000, -0.6363173000, 0.4920203000)
(-0.5930832000, -0.6355187000, 0.4943341000)
(-0.5956188000, -0.6350154000, 0.4919005000)
(-0.5960790000, -0.6355807000, 0.4906181000)
(-0.6195987000, -0.6265246000, 0.4728220000)
(-0.6180096000, -0.6246466000, 0.4773419000)
(-0.6073349000, -0.6307108000, 0.4830497000)
(-0.6047649000, -0.6326213000, 0.4837819000)
(-0.6084700000, -0.6334808000, 0.4779734000)
(-0.6205046000, -0.6291379000, 0.4681416000)
(-0.5915638000, -0.6431115000, 0.4862561000)
(-0.5934101000, -0.6449773000, 0.4815209000)
(-0.5889832000, -0.6456810000, 0.4859959000)
(-0.5936657000, -0.6511794000, 0.4727811000)
(-0.5930284000, -0.6541622000, 0.4694278000)
(0.0000000000, 0.0000000000, 0.0000000000)
(0.0000000000, 0.0000000000, 0.0000000000)
(0.0000000000, 0.0000000000, 0.0000000000)
(0.0000000000, 0.0000000000, 0.0000000000)
(0.0000000000, 0.0000000000, 0.0000000000)
(0.0000000000, 0.0000000000, 0.0000000000)
(0.0000000000, 0.0000000000, 0.0000000000)
(0.0000000000, 0.0000000000, 0.0000000000)
(-0.5970436000, -0.6609470000, 0.4546278000)
(-0.6027895000, -0.6361523000, 0.4815942000)
(-0.6293723000, -0.6272792000, 0.4586989000)
(-0.6242908000, -0.6362555000, 0.4532427000)
(-0.6148540000, -0.6348684000, 0.4678318000)
(-0.6192851000, -0.6343110000, 0.4627410000)
(-0.6231961000, -0.6299943000, 0.4633869000)
(-0.6196963000, -0.6352136000, 0.4609399000)
(-0.6145321000, -0.6359025000, 0.4668573000)
(-0.6128590000, -0.6365485000, 0.4681873000)
(-0.6085634000, -0.6401235000, 0.4689059000)
(-0.5859014000, -0.6496882000, 0.4843587000)
(-0.5907241000, -0.6414018000, 0.4895374000)
(-0.5814121000, -0.6515024000, 0.4873266000)
(-0.5951979000, -0.6495516000, 0.4730755000)
(-0.5908542000, -0.6479454000, 0.4806808000)
(-0.5849476000, -0.6541087000, 0.4795384000)
(-0.5921181000, -0.6491214000, 0.4775305000)
(-0.5871977000, -0.6511679000, 0.4807898000)
(-0.5933945000, -0.6460870000, 0.4800469000)
(-0.5988246000, -0.6466655000, 0.4724464000)
(-0.5972650000, -0.6389723000, 0.4847491000)
(-0.6193142000, -0.6344601000, 0.4624951000)
(-0.6180683000, -0.6348869000, 0.4635546000)
(-0.6178238000, -0.6342379000, 0.4647819000)
(-0.6189842000, -0.6352988000, 0.4617659000)
(-0.6134118000, -0.6363825000, 0.4676828000)
(-0.6107815000, -0.6318731000, 0.4771415000)
(-0.6039811000, -0.6380996000, 0.4775212000)
(-0.6048852000, -0.6362013000, 0.4788853000)
(-0.6059727000, -0.6343688000, 0.4799568000)
(-0.5922201000, -0.6394778000, 0.4902194000)
(-0.5908799000, -0.6400996000, 0.4910262000)
(-0.5890936000, -0.6415296000, 0.4913289000)
(-0.5899899000, -0.6400662000, 0.4921649000)
(-0.6298994000, -0.6213260000, 0.4660055000)
(-0.6253859000, -0.6242288000, 0.4682124000)
(-0.6309640000, -0.6191972000, 0.4673888000)
(-0.6075155000, -0.6272731000, 0.4872845000)
(-0.6340663000, -0.6198842000, 0.4622568000)
(-0.6358753000, -0.6233121000, 0.4550974000)
(-0.6360484000, -0.6198435000, 0.4595808000)
(-0.6143686000, -0.6309276000, 0.4737754000)
(-0.6217574000, -0.6281363000, 0.4678016000)
(-0.6197208000, -0.6297883000, 0.4683076000)
(-0.6085874000, -0.6332715000, 0.4780923000)
(-0.6116785000, -0.6332722000, 0.4741151000)
(-0.5924445000, -0.6415732000, 0.4872150000)
(-0.5944651000, -0.6402580000, 0.4864956000)
(-0.5938593000, -0.6405087000, 0.4868838000)
(-0.5967388000, -0.6386039000, 0.4858871000)
(-0.6481086000, -0.6144105000, 0.4499245000)
(-0.6450036000, -0.6198810000, 0.4468662000)
(-0.6441586000, -0.6192423000, 0.4489727000)
(-0.6448984000, -0.6159360000, 0.4524449000)
(-0.6354107000, -0.6228585000, 0.4563738000)
(-0.6295740000, -0.6233928000, 0.4636742000)
(-0.6282597000, -0.6232960000, 0.4655878000)
(-0.6313933000, -0.6216815000, 0.4635052000)
(-0.6331197000, -0.6246786000, 0.4570926000)
(-0.6381909000, -0.6148155000, 0.4633498000)
(-0.6326289000, -0.6237984000, 0.4589725000)
(-0.6334799000, -0.6203008000, 0.4625162000)
(-0.6160290000, -0.6308110000, 0.4717866000)
(-0.6348305000, -0.6176320000, 0.4642360000)
(-0.6327332000, -0.6191250000, 0.4650854000)
(-0.6332260000, -0.6165799000, 0.4678000000)
(-0.6310171000, -0.6201169000, 0.4661074000)
(-0.6201735000, -0.6305220000, 0.4667147000)
(-0.6177172000, -0.6304515000, 0.4700484000)
(-0.6238781000, -0.6255019000, 0.4685261000)
(-0.6283939000, -0.6199018000, 0.4699090000)
(-0.6245162000, -0.6235766000, 0.4702286000)
(-0.6208973000, -0.6255327000, 0.4724207000)
(-0.6223618000, -0.6245903000, 0.4717343000)
(-0.6189299000, -0.6275423000, 0.4723452000)
(-0.6140389000, -0.6310127000, 0.4740841000)
(-0.6141824000, -0.6324610000, 0.4719853000)
(-0.6120830000, -0.6364219000, 0.4693649000)
(-0.6125957000, -0.6314735000, 0.4753481000)
(-0.6107238000, -0.6339702000, 0.4744250000)
(-0.6035659000, -0.6394784000, 0.4761795000)
(-0.6006626000, -0.6405833000, 0.4783646000)
(-0.5994341000, -0.6415110000, 0.4786822000)
(-0.5991952000, -0.6417139000, 0.4787033000)
(-0.5991733000, -0.6421317000, 0.4781598000)
(-0.5960852000, -0.6446308000, 0.4786749000)
(-0.5946124000, -0.6430249000, 0.4826426000)
(-0.5940912000, -0.6435179000, 0.4826222000)
(-0.5942586000, -0.6382766000, 0.4893148000)
(-0.5937032000, -0.6409450000, 0.4865171000)
(-0.5908594000, -0.6416730000, 0.4890189000)
(-0.5884188000, -0.6424204000, 0.4909555000)
(-0.5941199000, -0.6337259000, 0.4953814000)
(-0.5989495000, -0.6389160000, 0.4827303000)
(-0.6003426000, -0.6374342000, 0.4829695000)
(-0.5997775000, -0.6376529000, 0.4833776000)
(-0.6003034000, -0.6372952000, 0.4832039000)
(-0.5981255000, -0.6369925000, 0.4862790000)
(-0.5941750000, -0.6429416000, 0.4832762000)
(-0.6019440000, -0.6405195000, 0.4768335000)
(-0.5936386000, -0.6388257000, 0.4893802000)
(-0.5889868000, -0.6402118000, 0.4931683000)
(-0.6120764000, -0.6304272000, 0.4773832000)
(-0.6118129000, -0.6350802000, 0.4715208000)
(-0.6010790000, -0.6384037000, 0.4807701000)
(-0.5978945000, -0.6398122000, 0.4828646000)
(-0.5857930000, -0.6414714000, 0.4953108000)
(-0.5854150000, -0.6414756000, 0.4957805000)
(-0.5848009000, -0.6415241000, 0.4964374000)
(-0.5851123000, -0.6407443000, 0.4970741000)
(-0.5837404000, -0.6410050000, 0.4983559000)
(-0.5841735000, -0.6400740000, 0.4990222000)
(-0.5854689000, -0.6403075000, 0.4971958000)
(-0.5872614000, -0.6375216000, 0.4986821000)
(-0.5943531000, -0.6343257000, 0.4943283000)
(-0.5899916000, -0.6400068000, 0.4922371000)
(-0.6155875000, -0.6361974000, 0.4650568000)
(-0.6227934000, -0.6297505000, 0.4642385000)
(-0.6214208000, -0.6304505000, 0.4651455000)
(-0.6021551000, -0.6213883000, 0.5012782000)
(-0.6214752000, -0.6298760000, 0.4658579000)
(-0.6196852000, -0.6276118000, 0.4712632000)
(-0.6204146000, -0.6292260000, 0.4681355000)
(-0.5930104000, -0.6400771000, 0.4884907000)
(-0.5923725000, -0.6393661000, 0.4902052000)
(-0.5912155000, -0.6394083000, 0.4915411000)
(-0.5930191000, -0.6389694000, 0.4899316000)
(-0.6075639000, -0.6341957000, 0.4781743000)
(-0.6113414000, -0.6327533000, 0.4752522000)
(-0.6120208000, -0.6264555000, 0.4826788000)
(-0.6101893000, -0.6387782000, 0.4686379000)
(-0.6160061000, -0.6315798000, 0.4707658000)
(-0.6072286000, -0.6411690000, 0.4691995000)
(-0.6035237000, -0.6448759000, 0.4689274000)
(-0.6084886000, -0.6422519000, 0.4660873000)
(-0.6065125000, -0.6448712000, 0.4650548000)
(-0.6048421000, -0.6485112000, 0.4621433000)
(-0.6100187000, -0.6460100000, 0.4588325000)
(-0.6110306000, -0.6484464000, 0.4540139000)
(-0.6076881000, -0.6502599000, 0.4559218000)
(-0.6115684000, -0.6481366000, 0.4537610000)
(-0.6096613000, -0.6498396000, 0.4538752000)
(-0.6041120000, -0.6513912000, 0.4590541000)
(-0.6165267000, -0.6302769000, 0.4718255000)
(-0.6193468000, -0.6336285000, 0.4635748000)
(-0.6053044000, -0.6466363000, 0.4641640000)
(-0.5785515000, -0.6376441000, 0.5086094000)
(-0.5805167000, -0.6389849000, 0.5046475000)
(-0.5817028000, -0.6388823000, 0.5034222000)
(-0.6015707000, -0.6404919000, 0.4773482000)
(-0.6179171000, -0.6330312000, 0.4663000000)
(-0.6207394000, -0.6327509000, 0.4629146000)
(-0.6213627000, -0.6303671000, 0.4653378000)
(-0.5892350000, -0.6431961000, 0.4889592000)
(-0.5890380000, -0.6427525000, 0.4897742000)
(-0.5960593000, -0.6398405000, 0.4850840000)
(-0.6026296000, -0.6386369000, 0.4785161000)
(-0.5961263000, -0.6417196000, 0.4825170000)
(-0.5939007000, -0.6411033000, 0.4860462000)
(-0.5932016000, -0.6425884000, 0.4849601000)
(-0.5970546000, -0.6412408000, 0.4819994000)
(-0.5970688000, -0.6370608000, 0.4874891000)
(-0.5839497000, -0.6452324000, 0.4926156000)
(-0.5837297000, -0.6455219000, 0.4925025000)
(-0.5862027000, -0.6420367000, 0.4940934000)
(-0.5839829000, -0.6452446000, 0.4925619000)
(-0.5851986000, -0.6436834000, 0.4931394000)
(-0.5959108000, -0.6393561000, 0.4859078000)
(-0.6119964000, -0.6329716000, 0.4741196000)
(-0.6158054000, -0.6300650000, 0.4730663000)
(-0.5938333000, -0.6383302000, 0.4897789000)
(-0.5915069000, -0.6394912000, 0.4910635000)
(-0.6023987000, -0.6404278000, 0.4763936000)
(-0.6242110000, -0.6236033000, 0.4706036000)
(-0.6235835000, -0.6226612000, 0.4726609000)
(-0.6232811000, -0.6230157000, 0.4726190000)
(-0.6249213000, -0.6207290000, 0.4734385000)
(-0.6266835000, -0.6201568000, 0.4718667000)
(-0.6231530000, -0.6232160000, 0.4725059000)
(-0.6264710000, -0.6214660000, 0.4704247000)
(-0.6171479000, -0.6262255000, 0.4763879000)
(-0.6126362000, -0.6257656000, 0.4827897000)
(-0.6352541000, -0.6213472000, 0.4586589000)
(-0.6319334000, -0.6264672000, 0.4562560000)
(-0.6306396000, -0.6254236000, 0.4594693000)
(-0.5980098000, -0.6339595000, 0.4903721000)
(-0.5956642000, -0.6332043000, 0.4941781000)
(-0.5986278000, -0.6354497000, 0.4876771000)
(-0.5978753000, -0.6313462000, 0.4938816000)
(-0.5985346000, -0.6311442000, 0.4933480000)
(-0.6106654000, -0.6286023000, 0.4815875000)
(-0.6046697000, -0.6287917000, 0.4888486000)
(-0.6035008000, -0.6245512000, 0.4956750000)
(-0.5938901000, -0.6269644000, 0.5041727000)
(-0.5950792000, -0.6232805000, 0.5073317000)
(-0.5927081000, -0.6262825000, 0.5064156000)
(-0.5974662000, -0.6251543000, 0.5021917000)
(-0.5954753000, -0.6252321000, 0.5044550000)
(-0.5947440000, -0.6297051000, 0.4997436000)
(-0.5917387000, -0.6296173000, 0.5034084000)
(-0.5923997000, -0.6272886000, 0.5055164000)
(-0.5934902000, -0.6280838000, 0.5032403000)
(-0.5953417000, -0.6283097000, 0.5007710000)
(-0.6019533000, -0.6234547000, 0.4989507000)
(-0.6189812000, -0.6226779000, 0.4786484000)
(-0.6267020000, -0.6205125000, 0.4713674000)
(-0.6267970000, -0.6243705000, 0.4661216000)
(-0.5990527000, -0.6277534000, 0.4970369000)
(-0.5957296000, -0.6304117000, 0.4976733000)
(-0.6022958000, -0.6337339000, 0.4853776000)
(-0.5983799000, -0.6313829000, 0.4932335000)
(-0.5929221000, -0.6316796000, 0.4993986000)
(-0.5943587000, -0.6308572000, 0.4987445000)
(-0.6049643000, -0.6279154000, 0.4896283000)
(-0.6051674000, -0.6314486000, 0.4847918000)
(-0.6095501000, -0.6253430000, 0.4872014000)
(-0.6034124000, -0.6286825000, 0.4905501000)
(-0.6036245000, -0.6275383000, 0.4917510000)
(-0.6053702000, -0.6284652000, 0.4883995000)
(-0.5998052000, -0.6294758000, 0.4939540000)
(-0.6039772000, -0.6256971000, 0.4936664000)
(-0.5898040000, -0.6339165000, 0.5002778000)
(-0.5860567000, -0.6330597000, 0.5057109000)
(-0.5900098000, -0.6296146000, 0.5054145000)
(-0.5918958000, -0.6294977000, 0.5033537000)
(-0.6247302000, -0.6346626000, 0.4548638000)
(-0.6290158000, -0.6280743000, 0.4580908000)
(-0.6306399000, -0.6307930000, 0.4520773000)
(-0.6251194000, -0.6368169000, 0.4512989000)
(-0.6216570000, -0.6487510000, 0.4389137000)
(0.0000000000, 0.0000000000, 0.0000000000)
(0.0000000000, 0.0000000000, 0.0000000000)
(0.0000000000, 0.0000000000, 0.0000000000)
(0.0000000000, 0.0000000000, 0.0000000000)
(0.0000000000, 0.0000000000, 0.0000000000)
(0.0000000000, 0.0000000000, 0.0000000000)
(0.0000000000, 0.0000000000, 0.0000000000)
(0.0000000000, 0.0000000000, 0.0000000000)
(-0.6403407000, -0.6060900000, 0.4718119000)
(-0.6336654000, -0.6049749000, 0.4821373000)
(-0.6342582000, -0.6117207000, 0.4727464000)
(-0.6298837000, -0.6166159000, 0.4722445000)
(-0.6292951000, -0.6166404000, 0.4729902000)
(-0.6123044000, -0.6226482000, 0.4872156000)
(-0.6135285000, -0.6221304000, 0.4863448000)
(-0.6091412000, -0.6258586000, 0.4870805000)
(-0.6098775000, -0.6269552000, 0.4847126000)
(-0.6181593000, -0.6190282000, 0.4844266000)
(-0.6179937000, -0.6208472000, 0.4823095000)
(-0.6177240000, -0.6208846000, 0.4825950000)
(-0.6247980000, -0.6162906000, 0.4793728000)
(-0.5983821000, -0.6363761000, 0.4867629000)
(-0.5968177000, -0.6376504000, 0.4870271000)
(-0.5968501000, -0.6360950000, 0.4890304000)
(-0.5988310000, -0.6342941000, 0.4889267000)
(-0.5990287000, -0.6345556000, 0.4883509000)
(-0.5983663000, -0.6368628000, 0.4861528000)
(-0.5977333000, -0.6377425000, 0.4857800000)
(-0.5940539000, -0.6359207000, 0.4926374000)
(-0.5968947000, -0.6347504000, 0.4907200000)
(-0.6237261000, -0.6184269000, 0.4780259000)
(-0.6044441000, -0.6255608000, 0.4932683000)
(-0.5907578000, -0.6270105000, 0.5078015000)
(-0.5933263000, -0.6234902000, 0.5091134000)
(-0.6205257000, -0.6248910000, 0.4737395000)
(-0.6267933000, -0.6199771000, 0.4719597000)
(-0.6248358000, -0.6229068000, 0.4707032000)
(-0.5952261000, -0.6349828000, 0.4924188000)
(-0.6288208000, -0.6230103000, 0.4652294000)
(-0.6278800000, -0.6272399000, 0.4607715000)
(-0.6211747000, -0.6367947000, 0.4567521000)
(-0.5925721000, -0.6378673000, 0.4919105000)
(-0.5919515000, -0.6396077000, 0.4904017000)
(-0.5931286000, -0.6409294000, 0.4872339000)
(-0.6051285000, -0.6360753000, 0.4787466000)
(-0.5968601000, -0.6363786000, 0.4886288000)
(-0.5952239000, -0.6363904000, 0.4906209000)
(-0.5953786000, -0.6360777000, 0.4908239000)
(-0.5931090000, -0.6367313000, 0.4927316000)
(-0.5913857000, -0.6366774000, 0.4948536000)
(-0.5933111000, -0.6363945000, 0.4929067000)
(-0.5933218000, -0.6364664000, 0.4928177000)
(-0.6070336000, -0.6327593000, 0.4807297000)
(-0.6071728000, -0.6322201000, 0.4812689000)
(-0.6194341000, -0.6293129000, 0.4693236000)
(-0.6221293000, -0.6278780000, 0.4676665000)
(-0.6254137000, -0.6291904000, 0.4614647000)
(-0.6131191000, -0.6361201000, 0.4684164000)
(-0.6237147000, -0.6276839000, 0.4658050000)
(-0.6157319000, -0.6315001000, 0.4712329000)
(-0.6239056000, -0.6237514000, 0.4707963000)
(-0.6269520000, -0.6204102000, 0.4711878000)
(-0.6253019000, -0.6207421000, 0.4729272000)
(-0.6255147000, -0.6211928000, 0.4720623000)
(-0.6229091000, -0.6234893000, 0.4724621000)
(-0.6234655000, -0.6197884000, 0.4765763000)
(-0.6176161000, -0.6257704000, 0.4763844000)
(-0.6148856000, -0.6274623000, 0.4777072000)
(-0.6136720000, -0.6288621000, 0.4774167000)
(-0.6116657000, -0.6300907000, 0.4783649000)
(-0.6177120000, -0.6233670000, 0.4794033000)
(-0.6186934000, -0.6232868000, 0.4782461000)
(-0.6152441000, -0.6144387000, 0.4938985000)
(-0.6098973000, -0.6168248000, 0.4975444000)
(-0.6148896000, -0.6197760000, 0.4876324000)
(-0.6142057000, -0.6174194000, 0.4914646000)
(-0.6035947000, -0.6324950000, 0.4854017000)
(-0.6152995000, -0.5962794000, 0.5156109000)
(-0.6200120000, -0.6015009000, 0.5037372000)
(-0.6020933000, -0.6283731000, 0.4925746000)
(-0.6213497000, -0.6052465000, 0.4975651000)
(-0.6272861000, -0.6032053000, 0.4925707000)
(-0.6271248000, -0.6031267000, 0.4928756000)
(-0.6281765000, -0.6027408000, 0.4920334000)
(-0.6244828000, -0.6031944000, 0.4961436000)
(-0.6244550000, -0.6036134000, 0.4956601000)
(-0.6236914000, -0.6040878000, 0.4960593000)
(-0.6219406000, -0.6044033000, 0.4978793000)
(-0.6216817000, -0.6057475000, 0.4965549000)
(-0.6200606000, -0.6094539000, 0.4940239000)
(-0.6211093000, -0.6102780000, 0.4917145000)
(-0.6203250000, -0.6111243000, 0.4916358000)
(-0.6237436000, -0.6313942000, 0.4607403000)
(-0.6218403000, -0.6363066000, 0.4565089000)
(-0.6213514000, -0.6355339000, 0.4582778000)
(-0.6219456000, -0.6349648000, 0.4582396000)
(-0.6084529000, -0.6412366000, 0.4675198000)
(-0.6108012000, -0.6395541000, 0.4667888000)
(-0.6092313000, -0.6423077000, 0.4650316000)
(-0.6069345000, -0.6428944000, 0.4672282000)
(-0.6060027000, -0.6432813000, 0.4679113000)
(-0.6070689000, -0.6427275000, 0.4672883000)
(-0.6191501000, -0.6366194000, 0.4597412000)
(-0.6206956000, -0.6371939000, 0.4568310000)
(-0.6231269000, -0.6339995000, 0.4579757000)
(-0.6226717000, -0.6348731000, 0.4573920000)
(-0.6141444000, -0.6361360000, 0.4670615000)
(-0.6111967000, -0.6383356000, 0.4679347000)
(-0.6100884000, -0.6393043000, 0.4680376000)
(-0.5876810000, -0.6369647000, 0.4988971000)
(-0.6004592000, -0.6453331000, 0.4722068000)
(-0.6018035000, -0.6439746000, 0.4723376000)
(-0.6103001000, -0.6406767000, 0.4658844000)
(-0.5769771000, -0.6513649000, 0.4927644000)
(-0.5734674000, -0.6567478000, 0.4896871000)
(-0.6036299000, -0.6417262000, 0.4730782000)
(-0.6258420000, -0.6339708000, 0.4543001000)
(-0.6236907000, -0.6340492000, 0.4571411000)
(-0.6220907000, -0.6349835000, 0.4580345000)
(-0.6194319000, -0.6359532000, 0.4602856000)
(-0.5976759000, -0.6360083000, 0.4881086000)
(-0.5892934000, -0.6356521000, 0.4986476000)
(-0.5904728000, -0.6355805000, 0.4973461000)
(-0.6073242000, -0.6360509000, 0.4759980000)
(-0.6098345000, -0.6360122000, 0.4728470000)
(-0.6096238000, -0.6347813000, 0.4747645000)
(-0.6079305000, -0.6390442000, 0.4711907000)
(-0.6066335000, -0.6385688000, 0.4735163000)
(-0.6077032000, -0.6374738000, 0.4736026000)
(-0.6084452000, -0.6381871000, 0.4716896000)
(-0.6076104000, -0.6388506000, 0.4718645000)
(-0.6076986000, -0.6392999000, 0.4711641000)
(-0.6078674000, -0.6382028000, 0.4724263000)
(-0.6071485000, -0.6379225000, 0.4737262000)
(-0.6064050000, -0.6385553000, 0.4738250000)
(-0.6122438000, -0.6415269000, 0.4621636000)
(-0.6078247000, -0.6455790000, 0.4623532000)
(-0.6098543000, -0.6425164000, 0.4639244000)
(-0.6091920000, -0.6435630000, 0.4633546000)
(-0.6018867000, -0.6455330000, 0.4701253000)
(-0.5868549000, -0.6461174000, 0.4879609000)
(-0.6244439000, -0.6381864000, 0.4503079000)
(-0.6213539000, -0.6339191000, 0.4604959000)
(-0.6161344000, -0.6337308000, 0.4677085000)
(-0.5979353000, -0.6367496000, 0.4868280000)
(-0.6139701000, -0.6317156000, 0.4732504000)
(-0.6181342000, -0.6290789000, 0.4713399000)
(-0.6223988000, -0.6285028000, 0.4664682000)
(-0.6046627000, -0.6341144000, 0.4819252000)
(-0.6031971000, -0.6356616000, 0.4817272000)
(-0.6034719000, -0.6351234000, 0.4821165000)
(-0.6125949000, -0.6356546000, 0.4697423000)
(-0.6194561000, -0.6346461000, 0.4620558000)
(-0.6221086000, -0.6334332000, 0.4601357000)
(-0.6211413000, -0.6328440000, 0.4622417000)
(-0.6158978000, -0.6319832000, 0.4703898000)
(-0.5879073000, -0.6440509000, 0.4894331000)
(-0.5791828000, -0.6478517000, 0.4947892000)
(-0.5821742000, -0.6476679000, 0.4915271000)
(-0.6192206000, -0.6299297000, 0.4687726000)
(-0.6224405000, -0.6329185000, 0.4604003000)
(-0.6263124000, -0.6299880000, 0.4591675000)
(-0.6238312000, -0.6298547000, 0.4627232000)
(-0.6180634000, -0.6315061000, 0.4681698000)
(-0.6186680000, -0.6311200000, 0.4679049000)
(-0.6034130000, -0.6366974000, 0.4800934000)
(-0.6187829000, -0.6276207000, 0.4724281000)
(-0.5978799000, -0.6394213000, 0.4833865000)
(-0.6114444000, -0.6314353000, 0.4768611000)
(-0.5890834000, -0.6431997000, 0.4891376000)
(-0.6131700000, -0.6301574000, 0.4763350000)
(-0.6129746000, -0.6366406000, 0.4679177000)
(-0.6202260000, -0.6324918000, 0.4639492000)
(-0.6249070000, -0.6269396000, 0.4652021000)
(-0.6239135000, -0.6285738000, 0.4643365000)
(-0.6140558000, -0.6350836000, 0.4686148000)
(-0.6185765000, -0.6326878000, 0.4658948000)
(-0.6279770000, -0.6322523000, 0.4537316000)
(-0.6300006000, -0.6244926000, 0.4616311000)
(-0.6270290000, -0.6347763000, 0.4515155000)
(-0.6252968000, -0.6310652000, 0.4590617000)
(-0.6305967000, -0.6289366000, 0.4547341000)
(-0.6093607000, -0.6346223000, 0.4753136000)
(-0.5817574000, -0.6418749000, 0.4995410000)
(-0.5821466000, -0.6422335000, 0.4986279000)
(-0.5842902000, -0.6388240000, 0.5004920000)
(-0.5916512000, -0.6372218000, 0.4938329000)
(-0.6154929000, -0.6270385000, 0.4774521000)
(-0.6146167000, -0.6290696000, 0.4759278000)
(-0.6124384000, -0.6309304000, 0.4762626000)
(-0.6157302000, -0.6311694000, 0.4716741000)
(-0.6160415000, -0.6296567000, 0.4732835000)
(-0.5874681000, -0.6404636000, 0.4946420000)
(-0.5912910000, -0.6360960000, 0.4957307000)
(-0.5942404000, -0.6340547000, 0.4948219000)
(-0.6036479000, -0.6298987000, 0.4886914000)
(-0.6040120000, -0.6307182000, 0.4871789000)
(-0.6126388000, -0.6305268000, 0.4765392000)
(-0.6157020000, -0.6298949000, 0.4734375000)
(-0.6166113000, -0.6282744000, 0.4743812000)
(-0.6082743000, -0.6204848000, 0.4949592000)
(-0.6021055000, -0.6257766000, 0.4958315000)
(-0.6013670000, -0.6260728000, 0.4963538000)
(-0.6013166000, -0.6261364000, 0.4963316000)
(-0.6006852000, -0.6242157000, 0.4995244000)
(-0.6022112000, -0.6243651000, 0.4974964000)
(-0.5902753000, -0.6357035000, 0.4974259000)
(-0.5935085000, -0.6320838000, 0.4982046000)
(-0.5931521000, -0.6318604000, 0.4988951000)
(-0.5905546000, -0.6346678000, 0.4984260000)
(-0.5969940000, -0.6329334000, 0.4929189000)
(-0.5971792000, -0.6321423000, 0.4937305000)
(-0.5971643000, -0.6333534000, 0.4921921000)
(-0.5855768000, -0.6366407000, 0.5017819000)
(-0.6275727000, -0.6246226000, 0.4647434000)
(-0.6225367000, -0.6270688000, 0.4681972000)
(-0.6287967000, -0.6210819000, 0.4678161000)
(-0.6236612000, -0.6247739000, 0.4697668000)
(-0.5900133000, -0.6337544000, 0.5002288000)
(-0.5985391000, -0.6361583000, 0.4868615000)
(-0.6269954000, -0.6230134000, 0.4676549000)
(-0.6270406000, -0.6241409000, 0.4661173000)
(-0.6252723000, -0.6190723000, 0.4751375000)
(-0.6018521000, -0.6279115000, 0.4934428000)
(-0.6017248000, -0.6279348000, 0.4935751000)
(-0.6010752000, -0.6284840000, 0.4936748000)
(-0.6119691000, -0.6275696000, 0.4812802000)
(-0.6129081000, -0.6287109000, 0.4785928000)
(-0.6149058000, -0.6260232000, 0.4795455000)
(-0.6183673000, -0.6263644000, 0.4746392000)
(-0.6132317000, -0.6256157000, 0.4822344000)
(-0.6018174000, -0.6272763000, 0.4942932000)
(-0.6018097000, -0.6266837000, 0.4950505000)
(-0.6124083000, -0.6233112000, 0.4862446000)
(-0.6169538000, -0.6232016000, 0.4806090000)
(-0.6155740000, -0.6231818000, 0.4823920000)
(-0.6294013000, -0.6205319000, 0.4677376000)
(-0.6243104000, -0.6189467000, 0.4765801000)
(-0.6210806000, -0.6222469000, 0.4764982000)
(-0.6227389000, -0.6211717000, 0.4757488000)
(-0.6243150000, -0.6191477000, 0.4762977000)
(-0.6062447000, -0.6221855000, 0.4953236000)
(-0.6045517000, -0.6225114000, 0.4969796000)
(-0.6044070000, -0.6232172000, 0.4962768000)
(-0.6072642000, -0.6232868000, 0.4926736000)
(-0.6159614000, -0.6265346000, 0.4775402000)
(-0.6268925000, -0.6277639000, 0.4614105000)
(-0.6303238000, -0.6256758000, 0.4595849000)
(-0.6344517000, -0.6221737000, 0.4586521000)
(-0.6323473000, -0.6250994000, 0.4575799000)
(-0.6163521000, -0.6209826000, 0.4842121000)
(-0.6247892000, -0.6202714000, 0.4742244000)
(-0.6307108000, -0.6205009000, 0.4659955000)
(-0.6357512000, -0.6130568000, 0.4690152000)
(-0.6235643000, -0.6134837000, 0.4845365000)
(-0.6185665000, -0.6142076000, 0.4899943000)
(-0.6240764000, -0.6088954000, 0.4896417000)
(-0.6350664000, -0.6059003000, 0.4791117000)
(-0.6460845000, -0.5980440000, 0.4742356000)
(-0.6494403000, -0.5964965000, 0.4716064000)
(-0.6515400000, -0.5924080000, 0.4738330000)
(-0.6449560000, -0.5948468000, 0.4797603000)
(-0.6503012000, -0.5954322000, 0.4717595000)
(-0.6426272000, -0.5902017000, 0.4885404000)
(-0.6486766000, -0.5875382000, 0.4837371000)
(-0.6455041000, -0.5910196000, 0.4837371000)
(-0.6390396000, -0.5964798000, 0.4856274000)
(-0.6319541000, -0.5980451000, 0.4928960000)
(-0.6180199000, -0.6099603000, 0.4959809000)
(-0.6175241000, -0.6104625000, 0.4959609000)
(-0.6279534000, -0.6006204000, 0.4948904000)
(-0.6211356000, -0.6066605000, 0.4961268000)
(-0.6207845000, -0.6072717000, 0.4958157000)
(-0.6276873000, -0.6008474000, 0.4949627000)
(-0.6333955000, -0.5966805000, 0.4927224000)
(-0.6314811000, -0.5968453000, 0.4949544000)
(-0.6243056000, -0.5985302000, 0.5019749000)
(-0.6245520000, -0.5995933000, 0.5004139000)
(-0.6311650000, -0.5941243000, 0.4986157000)
(-0.6350889000, -0.5909316000, 0.4974429000)
(-0.6355628000, -0.5905751000, 0.4972678000)
(-0.6355805000, -0.5906649000, 0.4971336000)
(-0.6316776000, -0.5930349000, 0.4992842000)
(-0.6300351000, -0.5929228000, 0.5014813000)
(-0.6272607000, -0.5987884000, 0.4979901000)
(-0.6289396000, -0.5997487000, 0.4946844000)
(-0.6362690000, -0.5947155000, 0.4913777000)
(-0.6366050000, -0.5949179000, 0.4906980000)
(-0.6368831000, -0.5952963000, 0.4898683000)
(-0.6364216000, -0.5954908000, 0.4902447000)
(-0.6366389000, -0.5952758000, 0.4902108000)
(-0.6383819000, -0.5933986000, 0.4902430000)
(-0.6370870000, -0.5950517000, 0.4899111000)
(-0.6439213000, -0.5929291000, 0.4835176000)
(-0.6495596000, -0.5900891000, 0.4794142000)
(-0.6477642000, -0.5924340000, 0.4789560000)
(-0.6400612000, -0.5988930000, 0.4812836000)
(-0.6381813000, -0.5979745000, 0.4849040000)
(-0.6151712000, -0.6142400000, 0.4942159000)
(-0.6140636000, -0.6130655000, 0.4970594000)
(-0.6174646000, -0.6130396000, 0.4928387000)
(-0.6301133000, -0.6081226000, 0.4828412000)
(-0.6090038000, -0.6219110000, 0.4922629000)
(-0.6075997000, -0.6200369000, 0.4963355000)
(-0.6323487000, -0.6044210000, 0.4845440000)
(-0.6392170000, -0.5990452000, 0.4822203000)
(-0.6424482000, -0.5976186000, 0.4796732000)
(-0.6436993000, -0.5951828000, 0.4810244000)
(-0.6482523000, -0.5911496000, 0.4799025000)
(-0.6419902000, -0.5938253000, 0.4849924000)
(-0.6383896000, -0.5959533000, 0.4871054000)
(-0.6369501000, -0.5928842000, 0.4926994000)
(-0.6147574000, -0.6181527000, 0.4898420000)
(-0.6224592000, -0.6117152000, 0.4881878000)
(-0.6290321000, -0.6029282000, 0.4906902000)
(0.0000000000, 0.0000000000, 0.0000000000)
(0.0000000000, 0.0000000000, 0.0000000000)
(0.0000000000, 0.0000000000, 0.0000000000)
(0.0000000000, 0.0000000000, 0.0000000000)
(0.0000000000, 0.0000000000, 0.0000000000)
(-0.6482835000, -0.5715808000, 0.5030075000)
(-0.6612843000, -0.5433652000, 0.5171471000)
(-0.6544739000, -0.5431364000, 0.5259770000)
(-0.6430960000, -0.5424260000, 0.5405387000)
(-0.6370319000, -0.5367018000, 0.5532969000)
(-0.6260324000, -0.5452188000, 0.5574867000)
(-0.6171944000, -0.5557774000, 0.5569289000)
(-0.6097608000, -0.5570002000, 0.5638378000)
(-0.6009569000, -0.5717766000, 0.5584850000)
(-0.6093654000, -0.5694391000, 0.5517207000)
(-0.6112170000, -0.5753320000, 0.5434929000)
(-0.6123492000, -0.5774769000, 0.5399476000)
(-0.6159174000, -0.5942579000, 0.5171812000)
(-0.6238100000, -0.5756595000, 0.5286418000)
(-0.6227077000, -0.5771498000, 0.5283248000)
(-0.6223087000, -0.5772491000, 0.5286667000)
(-0.6263202000, -0.5722551000, 0.5293606000)
(-0.6034419000, -0.6006483000, 0.5244591000)
(-0.6083510000, -0.5951796000, 0.5250360000)
(-0.6194177000, -0.5833110000, 0.5254155000)
(-0.6214931000, -0.5810277000, 0.5254996000)
(-0.6225409000, -0.5801883000, 0.5251773000)
(-0.6208169000, -0.5834818000, 0.5235674000)
(-0.6214968000, -0.5828165000, 0.5235109000)
(-0.6230587000, -0.5810732000, 0.5235919000)
(-0.6357460000, -0.5690900000, 0.5214700000)
(-0.6386067000, -0.5681910000, 0.5189490000)
(-0.6389027000, -0.5674813000, 0.5193624000)
(-0.6397672000, -0.5653535000, 0.5206246000)
(-0.6388330000, -0.5683306000, 0.5185388000)
(-0.6409072000, -0.5669294000, 0.5175159000)
(-0.6401854000, -0.5684744000, 0.5167115000)
(-0.6236573000, -0.5826442000, 0.5211118000)
(-0.6269181000, -0.5792422000, 0.5209869000)
(-0.6299236000, -0.5778527000, 0.5188948000)
(-0.6350508000, -0.5727055000, 0.5183741000)
(-0.6355402000, -0.5713945000, 0.5192176000)
(-0.6244957000, -0.5854678000, 0.5169366000)
(-0.6249143000, -0.6101508000, 0.4870088000)
(-0.6350473000, -0.5938420000, 0.4940223000)
(-0.6371991000, -0.5916710000, 0.4938607000)
(-0.6378747000, -0.5890892000, 0.4960643000)
(-0.6325045000, -0.5912787000, 0.5003144000)
(-0.6332206000, -0.5898615000, 0.5010661000)
(-0.6324365000, -0.5902537000, 0.5016037000)
(-0.6317106000, -0.5918943000, 0.5005828000)
(-0.6255620000, -0.5968009000, 0.5024725000)
(-0.6036438000, -0.6118121000, 0.5111458000)
(-0.6034702000, -0.6113650000, 0.5119093000)
(-0.6250129000, -0.5944619000, 0.5059122000)
(-0.6322672000, -0.5888757000, 0.5034489000)
(-0.6323234000, -0.5880193000, 0.5043775000)
(-0.6347893000, -0.5856142000, 0.5040563000)
(-0.6525881000, -0.5757574000, 0.4925527000)
(-0.6411833000, -0.6128026000, 0.4618731000)
(-0.6412631000, -0.6085572000, 0.4673682000)
(-0.6429133000, -0.6062180000, 0.4681407000)
(-0.6446448000, -0.6045942000, 0.4678343000)
(-0.6360823000, -0.6084760000, 0.4744911000)
(-0.6366002000, -0.6073733000, 0.4752013000)
(-0.6373873000, -0.6068251000, 0.4748499000)
(-0.6377208000, -0.6040648000, 0.4779080000)
(-0.6379290000, -0.6054389000, 0.4758844000)
