(0.7760816000, 0.3994365000, 0.4879825000)
(0.7758602000, 0.3974828000, 0.4899198000)
(0.7740425000, 0.4000034000, 0.4907498000)
(0.7756929000, 0.4009265000, 0.4873871000)
(0.7763099000, 0.3979382000, 0.4888511000)
(0.7723401000, 0.4098765000, 0.4852472000)
(0.7907711000, 0.3940857000, 0.4683752000)
(0.7783864000, 0.4054998000, 0.4792405000)
(0.7809409000, 0.4079041000, 0.4729876000)
(0.7866042000, 0.4008444000, 0.4696510000)
(0.7894396000, 0.3980592000, 0.4672538000)
(0.7863463000, 0.4015454000, 0.4694693000)
(0.7843226000, 0.4053968000, 0.4695489000)
(0.7714126000, 0.4214641000, 0.4767398000)
(0.7711325000, 0.4252382000, 0.4738274000)
(0.7709174000, 0.4232780000, 0.4759268000)
(0.7703372000, 0.4210882000, 0.4788150000)
(0.8031588000, 0.3927047000, 0.4479906000)
(0.8019722000, 0.3906052000, 0.4519273000)
(0.8000145000, 0.4016804000, 0.4456564000)
(0.7887921000, 0.4060280000, 0.4614608000)
(0.8130493000, 0.4062839000, 0.4169751000)
(0.8106121000, 0.4042883000, 0.4235914000)
(0.8147669000, 0.4090719000, 0.4108622000)
(0.8111404000, 0.4090288000, 0.4180081000)
(0.7795910000, 0.4496435000, 0.4359331000)
(0.7743767000, 0.4607835000, 0.4336109000)
(0.7789948000, 0.4533444000, 0.4331682000)
(0.7900515000, 0.4381995000, 0.4287136000)
(0.7886364000, 0.4406061000, 0.4288323000)
(0.7816764000, 0.4507960000, 0.4310008000)
(0.7844651000, 0.4460561000, 0.4308394000)
(0.7866367000, 0.4474636000, 0.4253840000)
(0.7778218000, 0.4578823000, 0.4305044000)
(0.7849222000, 0.4450860000, 0.4310192000)
(0.7906365000, 0.4392262000, 0.4265650000)
(0.7893661000, 0.4403590000, 0.4277605000)
(0.7852415000, 0.4491023000, 0.4262565000)
(0.7876244000, 0.4412943000, 0.4299897000)
(0.8080447000, 0.4140863000, 0.4190216000)
(0.8097546000, 0.4097628000, 0.4199837000)
(0.8089103000, 0.4109325000, 0.4204538000)
(0.7895932000, 0.4478185000, 0.4195046000)
(0.7867990000, 0.4494081000, 0.4230578000)
(0.7890682000, 0.4496760000, 0.4184906000)
(0.7913156000, 0.4450032000, 0.4192742000)
(0.7908441000, 0.4443073000, 0.4208667000)
(0.7860197000, 0.4528877000, 0.4207889000)
(0.7842917000, 0.4552951000, 0.4213995000)
(0.7840133000, 0.4552506000, 0.4219525000)
(0.7947376000, 0.4308185000, 0.4275141000)
(0.8095063000, 0.4136844000, 0.4166062000)
(0.8100705000, 0.4124213000, 0.4167335000)
(0.7707539000, 0.4599054000, 0.4409046000)
(0.7700027000, 0.4617586000, 0.4402956000)
(0.7730721000, 0.4477264000, 0.4493165000)
(0.8106615000, 0.4245512000, 0.4031974000)
(0.8083968000, 0.4292149000, 0.4028179000)
(0.7728350000, 0.4518237000, 0.4455958000)
(0.7730406000, 0.4526091000, 0.4444501000)
(0.7729855000, 0.4538545000, 0.4432586000)
(0.7727282000, 0.4534907000, 0.4440821000)
(0.7842458000, 0.4441850000, 0.4331689000)
(0.7831807000, 0.4447689000, 0.4344886000)
(0.7829288000, 0.4448185000, 0.4348998000)
(0.7826945000, 0.4441391000, 0.4360216000)
(0.7817627000, 0.4487083000, 0.4330064000)
(0.7809677000, 0.4489465000, 0.4341971000)
(0.7801628000, 0.4492058000, 0.4353540000)
(0.7807509000, 0.4480219000, 0.4355288000)
(0.7813253000, 0.4466784000, 0.4358909000)
(0.7821218000, 0.4444589000, 0.4367243000)
(0.7811436000, 0.4446731000, 0.4382509000)
(0.7792852000, 0.4457785000, 0.4404489000)
(0.7792413000, 0.4450865000, 0.4412204000)
(0.7830347000, 0.4416273000, 0.4379605000)
(0.7829693000, 0.4418174000, 0.4378690000)
(0.7811212000, 0.4435221000, 0.4394420000)
(0.7793824000, 0.4450410000, 0.4410094000)
(0.7789665000, 0.4463779000, 0.4403912000)
(0.7745054000, 0.4519182000, 0.4426009000)
(0.7724883000, 0.4562698000, 0.4416584000)
(0.7748762000, 0.4537614000, 0.4400580000)
(0.7661092000, 0.4625931000, 0.4461597000)
(0.7661334000, 0.4633882000, 0.4452954000)
(0.7659280000, 0.4652737000, 0.4436779000)
(0.7639621000, 0.4682461000, 0.4439564000)
(0.8006060000, 0.4181786000, 0.4291234000)
(0.7804779000, 0.4460596000, 0.4380149000)
(0.7785172000, 0.4496444000, 0.4378572000)
(0.7774574000, 0.4507159000, 0.4386273000)
(0.7764611000, 0.4524875000, 0.4385594000)
(0.7763647000, 0.4526969000, 0.4385185000)
(0.7772978000, 0.4517345000, 0.4378521000)
(0.7729051000, 0.4556831000, 0.4415233000)
(0.7756250000, 0.4581807000, 0.4341075000)
(0.7747905000, 0.4590084000, 0.4347202000)
(0.8050978000, 0.4280352000, 0.4105927000)
(0.7864313000, 0.4475261000, 0.4257018000)
(0.7852173000, 0.4482267000, 0.4272140000)
(0.7854378000, 0.4475464000, 0.4275152000)
(0.7850751000, 0.4466388000, 0.4291212000)
(0.7853375000, 0.4463640000, 0.4289375000)
(0.7853921000, 0.4466963000, 0.4285069000)
(0.7851794000, 0.4465011000, 0.4290717000)
(0.7852334000, 0.4465189000, 0.4289574000)
(0.7849600000, 0.4462990000, 0.4296990000)
(0.7727289000, 0.4586049000, 0.4388269000)
(0.7727856000, 0.4587963000, 0.4385052000)
(0.7738307000, 0.4574082000, 0.4381236000)
(0.7738610000, 0.4567353000, 0.4387510000)
(0.8032442000, 0.4081116000, 0.4338477000)
(0.7943597000, 0.4196572000, 0.4391790000)
(0.7781755000, 0.4442785000, 0.4438816000)
(0.7777365000, 0.4451532000, 0.4437939000)
(0.7780228000, 0.4456069000, 0.4428253000)
(0.7788743000, 0.4434370000, 0.4435272000)
(0.7797066000, 0.4427738000, 0.4427204000)
(0.7928624000, 0.4347007000, 0.4270774000)
(0.8085344000, 0.4085161000, 0.4235275000)
(0.8104872000, 0.4071408000, 0.4211144000)
(0.7960591000, 0.4292605000, 0.4266406000)
(0.7902241000, 0.4390752000, 0.4274735000)
(0.7898092000, 0.4402155000, 0.4270752000)
(0.7867414000, 0.4458665000, 0.4268768000)
(0.7904181000, 0.4441265000, 0.4218748000)
(0.7916648000, 0.4416362000, 0.4221640000)
(0.7637537000, 0.4751306000, 0.4369372000)
(0.7631980000, 0.4757831000, 0.4371886000)
(0.7640299000, 0.4750947000, 0.4364966000)
(0.7736363000, 0.4616990000, 0.4339245000)
(0.7789604000, 0.4531691000, 0.4334255000)
(0.7784594000, 0.4532275000, 0.4342319000)
(0.7778391000, 0.4542187000, 0.4343215000)
(0.7782357000, 0.4537673000, 0.4340813000)
(0.7777805000, 0.4534653000, 0.4352296000)
(0.7759928000, 0.4550885000, 0.4367113000)
(0.7732116000, 0.4578214000, 0.4387842000)
(0.7728377000, 0.4587962000, 0.4384228000)
(0.7770845000, 0.4531337000, 0.4367947000)
(0.7802749000, 0.4393967000, 0.4450786000)
(0.7751921000, 0.4457364000, 0.4476282000)
(0.7775342000, 0.4402526000, 0.4489957000)
(0.7835624000, 0.4328473000, 0.4457076000)
(0.7869565000, 0.4273721000, 0.4450031000)
(0.7826269000, 0.4333967000, 0.4468247000)
(0.7817505000, 0.4348448000, 0.4469496000)
(0.7816291000, 0.4351403000, 0.4468657000)
(0.7811273000, 0.4362831000, 0.4466415000)
(0.7800585000, 0.4381567000, 0.4466540000)
(0.7799886000, 0.4388096000, 0.4461515000)
(0.7794519000, 0.4391706000, 0.4467156000)
(0.7805151000, 0.4379281000, 0.4460768000)
(0.7788647000, 0.4400508000, 0.4468752000)
(0.7775459000, 0.4434659000, 0.4457948000)
(0.7776384000, 0.4434538000, 0.4456589000)
(0.7792515000, 0.4415626000, 0.4447111000)
(0.7789616000, 0.4415619000, 0.4452149000)
(0.7791911000, 0.4409608000, 0.4454161000)
(0.7784160000, 0.4416000000, 0.4461398000)
(0.7758078000, 0.4463434000, 0.4459742000)
(0.7725313000, 0.4522061000, 0.4457584000)
(0.7702478000, 0.4544715000, 0.4473730000)
(0.7745677000, 0.4479634000, 0.4464827000)
(0.7784116000, 0.4420728000, 0.4456645000)
(0.7779393000, 0.4435198000, 0.4450688000)
(0.7769345000, 0.4452015000, 0.4451378000)
(0.7654966000, 0.4604367000, 0.4494514000)
(0.7655087000, 0.4607292000, 0.4491310000)
(0.7655503000, 0.4601197000, 0.4496620000)
(0.7758061000, 0.4483569000, 0.4439287000)
(0.7733829000, 0.4501384000, 0.4463474000)
(0.7738786000, 0.4487423000, 0.4469130000)
(0.7769781000, 0.4456240000, 0.4446524000)
(0.7799425000, 0.4395511000, 0.4455093000)
(0.7807209000, 0.4389139000, 0.4447601000)
(0.7802574000, 0.4395516000, 0.4449345000)
(0.7792987000, 0.4401168000, 0.4460683000)
(0.7791067000, 0.4403794000, 0.4461505000)
(0.7790200000, 0.4404458000, 0.4462377000)
(0.7791575000, 0.4414098000, 0.4450392000)
(0.7793643000, 0.4399327000, 0.4461491000)
(0.7790948000, 0.4401098000, 0.4464325000)
(0.7785878000, 0.4408561000, 0.4465823000)
(0.7779621000, 0.4412013000, 0.4473359000)
(0.7775744000, 0.4415140000, 0.4477018000)
(0.7773477000, 0.4415308000, 0.4480821000)
(0.7770305000, 0.4414375000, 0.4486999000)
(0.7767716000, 0.4414979000, 0.4491138000)
(0.7781746000, 0.4380791000, 0.4500149000)
(0.7652429000, 0.4478524000, 0.4623870000)
(0.7656957000, 0.4341008000, 0.4746204000)
(0.0000000000, 0.0000000000, 0.0000000000)
(0.0000000000, 0.0000000000, 0.0000000000)
(0.0000000000, 0.0000000000, 0.0000000000)
(0.0000000000, 0.0000000000, 0.0000000000)
(0.0000000000, 0.0000000000, 0.0000000000)
(0.0000000000, 0.0000000000, 0.0000000000)
(0.7998697000, 0.3755406000, 0.4681363000)
(0.7709292000, 0.4232476000, 0.4759248000)
(0.7720249000, 0.4238429000, 0.4736331000)
(0.7731931000, 0.4195862000, 0.4755188000)
(0.7736990000, 0.4235879000, 0.4711055000)
(0.7729718000, 0.4259914000, 0.4701299000)
(0.7601134000, 0.4452468000, 0.4732600000)
(0.7666525000, 0.4400018000, 0.4675762000)
(0.7672836000, 0.4381179000, 0.4683164000)
(0.7668008000, 0.4383260000, 0.4689139000)
(0.7718028000, 0.4337323000, 0.4649555000)
(0.7728200000, 0.4330286000, 0.4639046000)
(0.7744331000, 0.4323323000, 0.4618868000)
(0.7763336000, 0.4300825000, 0.4607792000)
(0.7777816000, 0.4276840000, 0.4605596000)
(0.7791280000, 0.4263334000, 0.4595369000)
(0.7816415000, 0.4239874000, 0.4574308000)
(0.7841563000, 0.4187914000, 0.4579173000)
(0.7815493000, 0.4211081000, 0.4602620000)
(0.7688165000, 0.4308604000, 0.4725005000)
(0.7667722000, 0.4292410000, 0.4772658000)
(0.7667700000, 0.4299948000, 0.4765915000)
(0.7669740000, 0.4302217000, 0.4760653000)
(0.7766625000, 0.4234193000, 0.4663681000)
(0.7776089000, 0.4276423000, 0.4608917000)
(0.7729652000, 0.4344041000, 0.4623828000)
(0.7737182000, 0.4333000000, 0.4621658000)
(0.7740591000, 0.4333797000, 0.4615027000)
(0.7768999000, 0.4311330000, 0.4588314000)
(0.7771448000, 0.4307540000, 0.4587843000)
(0.7771836000, 0.4307225000, 0.4587528000)
(0.7772756000, 0.4302036000, 0.4590741000)
(0.7769814000, 0.4312305000, 0.4586124000)
(0.7769901000, 0.4316970000, 0.4581420000)
(0.7770761000, 0.4321886000, 0.4575518000)
(0.7760774000, 0.4333227000, 0.4581646000)
(0.7743595000, 0.4339424000, 0.4604820000)
(0.7664132000, 0.4415968000, 0.4664733000)
(0.7672496000, 0.4404931000, 0.4661255000)
(0.7677398000, 0.4428615000, 0.4630621000)
(0.7800971000, 0.4233263000, 0.4606774000)
(0.7917649000, 0.4058156000, 0.4565107000)
(0.7944351000, 0.4036762000, 0.4537495000)
(0.7946963000, 0.4032786000, 0.4536524000)
(0.7788358000, 0.4260383000, 0.4603268000)
(0.7744097000, 0.4317534000, 0.4624664000)
(0.7753041000, 0.4311216000, 0.4615309000)
(0.7747431000, 0.4317072000, 0.4619246000)
(0.7749362000, 0.4325103000, 0.4608578000)
(0.7695808000, 0.4449440000, 0.4579983000)
(0.7682992000, 0.4442280000, 0.4608143000)
(0.7688990000, 0.4434176000, 0.4605964000)
(0.7700606000, 0.4421787000, 0.4598667000)
(0.7813421000, 0.4328116000, 0.4496390000)
(0.7812262000, 0.4328389000, 0.4498164000)
(0.7809485000, 0.4331161000, 0.4500052000)
(0.7812583000, 0.4321508000, 0.4504060000)
(0.7812634000, 0.4323302000, 0.4502212000)
(0.7809782000, 0.4331911000, 0.4498926000)
(0.7699830000, 0.4428553000, 0.4593305000)
(0.7599733000, 0.4546428000, 0.4644753000)
(0.7585382000, 0.4585424000, 0.4629849000)
(0.7584681000, 0.4576557000, 0.4639582000)
(0.7744386000, 0.4366706000, 0.4577775000)
(0.7706862000, 0.4410646000, 0.4598817000)
(0.7711020000, 0.4403100000, 0.4598978000)
(0.7715974000, 0.4401116000, 0.4592799000)
(0.7607875000, 0.4559089000, 0.4618957000)
(0.7650709000, 0.4507377000, 0.4598928000)
(0.7648945000, 0.4516181000, 0.4593071000)
(0.7637554000, 0.4526461000, 0.4601988000)
(0.7726257000, 0.4427372000, 0.4550079000)
(0.7637404000, 0.4530678000, 0.4598035000)
(0.7637699000, 0.4529496000, 0.4598742000)
(0.7599243000, 0.4539085000, 0.4652587000)
(0.7511309000, 0.4628287000, 0.4707076000)
(0.7519609000, 0.4626981000, 0.4695123000)
(0.7515877000, 0.4653449000, 0.4674948000)
(0.7934120000, 0.4143749000, 0.4458269000)
(0.7958541000, 0.4129851000, 0.4427608000)
(0.7536917000, 0.4682974000, 0.4611023000)
(0.7580232000, 0.4663909000, 0.4559115000)
(0.7568228000, 0.4675410000, 0.4567271000)
(0.7556636000, 0.4676118000, 0.4585629000)
(0.7662772000, 0.4571850000, 0.4514285000)
(0.7666497000, 0.4576845000, 0.4502782000)
(0.7674345000, 0.4569157000, 0.4497225000)
(0.7999431000, 0.4181917000, 0.4303447000)
(0.7984638000, 0.4189306000, 0.4323707000)
(0.7960181000, 0.4213873000, 0.4344922000)
(0.7620166000, 0.4586037000, 0.4571749000)
(0.7969781000, 0.4218827000, 0.4322154000)
(0.7982666000, 0.4222361000, 0.4295117000)
(0.8010845000, 0.4193332000, 0.4271083000)
(0.8006188000, 0.4200285000, 0.4272744000)
(0.8007612000, 0.4213886000, 0.4256866000)
(0.7541782000, 0.4797972000, 0.4483084000)
(0.7540333000, 0.4815986000, 0.4466168000)
(0.7535874000, 0.4841186000, 0.4446713000)
(0.7525251000, 0.4847768000, 0.4457347000)
(0.7529948000, 0.4835628000, 0.4462478000)
(0.7522879000, 0.4843858000, 0.4465456000)
(0.7521462000, 0.4804064000, 0.4510629000)
(0.7510067000, 0.4808930000, 0.4524710000)
(0.7814792000, 0.4441466000, 0.4382000000)
(0.7762160000, 0.4502400000, 0.4413108000)
(0.7644830000, 0.4642647000, 0.4472246000)
(0.7570014000, 0.4728336000, 0.4509566000)
(0.7558554000, 0.4707125000, 0.4550719000)
(0.7550899000, 0.4757270000, 0.4511199000)
(0.7559820000, 0.4718628000, 0.4536701000)
(0.7557777000, 0.4723198000, 0.4535388000)
(0.7559019000, 0.4722531000, 0.4534014000)
(0.7559732000, 0.4723350000, 0.4531874000)
(0.7567064000, 0.4729228000, 0.4513498000)
(0.7573527000, 0.4725352000, 0.4506849000)
(0.7656341000, 0.4662850000, 0.4431457000)
(0.7657610000, 0.4668500000, 0.4423324000)
(0.7678546000, 0.4668558000, 0.4386494000)
(0.7704433000, 0.4644582000, 0.4366786000)
(0.7574047000, 0.4782449000, 0.4445296000)
(0.7572826000, 0.4785879000, 0.4443747000)
(0.7576858000, 0.4795030000, 0.4426941000)
(0.7627831000, 0.4731966000, 0.4407333000)
(0.7632213000, 0.4750916000, 0.4379181000)
(0.7622880000, 0.4764928000, 0.4380266000)
(0.7726217000, 0.4627023000, 0.4346837000)
(0.7723817000, 0.4632402000, 0.4345455000)
(0.7736000000, 0.4601921000, 0.4356077000)
(0.7712798000, 0.4591985000, 0.4407179000)
(0.8001931000, 0.4072781000, 0.4402229000)
(0.7988932000, 0.4087570000, 0.4412176000)
(0.8002798000, 0.4085155000, 0.4389112000)
(0.7990179000, 0.4085505000, 0.4411814000)
(0.7887774000, 0.4251736000, 0.4438770000)
(0.7681842000, 0.4554900000, 0.4499099000)
(0.7665171000, 0.4559391000, 0.4522710000)
(0.7768080000, 0.4400533000, 0.4504664000)
(0.7611065000, 0.4596499000, 0.4576309000)
(0.7613839000, 0.4540317000, 0.4627408000)
(0.7612780000, 0.4530707000, 0.4638724000)
(0.7611924000, 0.4542027000, 0.4628800000)
(0.7728745000, 0.4412120000, 0.4560608000)
(0.7682096000, 0.4435791000, 0.4616024000)
(0.7645609000, 0.4468431000, 0.4645111000)
(0.7733785000, 0.4378877000, 0.4583891000)
(0.8016270000, 0.4022057000, 0.4422675000)
(0.8009120000, 0.4030980000, 0.4427469000)
(0.8012962000, 0.4027285000, 0.4424024000)
(0.7658496000, 0.4453254000, 0.4638249000)
(0.7644311000, 0.4466136000, 0.4649349000)
(0.8024393000, 0.4015434000, 0.4414140000)
(0.8021638000, 0.4064789000, 0.4373649000)
(0.8007138000, 0.4041737000, 0.4421338000)
(0.7791600000, 0.4402156000, 0.4462246000)
(0.7826345000, 0.4326329000, 0.4475334000)
(0.7835804000, 0.4291473000, 0.4492260000)
(0.7638021000, 0.4547791000, 0.4580039000)
(0.7586529000, 0.4392549000, 0.4811236000)
(0.0000000000, 0.0000000000, 0.0000000000)
(0.0000000000, 0.0000000000, 0.0000000000)
(0.0000000000, 0.0000000000, 0.0000000000)
(0.0000000000, 0.0000000000, 0.0000000000)
(0.0000000000, 0.0000000000, 0.0000000000)
(0.0000000000, 0.0000000000, 0.0000000000)
(0.0000000000, 0.0000000000, 0.0000000000)
(0.0000000000, 0.0000000000, 0.0000000000)
(0.0000000000, 0.0000000000, 0.0000000000)
(0.0000000000, 0.0000000000, 0.0000000000)
(0.7337950000, 0.4741839000, 0.4864955000)
(0.7180480000, 0.5011110000, 0.4829781000)
(0.7178305000, 0.4983675000, 0.4861301000)
(0.7846923000, 0.4388375000, 0.4377898000)
(0.7569970000, 0.4667844000, 0.4572144000)
(0.7627385000, 0.4619933000, 0.4525270000)
(0.7478831000, 0.4707693000, 0.4680232000)
(0.7231053000, 0.4880718000, 0.4887623000)
(0.7242142000, 0.4949896000, 0.4800730000)
(0.7845755000, 0.4381158000, 0.4387106000)
(0.7846608000, 0.4392819000, 0.4374013000)
(0.7837215000, 0.4262937000, 0.4517157000)
(0.7437661000, 0.4610831000, 0.4839300000)
(0.7436625000, 0.4622883000, 0.4829591000)
(0.7434511000, 0.4589843000, 0.4863991000)
(0.7432318000, 0.4571888000, 0.4884434000)
(0.7452584000, 0.4569784000, 0.4855393000)
(0.7429934000, 0.4494241000, 0.4959608000)
(0.7388887000, 0.4578390000, 0.4943867000)
(0.7420257000, 0.4535499000, 0.4936371000)
(0.7391384000, 0.4664080000, 0.4859211000)
(0.7406847000, 0.4597824000, 0.4898739000)
(0.7582612000, 0.4430867000, 0.4782156000)
(0.7610134000, 0.4405948000, 0.4761563000)
(0.7716678000, 0.4231642000, 0.4748061000)
(0.7555794000, 0.4439415000, 0.4816786000)
(0.7467337000, 0.4534955000, 0.4865213000)
(0.7544512000, 0.4426749000, 0.4845902000)
(0.7682269000, 0.4308037000, 0.4735259000)
(0.7755184000, 0.4235162000, 0.4681778000)
(0.7597373000, 0.4424275000, 0.4764739000)
(0.7466369000, 0.4603249000, 0.4802161000)
(0.7535052000, 0.4517030000, 0.4776832000)
(0.7533088000, 0.4554166000, 0.4744582000)
(0.7535303000, 0.4521857000, 0.4771961000)
(0.7781430000, 0.4262391000, 0.4613031000)
(0.7969307000, 0.4045902000, 0.4485407000)
(0.7872622000, 0.4215943000, 0.4499657000)
(0.7535511000, 0.4545739000, 0.4748606000)
(0.7558684000, 0.4568059000, 0.4690242000)
(0.7649711000, 0.4468311000, 0.4638324000)
(0.7890811000, 0.4212681000, 0.4470613000)
(0.7878035000, 0.4221111000, 0.4485207000)
(0.7824783000, 0.4250766000, 0.4549958000)
(0.7642892000, 0.4483534000, 0.4635077000)
(0.7658977000, 0.4466411000, 0.4624919000)
(0.7682445000, 0.4426480000, 0.4624214000)
(0.7837214000, 0.4273862000, 0.4506725000)
(0.7810791000, 0.4291688000, 0.4535437000)
(0.7895271000, 0.4241662000, 0.4435403000)
(0.7875938000, 0.4252090000, 0.4459746000)
(0.7866055000, 0.4259877000, 0.4469454000)
(0.7849050000, 0.4286822000, 0.4473749000)
(0.7821354000, 0.4317060000, 0.4493007000)
(0.7734644000, 0.4434999000, 0.4528077000)
(0.7675012000, 0.4427863000, 0.4635367000)
(0.7615603000, 0.4555335000, 0.4609731000)
(0.7623693000, 0.4516804000, 0.4634288000)
(0.7645943000, 0.4505788000, 0.4608291000)
(0.7810282000, 0.4274865000, 0.4552196000)
(0.7821848000, 0.4271490000, 0.4535553000)
(0.7797664000, 0.4289402000, 0.4560127000)
(0.7734755000, 0.4365766000, 0.4594835000)
(0.7749126000, 0.4366205000, 0.4570154000)
(0.7629895000, 0.4515698000, 0.4624955000)
(0.7700455000, 0.4422149000, 0.4598441000)
(0.7682416000, 0.4420908000, 0.4629856000)
(0.7733192000, 0.4368480000, 0.4594986000)
(0.7724379000, 0.4374411000, 0.4603886000)
(0.7646477000, 0.4476351000, 0.4635915000)
(0.7571243000, 0.4400658000, 0.4827915000)
(0.7790037000, 0.4128252000, 0.4719328000)
(0.7587594000, 0.4064232000, 0.5090091000)
(0.0000000000, 0.0000000000, 0.0000000000)
(0.0000000000, 0.0000000000, 0.0000000000)
(0.0000000000, 0.0000000000, 0.0000000000)
(0.0000000000, 0.0000000000, 0.0000000000)
(0.0000000000, 0.0000000000, 0.0000000000)
(0.0000000000, 0.0000000000, 0.0000000000)
(0.0000000000, 0.0000000000, 0.0000000000)
(0.7596840000, 0.4634453000, 0.4561700000)
(0.7159650000, 0.5167288000, 0.4694453000)
(0.7678553000, 0.4582075000, 0.4476962000)
(0.7468203000, 0.4831115000, 0.4569807000)
(0.7398890000, 0.4909857000, 0.4598574000)
(0.7430298000, 0.4874646000, 0.4585519000)
(0.7470534000, 0.4851542000, 0.4544467000)
(0.7817798000, 0.4453138000, 0.4364696000)
(0.7586622000, 0.4839191000, 0.4361756000)
(0.7881189000, 0.4326117000, 0.4378192000)
(0.7640477000, 0.4798559000, 0.4312363000)
(0.7659335000, 0.4810042000, 0.4265848000)
(0.7657973000, 0.4806793000, 0.4271791000)
(0.7775325000, 0.4571891000, 0.4317327000)
(0.7678077000, 0.4771772000, 0.4274946000)
(0.7671273000, 0.4772865000, 0.4286022000)
(0.7618061000, 0.4797342000, 0.4353039000)
(0.7889040000, 0.4263806000, 0.4424942000)
(0.8012245000, 0.4038519000, 0.4415160000)
(0.8016573000, 0.4008549000, 0.4434511000)
(0.7950541000, 0.4155855000, 0.4417756000)
(0.7910775000, 0.4214068000, 0.4433963000)
(0.7599723000, 0.4626897000, 0.4564632000)
(0.7890171000, 0.4277561000, 0.4409883000)
(0.7827364000, 0.4365320000, 0.4435784000)
(0.7607749000, 0.4646028000, 0.4531579000)
(0.7587502000, 0.4683275000, 0.4527149000)
(0.7595156000, 0.4734691000, 0.4460407000)
(0.7667347000, 0.4591240000, 0.4486668000)
(0.7711093000, 0.4565221000, 0.4437892000)
(0.7751346000, 0.4525278000, 0.4408753000)
(0.7745503000, 0.4540589000, 0.4403127000)
(0.7492697000, 0.4799693000, 0.4562875000)
(0.7483367000, 0.4855817000, 0.4518552000)
(0.7483452000, 0.4856375000, 0.4518096000)
(0.7578524000, 0.4812939000, 0.4404686000)
(0.7545127000, 0.4842196000, 0.4429783000)
(0.7549944000, 0.4840308000, 0.4423603000)
(0.7551665000, 0.4848619000, 0.4411459000)
(0.7545030000, 0.4862970000, 0.4407159000)
(0.7468638000, 0.4934492000, 0.4457551000)
(0.7455894000, 0.4993773000, 0.4412659000)
(0.7451444000, 0.5009972000, 0.4401613000)
(0.7454070000, 0.5090865000, 0.4303319000)
(0.7637682000, 0.4838996000, 0.4271821000)
(0.7625908000, 0.4880730000, 0.4245421000)
(0.7580807000, 0.4949771000, 0.4245950000)
(0.7613558000, 0.4898632000, 0.4246828000)
(0.7663217000, 0.4820793000, 0.4246726000)
(0.7629749000, 0.4885342000, 0.4233172000)
(0.7508956000, 0.4992396000, 0.4323286000)
(0.7552608000, 0.4861414000, 0.4395903000)
(0.7568073000, 0.4856206000, 0.4374963000)
(0.7578013000, 0.4771419000, 0.4450493000)
(0.7633229000, 0.4748249000, 0.4380104000)
(0.7639577000, 0.4738959000, 0.4379065000)
(0.7655516000, 0.4647853000, 0.4448599000)
(0.7653224000, 0.4675740000, 0.4423048000)
(0.7630448000, 0.4659178000, 0.4479686000)
(0.7658752000, 0.4624040000, 0.4467601000)
(0.7622399000, 0.4625078000, 0.4528432000)
(0.7653937000, 0.4587672000, 0.4513156000)
(0.7645713000, 0.4545628000, 0.4569296000)
(0.7644455000, 0.4534479000, 0.4582393000)
(0.7655724000, 0.4529414000, 0.4568661000)
(0.7629568000, 0.4501100000, 0.4639764000)
(0.7709657000, 0.4342513000, 0.4658522000)
(0.7684354000, 0.4412445000, 0.4634666000)
(0.7606579000, 0.4493909000, 0.4684403000)
(0.7580406000, 0.4511270000, 0.4709894000)
(0.7820563000, 0.4141969000, 0.4656331000)
(0.7815046000, 0.4145272000, 0.4662669000)
(0.7801598000, 0.4163897000, 0.4668455000)
(0.7690822000, 0.4389110000, 0.4645919000)
(0.7682036000, 0.4424866000, 0.4626527000)
(0.7649801000, 0.4442409000, 0.4663061000)
(0.7637474000, 0.4518235000, 0.4610208000)
(0.7670194000, 0.4469268000, 0.4603367000)
(0.7682154000, 0.4414171000, 0.4636676000)
(0.7765185000, 0.4271402000, 0.4632021000)
(0.7788498000, 0.4134755000, 0.4716070000)
(0.7764344000, 0.4177597000, 0.4718286000)
(0.7711707000, 0.4049478000, 0.4912072000)
(0.0000000000, 0.0000000000, 0.0000000000)
(0.0000000000, 0.0000000000, 0.0000000000)
(0.0000000000, 0.0000000000, 0.0000000000)
(0.0000000000, 0.0000000000, 0.0000000000)
(0.0000000000, 0.0000000000, 0.0000000000)
(0.0000000000, 0.0000000000, 0.0000000000)
(0.0000000000, 0.0000000000, 0.0000000000)
(0.0000000000, 0.0000000000, 0.0000000000)
(0.7589436000, 0.4612892000, 0.4595533000)
(0.7536922000, 0.4670366000, 0.4624039000)
(0.7580401000, 0.4723442000, 0.4497231000)
(0.7555333000, 0.4794468000, 0.4463993000)
(0.7647505000, 0.4802075000, 0.4295818000)
(0.7615625000, 0.4829865000, 0.4321242000)
(0.7628765000, 0.4764804000, 0.4369930000)
(0.7657421000, 0.4774209000, 0.4309368000)
(0.7679453000, 0.4726860000, 0.4322183000)
(0.7682837000, 0.4582878000, 0.4468640000)
(0.7679789000, 0.4574814000, 0.4482196000)
(0.7680551000, 0.4565925000, 0.4490065000)
(0.7679092000, 0.4495571000, 0.4563004000)
(0.7687866000, 0.4509717000, 0.4533985000)
(0.7727364000, 0.4310763000, 0.4658870000)
(0.7753770000, 0.4247556000, 0.4672846000)
(0.7822965000, 0.4199764000, 0.4600102000)
(0.7567225000, 0.4476533000, 0.4763961000)
(0.7600252000, 0.4247367000, 0.4918725000)
(0.0000000000, 0.0000000000, 0.0000000000)
(0.0000000000, 0.0000000000, 0.0000000000)
(0.0000000000, 0.0000000000, 0.0000000000)
(0.0000000000, 0.0000000000, 0.0000000000)
(0.0000000000, 0.0000000000, 0.0000000000)
(0.0000000000, 0.0000000000, 0.0000000000)
(0.0000000000, 0.0000000000, 0.0000000000)
(0.0000000000, 0.0000000000, 0.0000000000)
(0.7637179000, 0.4517252000, 0.4611673000)
(0.7403974000, 0.4828284000, 0.4676095000)
(0.7582036000, 0.4638282000, 0.4582366000)
(0.7626541000, 0.4556031000, 0.4590888000)
(0.7477667000, 0.4788506000, 0.4599212000)
(0.7514242000, 0.4830030000, 0.4495162000)
(0.7579823000, 0.4747398000, 0.4472877000)
(0.7569482000, 0.4717825000, 0.4521341000)
(0.7568925000, 0.4742588000, 0.4496352000)
(0.7563500000, 0.4748379000, 0.4499273000)
(0.7646629000, 0.4682858000, 0.4426937000)
(0.7733458000, 0.4555477000, 0.4409108000)
(0.7815129000, 0.4377130000, 0.4445691000)
(0.7831092000, 0.4334121000, 0.4459425000)
(0.7825906000, 0.4365019000, 0.4438663000)
(0.7742056000, 0.4533822000, 0.4416366000)
(0.7736975000, 0.4495260000, 0.4464492000)
(0.7818921000, 0.4280476000, 0.4532252000)
(0.7877448000, 0.4182808000, 0.4522032000)
(0.7883903000, 0.4170926000, 0.4521792000)
(0.7890146000, 0.4155474000, 0.4524927000)
(0.7889792000, 0.4147616000, 0.4532826000)
(0.7867520000, 0.4127116000, 0.4589849000)
(0.7711765000, 0.4346587000, 0.4651133000)
(0.7715297000, 0.4365786000, 0.4627493000)
(0.7708795000, 0.4348989000, 0.4653901000)
(0.7683572000, 0.4340913000, 0.4703072000)
(0.7694909000, 0.4298249000, 0.4723577000)
(0.7684937000, 0.4307322000, 0.4731365000)
(0.7728186000, 0.4269823000, 0.4694820000)
(0.7716008000, 0.4279761000, 0.4705857000)
(0.7759944000, 0.4219116000, 0.4688212000)
(0.7845459000, 0.4111999000, 0.4640954000)
(0.7790406000, 0.4189733000, 0.4664057000)
(0.7793666000, 0.4187731000, 0.4660368000)
(0.7750159000, 0.4194447000, 0.4726508000)
(0.7816154000, 0.4153690000, 0.4653409000)
(0.7692874000, 0.4189781000, 0.4823261000)
(0.7645175000, 0.4305561000, 0.4796952000)
(0.7682741000, 0.4242598000, 0.4793153000)
(0.7672312000, 0.4256719000, 0.4797470000)
(0.7661059000, 0.4312415000, 0.4765406000)
(0.7672952000, 0.4292144000, 0.4764544000)
(0.7674617000, 0.4338189000, 0.4720141000)
(0.7666962000, 0.4248602000, 0.4813159000)
(0.7818569000, 0.4115654000, 0.4682792000)
(0.7812260000, 0.4148564000, 0.4664228000)
(0.7789368000, 0.4193893000, 0.4662188000)
(0.7768594000, 0.4195337000, 0.4695438000)
(0.7776034000, 0.4209442000, 0.4670379000)
(0.7796220000, 0.4169383000, 0.4672689000)
(0.7796655000, 0.4180729000, 0.4661714000)
(0.7758841000, 0.4233901000, 0.4676797000)
(0.7766611000, 0.4255993000, 0.4643699000)
(0.7815809000, 0.4157294000, 0.4650563000)
(0.7784753000, 0.4229193000, 0.4637750000)
(0.7789066000, 0.4211625000, 0.4646605000)
(0.7769164000, 0.4274142000, 0.4622771000)
(0.7743223000, 0.4186806000, 0.4744529000)
(0.7740187000, 0.4235530000, 0.4706329000)
(0.7823870000, 0.3976687000, 0.4792871000)
(0.7782560000, 0.4084568000, 0.4769372000)
(0.7845879000, 0.4007640000, 0.4730597000)
(0.7871389000, 0.4047526000, 0.4653585000)
(0.7862496000, 0.4036848000, 0.4678107000)
(0.7878230000, 0.4046833000, 0.4642842000)
(0.7894404000, 0.4018615000, 0.4639724000)
(0.7894925000, 0.4026608000, 0.4632051000)
(0.7899373000, 0.3984570000, 0.4660519000)
(0.7886122000, 0.4010847000, 0.4660411000)
(0.7899521000, 0.4018713000, 0.4631137000)
(0.7898237000, 0.4015130000, 0.4636315000)
(0.7851292000, 0.4036030000, 0.4697398000)
(0.7944237000, 0.4019051000, 0.4553424000)
(0.7944107000, 0.3990139000, 0.4579243000)
(0.7943476000, 0.4008257000, 0.4564236000)
(0.7918725000, 0.3957387000, 0.4650947000)
(0.7874818000, 0.4085875000, 0.4614232000)
(0.7895688000, 0.4128803000, 0.4539761000)
(0.7941449000, 0.4137002000, 0.4451643000)
(0.7933124000, 0.4162799000, 0.4442513000)
(0.7883729000, 0.4129466000, 0.4560014000)
(0.7864382000, 0.4177180000, 0.4550000000)
(0.7853790000, 0.4194056000, 0.4552630000)
(0.7864329000, 0.4194458000, 0.4534127000)
(0.7930058000, 0.4153490000, 0.4456505000)
(0.7963424000, 0.4110897000, 0.4436439000)
(0.7835337000, 0.4159219000, 0.4615854000)
(0.7764354000, 0.4336452000, 0.4572739000)
(0.7766206000, 0.4362181000, 0.4544900000)
(0.7837021000, 0.4270113000, 0.4510538000)
(0.7828995000, 0.4286290000, 0.4509122000)
(0.7840688000, 0.4314184000, 0.4462203000)
(0.7804977000, 0.4355600000, 0.4484415000)
(0.7738666000, 0.4385466000, 0.4569461000)
(0.7748536000, 0.4357465000, 0.4579533000)
(0.7719521000, 0.4438726000, 0.4550253000)
(0.7877913000, 0.4224187000, 0.4482699000)
(0.7930909000, 0.4144698000, 0.4463169000)
(0.7918867000, 0.4146274000, 0.4483146000)
(0.7917095000, 0.4154276000, 0.4478799000)
(0.7895024000, 0.4160798000, 0.4511583000)
(0.7881433000, 0.4171132000, 0.4525974000)
(0.7851964000, 0.4131326000, 0.4612708000)
(0.7856540000, 0.4146956000, 0.4590883000)
(0.7877347000, 0.4132597000, 0.4568192000)
(0.7505848000, 0.4585976000, 0.4756972000)
(0.7499666000, 0.4662602000, 0.4691873000)
(0.7570699000, 0.4522298000, 0.4714917000)
(0.0000000000, 0.0000000000, 0.0000000000)
(0.0000000000, 0.0000000000, 0.0000000000)
(0.0000000000, 0.0000000000, 0.0000000000)
(0.0000000000, 0.0000000000, 0.0000000000)
(0.0000000000, 0.0000000000, 0.0000000000)
(0.0000000000, 0.0000000000, 0.0000000000)
(0.0000000000, 0.0000000000, 0.0000000000)
(0.7586103000, 0.5117927000, 0.4032046000)
(0.7684828000, 0.4939992000, 0.4066627000)
(0.7780064000, 0.4604082000, 0.4274692000)
(0.7717086000, 0.4981351000, 0.3953521000)
(0.7736676000, 0.4900211000, 0.4016159000)
(0.7708316000, 0.4902558000, 0.4067556000)
(0.7726256000, 0.4928379000, 0.4001611000)
(0.7688683000, 0.4954779000, 0.4041271000)
(0.7674640000, 0.4970628000, 0.4048616000)
(0.7686334000, 0.4902380000, 0.4109046000)
(0.7803265000, 0.4739801000, 0.4079438000)
(0.7799859000, 0.4729937000, 0.4097328000)
(0.7829093000, 0.4688691000, 0.4089106000)
(0.7881581000, 0.4632486000, 0.4051934000)
(0.7760376000, 0.4802735000, 0.4087691000)
(0.7676660000, 0.4898723000, 0.4131571000)
(0.7672396000, 0.4847285000, 0.4199578000)
(0.0000000000, 0.0000000000, 0.0000000000)
(0.0000000000, 0.0000000000, 0.0000000000)
(0.0000000000, 0.0000000000, 0.0000000000)
(0.0000000000, 0.0000000000, 0.0000000000)
(0.0000000000, 0.0000000000, 0.0000000000)
(0.0000000000, 0.0000000000, 0.0000000000)
(0.0000000000, 0.0000000000, 0.0000000000)
(0.0000000000, 0.0000000000, 0.0000000000)
(0.0000000000, 0.0000000000, 0.0000000000)
(0.0000000000, 0.0000000000, 0.0000000000)
(0.7535282000, 0.4838229000, 0.4450630000)
(0.7594986000, 0.4791830000, 0.4399175000)
(0.7695202000, 0.4911066000, 0.4082058000)
(0.7720681000, 0.4817169000, 0.4145234000)
(0.7727815000, 0.4871559000, 0.4067716000)
(0.7718128000, 0.4844315000, 0.4118479000)
(0.7767739000, 0.4767818000, 0.4114340000)
(0.7740834000, 0.4793681000, 0.4135045000)
(0.7741028000, 0.4807256000, 0.4118842000)
(0.7737609000, 0.4803396000, 0.4129904000)
(0.7711272000, 0.4817351000, 0.4162605000)
(0.7680554000, 0.4847053000, 0.4185055000)
(0.7702978000, 0.4827048000, 0.4166901000)
(0.7720000000, 0.4730017000, 0.4245867000)
(0.7792615000, 0.4644988000, 0.4206872000)
(0.7786179000, 0.4576387000, 0.4293075000)
(0.7845921000, 0.4485010000, 0.4280584000)
(0.7801210000, 0.4502406000, 0.4343557000)
(0.7776462000, 0.4530433000, 0.4359044000)
(0.7766274000, 0.4550785000, 0.4355754000)
(0.7733403000, 0.4599073000, 0.4363537000)
(0.7723891000, 0.4623045000, 0.4355021000)
(0.7804580000, 0.4574143000, 0.4262127000)
(0.7804654000, 0.4559981000, 0.4276970000)
(0.7792816000, 0.4617963000, 0.4236201000)
(0.7833022000, 0.4600995000, 0.4180005000)
(0.7828963000, 0.4628924000, 0.4156891000)
(0.7895937000, 0.4604208000, 0.4056306000)
(0.7854560000, 0.4625371000, 0.4112340000)
(0.7886297000, 0.4598555000, 0.4081337000)
(0.7893336000, 0.4506925000, 0.4169172000)
(0.7749566000, 0.4525054000, 0.4412189000)
(0.7785727000, 0.4544008000, 0.4328288000)
(0.7768895000, 0.4562794000, 0.4338452000)
(0.7801165000, 0.4544157000, 0.4300223000)
(0.7788227000, 0.4627934000, 0.4233761000)
(0.7770151000, 0.4647031000, 0.4245915000)
(0.7760593000, 0.4659072000, 0.4250327000)
(0.7922575000, 0.4415334000, 0.4211286000)
(0.7771307000, 0.4596033000, 0.4299096000)
(0.7745721000, 0.4583040000, 0.4358625000)
(0.7742698000, 0.4614333000, 0.4331019000)
(0.7713571000, 0.4580261000, 0.4418117000)
(0.7743629000, 0.4588708000, 0.4356351000)
(0.7724850000, 0.4552654000, 0.4427183000)
(0.8025141000, 0.4206575000, 0.4230969000)
(0.8046942000, 0.4105012000, 0.4288875000)
(0.7753360000, 0.4382239000, 0.4547440000)
(0.7717129000, 0.4417728000, 0.4574880000)
(0.7716342000, 0.4421979000, 0.4572091000)
(0.7812014000, 0.4275928000, 0.4548421000)
(0.7594560000, 0.4361266000, 0.4827072000)
(0.7620187000, 0.4421880000, 0.4730621000)
(0.7613440000, 0.4429880000, 0.4733910000)
(0.7608711000, 0.4391097000, 0.4777379000)
(0.7605890000, 0.4349817000, 0.4819646000)
(0.7597677000, 0.4337395000, 0.4843536000)
(0.7596448000, 0.4349806000, 0.4834274000)
(0.7888566000, 0.4043041000, 0.4628601000)
(0.7738918000, 0.4190302000, 0.4748492000)
(0.7926147000, 0.3983024000, 0.4616154000)
(0.7951113000, 0.3957673000, 0.4595077000)
(0.7860992000, 0.4027171000, 0.4688863000)
(0.7682892000, 0.4173398000, 0.4853175000)
(0.7692699000, 0.4100001000, 0.4900175000)
(0.7946823000, 0.3942664000, 0.4615234000)
(0.7949622000, 0.3924899000, 0.4625761000)
(0.7923077000, 0.3932488000, 0.4664634000)
(0.7733805000, 0.4080411000, 0.4851649000)
(0.7668729000, 0.4133294000, 0.4909600000)
(0.7592025000, 0.4171764000, 0.4995706000)
(0.7624943000, 0.4116117000, 0.4991679000)
(0.7646223000, 0.4075733000, 0.4992174000)
(0.7611777000, 0.4121298000, 0.5007527000)
(0.7865373000, 0.3854911000, 0.4824222000)
(0.7825514000, 0.3898398000, 0.4854246000)
(0.7807913000, 0.3972477000, 0.4822263000)
(0.7741693000, 0.4241936000, 0.4697958000)
(0.7692167000, 0.4270584000, 0.4753111000)
(0.7711931000, 0.4246234000, 0.4742909000)
(0.7712808000, 0.4235262000, 0.4751179000)
(0.7712002000, 0.4230160000, 0.4757174000)
(0.7722006000, 0.4186948000, 0.4778979000)
(0.7821035000, 0.4022156000, 0.4759430000)
(0.7930081000, 0.3891749000, 0.4686733000)
(0.7693034000, 0.4258993000, 0.4761921000)
(0.7640938000, 0.4288738000, 0.4818802000)
(0.7629305000, 0.4310670000, 0.4817713000)
(0.7678861000, 0.4329597000, 0.4721163000)
(0.7763776000, 0.4265785000, 0.4639592000)
(0.7755659000, 0.4258287000, 0.4660064000)
(0.7827073000, 0.4226260000, 0.4568819000)
(0.7664556000, 0.4387681000, 0.4690439000)
(0.7685446000, 0.4361615000, 0.4680546000)
(0.7696730000, 0.4351659000, 0.4671354000)
(0.8045284000, 0.3849660000, 0.4522422000)
(0.7671245000, 0.4417548000, 0.4651544000)
(0.7684626000, 0.4416659000, 0.4630060000)
(0.7688354000, 0.4399138000, 0.4640502000)
(0.7663661000, 0.4388013000, 0.4691621000)
(0.7953187000, 0.4121360000, 0.4445042000)
(0.7946035000, 0.4146952000, 0.4434073000)
(0.7789147000, 0.4293209000, 0.4571331000)
(0.7796035000, 0.4343295000, 0.4511730000)
(0.7815552000, 0.4311406000, 0.4508580000)
(0.7822795000, 0.4306313000, 0.4500914000)
(0.7786250000, 0.4335611000, 0.4536100000)
(0.7805741000, 0.4384315000, 0.4455065000)
(0.8022011000, 0.4107532000, 0.4333049000)
(0.8022805000, 0.4022576000, 0.4410531000)
(0.8010021000, 0.4033433000, 0.4423826000)
(0.8046030000, 0.4005898000, 0.4383263000)
(0.8064672000, 0.4005857000, 0.4348817000)
(0.7767403000, 0.4298065000, 0.4603380000)
(0.7683700000, 0.4331160000, 0.4711554000)
(0.7692432000, 0.4334223000, 0.4694729000)
(0.7705622000, 0.4317652000, 0.4688357000)
(0.7743001000, 0.4272949000, 0.4667582000)
(0.7787660000, 0.4211107000, 0.4649338000)
(0.7682777000, 0.4332936000, 0.4711432000)
(0.7687258000, 0.4350996000, 0.4687660000)
(0.7731164000, 0.4398911000, 0.4569117000)
(0.7705442000, 0.4399579000, 0.4611802000)
(0.7855992000, 0.4244806000, 0.4501341000)
(0.7770219000, 0.4309461000, 0.4588262000)
(0.7705863000, 0.4380606000, 0.4629064000)
(0.7660195000, 0.4393527000, 0.4692185000)
(0.7626944000, 0.4374896000, 0.4763295000)
(0.7717314000, 0.4320791000, 0.4666068000)
(0.7674094000, 0.4312896000, 0.4744167000)
(0.7689191000, 0.4297952000, 0.4733100000)
(0.7693111000, 0.4300112000, 0.4724776000)
(0.7707356000, 0.4236147000, 0.4759180000)
(0.7702019000, 0.4272686000, 0.4735120000)
(0.7704955000, 0.4257033000, 0.4744485000)
(0.7707277000, 0.4240674000, 0.4755261000)
(0.7690142000, 0.4249604000, 0.4775027000)
(0.7664319000, 0.4273899000, 0.4794925000)
(0.8002021000, 0.4051330000, 0.4421949000)
(0.7964770000, 0.4083285000, 0.4459584000)
(0.7864291000, 0.4155732000, 0.4569707000)
(0.7678812000, 0.4263551000, 0.4780721000)
(0.7617059000, 0.4350764000, 0.4801046000)
(0.7688726000, 0.4332556000, 0.4702101000)
(0.7664638000, 0.4331422000, 0.4742412000)
(0.8013016000, 0.3876413000, 0.4556592000)
(0.7775978000, 0.4214795000, 0.4665548000)
(0.7782775000, 0.4212263000, 0.4656737000)
(0.7765112000, 0.4247851000, 0.4653800000)
(0.7764278000, 0.4247646000, 0.4655376000)
(0.7785054000, 0.4213403000, 0.4651850000)
(0.7818330000, 0.4169526000, 0.4635416000)
(0.7838685000, 0.4128746000, 0.4637697000)
(0.7988850000, 0.3941542000, 0.4543214000)
(0.7990097000, 0.3920830000, 0.4558795000)
(0.7796602000, 0.4162991000, 0.4677677000)
(0.7757146000, 0.4219786000, 0.4692408000)
(0.7752070000, 0.4222060000, 0.4698595000)
(0.7763562000, 0.4207698000, 0.4692759000)
(0.7962846000, 0.3951871000, 0.4579868000)
(0.8028536000, 0.3840645000, 0.4559769000)
(0.8030769000, 0.3827299000, 0.4566822000)
(0.7854983000, 0.4066432000, 0.4665008000)
(0.8012822000, 0.3875899000, 0.4557444000)
(0.8049530000, 0.3832228000, 0.4529623000)
(0.8053978000, 0.3829922000, 0.4523715000)
(0.8054495000, 0.3827961000, 0.4524569000)
(0.8061418000, 0.3814920000, 0.4523253000)
(0.8059732000, 0.3813304000, 0.4527388000)
(0.8056661000, 0.3826309000, 0.4521984000)
(0.8042284000, 0.3824195000, 0.4549339000)
(0.7911084000, 0.4054766000, 0.4579563000)
(0.7862588000, 0.4145091000, 0.4582096000)
(0.7888641000, 0.4086853000, 0.4589782000)
(0.8001971000, 0.3935868000, 0.4524964000)
(0.7992195000, 0.3956116000, 0.4524501000)
(0.7889731000, 0.4105232000, 0.4571336000)
(0.7807351000, 0.4228683000, 0.4600265000)
(0.7806728000, 0.4230656000, 0.4599307000)
(0.7836067000, 0.4190626000, 0.4586052000)
(0.7966989000, 0.3998103000, 0.4532168000)
(0.7936670000, 0.4027014000, 0.4559804000)
(0.7837845000, 0.4173137000, 0.4598961000)
(0.7803801000, 0.4207734000, 0.4625401000)
(0.7804278000, 0.4210385000, 0.4622186000)
(0.7805056000, 0.4206443000, 0.4624287000)
(0.7801592000, 0.4222785000, 0.4615456000)
(0.7787662000, 0.4261355000, 0.4603598000)
(0.7767071000, 0.4296393000, 0.4605722000)
(0.7765872000, 0.4282646000, 0.4620377000)
(0.7808717000, 0.4263198000, 0.4565908000)
(0.7815489000, 0.4238606000, 0.4577250000)
(0.7816818000, 0.4229232000, 0.4583707000)
(0.7787389000, 0.4288180000, 0.4578819000)
(0.7787778000, 0.4297711000, 0.4569338000)
(0.7802410000, 0.4285316000, 0.4555931000)
(0.7828495000, 0.4263544000, 0.4531567000)
(0.7828816000, 0.4266244000, 0.4528357000)
(0.7833056000, 0.4254599000, 0.4532246000)
(0.7831939000, 0.4260053000, 0.4528885000)
(0.7828476000, 0.4265296000, 0.4530038000)
(0.7990596000, 0.3982370000, 0.4504486000)
(0.8077515000, 0.3819758000, 0.4490245000)
(0.8070985000, 0.3808451000, 0.4511436000)
(0.8065370000, 0.3844547000, 0.4490971000)
(0.8055838000, 0.3862815000, 0.4492382000)
(0.8012900000, 0.3919895000, 0.4519584000)
(0.8073134000, 0.3831956000, 0.4487744000)
(0.8075076000, 0.3832633000, 0.4483702000)
(0.8079314000, 0.3812858000, 0.4492843000)
(0.8063030000, 0.3896790000, 0.4449683000)
(0.7777284000, 0.4328986000, 0.4557570000)
(0.7736719000, 0.4367464000, 0.4589892000)
(0.7749969000, 0.4347278000, 0.4586729000)
(0.7802663000, 0.4283577000, 0.4557136000)
(0.7822183000, 0.4239693000, 0.4564762000)
(0.7823194000, 0.4248765000, 0.4554602000)
(0.7948205000, 0.4098217000, 0.4475508000)
(0.7971944000, 0.4074257000, 0.4454979000)
(0.8034981000, 0.3991208000, 0.4416899000)
(0.7976346000, 0.4030040000, 0.4487313000)
(0.7757706000, 0.4349133000, 0.4571931000)
(0.7766216000, 0.4365129000, 0.4542065000)
(0.7998198000, 0.3982506000, 0.4490594000)
(0.8042901000, 0.3919624000, 0.4466192000)
(0.8056218000, 0.3917584000, 0.4443875000)
(0.7981957000, 0.4025974000, 0.4480825000)
(0.7756846000, 0.4325170000, 0.4595987000)
(0.7746823000, 0.4330038000, 0.4608329000)
(0.7752013000, 0.4326745000, 0.4602667000)
(0.7751158000, 0.4325561000, 0.4605103000)
(0.7878138000, 0.4214630000, 0.4491198000)
(0.8062974000, 0.3945601000, 0.4406860000)
(0.8073088000, 0.3936106000, 0.4396805000)
(0.7864703000, 0.4217384000, 0.4512167000)
(0.7788774000, 0.4316798000, 0.4549477000)
(0.7689544000, 0.4379260000, 0.4657252000)
(0.7785842000, 0.4298191000, 0.4572166000)
(0.7739902000, 0.4351130000, 0.4600048000)
(0.7702488000, 0.4410176000, 0.4606564000)
(0.8094723000, 0.3911889000, 0.4378416000)
(0.8086027000, 0.3926392000, 0.4381638000)
(0.7795919000, 0.4315859000, 0.4538272000)
(0.7787318000, 0.4320515000, 0.4548643000)
(0.7786361000, 0.4324644000, 0.4546258000)
(0.7773150000, 0.4342922000, 0.4551334000)
(0.7776217000, 0.4337421000, 0.4551365000)
(0.7790173000, 0.4310355000, 0.4553259000)
(0.7785221000, 0.4318424000, 0.4554241000)
(0.7765628000, 0.4340487000, 0.4566641000)
(0.7764382000, 0.4333163000, 0.4575643000)
(0.7788278000, 0.4303018000, 0.4563320000)
(0.7799824000, 0.4287229000, 0.4558589000)
(0.7797944000, 0.4289380000, 0.4559857000)
(0.7798256000, 0.4281083000, 0.4567044000)
(0.7797189000, 0.4282899000, 0.4567316000)
(0.7801994000, 0.4285949000, 0.4556078000)
(0.7802141000, 0.4286103000, 0.4555750000)
(0.7803384000, 0.4280720000, 0.4558498000)
(0.7803794000, 0.4272357000, 0.4565670000)
(0.7802790000, 0.4275472000, 0.4564596000)
(0.7792281000, 0.4288680000, 0.4569977000)
(0.7787050000, 0.4301429000, 0.4567088000)
(0.7956398000, 0.4050067000, 0.4504576000)
(0.8017426000, 0.3950173000, 0.4484919000)
(0.7997235000, 0.3959541000, 0.4512751000)
(0.7757460000, 0.4294009000, 0.4624036000)
(0.7753894000, 0.4301606000, 0.4622988000)
(0.7752738000, 0.4301910000, 0.4624519000)
(0.7755876000, 0.4286643000, 0.4633633000)
(0.7755132000, 0.4281209000, 0.4639879000)
(0.7747338000, 0.4287026000, 0.4647535000)
(0.7743994000, 0.4297541000, 0.4643183000)
(0.7743345000, 0.4299817000, 0.4642346000)
(0.7743009000, 0.4297294000, 0.4645054000)
(0.7773548000, 0.4276242000, 0.4613604000)
(0.7776597000, 0.4264542000, 0.4619164000)
(0.7683986000, 0.4401823000, 0.4645186000)
(0.7684590000, 0.4391958000, 0.4653487000)
(0.7688832000, 0.4399891000, 0.4639033000)
(0.8024108000, 0.4087931000, 0.4347689000)
(0.8013975000, 0.4094209000, 0.4360200000)
(0.7702438000, 0.4355358000, 0.4658385000)
(0.7667818000, 0.4375848000, 0.4696345000)
(0.7666237000, 0.4375684000, 0.4699154000)
(0.7659678000, 0.4378868000, 0.4706786000)
(0.7633778000, 0.4384706000, 0.4743380000)
(0.7636266000, 0.4391576000, 0.4732870000)
(0.7652941000, 0.4375650000, 0.4720697000)
(0.7733834000, 0.4311821000, 0.4646968000)
(0.7741265000, 0.4308741000, 0.4637618000)
(0.7710534000, 0.4364229000, 0.4636879000)
(0.7704520000, 0.4345761000, 0.4664027000)
(0.7706475000, 0.4342532000, 0.4663835000)
(0.7712500000, 0.4326937000, 0.4668275000)
(0.7878677000, 0.4133368000, 0.4565062000)
(0.7666810000, 0.4377951000, 0.4695823000)
(0.7645677000, 0.4382613000, 0.4725886000)
(0.7643963000, 0.4380657000, 0.4730429000)
(0.7642184000, 0.4377855000, 0.4735860000)
(0.7733247000, 0.4308686000, 0.4650860000)
(0.7736772000, 0.4287729000, 0.4664204000)
(0.7740213000, 0.4284934000, 0.4661220000)
(0.7736236000, 0.4281327000, 0.4671218000)
(0.7734801000, 0.4274760000, 0.4679560000)
(0.7672881000, 0.4281849000, 0.4774131000)
(0.7682947000, 0.4271834000, 0.4766761000)
(0.7687141000, 0.4287734000, 0.4745615000)
(0.7784789000, 0.4208149000, 0.4656846000)
(0.7782303000, 0.4206596000, 0.4662585000)
(0.7783762000, 0.4199141000, 0.4666863000)
(0.7786363000, 0.4214508000, 0.4648423000)
(0.7785822000, 0.4226608000, 0.4638413000)
(0.7786607000, 0.4229369000, 0.4634721000)
(0.7786207000, 0.4232487000, 0.4632455000)
(0.7783504000, 0.4233321000, 0.4636273000)
(0.7775545000, 0.4247660000, 0.4636348000)
(0.7763815000, 0.4270763000, 0.4634947000)
(0.7769214000, 0.4273821000, 0.4622870000)
(0.7774351000, 0.4268842000, 0.4619097000)
(0.7786919000, 0.4257608000, 0.4608267000)
(0.7776370000, 0.4265993000, 0.4618163000)
(0.7771335000, 0.4271228000, 0.4621746000)
(0.7773321000, 0.4277507000, 0.4612805000)
(0.7761513000, 0.4266126000, 0.4643051000)
(0.7748693000, 0.4300992000, 0.4632103000)
(0.7753666000, 0.4268995000, 0.4653594000)
(0.7763292000, 0.4265935000, 0.4640349000)
(0.7764962000, 0.4271915000, 0.4631760000)
(0.7741265000, 0.4290269000, 0.4654453000)
(0.7721659000, 0.4320611000, 0.4659181000)
(0.7725809000, 0.4316087000, 0.4656468000)
(0.7872344000, 0.4169693000, 0.4542876000)
(0.7906328000, 0.4140015000, 0.4510874000)
(0.7840882000, 0.4200603000, 0.4568945000)
(0.7777057000, 0.4270697000, 0.4612735000)
(0.7772736000, 0.4265899000, 0.4624428000)
(0.7770833000, 0.4265529000, 0.4627955000)
(0.7760041000, 0.4281101000, 0.4631795000)
(0.7758318000, 0.4257841000, 0.4655798000)
(0.8038650000, 0.3943542000, 0.4452618000)
(0.8004436000, 0.3998626000, 0.4465359000)
(0.7950016000, 0.4049953000, 0.4515869000)
(0.7956432000, 0.4043521000, 0.4510388000)
(0.7792406000, 0.4208285000, 0.4644127000)
(0.7793921000, 0.4208589000, 0.4641083000)
(0.7791992000, 0.4212849000, 0.4640630000)
(0.7968110000, 0.3987181000, 0.4539941000)
(0.7732922000, 0.4278090000, 0.4679510000)
(0.7689074000, 0.4300148000, 0.4731205000)
(0.7652166000, 0.4344509000, 0.4750696000)
(0.8014681000, 0.4170521000, 0.4285971000)
(0.8025298000, 0.4165036000, 0.4271421000)
(0.7837375000, 0.4260421000, 0.4519287000)
(0.7784657000, 0.4285288000, 0.4586192000)
(0.7775251000, 0.4238179000, 0.4645501000)
(0.7699278000, 0.4250134000, 0.4759888000)
(0.7626943000, 0.4258182000, 0.4867859000)
(0.0000000000, 0.0000000000, 0.0000000000)
(0.0000000000, 0.0000000000, 0.0000000000)
(0.0000000000, 0.0000000000, 0.0000000000)
(0.0000000000, 0.0000000000, 0.0000000000)
(0.0000000000, 0.0000000000, 0.0000000000)
(0.0000000000, 0.0000000000, 0.0000000000)
(0.0000000000, 0.0000000000, 0.0000000000)
(0.7498827000, 0.4626640000, 0.4728627000)
(0.7462624000, 0.4609871000, 0.4801659000)
(0.7535986000, 0.4504371000, 0.4787324000)
(0.7498465000, 0.4479016000, 0.4869309000)
(0.7482627000, 0.4634401000, 0.4746798000)
(0.7486578000, 0.4615125000, 0.4759270000)
(0.7967946000, 0.4242060000, 0.4302872000)
(0.7976685000, 0.4301557000, 0.4226952000)
(0.7572138000, 0.4628860000, 0.4608258000)
(0.7609611000, 0.4455075000, 0.4716514000)
(0.7582350000, 0.4617037000, 0.4603144000)
(0.7609318000, 0.4504067000, 0.4670031000)
(0.7822463000, 0.4430000000, 0.4379876000)
(0.7962696000, 0.4310408000, 0.4244173000)
(0.7656928000, 0.4528521000, 0.4567538000)
(0.7516975000, 0.4537693000, 0.4785617000)
(0.7540398000, 0.4577805000, 0.4710072000)
(0.7543619000, 0.4474093000, 0.4803522000)
(0.7844085000, 0.4182643000, 0.4579755000)
(0.7930542000, 0.4080182000, 0.4522998000)
(0.7947313000, 0.4045962000, 0.4524361000)
(0.7581195000, 0.4401038000, 0.4812031000)
(0.7641768000, 0.4378664000, 0.4735782000)
(0.7626573000, 0.4406035000, 0.4735167000)
(0.7639896000, 0.4390870000, 0.4727597000)
(0.7634341000, 0.4398074000, 0.4729955000)
(0.7767316000, 0.4260656000, 0.4638370000)
(0.7729145000, 0.4263865000, 0.4698704000)
(0.7871288000, 0.4150143000, 0.4562690000)
(0.7921095000, 0.4116423000, 0.4506503000)
(0.7914320000, 0.4126089000, 0.4509827000)
(0.7881635000, 0.4165415000, 0.4530871000)
(0.7838642000, 0.4234703000, 0.4541210000)
(0.7921671000, 0.4133181000, 0.4490290000)
(0.7948387000, 0.4106182000, 0.4467765000)
(0.7934294000, 0.4123054000, 0.4477087000)
(0.7942500000, 0.4129334000, 0.4456855000)
(0.7950028000, 0.4069784000, 0.4497999000)
(0.7879151000, 0.4130648000, 0.4566611000)
(0.7661116000, 0.4316166000, 0.4761883000)
(0.7659324000, 0.4337248000, 0.4745687000)
(0.7656578000, 0.4335033000, 0.4752097000)
(0.7735257000, 0.4291861000, 0.4663040000)
(0.7749409000, 0.4281624000, 0.4648958000)
(0.7730706000, 0.4247050000, 0.4711476000)
(0.7690542000, 0.4254107000, 0.4770482000)
(0.7645903000, 0.4337872000, 0.4766563000)
(0.7593130000, 0.4374312000, 0.4817358000)
(0.7579071000, 0.4372375000, 0.4841363000)
(0.7597297000, 0.4228235000, 0.4939846000)
(0.8027105000, 0.4009261000, 0.4414842000)
(0.7672754000, 0.4241722000, 0.4810006000)
(0.7686353000, 0.4258788000, 0.4773082000)
(0.7681710000, 0.4283988000, 0.4757802000)
(0.8043885000, 0.4011186000, 0.4382356000)
(0.7689676000, 0.4272161000, 0.4755503000)
(0.7711705000, 0.4218226000, 0.4768219000)
(0.7683086000, 0.4187519000, 0.4840684000)
(0.7681793000, 0.4224842000, 0.4810261000)
(0.7975959000, 0.4032512000, 0.4485643000)
(0.7950040000, 0.4047725000, 0.4517993000)
(0.7846746000, 0.4130099000, 0.4622827000)
(0.7952608000, 0.4064870000, 0.4497839000)
(0.7978206000, 0.4006504000, 0.4504853000)
(0.7980698000, 0.4020855000, 0.4487768000)
(0.7705351000, 0.4287745000, 0.4715936000)
(0.7711688000, 0.4290943000, 0.4702758000)
(0.7679847000, 0.4347597000, 0.4702804000)
(0.7951089000, 0.4176016000, 0.4397567000)
(0.8019184000, 0.4126227000, 0.4320473000)
(0.7987749000, 0.4145027000, 0.4360535000)
(0.7855049000, 0.4208880000, 0.4536673000)
(0.7600532000, 0.4329422000, 0.4846377000)
(0.7616711000, 0.4250652000, 0.4890506000)
(0.7601452000, 0.4281790000, 0.4886975000)
(0.7541384000, 0.4372925000, 0.4899213000)
(0.7453844000, 0.4458154000, 0.4956051000)
(0.7464184000, 0.4464447000, 0.4934933000)
(0.7977492000, 0.4199886000, 0.4326442000)
(0.7822587000, 0.4321693000, 0.4486544000)
(0.7947685000, 0.4250293000, 0.4332011000)
(0.7477676000, 0.4556887000, 0.4828764000)
(0.7422458000, 0.4609551000, 0.4864023000)
(0.7463723000, 0.4585405000, 0.4823450000)
(0.7624437000, 0.4371254000, 0.4770656000)
(0.7960035000, 0.4010390000, 0.4533587000)
(0.7961158000, 0.4011604000, 0.4530615000)
(0.7956011000, 0.4003260000, 0.4547005000)
(0.7918653000, 0.4053813000, 0.4567139000)
(0.7938405000, 0.4033248000, 0.4551293000)
(0.7607349000, 0.4485010000, 0.4691710000)
(0.7577793000, 0.4511929000, 0.4713756000)
(0.7613225000, 0.4475464000, 0.4691366000)
(0.8010747000, 0.4084421000, 0.4375343000)
(0.7764982000, 0.4310251000, 0.4596218000)
(0.7692772000, 0.4378123000, 0.4653281000)
(0.7723665000, 0.4368305000, 0.4611092000)
(0.7899864000, 0.4069766000, 0.4585424000)
(0.7900015000, 0.4094831000, 0.4562829000)
(0.7928882000, 0.4012676000, 0.4585897000)
(0.7902404000, 0.4097474000, 0.4556321000)
(0.7897068000, 0.4100151000, 0.4563139000)
(0.7935624000, 0.4028203000, 0.4560500000)
(0.7932320000, 0.4047405000, 0.4549312000)
(0.7938512000, 0.4024498000, 0.4558859000)
(0.7973567000, 0.4079143000, 0.4447583000)
(0.7747325000, 0.4437870000, 0.4503717000)
(0.7820258000, 0.4278694000, 0.4531372000)
(0.7812066000, 0.4227014000, 0.4593902000)
(0.7985862000, 0.4157237000, 0.4352087000)
(0.7783907000, 0.4329967000, 0.4545373000)
(0.7742241000, 0.4363243000, 0.4584527000)
(0.7721971000, 0.4426502000, 0.4557919000)
(0.7749673000, 0.4330645000, 0.4602736000)
(0.7951041000, 0.3999763000, 0.4558502000)
(0.7950895000, 0.4016691000, 0.4543990000)
(0.7942848000, 0.4015426000, 0.4559026000)
(0.7959295000, 0.4058223000, 0.4492100000)
(0.7933015000, 0.4047991000, 0.4547602000)
(0.7948333000, 0.4053008000, 0.4516256000)
(0.7963505000, 0.4047455000, 0.4494498000)
(0.7940837000, 0.4068753000, 0.4515046000)
(0.7934527000, 0.4071339000, 0.4523866000)
(0.7755321000, 0.4302277000, 0.4620071000)
(0.7785022000, 0.4297508000, 0.4574095000)
(0.7854514000, 0.4184158000, 0.4560517000)
(0.7868971000, 0.4155070000, 0.4562263000)
(0.7824972000, 0.4182518000, 0.4612551000)
(0.7731220000, 0.4297143000, 0.4665034000)
(0.7932407000, 0.3998623000, 0.4591995000)
(0.7902961000, 0.4006616000, 0.4635688000)
(0.7940342000, 0.3968082000, 0.4604896000)
(0.7857976000, 0.3981253000, 0.4733010000)
(0.7846046000, 0.3963557000, 0.4767296000)
(0.0000000000, 0.0000000000, 0.0000000000)
(0.0000000000, 0.0000000000, 0.0000000000)
(0.0000000000, 0.0000000000, 0.0000000000)
(0.0000000000, 0.0000000000, 0.0000000000)
(0.0000000000, 0.0000000000, 0.0000000000)
(0.0000000000, 0.0000000000, 0.0000000000)
(0.0000000000, 0.0000000000, 0.0000000000)
(0.0000000000, 0.0000000000, 0.0000000000)
(0.7755590000, 0.3960288000, 0.4915972000)
(0.7866171000, 0.4121431000, 0.4597276000)
(0.7647262000, 0.4377038000, 0.4728665000)
(0.7641473000, 0.4298491000, 0.4809345000)
(0.7752306000, 0.4228390000, 0.4692490000)
(0.7708827000, 0.4269363000, 0.4727147000)
(0.7694877000, 0.4319907000, 0.4703895000)
(0.7699096000, 0.4265305000, 0.4746539000)
(0.7749085000, 0.4222684000, 0.4703018000)
(0.7761608000, 0.4205004000, 0.4698332000)
(0.7783238000, 0.4153123000, 0.4708588000)
(0.7943775000, 0.3925462000, 0.4635197000)
(0.7952148000, 0.3998159000, 0.4558274000)
(0.7975685000, 0.3878515000, 0.4619940000)
(0.7854973000, 0.3999959000, 0.4722029000)
(0.7909011000, 0.3971133000, 0.4655882000)
(0.7926351000, 0.3895161000, 0.4690267000)
(0.7887802000, 0.3976645000, 0.4687076000)
(0.7922870000, 0.3927692000, 0.4668980000)
(0.7894558000, 0.4002218000, 0.4653737000)
(0.7836242000, 0.4041533000, 0.4717694000)
(0.7901728000, 0.4065121000, 0.4586588000)
(0.7706897000, 0.4266235000, 0.4733090000)
(0.7716629000, 0.4254597000, 0.4727505000)
(0.7724944000, 0.4255350000, 0.4713368000)
(0.7704597000, 0.4259856000, 0.4742385000)
(0.7757085000, 0.4210781000, 0.4700570000)
(0.7811481000, 0.4211136000, 0.4609260000)
(0.7841815000, 0.4126728000, 0.4634129000)
(0.7845600000, 0.4141561000, 0.4614216000)
(0.7846004000, 0.4158119000, 0.4598785000)
(0.7948101000, 0.4022342000, 0.4543744000)
(0.7956501000, 0.4007894000, 0.4541835000)
(0.7965544000, 0.3987452000, 0.4544214000)
(0.7963698000, 0.4004548000, 0.4532443000)
(0.7677190000, 0.4412784000, 0.4646090000)
(0.7710270000, 0.4363364000, 0.4638103000)
(0.7680782000, 0.4430132000, 0.4623508000)
(0.7872241000, 0.4201528000, 0.4513789000)
(0.7641282000, 0.4453397000, 0.4666460000)
(0.7600554000, 0.4452686000, 0.4733084000)
(0.7619826000, 0.4469825000, 0.4685799000)
(0.7779846000, 0.4244521000, 0.4632081000)
(0.7722861000, 0.4317068000, 0.4660255000)
(0.7730657000, 0.4293709000, 0.4669146000)
(0.7825293000, 0.4185662000, 0.4609057000)
(0.7792414000, 0.4211317000, 0.4641124000)
(0.7930432000, 0.4017338000, 0.4579056000)
(0.7919858000, 0.4038426000, 0.4578937000)
(0.7923492000, 0.4032183000, 0.4577926000)
(0.7907125000, 0.4065182000, 0.4577284000)
(0.7519814000, 0.4589317000, 0.4731625000)
(0.7519976000, 0.4541162000, 0.4777545000)
(0.7532226000, 0.4535962000, 0.4763234000)
(0.7545586000, 0.4556910000, 0.4721912000)
(0.7606882000, 0.4449650000, 0.4725846000)
(0.7666519000, 0.4402868000, 0.4672987000)
(0.7683560000, 0.4389284000, 0.4657800000)
(0.7656856000, 0.4425673000, 0.4667358000)
(0.7620639000, 0.4423687000, 0.4728279000)
(0.7627964000, 0.4509774000, 0.4634004000)
(0.7630191000, 0.4425268000, 0.4711385000)
(0.7644740000, 0.4444678000, 0.4669250000)
(0.7764821000, 0.4257378000, 0.4645645000)
(0.7647166000, 0.4468164000, 0.4642822000)
(0.7662186000, 0.4443278000, 0.4641700000)
(0.7672295000, 0.4459732000, 0.4609226000)
(0.7673948000, 0.4427114000, 0.4637840000)
(0.7721323000, 0.4292320000, 0.4685804000)
(0.7749842000, 0.4271919000, 0.4657207000)
(0.7716343000, 0.4345286000, 0.4644983000)
(0.7703221000, 0.4404795000, 0.4610352000)
(0.7720581000, 0.4358081000, 0.4625809000)
(0.7745690000, 0.4321307000, 0.4618355000)
(0.7737172000, 0.4336714000, 0.4618134000)
(0.7754106000, 0.4295136000, 0.4628717000)
(0.7782451000, 0.4236958000, 0.4634579000)
(0.7772856000, 0.4233278000, 0.4654220000)
(0.7769162000, 0.4197648000, 0.4692345000)
(0.7795027000, 0.4225669000, 0.4623862000)
(0.7796715000, 0.4200541000, 0.4643791000)
(0.7834978000, 0.4115761000, 0.4655189000)
(0.7858505000, 0.4082622000, 0.4644746000)
(0.7866012000, 0.4069585000, 0.4643682000)
(0.7865673000, 0.4065999000, 0.4647335000)
(0.7861976000, 0.4066777000, 0.4652798000)
(0.7878132000, 0.4032452000, 0.4655532000)
(0.7902468000, 0.4024576000, 0.4620895000)
(0.7903783000, 0.4016200000, 0.4625877000)
(0.7933556000, 0.4046288000, 0.4547882000)
(0.7923588000, 0.4027898000, 0.4581712000)
(0.7945890000, 0.4002363000, 0.4565498000)
(0.7965443000, 0.3977938000, 0.4552530000)
(0.7962643000, 0.4065330000, 0.4479775000)
(0.7884984000, 0.4081084000, 0.4601094000)
(0.7882435000, 0.4097610000, 0.4590873000)
(0.7884093000, 0.4091448000, 0.4593468000)
(0.7882662000, 0.4096858000, 0.4591180000)
(0.7906618000, 0.4079674000, 0.4565056000)
(0.7906420000, 0.4021396000, 0.4616738000)
(0.7845307000, 0.4095961000, 0.4655264000)
(0.7938121000, 0.4036468000, 0.4548953000)
(0.7972866000, 0.3993089000, 0.4526348000)
(0.7807326000, 0.4226229000, 0.4602357000)
(0.7780159000, 0.4203321000, 0.4668896000)
(0.7867644000, 0.4100237000, 0.4613865000)
(0.7887392000, 0.4070888000, 0.4606138000)
(0.7993273000, 0.3962185000, 0.4517286000)
(0.7996067000, 0.3959869000, 0.4514681000)
(0.8003529000, 0.3953988000, 0.4506553000)
(0.8003687000, 0.3960964000, 0.4500111000)
(0.8016121000, 0.3945921000, 0.4491259000)
(0.8016244000, 0.3957711000, 0.4480405000)
(0.8004029000, 0.3965399000, 0.4495360000)
(0.8003807000, 0.3991410000, 0.4472927000)
(0.7957566000, 0.4063568000, 0.4490334000)
(0.7964353000, 0.4000127000, 0.4535162000)
(0.7732931000, 0.4229484000, 0.4723405000)
(0.7698142000, 0.4317504000, 0.4700559000)
(0.7709503000, 0.4304189000, 0.4694328000)
(0.7958360000, 0.4185295000, 0.4375754000)
(0.7712175000, 0.4307154000, 0.4687288000)
(0.7745079000, 0.4301687000, 0.4637756000)
(0.7727369000, 0.4302867000, 0.4666070000)
(0.7934684000, 0.4029459000, 0.4560989000)
(0.7944674000, 0.4026757000, 0.4546087000)
(0.7953891000, 0.4017760000, 0.4537883000)
(0.7940835000, 0.4033755000, 0.4546491000)
(0.7827468000, 0.4172931000, 0.4616952000)
(0.7798028000, 0.4213359000, 0.4629943000)
(0.7828324000, 0.4246400000, 0.4548068000)
(0.7770312000, 0.4177043000, 0.4708883000)
(0.7756801000, 0.4255379000, 0.4660630000)
(0.7784756000, 0.4142101000, 0.4715703000)
(0.7797329000, 0.4093845000, 0.4737295000)
(0.7764848000, 0.4145707000, 0.4745374000)
(0.7768476000, 0.4117601000, 0.4763970000)
(0.7759622000, 0.4089177000, 0.4802568000)
(0.7723452000, 0.4140281000, 0.4817082000)
(0.7696244000, 0.4137182000, 0.4862975000)
(0.7717198000, 0.4102490000, 0.4859340000)
(0.7692535000, 0.4142670000, 0.4864442000)
(0.7698275000, 0.4121931000, 0.4872817000)
(0.7747122000, 0.4067012000, 0.4841567000)
(0.7761251000, 0.4263315000, 0.4645909000)
(0.7707568000, 0.4273641000, 0.4725160000)
(0.7768356000, 0.4099734000, 0.4779421000)
(0.8079806000, 0.3921083000, 0.4397883000)
(0.8054870000, 0.3931282000, 0.4434088000)
(0.8044925000, 0.3942949000, 0.4441915000)
(0.7847058000, 0.4098551000, 0.4650100000)
(0.7726816000, 0.4264424000, 0.4702082000)
(0.7699957000, 0.4287035000, 0.4725471000)
(0.7708806000, 0.4304548000, 0.4695162000)
(0.7952213000, 0.3985920000, 0.4568677000)
(0.7954100000, 0.3986606000, 0.4564738000)
(0.7906337000, 0.4054352000, 0.4588132000)
(0.7849144000, 0.4111458000, 0.4635359000)
(0.7893336000, 0.4047324000, 0.4616680000)
(0.7918873000, 0.4029925000, 0.4587856000)
(0.7916854000, 0.4018467000, 0.4601606000)
(0.7887362000, 0.4056476000, 0.4618795000)
(0.7913795000, 0.4073826000, 0.4557871000)
(0.7988623000, 0.3929155000, 0.4554434000)
(0.7989814000, 0.3926674000, 0.4554545000)
(0.7988111000, 0.3962575000, 0.4526081000)
(0.7989754000, 0.3929435000, 0.4552225000)
(0.7988700000, 0.3945936000, 0.4539548000)
(0.7911878000, 0.4055499000, 0.4577599000)
(0.7791977000, 0.4215063000, 0.4638594000)
(0.7770514000, 0.4260093000, 0.4633542000)
(0.7936625000, 0.4043906000, 0.4544835000)
(0.7951922000, 0.4018911000, 0.4540105000)
(0.7842367000, 0.4104650000, 0.4652682000)
(0.7722366000, 0.4359775000, 0.4621284000)
(0.7735628000, 0.4358183000, 0.4600381000)
(0.7738001000, 0.4354363000, 0.4600274000)
(0.7730981000, 0.4379984000, 0.4587503000)
(0.7717513000, 0.4396255000, 0.4594720000)
(0.7735435000, 0.4352098000, 0.4606544000)
(0.7711530000, 0.4387694000, 0.4612916000)
(0.7780076000, 0.4288944000, 0.4590524000)
(0.7827881000, 0.4254859000, 0.4540881000)
(0.7617777000, 0.4456637000, 0.4701779000)
(0.7620796000, 0.4408008000, 0.4742365000)
(0.7640654000, 0.4404739000, 0.4713388000)
(0.7924230000, 0.4097787000, 0.4518104000)
(0.7949462000, 0.4083228000, 0.4486743000)
(0.7909051000, 0.4097480000, 0.4544846000)
(0.7940972000, 0.4110817000, 0.4476531000)
(0.7933988000, 0.4117565000, 0.4482793000)
(0.7831646000, 0.4226242000, 0.4560939000)
(0.7890391000, 0.4176784000, 0.4504879000)
(0.7924421000, 0.4183010000, 0.4438819000)
(0.8002892000, 0.4093450000, 0.4381255000)
(0.8010272000, 0.4122242000, 0.4340625000)
(0.8016323000, 0.4090402000, 0.4359602000)
(0.7979576000, 0.4130350000, 0.4389145000)
(0.7996559000, 0.4117706000, 0.4370085000)
(0.7978104000, 0.4089079000, 0.4430413000)
(0.8006008000, 0.4066229000, 0.4401014000)
(0.8013911000, 0.4081392000, 0.4372300000)
(0.7998499000, 0.4088622000, 0.4393663000)
(0.7978582000, 0.4102469000, 0.4416971000)
(0.7945440000, 0.4177510000, 0.4406578000)
(0.7781900000, 0.4320895000, 0.4557293000)
(0.7713619000, 0.4392926000, 0.4604362000)
(0.7687893000, 0.4377491000, 0.4661771000)
(0.7947063000, 0.4135520000, 0.4442981000)
(0.7964928000, 0.4098142000, 0.4445707000)
(0.7880337000, 0.4134358000, 0.4561184000)
(0.7931590000, 0.4115482000, 0.4488980000)
(0.7981806000, 0.4067397000, 0.4443482000)
(0.7972707000, 0.4084333000, 0.4444445000)
(0.7887345000, 0.4184769000, 0.4503000000)
(0.7865806000, 0.4170447000, 0.4553493000)
(0.7860817000, 0.4230771000, 0.4506126000)
(0.7899782000, 0.4169501000, 0.4495273000)
(0.7904491000, 0.4175040000, 0.4481812000)
(0.7883217000, 0.4184186000, 0.4510548000)
(0.7929853000, 0.4135756000, 0.4473552000)
(0.7911608000, 0.4185763000, 0.4459268000)
(0.7998099000, 0.4033584000, 0.4445253000)
(0.8037998000, 0.4005826000, 0.4397842000)
(0.8020984000, 0.4055853000, 0.4383022000)
(0.8005671000, 0.4069794000, 0.4398102000)
(0.7643623000, 0.4313928000, 0.4792038000)
(0.7640706000, 0.4377104000, 0.4739101000)
(0.7604526000, 0.4378672000, 0.4795464000)
(0.7621000000, 0.4307583000, 0.4833548000)
(0.7573545000, 0.4224716000, 0.4979085000)
(0.0000000000, 0.0000000000, 0.0000000000)
(0.0000000000, 0.0000000000, 0.0000000000)
(0.0000000000, 0.0000000000, 0.0000000000)
(0.0000000000, 0.0000000000, 0.0000000000)
(0.0000000000, 0.0000000000, 0.0000000000)
(0.0000000000, 0.0000000000, 0.0000000000)
(0.0000000000, 0.0000000000, 0.0000000000)
(0.0000000000, 0.0000000000, 0.0000000000)
(0.7652906000, 0.4570117000, 0.4532754000)
(0.7730734000, 0.4520398000, 0.4449727000)
(0.7684062000, 0.4495836000, 0.4554135000)
(0.7702193000, 0.4438804000, 0.4579480000)
(0.7708015000, 0.4435239000, 0.4573061000)
(0.7846223000, 0.4267389000, 0.4497202000)
(0.7838435000, 0.4279421000, 0.4499440000)
(0.7859936000, 0.4228408000, 0.4510202000)
(0.7846434000, 0.4230387000, 0.4531476000)
(0.7810920000, 0.4331374000, 0.4497482000)
(0.7800786000, 0.4322591000, 0.4523489000)
(0.7804255000, 0.4319233000, 0.4520587000)
(0.7757836000, 0.4398111000, 0.4524502000)
(0.7900915000, 0.4092077000, 0.4563752000)
(0.7909628000, 0.4072706000, 0.4566112000)
(0.7919409000, 0.4082158000, 0.4540781000)
(0.7911872000, 0.4103464000, 0.4534487000)
(0.7908264000, 0.4104158000, 0.4540209000)
(0.7899584000, 0.4090013000, 0.4567984000)
(0.7900846000, 0.4080494000, 0.4574331000)
(0.7947186000, 0.4057413000, 0.4514237000)
(0.7928929000, 0.4084531000, 0.4522000000)
(0.7759435000, 0.4377911000, 0.4541429000)
(0.7908939000, 0.4190004000, 0.4460029000)
(0.8027490000, 0.4072891000, 0.4355560000)
(0.8024719000, 0.4104393000, 0.4330719000)
(0.7751850000, 0.4322033000, 0.4607156000)
(0.7715800000, 0.4398055000, 0.4595903000)
(0.7718355000, 0.4369542000, 0.4618820000)
(0.7943922000, 0.4070412000, 0.4508126000)
(0.7674502000, 0.4400381000, 0.4662433000)
(0.7658069000, 0.4372296000, 0.4715334000)
(0.7667675000, 0.4275218000, 0.4788326000)
(0.7949556000, 0.4038795000, 0.4526803000)
(0.7945690000, 0.4023205000, 0.4547495000)
(0.7927129000, 0.4028046000, 0.4575413000)
(0.7839934000, 0.4146347000, 0.4619558000)
(0.7918816000, 0.4078955000, 0.4544476000)
(0.7935147000, 0.4065628000, 0.4528076000)
(0.7936255000, 0.4067552000, 0.4524243000)
(0.7953033000, 0.4047056000, 0.4513264000)
(0.7969226000, 0.4032660000, 0.4497405000)
(0.7953419000, 0.4049618000, 0.4510101000)
(0.7950642000, 0.4050566000, 0.4514330000)
(0.7840146000, 0.4179872000, 0.4588932000)
(0.7843072000, 0.4184366000, 0.4579889000)
(0.7736639000, 0.4295354000, 0.4657699000)
(0.7716863000, 0.4326046000, 0.4661987000)
(0.7674158000, 0.4341742000, 0.4717398000)
(0.7758606000, 0.4211701000, 0.4697166000)
(0.7701606000, 0.4333667000, 0.4680037000)
(0.7760082000, 0.4254777000, 0.4655737000)
(0.7723456000, 0.4358485000, 0.4620515000)
(0.7714954000, 0.4394934000, 0.4600390000)
(0.7729129000, 0.4381861000, 0.4588926000)
(0.7723329000, 0.4379483000, 0.4601036000)
(0.7737719000, 0.4348488000, 0.4606070000)
(0.7755075000, 0.4368914000, 0.4557261000)
(0.7776308000, 0.4296165000, 0.4590216000)
(0.7794933000, 0.4264790000, 0.4588062000)
(0.7799487000, 0.4248619000, 0.4595220000)
(0.7812749000, 0.4224539000, 0.4594830000)
(0.7791334000, 0.4307537000, 0.4553951000)
(0.7781590000, 0.4316118000, 0.4562533000)
(0.7868616000, 0.4325171000, 0.4401976000)
(0.7906789000, 0.4270760000, 0.4386696000)
(0.7842249000, 0.4297725000, 0.4475311000)
(0.7861320000, 0.4302525000, 0.4437028000)
(0.7878202000, 0.4147753000, 0.4552936000)
(0.7963710000, 0.4403666000, 0.4145692000)
(0.7892006000, 0.4420000000, 0.4263424000)
(0.7919581000, 0.4153321000, 0.4475495000)
(0.7859208000, 0.4412342000, 0.4331406000)
(0.7812490000, 0.4470238000, 0.4356492000)
(0.7811370000, 0.4470162000, 0.4358616000)
(0.7803926000, 0.4483041000, 0.4359013000)
(0.7838316000, 0.4450168000, 0.4330690000)
(0.7836096000, 0.4446754000, 0.4338109000)
(0.7843096000, 0.4435934000, 0.4336715000)
(0.7857531000, 0.4422340000, 0.4324563000)
(0.7854358000, 0.4412398000, 0.4340312000)
(0.7847454000, 0.4383155000, 0.4382045000)
(0.7834831000, 0.4388842000, 0.4399252000)
(0.7838055000, 0.4378372000, 0.4403740000)
(0.7677686000, 0.4318057000, 0.4733622000)
(0.7665505000, 0.4281379000, 0.4786124000)
(0.7677485000, 0.4279594000, 0.4768776000)
(0.7675333000, 0.4285172000, 0.4767034000)
(0.7773534000, 0.4148475000, 0.4728611000)
(0.7762694000, 0.4173628000, 0.4724547000)
(0.7760051000, 0.4149798000, 0.4749574000)
(0.7779565000, 0.4127990000, 0.4736724000)
(0.7786558000, 0.4120431000, 0.4731884000)
(0.7778959000, 0.4128585000, 0.4737256000)
(0.7692136000, 0.4255806000, 0.4766393000)
(0.7673259000, 0.4267254000, 0.4786337000)
(0.7668165000, 0.4300205000, 0.4765072000)
(0.7666714000, 0.4294403000, 0.4772708000)
(0.7749141000, 0.4219346000, 0.4706039000)
(0.7765458000, 0.4185630000, 0.4709334000)
(0.7769724000, 0.4170392000, 0.4715606000)
(0.8004833000, 0.3997915000, 0.4465253000)
(0.7829294000, 0.4065038000, 0.4709158000)
(0.7824460000, 0.4081367000, 0.4702941000)
(0.7758654000, 0.4166597000, 0.4737180000)
(0.8014325000, 0.3847418000, 0.4579034000)
(0.8013861000, 0.3792817000, 0.4624954000)
(0.7821517000, 0.4105886000, 0.4686581000)
(0.7636750000, 0.4323654000, 0.4794233000)
(0.7659577000, 0.4306347000, 0.4773355000)
(0.7672088000, 0.4287822000, 0.4770043000)
(0.7695015000, 0.4259079000, 0.4758837000)
(0.7915330000, 0.4085085000, 0.4544992000)
(0.7995371000, 0.4018361000, 0.4463609000)
(0.7984234000, 0.4028053000, 0.4474841000)
(0.7819873000, 0.4161616000, 0.4639866000)
(0.7792222000, 0.4184913000, 0.4665533000)
(0.7802851000, 0.4187498000, 0.4645358000)
(0.7792392000, 0.4154397000, 0.4692269000)
(0.7809250000, 0.4145076000, 0.4672600000)
(0.7806650000, 0.4160638000, 0.4662925000)
(0.7793729000, 0.4164245000, 0.4681324000)
(0.7797639000, 0.4152638000, 0.4685093000)
(0.7795735000, 0.4149047000, 0.4691660000)
(0.7799079000, 0.4156850000, 0.4679123000)
(0.7807985000, 0.4155579000, 0.4665368000)
(0.7813337000, 0.4143878000, 0.4666804000)
(0.7734189000, 0.4177040000, 0.4768032000)
(0.7753650000, 0.4120349000, 0.4785708000)
(0.7752880000, 0.4153361000, 0.4758152000)
(0.7753369000, 0.4141146000, 0.4768097000)
(0.7814075000, 0.4074769000, 0.4726130000)
(0.7958513000, 0.3946060000, 0.4592158000)
(0.7625766000, 0.4291748000, 0.4840199000)
(0.7688974000, 0.4286270000, 0.4744116000)
(0.7745963000, 0.4243358000, 0.4689640000)
(0.7908828000, 0.4083375000, 0.4557887000)
(0.7780817000, 0.4235545000, 0.4638755000)
(0.7754276000, 0.4281317000, 0.4641198000)
(0.7712506000, 0.4316989000, 0.4677583000)
(0.7858355000, 0.4148255000, 0.4586420000)
(0.7864241000, 0.4130455000, 0.4592430000)
(0.7863780000, 0.4136298000, 0.4588203000)
(0.7769127000, 0.4205021000, 0.4685849000)
(0.7704527000, 0.4264579000, 0.4738498000)
(0.7684414000, 0.4292800000, 0.4745505000)
(0.7698125000, 0.4289449000, 0.4726210000)
(0.7757724000, 0.4254577000, 0.4660068000)
(0.7960005000, 0.3970645000, 0.4568416000)
(0.8015544000, 0.3879986000, 0.4549159000)
(0.7991656000, 0.3904547000, 0.4570327000)
(0.7736357000, 0.4286671000, 0.4666108000)
(0.7682027000, 0.4300902000, 0.4742083000)
(0.7659283000, 0.4346279000, 0.4737503000)
(0.7686921000, 0.4326828000, 0.4710558000)
(0.7738867000, 0.4272627000, 0.4674735000)
(0.7733820000, 0.4279468000, 0.4676959000)
(0.7854054000, 0.4128315000, 0.4611823000)
(0.7755374000, 0.4294891000, 0.4626763000)
(0.7891744000, 0.4069199000, 0.4600032000)
(0.7806472000, 0.4216852000, 0.4612405000)
(0.7952037000, 0.3983382000, 0.4571202000)
(0.7796294000, 0.4236859000, 0.4611278000)
(0.7757272000, 0.4207098000, 0.4703687000)
(0.7708647000, 0.4285603000, 0.4712528000)
(0.7694060000, 0.4349339000, 0.4677843000)
(0.7693353000, 0.4332210000, 0.4694935000)
(0.7756521000, 0.4219604000, 0.4693705000)
(0.7723989000, 0.4271373000, 0.4700455000)
(0.7624896000, 0.4348950000, 0.4790057000)
(0.7654828000, 0.4400387000, 0.4694647000)
(0.7617026000, 0.4331846000, 0.4818019000)
(0.7664959000, 0.4330015000, 0.4743110000)
(0.7619553000, 0.4383806000, 0.4767006000)
(0.7807501000, 0.4183994000, 0.4640693000)
(0.8028970000, 0.3924718000, 0.4486746000)
(0.8024299000, 0.3925773000, 0.4494196000)
(0.8023095000, 0.3962107000, 0.4464304000)
(0.7964996000, 0.4028233000, 0.4508831000)
(0.7790749000, 0.4270927000, 0.4589156000)
(0.7790008000, 0.4252079000, 0.4608096000)
(0.7798150000, 0.4228228000, 0.4616168000)
(0.7763870000, 0.4252783000, 0.4651201000)
(0.7771596000, 0.4260303000, 0.4631341000)
(0.7984660000, 0.3978136000, 0.4518623000)
(0.7974361000, 0.4030146000, 0.4490736000)
(0.7957799000, 0.4061785000, 0.4491654000)
(0.7893345000, 0.4157136000, 0.4517921000)
(0.7882314000, 0.4161084000, 0.4533477000)
(0.7797219000, 0.4234228000, 0.4612241000)
(0.7771883000, 0.4261926000, 0.4629669000)
(0.7770822000, 0.4277210000, 0.4617075000)
(0.7901501000, 0.4241953000, 0.4423853000)
(0.7930334000, 0.4169730000, 0.4440813000)
(0.7934765000, 0.4162371000, 0.4439805000)
(0.7937226000, 0.4158908000, 0.4438613000)
(0.7951127000, 0.4163917000, 0.4409155000)
(0.7938407000, 0.4174154000, 0.4422376000)
(0.7985405000, 0.4025248000, 0.4475303000)
(0.7975140000, 0.4070163000, 0.4453081000)
(0.7980942000, 0.4065216000, 0.4447011000)
(0.7988270000, 0.4032774000, 0.4463515000)
(0.7936274000, 0.4095232000, 0.4499137000)
(0.7939985000, 0.4097356000, 0.4490878000)
(0.7933342000, 0.4093162000, 0.4506397000)
(0.8022704000, 0.3980968000, 0.4448348000)
(0.7678049000, 0.4379503000, 0.4676137000)
(0.7717265000, 0.4326046000, 0.4661196000)
(0.7688545000, 0.4404027000, 0.4635603000)
(0.7720523000, 0.4346781000, 0.4636450000)
(0.7997865000, 0.4032328000, 0.4446730000)
(0.7901815000, 0.4092104000, 0.4562246000)
(0.7692993000, 0.4382636000, 0.4648372000)
(0.7687261000, 0.4378234000, 0.4662275000)
(0.7738019000, 0.4385678000, 0.4570130000)
(0.7920365000, 0.4157039000, 0.4470495000)
(0.7921600000, 0.4156125000, 0.4469230000)
(0.7924727000, 0.4148020000, 0.4471294000)
(0.7822375000, 0.4241587000, 0.4562615000)
(0.7805760000, 0.4244156000, 0.4588652000)
(0.7802731000, 0.4269340000, 0.4570335000)
(0.7765388000, 0.4297688000, 0.4607375000)
(0.7821833000, 0.4260283000, 0.4546288000)
(0.7924972000, 0.4158781000, 0.4460707000)
(0.7927347000, 0.4162199000, 0.4453263000)
(0.7844094000, 0.4263656000, 0.4504539000)
(0.7800096000, 0.4300721000, 0.4545551000)
(0.7813866000, 0.4291837000, 0.4530180000)
(0.7688706000, 0.4411271000, 0.4628494000)
(0.7751000000, 0.4378330000, 0.4555325000)
(0.7764735000, 0.4337209000, 0.4571193000)
(0.7753615000, 0.4355881000, 0.4572445000)
(0.7747971000, 0.4381138000, 0.4557616000)
(0.7913760000, 0.4215746000, 0.4427100000)
(0.7926270000, 0.4200578000, 0.4419122000)
(0.7923445000, 0.4200252000, 0.4424560000)
(0.7894552000, 0.4220450000, 0.4456708000)
(0.7789375000, 0.4275814000, 0.4587258000)
(0.7667742000, 0.4356243000, 0.4714556000)
(0.7644338000, 0.4396583000, 0.4715276000)
(0.7621207000, 0.4445677000, 0.4706619000)
(0.7625546000, 0.4413576000, 0.4729754000)
(0.7818867000, 0.4304320000, 0.4509460000)
(0.7737482000, 0.4375938000, 0.4580526000)
(0.7672800000, 0.4423890000, 0.4642658000)
(0.7667966000, 0.4497067000, 0.4580180000)
(0.7789412000, 0.4397734000, 0.4470128000)
(0.7835969000, 0.4351396000, 0.4433958000)
(0.7809587000, 0.4421830000, 0.4410803000)
(0.7714027000, 0.4525293000, 0.4473567000)
(0.7641475000, 0.4648694000, 0.4471648000)
(0.7612762000, 0.4683432000, 0.4484490000)
(0.7612422000, 0.4718836000, 0.4447536000)
(0.7670184000, 0.4655925000, 0.4414605000)
(0.7610345000, 0.4696759000, 0.4474592000)
(0.7720264000, 0.4656582000, 0.4325708000)
(0.7671647000, 0.4718322000, 0.4345306000)
(0.7685495000, 0.4675294000, 0.4367258000)
(0.7725116000, 0.4600060000, 0.4377377000)
(0.7789393000, 0.4533710000, 0.4332195000)
(0.7865486000, 0.4368496000, 0.4364640000)
(0.7865872000, 0.4365014000, 0.4367209000)
(0.7815562000, 0.4493487000, 0.4327153000)
(0.7851586000, 0.4411272000, 0.4346509000)
(0.7851560000, 0.4404030000, 0.4353859000)
(0.7817662000, 0.4489304000, 0.4327820000)
(0.7781550000, 0.4551647000, 0.4327736000)
(0.7800328000, 0.4535205000, 0.4310927000)
(0.7863581000, 0.4467915000, 0.4266067000)
(0.7855564000, 0.4467848000, 0.4281073000)
(0.7819123000, 0.4544022000, 0.4267345000)
(0.7796279000, 0.4589830000, 0.4260312000)
(0.7792856000, 0.4596242000, 0.4259741000)
(0.7791546000, 0.4596268000, 0.4262055000)
(0.7819337000, 0.4552690000, 0.4257954000)
(0.7835336000, 0.4540008000, 0.4241976000)
(0.7834474000, 0.4492020000, 0.4294474000)
(0.7811723000, 0.4499662000, 0.4327543000)
(0.7763569000, 0.4581909000, 0.4327910000)
(0.7758481000, 0.4585446000, 0.4333295000)
(0.7753329000, 0.4585109000, 0.4342761000)
(0.7757029000, 0.4582274000, 0.4339291000)
(0.7756261000, 0.4582223000, 0.4340571000)
(0.7747536000, 0.4606930000, 0.4330253000)
(0.7754023000, 0.4587814000, 0.4338783000)
(0.7693087000, 0.4651860000, 0.4378984000)
(0.7649003000, 0.4709185000, 0.4394705000)
(0.7657581000, 0.4681715000, 0.4409144000)
(0.7701800000, 0.4593150000, 0.4425359000)
(0.7726806000, 0.4583678000, 0.4391404000)
(0.7872352000, 0.4322633000, 0.4397558000)
(0.7888828000, 0.4318638000, 0.4372060000)
(0.7856244000, 0.4347805000, 0.4401480000)
(0.7755855000, 0.4472799000, 0.4454204000)
(0.7887670000, 0.4237969000, 0.4452241000)
(0.7911447000, 0.4237792000, 0.4409916000)
(0.7753389000, 0.4508204000, 0.4422480000)
(0.7711295000, 0.4586486000, 0.4415781000)
(0.7682949000, 0.4620917000, 0.4429087000)
(0.7683743000, 0.4642134000, 0.4405482000)
(0.7657557000, 0.4695627000, 0.4394595000)
(0.7709456000, 0.4632826000, 0.4370469000)
(0.7735590000, 0.4595462000, 0.4363455000)
(0.7766419000, 0.4598955000, 0.4304576000)
(0.7851997000, 0.4306165000, 0.4449893000)
(0.7812560000, 0.4396462000, 0.4430906000)
(0.7794762000, 0.4488052000, 0.4370032000)
(0.0000000000, 0.0000000000, 0.0000000000)
(0.0000000000, 0.0000000000, 0.0000000000)
(0.0000000000, 0.0000000000, 0.0000000000)
(0.0000000000, 0.0000000000, 0.0000000000)
(0.0000000000, 0.0000000000, 0.0000000000)
(0.7756383000, 0.4782791000, 0.4118581000)
(0.7744254000, 0.5009741000, 0.3863605000)
(0.7811850000, 0.4956540000, 0.3795554000)
(0.7925241000, 0.4864131000, 0.3678159000)
(0.8002025000, 0.4833375000, 0.3550445000)
(0.8070903000, 0.4709999000, 0.3559998000)
(0.8114291000, 0.4590609000, 0.3617088000)
(0.8172075000, 0.4526306000, 0.3567468000)
(0.8193461000, 0.4390679000, 0.3686122000)
(0.8131631000, 0.4470811000, 0.3726485000)
(0.8092083000, 0.4462605000, 0.3821144000)
(0.8073303000, 0.4460352000, 0.3863480000)
(0.7965941000, 0.4418739000, 0.4125026000)
(0.7976879000, 0.4564268000, 0.3941497000)
(0.7980179000, 0.4548051000, 0.3953653000)
(0.7984676000, 0.4542797000, 0.3950350000)
(0.7967054000, 0.4596855000, 0.3923334000)
(0.8052198000, 0.4286134000, 0.4097432000)
(0.8033060000, 0.4350688000, 0.4067035000)
(0.7984064000, 0.4493934000, 0.4007295000)
(0.7975675000, 0.4520165000, 0.3994545000)
(0.7967698000, 0.4535422000, 0.3993048000)
(0.7970083000, 0.4504924000, 0.4022711000)
(0.7966835000, 0.4514849000, 0.4018132000)
(0.7959904000, 0.4536641000, 0.4007305000)
(0.7891865000, 0.4690327000, 0.3964347000)
(0.7868261000, 0.4716870000, 0.3979748000)
(0.7869515000, 0.4720530000, 0.3972938000)
(0.7868729000, 0.4740193000, 0.3951118000)
(0.7865286000, 0.4718437000, 0.3984043000)
(0.7850739000, 0.4744009000, 0.3982420000)
(0.7850891000, 0.4728686000, 0.4000277000)
(0.7947078000, 0.4534036000, 0.4035405000)
(0.7931310000, 0.4573776000, 0.4021497000)
(0.7908813000, 0.4604648000, 0.4030490000)
(0.7882812000, 0.4668869000, 0.4007769000)
(0.7883243000, 0.4678585000, 0.3995542000)
(0.7927746000, 0.4523870000, 0.4084671000)
(0.7797458000, 0.4420732000, 0.4433365000)
(0.7782782000, 0.4576285000, 0.4299428000)
(0.7772677000, 0.4602965000, 0.4289266000)
(0.7779872000, 0.4619331000, 0.4258449000)
(0.7821375000, 0.4566993000, 0.4238796000)
(0.7820844000, 0.4578730000, 0.4226921000)
(0.7826102000, 0.4570682000, 0.4226013000)
(0.7826946000, 0.4555961000, 0.4240303000)
(0.7861987000, 0.4484389000, 0.4251733000)
(0.7994035000, 0.4241231000, 0.4254924000)
(0.7998345000, 0.4240952000, 0.4247384000)
(0.7879936000, 0.4489024000, 0.4213388000)
(0.7835153000, 0.4572668000, 0.4207236000)
(0.7837511000, 0.4579737000, 0.4195124000)
(0.7826347000, 0.4608337000, 0.4184366000)
(0.7691566000, 0.4797696000, 0.4221319000)
(0.7608696000, 0.4541498000, 0.4634600000)
(0.7632973000, 0.4560548000, 0.4575858000)
(0.7628651000, 0.4585622000, 0.4557971000)
(0.7619873000, 0.4606538000, 0.4551303000)
(0.7690390000, 0.4518754000, 0.4520769000)
(0.7689537000, 0.4529991000, 0.4510879000)
(0.7684174000, 0.4540762000, 0.4509223000)
(0.7694651000, 0.4554411000, 0.4477447000)
(0.7686509000, 0.4550050000, 0.4495801000)
