3676.9300000000
3676.9410000000
3676.9510000000
3676.9630000000
3676.9740000000
3676.9850000000
3676.9960000000
3677.0070000000
3677.0190000000
3677.0300000000
3677.0410000000
3677.0520000000
3677.0630000000
3677.0730000000
3677.0850000000
3677.0960000000
3677.1070000000
3677.1180000000
3677.1290000000
3677.1400000000
3677.1520000000
3677.1620000000
3677.1740000000
3677.1850000000
3677.1960000000
3677.2070000000
3677.2180000000
3677.2290000000
3677.2400000000
3677.2510000000
3677.2620000000
3677.2730000000
3677.2850000000
3677.2960000000
3677.3070000000
3677.3180000000
3677.3290000000
3677.3400000000
3677.3510000000
3677.3630000000
3677.3740000000
3677.3850000000
3677.3960000000
3677.4070000000
3677.4180000000
3677.4290000000
3677.4400000000
3677.4510000000
3677.4620000000
3677.4730000000
3677.4840000000
3677.4960000000
3677.5070000000
3677.5180000000
3677.5290000000
3677.5400000000
3677.5510000000
3677.5620000000
3677.5730000000
3677.5840000000
3677.5960000000
3677.6070000000
3677.6180000000
3677.6290000000
3677.6400000000
3677.6510000000
3677.6620000000
3677.6730000000
3677.6840000000
3677.6960000000
3677.7070000000
3677.7180000000
3677.7290000000
3677.7400000000
3677.7510000000
3677.7620000000
3677.7730000000
3677.7840000000
3677.7950000000
3677.8070000000
3677.8180000000
3677.8290000000
3677.8400000000
3677.8510000000
3677.8620000000
3677.8730000000
3677.8840000000
3677.8960000000
3677.9060000000
3677.9170000000
3677.9290000000
3677.9400000000
3677.9510000000
3677.9620000000
3677.9730000000
3677.9840000000
3677.9950000000
3678.0070000000
3678.0180000000
3678.0290000000
3678.0400000000
3678.0510000000
3678.0620000000
3678.0730000000
3678.0840000000
3678.0950000000
3678.1060000000
3678.1180000000
3678.1290000000
3678.1400000000
3678.1510000000
3678.1620000000
3678.1730000000
3678.1840000000
3678.1950000000
3678.2060000000
3678.2170000000
3678.2290000000
3678.2400000000
3678.2510000000
3678.2620000000
3678.2730000000
3678.2840000000
3678.2950000000
3678.3060000000
3678.3170000000
3678.3290000000
3678.3400000000
3678.3510000000
3678.3620000000
3678.3730000000
3678.3840000000
3678.3950000000
3678.4060000000
3678.4170000000
3678.4280000000
3678.4390000000
3678.4510000000
3678.4620000000
3678.4730000000
3678.4840000000
3678.4950000000
3678.5060000000
3678.5170000000
3678.5280000000
3678.5400000000
3678.5510000000
3678.5620000000
3678.5730000000
3678.5840000000
3678.5950000000
3678.6060000000
3678.6170000000
3678.6280000000
3678.6390000000
3678.6510000000
3678.6620000000
3678.6730000000
3678.6840000000
3678.6950000000
3678.7060000000
3678.7170000000
3678.7280000000
3678.7400000000
3678.7500000000
3678.7620000000
3678.7730000000
3678.7840000000
3678.7950000000
3678.8060000000
3678.8170000000
3678.8280000000
3678.8390000000
3678.8510000000
3678.8620000000
3678.8730000000
3678.8840000000
3678.8950000000
3678.9060000000
3678.9170000000
3678.9280000000
3678.9400000000
3678.9500000000
3678.9610000000
3678.9730000000
3678.9840000000
3678.9950000000
3679.0060000000
3679.0170000000
3679.0280000000
3679.0390000000
3679.0510000000
3679.0620000000
3679.0730000000
3679.0840000000
3679.0950000000
3679.1060000000
3679.1170000000
3679.1280000000
3679.1390000000
3679.1500000000
3679.1610000000
3679.1730000000
3679.1840000000
3679.1950000000
3679.2060000000
3679.2170000000
3679.2280000000
3679.2390000000
3679.2500000000
3679.2610000000
3679.2720000000
3679.2840000000
3679.2950000000
3679.3060000000
3679.3170000000
3679.3280000000
3679.3390000000
3679.3500000000
3679.3610000000
3679.3730000000
3679.3840000000
3679.3950000000
3679.4060000000
3679.4170000000
3679.4280000000
3679.4390000000
3679.4500000000
3679.4610000000
3679.4720000000
3679.4840000000
3679.4950000000
3679.5060000000
3679.5170000000
3679.5280000000
3679.5390000000
3679.5500000000
3679.5610000000
3679.5720000000
3679.5830000000
3679.5950000000
3679.6050000000
3679.6170000000
3679.6280000000
3679.6390000000
3679.6500000000
3679.6610000000
3679.6720000000
3679.6830000000
3679.6940000000
3679.7060000000
3679.7170000000
3679.7280000000
3679.7390000000
3679.7500000000
3679.7610000000
3679.7720000000
3679.7840000000
3679.7940000000
3679.8050000000
3679.8170000000
3679.8280000000
3679.8390000000
3679.8500000000
3679.8610000000
3679.8720000000
3679.8830000000
3679.8940000000
3679.9060000000
3679.9170000000
3679.9280000000
3679.9390000000
3679.9500000000
3679.9610000000
3679.9720000000
3679.9830000000
3679.9940000000
3680.0050000000
3680.0170000000
3680.0280000000
3680.0390000000
3680.0500000000
3680.0610000000
3680.0720000000
3680.0830000000
3680.0940000000
3680.1050000000
3680.1160000000
3680.1280000000
3680.1390000000
3680.1500000000
3680.1610000000
3680.1720000000
3680.1830000000
3680.1940000000
3680.2050000000
3680.2170000000
3680.2280000000
3680.2390000000
3680.2500000000
3680.2610000000
3680.2720000000
3680.2830000000
3680.2940000000
3680.3050000000
3680.3170000000
3680.3270000000
3680.3390000000
3680.3500000000
3680.3610000000
3680.3720000000
3680.3830000000
3680.3940000000
3680.4050000000
3680.4170000000
3680.4270000000
3680.4380000000
3680.4500000000
3680.4610000000
3680.4720000000
3680.4830000000
3680.4940000000
3680.5050000000
3680.5170000000
3680.5280000000
3680.5390000000
3680.5500000000
3680.5610000000
3680.5720000000
3680.5830000000
3680.5940000000
3680.6050000000
3680.6160000000
3680.6280000000
3680.6380000000
3680.6500000000
3680.6610000000
3680.6720000000
3680.6830000000
3680.6940000000
3680.7050000000
3680.7160000000
3680.7280000000
3680.7390000000
3680.7500000000
3680.7610000000
3680.7720000000
3680.7830000000
3680.7940000000
3680.8050000000
3680.8160000000
3680.8280000000
3680.8380000000
3680.8500000000
3680.8610000000
3680.8720000000
3680.8830000000
3680.8940000000
3680.9050000000
3680.9160000000
3680.9280000000
3680.9380000000
3680.9490000000
3680.9600000000
3680.9710000000
3680.9830000000
3680.9940000000
3681.0050000000
3681.0160000000
3681.0270000000
3681.0380000000
3681.0490000000
3681.0610000000
3681.0720000000
3681.0830000000
3681.0940000000
3681.1050000000
3681.1160000000
3681.1270000000
3681.1380000000
3681.1500000000
3681.1600000000
3681.1710000000
3681.1830000000
3681.1940000000
3681.2050000000
3681.2160000000
3681.2280000000
3681.2380000000
3681.2490000000
3681.2600000000
3681.2710000000
3681.2830000000
3681.2940000000
3681.3050000000
3681.3160000000
3681.3270000000
3681.3380000000
3681.3490000000
3681.3600000000
3681.3720000000
3681.3830000000
3681.3940000000
3681.4050000000
3681.4160000000
3681.4270000000
3681.4380000000
3681.4490000000
3681.4600000000
3681.4720000000
3681.4820000000
3681.4940000000
3681.5050000000
3681.5160000000
3681.5270000000
3681.5380000000
3681.5490000000
3681.5600000000
3681.5710000000
3681.5830000000
3681.5940000000
3681.6040000000
3681.6160000000
3681.6270000000
3681.6380000000
3681.6490000000
3681.6600000000
3681.6710000000
3681.6830000000
3681.6940000000
3681.7050000000
3681.7160000000
3681.7270000000
3681.7380000000
3681.7490000000
3681.7600000000
3681.7710000000
3681.7820000000
3681.7930000000
3681.8050000000
3681.8160000000
3681.8270000000
3681.8380000000
3681.8490000000
3681.8600000000
3681.8710000000
3681.8820000000
3681.8940000000
3681.9050000000
3681.9160000000
3681.9270000000
3681.9380000000
3681.9490000000
3681.9600000000
3681.9710000000
3681.9820000000
3681.9930000000
3682.0050000000
3682.0160000000
3682.0270000000
3682.0380000000
3682.0490000000
3682.0600000000
3682.0720000000
3682.0830000000
3682.0940000000
3682.1050000000
3682.1160000000
3682.1270000000
3682.1380000000
3682.1490000000
3682.1600000000
3682.1710000000
3682.1820000000
3682.1930000000
3682.2040000000
3682.2150000000
3682.2270000000
3682.2380000000
3682.2490000000
3682.2600000000
3682.2710000000
3682.2820000000
3682.2940000000
3682.3040000000
3682.3160000000
3682.3270000000
3682.3380000000
3682.3490000000
3682.3600000000
3682.3710000000
3682.3820000000
3682.3940000000
3682.4050000000
3682.4160000000
3682.4270000000
3682.4380000000
3682.4490000000
3682.4600000000
3682.4710000000
3682.4830000000
3682.4990000000
3682.5130000000
3682.5270000000
3682.5410000000
3682.5550000000
3682.5650000000
3682.5760000000
3682.5850000000
3682.5960000000
3682.6060000000
3682.6160000000
3682.6310000000
3682.6420000000
3682.6510000000
3682.6620000000
3682.6720000000
3682.6820000000
3682.6970000000
3682.7100000000
3682.7210000000
3682.7330000000
3682.7450000000
3682.7550000000
3682.7660000000
3682.7770000000
3682.7880000000
3682.7990000000
3682.8100000000
3682.8220000000
3682.8330000000
3682.8440000000
3682.8550000000
3682.8660000000
3682.8770000000
3682.8880000000
3682.8990000000
3682.9100000000
3682.9210000000
3682.9330000000
3682.9440000000
3682.9550000000
3682.9660000000
3682.9770000000
3682.9880000000
3682.9990000000
3683.0160000000
3683.0250000000
3683.0360000000
3683.0460000000
3683.0560000000
3683.0660000000
3683.0770000000
3683.0880000000
3683.0990000000
3683.1110000000
3683.1220000000
3683.1330000000
3683.1450000000
3683.1560000000
3683.1670000000
3683.1780000000
3683.1890000000
3683.2000000000
3683.2110000000
3683.2260000000
3683.2390000000
3683.2500000000
3683.2600000000
3683.2710000000
3683.2870000000
3683.2970000000
3683.3080000000
3683.3180000000
3683.3270000000
3683.3370000000
3683.3470000000
3683.3570000000
3683.3670000000
3683.3770000000
3683.3880000000
3683.3990000000
3683.4100000000
3683.4210000000
3683.4330000000
3683.4430000000
3683.4540000000
3683.4660000000
3683.4770000000
3683.4880000000
3683.4990000000
3683.5100000000
3683.5210000000
3683.5320000000
3683.5430000000
3683.5540000000
3683.5650000000
3683.5760000000
3683.5870000000
3683.5990000000
3683.6100000000
3683.6210000000
3683.6330000000
3683.6430000000
3683.6540000000
3683.6650000000
3683.6770000000
3683.6880000000
3683.6990000000
3683.7100000000
3683.7210000000
3683.7320000000
3683.7430000000
3683.7550000000
3683.7660000000
3683.7830000000
3683.7930000000
3683.8030000000
3683.8130000000
3683.8220000000
3683.8330000000
3683.8440000000
3683.8550000000
3683.8660000000
3683.8770000000
3683.8880000000
3683.8990000000
3683.9100000000
3683.9210000000
3683.9330000000
3683.9440000000
3683.9550000000
3683.9660000000
3683.9770000000
3683.9880000000
3683.9990000000
3684.0100000000
3684.0210000000
3684.0330000000
3684.0430000000
3684.0550000000
3684.0660000000
3684.0770000000
3684.0880000000
3684.0990000000
3684.1100000000
3684.1210000000
3684.1330000000
3684.1440000000
3684.1550000000
3684.1670000000
3684.1780000000
3684.1890000000
3684.2000000000
3684.2120000000
3684.2230000000
3684.2350000000
3684.2460000000
3684.2570000000
3684.2680000000
3684.2800000000
3684.2910000000
3684.3020000000
3684.3130000000
3684.3250000000
3684.3360000000
3684.3480000000
3684.3590000000
3684.3700000000
3684.3810000000
3684.3920000000
3684.4030000000
3684.4140000000
3684.4260000000
3684.4370000000
3684.4480000000
3684.4590000000
3684.4700000000
3684.4810000000
3684.4920000000
3684.5030000000
3684.5140000000
3684.5250000000
3684.5370000000
3684.5480000000
3684.5590000000
3684.5700000000
3684.5810000000
3684.5920000000
3684.6030000000
3684.6140000000
3684.6250000000
3684.6360000000
3684.6480000000
3684.6590000000
3684.6700000000
3684.6810000000
3684.6920000000
3684.7030000000
3684.7140000000
3684.7250000000
3684.7360000000
3684.7480000000
3684.7590000000
3684.7700000000
3684.7810000000
3684.7920000000
3684.8030000000
3684.8140000000
3684.8250000000
3684.8360000000
3684.8470000000
3684.8590000000
3684.8700000000
3684.8810000000
3684.8920000000
3684.9030000000
3684.9140000000
3684.9260000000
3684.9360000000
3684.9480000000
3684.9580000000
3684.9700000000
3684.9810000000
3684.9920000000
3685.0030000000
3685.0140000000
3685.0250000000
3685.0360000000
3685.0470000000
3685.0580000000
3685.0700000000
3685.0810000000
3685.0920000000
3685.1030000000
3685.1140000000
3685.1250000000
3685.1360000000
3685.1470000000
3685.1580000000
3685.1690000000
3685.1810000000
3685.1920000000
3685.2030000000
3685.2140000000
3685.2250000000
3685.2370000000
3685.2470000000
3685.2580000000
3685.2700000000
3685.2810000000
3685.2920000000
3685.3030000000
3685.3140000000
3685.3250000000
3685.3360000000
3685.3470000000
3685.3580000000
3685.3690000000
3685.3810000000
3685.3920000000
3685.4030000000
3685.4140000000
3685.4250000000
3685.4370000000
3685.4470000000
3685.4580000000
3685.4690000000
3685.4800000000
3685.4910000000
3685.5030000000
3685.5140000000
3685.5250000000
3685.5360000000
3685.5470000000
3685.5580000000
3685.5690000000
3685.5810000000
3685.5920000000
3685.6030000000
3685.6140000000
3685.6250000000
3685.6360000000
3685.6470000000
3685.6580000000
3685.6690000000
3685.6800000000
3685.6920000000
3685.7030000000
3685.7140000000
3685.7250000000
3685.7360000000
3685.7470000000
3685.7580000000
3685.7690000000
3685.7810000000
3685.7920000000
3685.8020000000
3685.8140000000
3685.8250000000
3685.8360000000
3685.8470000000
3685.8580000000
3685.8690000000
3685.8800000000
3685.8910000000
3685.9030000000
3685.9140000000
3685.9250000000
3685.9360000000
3685.9470000000
3685.9580000000
3685.9690000000
3685.9800000000
3685.9910000000
3686.0020000000
3686.0140000000
3686.0250000000
3686.0360000000
3686.0470000000
3686.0580000000
3686.0690000000
3686.0800000000
3686.0910000000
3686.1030000000
3686.1140000000
3686.1250000000
3686.1360000000
3686.1470000000
3686.1580000000
3686.1690000000
3686.1800000000
3686.1910000000
3686.2020000000
3686.2140000000
3686.2250000000
3686.2360000000
3686.2470000000
3686.2580000000
3686.2690000000
3686.2800000000
3686.2910000000
3686.3020000000
3686.3140000000
3686.3250000000
3686.3360000000
3686.3470000000
3686.3580000000
3686.3690000000
3686.3800000000
3686.3910000000
3686.4030000000
3686.4130000000
3686.4250000000
3686.4360000000
3686.4470000000
3686.4580000000
3686.4690000000
3686.4800000000
3686.4910000000
3686.5020000000
3686.5130000000
3686.5250000000
3686.5350000000
3686.5470000000
3686.5580000000
3686.5690000000
3686.5800000000
3686.5910000000
3686.6020000000
3686.6130000000
3686.6240000000
3686.6350000000
3686.6460000000
3686.6580000000
3686.6690000000
3686.6800000000
3686.6910000000
3686.7020000000
3686.7130000000
3686.7240000000
3686.7350000000
3686.7460000000
3686.7580000000
3686.7690000000
3686.7800000000
3686.7910000000
3686.8020000000
3686.8130000000
3686.8240000000
3686.8350000000
3686.8470000000
3686.8580000000
3686.8690000000
3686.8800000000
3686.8910000000
3686.9020000000
3686.9130000000
3686.9240000000
3686.9360000000
3686.9470000000
3686.9580000000
3686.9690000000
3686.9800000000
3686.9910000000
3687.0020000000
3687.0130000000
3687.0240000000
3687.0350000000
3687.0460000000
3687.0570000000
3687.0690000000
3687.0800000000
3687.0910000000
3687.1020000000
3687.1130000000
3687.1240000000
3687.1350000000
3687.1460000000
3687.1570000000
3687.1690000000
3687.1800000000
3687.1910000000
3687.2020000000
3687.2130000000
3687.2240000000
3687.2350000000
3687.2460000000
3687.2570000000
3687.2690000000
3687.2800000000
3687.2910000000
3687.3020000000
3687.3130000000
3687.3240000000
3687.3350000000
3687.3460000000
3687.3580000000
3687.3680000000
3687.3800000000
3687.3910000000
3687.4020000000
3687.4130000000
3687.4240000000
3687.4350000000
3687.4460000000
3687.4580000000
3687.4680000000
3687.4790000000
3687.4910000000
3687.5020000000
3687.5130000000
3687.5240000000
3687.5350000000
3687.5460000000
3687.5570000000
3687.5680000000
3687.5800000000
3687.5910000000
3687.6020000000
3687.6130000000
3687.6240000000
3687.6350000000
3687.6460000000
3687.6570000000
3687.6680000000
3687.6790000000
3687.6900000000
3687.7020000000
3687.7130000000
3687.7240000000
3687.7350000000
3687.7460000000
3687.7570000000
3687.7680000000
3687.7790000000
3687.7910000000
3687.8020000000
3687.8130000000
3687.8240000000
3687.8350000000
3687.8460000000
3687.8570000000
3687.8680000000
3687.8790000000
3687.8900000000
3687.9010000000
3687.9130000000
3687.9240000000
3687.9350000000
3687.9460000000
3687.9570000000
3687.9680000000
3687.9790000000
3687.9900000000
3688.0010000000
3688.0120000000
3688.0240000000
3688.0350000000
3688.0460000000
3688.0570000000
3688.0680000000
3688.0790000000
3688.0900000000
3688.1010000000
3688.1130000000
3688.1240000000
3688.1350000000
3688.1460000000
3688.1570000000
3688.1680000000
3688.1790000000
3688.1900000000
3688.2010000000
3688.2120000000
3688.2240000000
3688.2350000000
3688.2460000000
3688.2570000000
3688.2680000000
3688.2790000000
3688.2900000000
3688.3010000000
3688.3130000000
3688.3240000000
3688.3350000000
3688.3460000000
3688.3570000000
3688.3680000000
3688.3790000000
3688.3900000000
3688.4010000000
3688.4120000000
3688.4240000000
3688.4350000000
3688.4460000000
3688.4570000000
3688.4680000000
3688.4790000000
3688.4900000000
3688.5010000000
3688.5120000000
3688.5230000000
3688.5340000000
3688.5460000000
3688.5570000000
3688.5680000000
3688.5790000000
3688.5900000000
3688.6010000000
3688.6120000000
3688.6230000000
3688.6350000000
3688.6460000000
3688.6570000000
3688.6680000000
3688.6790000000
3688.6900000000
3688.7010000000
3688.7120000000
3688.7230000000
3688.7340000000
3688.7460000000
3688.7570000000
3688.7680000000
3688.7790000000
3688.7900000000
3688.8010000000
3688.8120000000
3688.8230000000
3688.8340000000
3688.8460000000
3688.8570000000
3688.8680000000
3688.8790000000
3688.8900000000
3688.9010000000
3688.9120000000
3688.9230000000
3688.9340000000
3688.9460000000
3688.9570000000
3688.9680000000
3688.9790000000
3688.9900000000
3689.0010000000
3689.0120000000
3689.0230000000
3689.0340000000
3689.0460000000
3689.0570000000
3689.0680000000
3689.0790000000
3689.0900000000
3689.1010000000
3689.1120000000
3689.1230000000
3689.1340000000
3689.1460000000
3689.1560000000
3689.1680000000
3689.1790000000
3689.1900000000
3689.2010000000
3689.2120000000
3689.2230000000
3689.2340000000
3689.2450000000
3689.2570000000
3689.2680000000
3689.2790000000
3689.2900000000
3689.3010000000
3689.3120000000
3689.3230000000
3689.3340000000
3689.3450000000
3689.3560000000
3689.3680000000
3689.3790000000
3689.3900000000
3689.4010000000
3689.4120000000
3689.4230000000
3689.4340000000
3689.4450000000
3689.4560000000
3689.4680000000
3689.4790000000
3689.4900000000
3689.5010000000
3689.5120000000
3689.5230000000
3689.5340000000
3689.5450000000
3689.5560000000
3689.5680000000
3689.5780000000
3689.5900000000
3689.6010000000
3689.6120000000
3689.6230000000
3689.6340000000
3689.6450000000
3689.6560000000
3689.6670000000
3689.6790000000
3689.6890000000
3689.7010000000
3689.7120000000
3689.7230000000
3689.7340000000
3689.7450000000
3689.7560000000
3689.7670000000
3689.7780000000
3689.7900000000
3689.8010000000
3689.8120000000
3689.8230000000
3689.8340000000
3689.8450000000
3689.8560000000
3689.8670000000
3689.8780000000
3689.8890000000
3689.9010000000
3689.9120000000
3689.9230000000
3689.9340000000
3689.9450000000
3689.9560000000
3689.9670000000
3689.9780000000
3689.9890000000
3690.0000000000
3690.0120000000
3690.0230000000
3690.0340000000
3690.0450000000
3690.0560000000
3690.0670000000
3690.0780000000
3690.0900000000
3690.1010000000
3690.1120000000
3690.1230000000
3690.1340000000
3690.1450000000
3690.1560000000
3690.1670000000
3690.1780000000
3690.1890000000
3690.2000000000
3690.2110000000
3690.2230000000
3690.2340000000
3690.2450000000
3690.2560000000
3690.2670000000
3690.2790000000
3690.2890000000
3690.3000000000
3690.3120000000
3690.3230000000
3690.3340000000
3690.3450000000
3690.3560000000
3690.3670000000
3690.3780000000
3690.3890000000
3690.4000000000
3690.4110000000
3690.4230000000
3690.4340000000
3690.4450000000
3690.4560000000
3690.4670000000
3690.4780000000
3690.4890000000
3690.5000000000
3690.5110000000
3690.5220000000
3690.5340000000
3690.5450000000
3690.5560000000
3690.5670000000
3690.5780000000
3690.5890000000
3690.6000000000
3690.6110000000
3690.6220000000
3690.6330000000
3690.6450000000
3690.6560000000
3690.6670000000
3690.6780000000
3690.6890000000
3690.7000000000
3690.7110000000
3690.7220000000
3690.7330000000
3690.7450000000
3690.7560000000
3690.7670000000
3690.7780000000
3690.7890000000
3690.8000000000
3690.8110000000
3690.8220000000
3690.8330000000
3690.8440000000
3690.8550000000
3690.8670000000
3690.8780000000
3690.8890000000
3690.9000000000
3690.9110000000
3690.9220000000
3690.9340000000
3690.9450000000
3690.9560000000
3690.9670000000
3690.9780000000
3690.9890000000
3691.0000000000
3691.0110000000
3691.0220000000
3691.0330000000
3691.0450000000
3691.0550000000
3691.0670000000
3691.0780000000
3691.0890000000
3691.1000000000
3691.1110000000
3691.1220000000
3691.1330000000
3691.1450000000
3691.1560000000
3691.1670000000
3691.1780000000
3691.1890000000
3691.2000000000
3691.2110000000
3691.2220000000
3691.2330000000
3691.2440000000
3691.2550000000
3691.2660000000
3691.2780000000
3691.2890000000
3691.3000000000
3691.3110000000
3691.3220000000
3691.3330000000
3691.3440000000
3691.3550000000
3691.3660000000
3691.3780000000
3691.3890000000
3691.4000000000
3691.4110000000
3691.4220000000
3691.4330000000
3691.4440000000
3691.4550000000
3691.4660000000
3691.4780000000
3691.4890000000
3691.5000000000
3691.5110000000
3691.5220000000
3691.5330000000
3691.5440000000
3691.5550000000
3691.5660000000
3691.5770000000
3691.5890000000
3691.6000000000
3691.6110000000
3691.6220000000
3691.6330000000
3691.6440000000
3691.6550000000
3691.6660000000
3691.6770000000
3691.6880000000
3691.7000000000
3691.7110000000
3691.7220000000
3691.7330000000
3691.7440000000
3691.7550000000
3691.7660000000
3691.7780000000
3691.7890000000
3691.8000000000
3691.8110000000
3691.8220000000
3691.8330000000
3691.8440000000
3691.8550000000
3691.8660000000
3691.8770000000
3691.8880000000
3691.8990000000
3691.9110000000
3691.9220000000
3691.9330000000
3691.9440000000
3691.9550000000
3691.9660000000
3691.9770000000
3691.9890000000
3692.0000000000
3692.0110000000
3692.0220000000
3692.0330000000
3692.0440000000
3692.0550000000
3692.0660000000
3692.0770000000
3692.0880000000
3692.0990000000
3692.1110000000
3692.1220000000
3692.1330000000
3692.1440000000
3692.1550000000
3692.1660000000
3692.1770000000
3692.1880000000
3692.1990000000
3692.2100000000
3692.2210000000
3692.2330000000
3692.2440000000
3692.2550000000
3692.2660000000
3692.2770000000
3692.2880000000
3692.2990000000
3692.3100000000
3692.3220000000
3692.3330000000
3692.3440000000
3692.3550000000
3692.3660000000
3692.3770000000
3692.3880000000
3692.3990000000
3692.4100000000
3692.4210000000
3692.4330000000
3692.4440000000
3692.4550000000
3692.4660000000
3692.4770000000
3692.4880000000
3692.4990000000
3692.5100000000
3692.5210000000
3692.5320000000
3692.5440000000
3692.5550000000
3692.5660000000
3692.5770000000
3692.5880000000
3692.5990000000
3692.6100000000
3692.6210000000
3692.6320000000
3692.6440000000
3692.6550000000
3692.6660000000
3692.6770000000
3692.6880000000
3692.6990000000
3692.7100000000
3692.7210000000
3692.7320000000
3692.7440000000
3692.7550000000
3692.7660000000
3692.7770000000
3692.7880000000
3692.7990000000
3692.8100000000
3692.8220000000
3692.8320000000
3692.8430000000
3692.8550000000
3692.8660000000
3692.8770000000
3692.8880000000
3692.8990000000
3692.9100000000
3692.9210000000
3692.9320000000
3692.9440000000
3692.9550000000
3692.9660000000
3692.9770000000
3692.9880000000
3692.9990000000
3693.0100000000
3693.0210000000
3693.0320000000
3693.0430000000
3693.0540000000
3693.0660000000
3693.0770000000
3693.0880000000
3693.0990000000
3693.1100000000
3693.1210000000
3693.1320000000
3693.1430000000
3693.1550000000
3693.1660000000
3693.1770000000
3693.1880000000
3693.1990000000
3693.2100000000
3693.2210000000
3693.2320000000
3693.2430000000
3693.2540000000
3693.2660000000
3693.2770000000
3693.2880000000
3693.2990000000
3693.3100000000
3693.3210000000
3693.3320000000
3693.3430000000
3693.3540000000
3693.3650000000
3693.3770000000
3693.3870000000
3693.3990000000
3693.4100000000
3693.4210000000
3693.4320000000
3693.4430000000
3693.4540000000
3693.4650000000
3693.4770000000
3693.4880000000
3693.4990000000
3693.5100000000
3693.5210000000
3693.5320000000
3693.5430000000
3693.5540000000
3693.5650000000
3693.5760000000
3693.5880000000
3693.5990000000
3693.6100000000
3693.6210000000
3693.6320000000
3693.6430000000
3693.6540000000
3693.6650000000
3693.6760000000
3693.6870000000
3693.6990000000
3693.7100000000
3693.7210000000
3693.7320000000
3693.7430000000
3693.7540000000
3693.7650000000
3693.7770000000
3693.7870000000
3693.7990000000
3693.8100000000
3693.8210000000
3693.8320000000
3693.8430000000
3693.8540000000
3693.8650000000
3693.8760000000
3693.8870000000
3693.8990000000
3693.9100000000
3693.9210000000
3693.9320000000
3693.9430000000
3693.9540000000
3693.9650000000
3693.9760000000
3693.9880000000
3693.9980000000
3694.0100000000
3694.0210000000
3694.0320000000
3694.0430000000
3694.0540000000
3694.0650000000
3694.0760000000
3694.0870000000
3694.0980000000
3694.1100000000
3694.1210000000
3694.1320000000
3694.1430000000
3694.1540000000
3694.1650000000
3694.1760000000
3694.1870000000
3694.1980000000
3694.2090000000
3694.2200000000
3694.2320000000
3694.2430000000
3694.2540000000
3694.2650000000
3694.2760000000
3694.2870000000
3694.2980000000
3694.3090000000
3694.3200000000
3694.3320000000
3694.3430000000
3694.3540000000
3694.3650000000
3694.3760000000
3694.3880000000
3694.3980000000
3694.4090000000
3694.4210000000
3694.4310000000
3694.4430000000
3694.4540000000
3694.4650000000
3694.4760000000
3694.4870000000
3694.4980000000
3694.5090000000
3694.5200000000
3694.5310000000
3694.5430000000
3694.5540000000
3694.5650000000
3694.5760000000
3694.5870000000
3694.5980000000
3694.6090000000
3694.6200000000
3694.6310000000
3694.6430000000
3694.6540000000
3694.6650000000
3694.6760000000
3694.6870000000
3694.6980000000
3694.7090000000
3694.7210000000
3694.7310000000
3694.7430000000
3694.7540000000
3694.7650000000
3694.7760000000
3694.7870000000
3694.7980000000
3694.8090000000
3694.8210000000
3694.8320000000
3694.8430000000
3694.8540000000
3694.8650000000
3694.8760000000
3694.8870000000
3694.8980000000
3694.9090000000
3694.9200000000
3694.9310000000
3694.9420000000
3694.9530000000
3694.9650000000
3694.9760000000
3694.9870000000
3694.9980000000
3695.0090000000
3695.0200000000
3695.0310000000
3695.0420000000
3695.0530000000
3695.0650000000
3695.0760000000
3695.0870000000
3695.0980000000
3695.1090000000
3695.1200000000
3695.1320000000
3695.1420000000
3695.1540000000
3695.1650000000
3695.1760000000
3695.1870000000
3695.1980000000
3695.2090000000
3695.2200000000
3695.2310000000
3695.2420000000
3695.2530000000
3695.2650000000
3695.2750000000
3695.2870000000
3695.2980000000
3695.3090000000
3695.3200000000
3695.3310000000
3695.3420000000
3695.3530000000
3695.3650000000
3695.3750000000
3695.3870000000
3695.3980000000
3695.4090000000
3695.4200000000
3695.4310000000
3695.4420000000
3695.4540000000
3695.4640000000
3695.4760000000
3695.4870000000
3695.4980000000
3695.5090000000
3695.5200000000
3695.5310000000
3695.5420000000
3695.5530000000
3695.5640000000
3695.5750000000
3695.5860000000
3695.5980000000
3695.6090000000
3695.6200000000
3695.6310000000
3695.6420000000
3695.6530000000
3695.6640000000
3695.6760000000
3695.6870000000
3695.6980000000
3695.7090000000
3695.7200000000
3695.7310000000
3695.7420000000
3695.7530000000
3695.7640000000
3695.7750000000
3695.7860000000
3695.7980000000
3695.8090000000
3695.8200000000
3695.8310000000
3695.8420000000
3695.8530000000
3695.8640000000
3695.8750000000
3695.8860000000
3695.8970000000
3695.9090000000
3695.9200000000
3695.9310000000
3695.9420000000
3695.9530000000
3695.9640000000
3695.9760000000
3695.9860000000
3695.9980000000
3696.0090000000
3696.0200000000
3696.0310000000
3696.0420000000
3696.0530000000
3696.0640000000
3696.0750000000
3696.0860000000
3696.0970000000
3696.1080000000
3696.1200000000
3696.1310000000
3696.1420000000
3696.1530000000
3696.1640000000
3696.1750000000
3696.1860000000
3696.1970000000
3696.2080000000
3696.2190000000
3696.2310000000
3696.2420000000
3696.2530000000
3696.2640000000
3696.2750000000
3696.2860000000
3696.2970000000
3696.3090000000
3696.3200000000
3696.3310000000
3696.3420000000
3696.3530000000
3696.3640000000
3696.3750000000
3696.3860000000
3696.3970000000
3696.4080000000
3696.4190000000
3696.4310000000
3696.4420000000
3696.4530000000
3696.4640000000
3696.4750000000
3696.4860000000
3696.4970000000
3696.5080000000
3696.5190000000
3696.5310000000
3696.5420000000
3696.5530000000
3696.5640000000
3696.5750000000
3696.5860000000
3696.5980000000
3696.6080000000
3696.6190000000
3696.6310000000
3696.6420000000
3696.6530000000
3696.6640000000
3696.6750000000
3696.6860000000
3696.6970000000
3696.7080000000
3696.7190000000
3696.7300000000
3696.7420000000
3696.7520000000
3696.7640000000
3696.7750000000
3696.7860000000
3696.7970000000
3696.8080000000
3696.8190000000
3696.8300000000
3696.8420000000
3696.8530000000
3696.8640000000
3696.8750000000
3696.8860000000
3696.8970000000
3696.9080000000
3696.9190000000
3696.9300000000
3696.9420000000
3696.9520000000
3696.9640000000
3696.9750000000
3696.9860000000
3696.9970000000
3697.0080000000
3697.0200000000
3697.0310000000
3697.0430000000
3697.0550000000
3697.0660000000
3697.0770000000
3697.0870000000
3697.0980000000
3697.1080000000
3697.1180000000
3697.1290000000
3697.1410000000
3697.1510000000
3697.1620000000
3697.1730000000
3697.1850000000
3697.1950000000
3697.2070000000
3697.2180000000
3697.2290000000
3697.2400000000
3697.2510000000
3697.2620000000
3697.2730000000
3697.2840000000
3697.2950000000
3697.3060000000
3697.3180000000
3697.3290000000
3697.3400000000
3697.3510000000
3697.3630000000
3697.3730000000
3697.3850000000
3697.3970000000
3697.4080000000
3697.4190000000
3697.4290000000
3697.4400000000
3697.4510000000
3697.4620000000
3697.4740000000
3697.4850000000
3697.4960000000
3697.5080000000
3697.5180000000
3697.5300000000
3697.5410000000
3697.5520000000
3697.5640000000
3697.5740000000
3697.5860000000
3697.5970000000
3697.6080000000
3697.6190000000
3697.6300000000
3697.6410000000
3697.6520000000
3697.6630000000
3697.6750000000
3697.6860000000
3697.6970000000
3697.7080000000
3697.7190000000
3697.7300000000
3697.7410000000
3697.7520000000
3697.7630000000
3697.7740000000
3697.7850000000
3697.7970000000
3697.8080000000
3697.8190000000
3697.8300000000
3697.8410000000
3697.8520000000
3697.8630000000
3697.8750000000
3697.8850000000
3697.8960000000
3697.9080000000
3697.9190000000
3697.9300000000
3697.9410000000
3697.9520000000
3697.9630000000
3697.9740000000
3697.9850000000
3697.9970000000
3698.0080000000
3698.0190000000
3698.0300000000
3698.0410000000
3698.0520000000
3698.0630000000
3698.0740000000
3698.0850000000
3698.0960000000
3698.1070000000
3698.1180000000
3698.1450000000
3698.1560000000
3698.1660000000
3698.1760000000
3698.1860000000
3698.2000000000
3698.2100000000
3698.2210000000
3698.2310000000
3698.2420000000
3698.2520000000
3698.2620000000
3698.2710000000
3698.2820000000
3698.2920000000
3698.3030000000
3698.3140000000
3698.3250000000
3698.3370000000
3698.3480000000
3698.3590000000
3698.3700000000
3698.3810000000
3698.3920000000
3698.4040000000
3698.4150000000
3698.4260000000
3698.4370000000
3698.4480000000
3698.4590000000
3698.4700000000
3698.4810000000
3698.4920000000
3698.5030000000
3698.5140000000
3698.5260000000
3698.5370000000
3698.5480000000
3698.5590000000
3698.5700000000
3698.5810000000
3698.5930000000
3698.6040000000
3698.6150000000
3698.6260000000
3698.6380000000
3698.6490000000
3698.6600000000
3698.6720000000
3698.6830000000
3698.6940000000
3698.7060000000
3698.7170000000
3698.7280000000
3698.7400000000
3698.7510000000
3698.7620000000
3698.7730000000
3698.7850000000
3698.7960000000
3698.8070000000
3698.8180000000
3698.8290000000
3698.8400000000
3698.8520000000
3698.8630000000
3698.8740000000
3698.8850000000
3698.8960000000
3698.9070000000
3698.9180000000
3698.9290000000
3698.9400000000
3698.9520000000
3698.9630000000
3698.9740000000
3698.9850000000
3698.9960000000
3699.0070000000
3699.0180000000
3699.0290000000
3699.0400000000
3699.0510000000
3699.0630000000
3699.0730000000
3699.0850000000
3699.0960000000
3699.1070000000
3699.1180000000
3699.1290000000
3699.1400000000
3699.1510000000
3699.1630000000
3699.1740000000
3699.1850000000
3699.1960000000
3699.2070000000
3699.2180000000
3699.2290000000
3699.2400000000
3699.2510000000
3699.2620000000
3699.2740000000
3699.2850000000
3699.2960000000
3699.3070000000
3699.3180000000
3699.3290000000
3699.3400000000
3699.3510000000
3699.3620000000
3699.3740000000
3699.3850000000
3699.3960000000
3699.4070000000
3699.4180000000
3699.4290000000
3699.4400000000
3699.4510000000
3699.4630000000
3699.4730000000
3699.4850000000
3699.4960000000
3699.5070000000
3699.5180000000
3699.5290000000
3699.5400000000
3699.5510000000
3699.5630000000
3699.5740000000
3699.5840000000
3699.5960000000
3699.6070000000
3699.6180000000
3699.6290000000
3699.6400000000
3699.6510000000
3699.6620000000
3699.6730000000
3699.6840000000
3699.6960000000
3699.7070000000
3699.7180000000
3699.7290000000
3699.7400000000
3699.7510000000
3699.7620000000
3699.7730000000
3699.7840000000
3699.7960000000
3699.8070000000
3699.8180000000
3699.8290000000
3699.8400000000
3699.8510000000
3699.8620000000
3699.8730000000
3699.8840000000
3699.8960000000
3699.9070000000
3699.9170000000
3699.9290000000
3699.9400000000
3699.9510000000
3699.9620000000
3699.9730000000
3699.9840000000
3699.9950000000
3700.0060000000
3700.0180000000
3700.0290000000
3700.0400000000
3700.0510000000
3700.0620000000
3700.0730000000
3700.0840000000
3700.0950000000
3700.1060000000
3700.1170000000
3700.1290000000
3700.1400000000
3700.1510000000
3700.1620000000
3700.1730000000
3700.1840000000
3700.1950000000
3700.2070000000
3700.2180000000
3700.2290000000
3700.2400000000
3700.2510000000
3700.2620000000
3700.2730000000
3700.2840000000
3700.2950000000
3700.3070000000
3700.3180000000
3700.3290000000
3700.3400000000
3700.3510000000
3700.3620000000
3700.3730000000
3700.3840000000
3700.3950000000
3700.4060000000
3700.4170000000
3700.4280000000
3700.4400000000
3700.4510000000
3700.4620000000
3700.4730000000
3700.4840000000
3700.4950000000
3700.5060000000
3700.5170000000
3700.5290000000
3700.5400000000
3700.5510000000
3700.5620000000
3700.5730000000
3700.5840000000
3700.5950000000
3700.6060000000
3700.6170000000
3700.6280000000
3700.6390000000
3700.6510000000
3700.6620000000
3700.6730000000
3700.6840000000
3700.6950000000
3700.7060000000
3700.7170000000
3700.7280000000
3700.7390000000
3700.7500000000
3700.7620000000
3700.7730000000
3700.7840000000
3700.7950000000
3700.8060000000
3700.8170000000
3700.8280000000
3700.8400000000
3700.8510000000
3700.8620000000
3700.8730000000
3700.8840000000
3700.8950000000
3700.9060000000
3700.9170000000
3700.9290000000
3700.9390000000
3700.9500000000
3700.9620000000
3700.9730000000
3700.9840000000
3700.9950000000
3701.0060000000
3701.0170000000
3701.0280000000
3701.0400000000
3701.0500000000
3701.0620000000
3701.0730000000
3701.0840000000
3701.0950000000
3701.1060000000
3701.1170000000
3701.1280000000
3701.1390000000
3701.1500000000
3701.1610000000
3701.1730000000
3701.1840000000
3701.1950000000
3701.2060000000
3701.2170000000
3701.2280000000
3701.2390000000
3701.2500000000
3701.2610000000
3701.2720000000
3701.2830000000
3701.2950000000
3701.3060000000
3701.3170000000
3701.3280000000
3701.3390000000
3701.3500000000
3701.3610000000
3701.3730000000
3701.3840000000
3701.3950000000
3701.4060000000
3701.4170000000
3701.4280000000
3701.4390000000
3701.4500000000
3701.4610000000
3701.4720000000
3701.4840000000
3701.4950000000
3701.5060000000
3701.5170000000
3701.5280000000
3701.5390000000
3701.5500000000
3701.5620000000
3701.5730000000
3701.5830000000
3701.5950000000
3701.6060000000
3701.6170000000
3701.6280000000
3701.6390000000
3701.6500000000
3701.6610000000
3701.6720000000
3701.6830000000
3701.6940000000
3701.7060000000
3701.7170000000
3701.7280000000
3701.7390000000
3701.7500000000
3701.7610000000
3701.7720000000
3701.7830000000
3701.7940000000
3701.8060000000
3701.8170000000
3701.8280000000
3701.8390000000
3701.8500000000
3701.8610000000
3701.8730000000
3701.8830000000
3701.8950000000
3701.9060000000
3701.9170000000
3701.9280000000
3701.9390000000
3701.9500000000
3701.9610000000
3701.9720000000
3701.9830000000
3701.9940000000
3702.0050000000
3702.0170000000
3702.0280000000
3702.0390000000
3702.0500000000
3702.0610000000
3702.0720000000
3702.0830000000
3702.0940000000
3702.1050000000
3702.1160000000
3702.1280000000
3702.1390000000
3702.1500000000
3702.1610000000
3702.1720000000
3702.1830000000
3702.1940000000
3702.2060000000
3702.2170000000
3702.2280000000
3702.2390000000
3702.2500000000
3702.2610000000
3702.2720000000
3702.2830000000
3702.2940000000
3702.3050000000
3702.3160000000
3702.3280000000
3702.3390000000
3702.3500000000
3702.3610000000
3702.3720000000
3702.3840000000
3702.3940000000
3702.4050000000
3702.4160000000
3702.4280000000
3702.4380000000
3702.4500000000
3702.4610000000
3702.4720000000
3702.4830000000
3702.4940000000
3702.5050000000
3702.5160000000
3702.5270000000
3702.5390000000
3702.5500000000
3702.5610000000
3702.5720000000
3702.5830000000
3702.5940000000
3702.6050000000
3702.6160000000
3702.6270000000
3702.6380000000
3702.6500000000
3702.6610000000
3702.6720000000
3702.6830000000
3702.6940000000
3702.7050000000
3702.7160000000
3702.7270000000
3702.7390000000
3702.7500000000
3702.7610000000
3702.7720000000
3702.7830000000
3702.7940000000
3702.8050000000
3702.8160000000
3702.8270000000
3702.8390000000
3702.8500000000
3702.8610000000
3702.8720000000
3702.8830000000
3702.8940000000
3702.9050000000
3702.9160000000
3702.9270000000
3702.9380000000
3702.9490000000
3702.9610000000
3702.9720000000
3702.9830000000
3702.9940000000
3703.0050000000
3703.0160000000
3703.0280000000
3703.0380000000
3703.0500000000
3703.0600000000
3703.0720000000
3703.0830000000
3703.0940000000
3703.1050000000
3703.1160000000
3703.1270000000
3703.1380000000
3703.1490000000
3703.1610000000
3703.1720000000
3703.1830000000
3703.1940000000
3703.2050000000
3703.2160000000
3703.2270000000
3703.2380000000
3703.2500000000
3703.2600000000
3703.2710000000
3703.2830000000
3703.2940000000
3703.3050000000
3703.3160000000
3703.3270000000
3703.3380000000
3703.3490000000
3703.3610000000
3703.3720000000
3703.3830000000
3703.3940000000
3703.4050000000
3703.4160000000
3703.4270000000
3703.4380000000
3703.4500000000
3703.4600000000
3703.4710000000
3703.4830000000
3703.4940000000
3703.5050000000
3703.5160000000
3703.5270000000
3703.5380000000
3703.5490000000
3703.5600000000
3703.5720000000
3703.5820000000
3703.5940000000
3703.6050000000
3703.6160000000
3703.6270000000
3703.6380000000
3703.6490000000
3703.6600000000
3703.6710000000
3703.6830000000
3703.6940000000
3703.7050000000
3703.7160000000
3703.7270000000
3703.7380000000
3703.7490000000
3703.7600000000
3703.7710000000
3703.7820000000
3703.7930000000
3703.8040000000
3703.8160000000
3703.8270000000
3703.8380000000
3703.8490000000
3703.8600000000
3703.8710000000
3703.8820000000
3703.8930000000
3703.9050000000
3703.9160000000
3703.9270000000
3703.9380000000
3703.9490000000
3703.9610000000
3703.9710000000
3703.9820000000
3703.9930000000
3704.0040000000
3704.0160000000
3704.0270000000
3704.0380000000
3704.0490000000
3704.0600000000
3704.0710000000
3704.0820000000
3704.0940000000
3704.1040000000
3704.1150000000
3704.1270000000
3704.1380000000
3704.1490000000
3704.1600000000
3704.1710000000
3704.1820000000
3704.1930000000
3704.2040000000
3704.2160000000
3704.2270000000
3704.2380000000
3704.2490000000
3704.2600000000
3704.2710000000
3704.2820000000
3704.2930000000
3704.3040000000
3704.3160000000
3704.3260000000
3704.3380000000
3704.3490000000
3704.3600000000
3704.3710000000
3704.3820000000
3704.3930000000
3704.4050000000
3704.4150000000
3704.4270000000
3704.4380000000
3704.4490000000
3704.4600000000
3704.4710000000
3704.4820000000
3704.4930000000
3704.5040000000
3704.5150000000
3704.5260000000
3704.5380000000
3704.5490000000
3704.5600000000
3704.5710000000
3704.5820000000
3704.5930000000
3704.6040000000
3704.6150000000
3704.6260000000
3704.6370000000
3704.6490000000
3704.6600000000
3704.6710000000
3704.6820000000
3704.6930000000
3704.7040000000
3704.7150000000
3704.7260000000
3704.7370000000
3704.7490000000
3704.7600000000
3704.7710000000
3704.7820000000
3704.7930000000
3704.8040000000
3704.8150000000
3704.8260000000
3704.8370000000
3704.8490000000
3704.8600000000
3704.8710000000
3704.8820000000
3704.8930000000
3704.9040000000
3704.9150000000
3704.9260000000
3704.9370000000
3704.9480000000
3704.9590000000
3704.9700000000
3704.9820000000
3704.9930000000
3705.0040000000
3705.0150000000
3705.0260000000
3705.0370000000
3705.0480000000
3705.0600000000
3705.0710000000
3705.0820000000
3705.0930000000
3705.1040000000
3705.1150000000
3705.1260000000
3705.1370000000
3705.1480000000
3705.1590000000
3705.1700000000
3705.1820000000
3705.1930000000
3705.2040000000
3705.2150000000
3705.2260000000
3705.2370000000
3705.2480000000
3705.2600000000
3705.2710000000
3705.2820000000
3705.2930000000
3705.3040000000
3705.3150000000
3705.3260000000
3705.3370000000
3705.3480000000
3705.3590000000
3705.3710000000
3705.3820000000
3705.3930000000
3705.4040000000
3705.4150000000
3705.4260000000
3705.4370000000
3705.4480000000
3705.4590000000
3705.4700000000
3705.4820000000
3705.4930000000
3705.5040000000
3705.5150000000
3705.5260000000
3705.5370000000
3705.5480000000
3705.5590000000
3705.5700000000
3705.5820000000
3705.5930000000
3705.6040000000
3705.6150000000
3705.6260000000
3705.6370000000
3705.6480000000
3705.6590000000
3705.6700000000
3705.6810000000
3705.6930000000
3705.7040000000
3705.7150000000
3705.7260000000
3705.7370000000
3705.7480000000
3705.7590000000
3705.7700000000
3705.7810000000
3705.7920000000
3705.8040000000
3705.8150000000
3705.8260000000
3705.8370000000
3705.8480000000
3705.8590000000
3705.8700000000
3705.8810000000
3705.8930000000
3705.9040000000
3705.9150000000
3705.9260000000
3705.9370000000
3705.9480000000
3705.9590000000
3705.9700000000
3705.9810000000
3705.9920000000
3706.0030000000
3706.0140000000
3706.0260000000
3706.0370000000
3706.0480000000
3706.0590000000
3706.0700000000
3706.0810000000
3706.0920000000
3706.1040000000
3706.1150000000
3706.1260000000
3706.1370000000
3706.1480000000
3706.1590000000
3706.1700000000
3706.1810000000
3706.1920000000
3706.2030000000
3706.2150000000
3706.2260000000
3706.2370000000
3706.2480000000
3706.2590000000
3706.2700000000
3706.2810000000
3706.2920000000
3706.3030000000
3706.3140000000
3706.3250000000
3706.3370000000
3706.3480000000
3706.3590000000
3706.3700000000
3706.3810000000
3706.3920000000
3706.4030000000
3706.4140000000
3706.4260000000
3706.4370000000
3706.4480000000
3706.4590000000
3706.4700000000
3706.4810000000
3706.4920000000
3706.5030000000
3706.5140000000
3706.5250000000
3706.5360000000
3706.5480000000
3706.5590000000
3706.5700000000
3706.5810000000
3706.5920000000
3706.6040000000
3706.6140000000
3706.6250000000
3706.6370000000
3706.6480000000
3706.6590000000
3706.6700000000
3706.6810000000
3706.6920000000
3706.7030000000
3706.7140000000
3706.7250000000
3706.7370000000
3706.7480000000
3706.7590000000
3706.7700000000
3706.7810000000
3706.7920000000
3706.8030000000
3706.8140000000
3706.8250000000
3706.8360000000
3706.8470000000
3706.8590000000
3706.8700000000
3706.8810000000
3706.8920000000
3706.9030000000
3706.9140000000
3706.9250000000
3706.9360000000
3706.9480000000
3706.9580000000
3706.9700000000
3706.9810000000
3706.9920000000
3707.0030000000
3707.0140000000
3707.0250000000
3707.0360000000
3707.0480000000
3707.0590000000
3707.0700000000
3707.0810000000
3707.0920000000
3707.1030000000
3707.1140000000
3707.1250000000
3707.1360000000
3707.1470000000
3707.1580000000
3707.1690000000
3707.1810000000
3707.1920000000
3707.2030000000
3707.2140000000
3707.2250000000
3707.2360000000
3707.2470000000
3707.2590000000
3707.2690000000
3707.2810000000
3707.2920000000
3707.3030000000
3707.3140000000
3707.3250000000
3707.3360000000
3707.3470000000
3707.3580000000
3707.3700000000
3707.3810000000
3707.3920000000
3707.4030000000
3707.4140000000
3707.4250000000
3707.4360000000
3707.4470000000
3707.4580000000
3707.4690000000
3707.4800000000
3707.4920000000
3707.5030000000
3707.5140000000
3707.5250000000
3707.5360000000
3707.5470000000
3707.5580000000
3707.5700000000
3707.5810000000
3707.5920000000
3707.6030000000
3707.6140000000
3707.6250000000
3707.6360000000
3707.6470000000
3707.6580000000
3707.6690000000
3707.6810000000
3707.6920000000
3707.7030000000
3707.7140000000
3707.7250000000
3707.7360000000
3707.7470000000
3707.7580000000
3707.7690000000
3707.7800000000
3707.7920000000
3707.8020000000
3707.8130000000
3707.8250000000
3707.8360000000
3707.8470000000
3707.8580000000
3707.8690000000
3707.8810000000
3707.8910000000
3707.9030000000
3707.9140000000
3707.9250000000
3707.9360000000
3707.9470000000
3707.9580000000
3707.9690000000
3707.9800000000
3707.9920000000
3708.0020000000
3708.0130000000
3708.0250000000
3708.0360000000
3708.0470000000
3708.0580000000
3708.0690000000
3708.0800000000
3708.0910000000
3708.1020000000
3708.1140000000
3708.1250000000
3708.1360000000
3708.1470000000
3708.1580000000
3708.1690000000
3708.1800000000
3708.1910000000
3708.2030000000
3708.2130000000
3708.2250000000
3708.2360000000
3708.2470000000
3708.2580000000
3708.2690000000
3708.2800000000
3708.2920000000
3708.3020000000
3708.3140000000
3708.3240000000
3708.3360000000
3708.3470000000
3708.3580000000
3708.3690000000
3708.3800000000
3708.3910000000
3708.4020000000
3708.4130000000
3708.4250000000
3708.4360000000
3708.4470000000
3708.4580000000
3708.4690000000
3708.4800000000
3708.4910000000
3708.5020000000
3708.5130000000
3708.5240000000
3708.5350000000
3708.5470000000
3708.5580000000
3708.5690000000
3708.5800000000
3708.5910000000
3708.6020000000
3708.6130000000
3708.6250000000
3708.6350000000
3708.6470000000
3708.6580000000
3708.6690000000
3708.6800000000
3708.6910000000
3708.7020000000
3708.7130000000
3708.7240000000
3708.7350000000
3708.7470000000
3708.7580000000
3708.7690000000
3708.7800000000
3708.7910000000
3708.8020000000
3708.8130000000
3708.8240000000
3708.8350000000
3708.8460000000
3708.8580000000
3708.8690000000
3708.8800000000
3708.8910000000
3708.9020000000
3708.9130000000
3708.9240000000
3708.9350000000
3708.9460000000
3708.9580000000
3708.9690000000
3708.9800000000
3708.9910000000
3709.0020000000
3709.0130000000
3709.0240000000
3709.0350000000
3709.0460000000
3709.0580000000
3709.0690000000
3709.0800000000
3709.0910000000
3709.1020000000
3709.1130000000
3709.1240000000
3709.1350000000
3709.1460000000
3709.1570000000
3709.1680000000
3709.1800000000
3709.1910000000
3709.2020000000
3709.2130000000
3709.2240000000
3709.2350000000
3709.2460000000
3709.2580000000
3709.2690000000
3709.2800000000
3709.2910000000
3709.3020000000
3709.3130000000
3709.3240000000
3709.3350000000
3709.3460000000
3709.3580000000
3709.3680000000
3709.3800000000
3709.3910000000
3709.4020000000
3709.4130000000
3709.4240000000
3709.4350000000
3709.4460000000
3709.4570000000
3709.4680000000
3709.4800000000
3709.4910000000
3709.5020000000
3709.5130000000
3709.5240000000
3709.5350000000
3709.5460000000
3709.5570000000
3709.5680000000
3709.5800000000
3709.5910000000
3709.6020000000
3709.6130000000
3709.6240000000
3709.6350000000
3709.6460000000
3709.6570000000
3709.6680000000
3709.6790000000
3709.6910000000
3709.7010000000
3709.7130000000
3709.7240000000
3709.7350000000
3709.7460000000
3709.7570000000
3709.7680000000
3709.7790000000
3709.7910000000
3709.8020000000
3709.8130000000
3709.8240000000
3709.8350000000
3709.8460000000
3709.8570000000
3709.8680000000
3709.8790000000
3709.8900000000
3709.9010000000
3709.9130000000
3709.9240000000
3709.9350000000
3709.9460000000
3709.9570000000
3709.9680000000
3709.9790000000
3709.9900000000
3710.0010000000
3710.0130000000
3710.0230000000
3710.0350000000
3710.0460000000
3710.0570000000
3710.0680000000
3710.0790000000
3710.0900000000
3710.1010000000
3710.1130000000
3710.1240000000
3710.1350000000
3710.1460000000
3710.1570000000
3710.1680000000
3710.1790000000
3710.1900000000
3710.2020000000
3710.2120000000
3710.2240000000
3710.2350000000
3710.2460000000
3710.2570000000
3710.2680000000
3710.2790000000
3710.2900000000
3710.3010000000
3710.3130000000
3710.3240000000
3710.3340000000
3710.3460000000
3710.3570000000
3710.3680000000
3710.3790000000
3710.3900000000
3710.4010000000
3710.4120000000
3710.4240000000
3710.4350000000
3710.4460000000
3710.4570000000
3710.4680000000
3710.4790000000
3710.4900000000
3710.5010000000
3710.5120000000
3710.5230000000
3710.5350000000
3710.5460000000
3710.5570000000
3710.5680000000
3710.5790000000
3710.5900000000
3710.6010000000
3710.6120000000
3710.6240000000
3710.6350000000
3710.6460000000
3710.6570000000
3710.6680000000
3710.6790000000
3710.6900000000
3710.7010000000
3710.7120000000
3710.7230000000
3710.7340000000
3710.7460000000
3710.7570000000
3710.7680000000
3710.7790000000
3710.7900000000
3710.8010000000
3710.8120000000
3710.8230000000
3710.8340000000
3710.8450000000
3710.8570000000
3710.8680000000
3710.8790000000
3710.8910000000
3710.9010000000
3710.9120000000
3710.9230000000
3710.9340000000
3710.9450000000
3710.9570000000
3710.9680000000
3710.9790000000
3710.9900000000
3711.0010000000
3711.0120000000
3711.0230000000
3711.0340000000
3711.0450000000
3711.0560000000
3711.0680000000
3711.0790000000
3711.0900000000
3711.1010000000
3711.1120000000
3711.1230000000
3711.1340000000
3711.1450000000
3711.1560000000
3711.1680000000
3711.1780000000
3711.1900000000
3711.2010000000
3711.2120000000
3711.2230000000
3711.2340000000
3711.2450000000
3711.2560000000
3711.2670000000
3711.2790000000
3711.2900000000
3711.3010000000
3711.3120000000
3711.3230000000
3711.3340000000
3711.3450000000
3711.3560000000
3711.3670000000
3711.3780000000
3711.3900000000
3711.4010000000
3711.4120000000
3711.4230000000
3711.4340000000
3711.4450000000
3711.4560000000
3711.4670000000
3711.4790000000
3711.4900000000
3711.5010000000
3711.5120000000
3711.5230000000
3711.5340000000
3711.5450000000
3711.5560000000
3711.5670000000
3711.5790000000
3711.5900000000
3711.6010000000
3711.6120000000
3711.6230000000
3711.6340000000
3711.6460000000
3711.6570000000
3711.6670000000
3711.6780000000
3711.6900000000
3711.7010000000
3711.7120000000
3711.7230000000
3711.7340000000
3711.7450000000
3711.7560000000
3711.7670000000
3711.7790000000
3711.7890000000
3711.8010000000
3711.8120000000
3711.8230000000
3711.8340000000
3711.8450000000
3711.8560000000
3711.8670000000
3711.8780000000
3711.8890000000
3711.9000000000
3711.9120000000
3711.9230000000
3711.9340000000
3711.9450000000
3711.9560000000
3711.9670000000
3711.9780000000
3711.9890000000
3712.0000000000
3712.0110000000
3712.0230000000
3712.0340000000
3712.0450000000
3712.0560000000
3712.0670000000
3712.0780000000
3712.0890000000
3712.1010000000
3712.1120000000
3712.1230000000
3712.1340000000
3712.1450000000
3712.1560000000
3712.1670000000
3712.1780000000
3712.1890000000
3712.2000000000
3712.2110000000
3712.2230000000
3712.2340000000
3712.2450000000
3712.2560000000
3712.2670000000
3712.2780000000
3712.2890000000
3712.3000000000
3712.3110000000
3712.3230000000
3712.3340000000
3712.3450000000
3712.3560000000
3712.3670000000
3712.3780000000
3712.3890000000
3712.4000000000
3712.4110000000
3712.4230000000
3712.4340000000
3712.4450000000
3712.4560000000
3712.4670000000
3712.4780000000
3712.4890000000
3712.5000000000
3712.5110000000
3712.5220000000
3712.5330000000
3712.5440000000
3712.5560000000
3712.5670000000
3712.5780000000
3712.5890000000
3712.6000000000
3712.6110000000
3712.6230000000
3712.6340000000
3712.6450000000
3712.6560000000
3712.6670000000
3712.6780000000
3712.6890000000
3712.7000000000
3712.7110000000
3712.7220000000
3712.7340000000
3712.7440000000
3712.7560000000
3712.7670000000
3712.7780000000
3712.7890000000
3712.8000000000
3712.8110000000
3712.8230000000
3712.8330000000
3712.8440000000
3712.8550000000
3712.8670000000
3712.8780000000
3712.8890000000
3712.9000000000
3712.9110000000
3712.9230000000
3712.9330000000
3712.9440000000
3712.9560000000
3712.9670000000
3712.9780000000
3712.9890000000
3713.0000000000
3713.0110000000
3713.0220000000
3713.0330000000
3713.0440000000
3713.0560000000
3713.0660000000
3713.0780000000
3713.0890000000
3713.1000000000
3713.1110000000
3713.1220000000
3713.1330000000
3713.1450000000
3713.1560000000
3713.1670000000
3713.1770000000
3713.1890000000
3713.2000000000
3713.2110000000
3713.2220000000
3713.2330000000
3713.2440000000
3713.2560000000
3713.2670000000
3713.2780000000
3713.2890000000
3713.3000000000
3713.3110000000
3713.3220000000
3713.3330000000
3713.3440000000
3713.3550000000
3713.3660000000
3713.3780000000
3713.3890000000
3713.4000000000
3713.4110000000
3713.4220000000
3713.4330000000
3713.4440000000
3713.4550000000
3713.4660000000
3713.4780000000
3713.4890000000
3713.5000000000
3713.5110000000
3713.5220000000
3713.5330000000
3713.5440000000
3713.5550000000
3713.5660000000
3713.5770000000
3713.5890000000
3713.6000000000
3713.6110000000
3713.6220000000
3713.6330000000
3713.6440000000
3713.6550000000
3713.6660000000
3713.6770000000
3713.6880000000
3713.7000000000
3713.7110000000
3713.7220000000
3713.7330000000
3713.7440000000
3713.7550000000
3713.7660000000
3713.7770000000
3713.7880000000
3713.8000000000
3713.8110000000
3713.8220000000
3713.8330000000
3713.8440000000
3713.8550000000
3713.8660000000
3713.8770000000
3713.8880000000
3713.8990000000
3713.9110000000
3713.9220000000
3713.9330000000
3713.9440000000
3713.9550000000
3713.9660000000
3713.9770000000
3713.9890000000
3714.0000000000
3714.0110000000
3714.0220000000
3714.0330000000
3714.0440000000
3714.0550000000
3714.0660000000
3714.0770000000
3714.0880000000
3714.0990000000
3714.1100000000
3714.1220000000
3714.1330000000
3714.1440000000
3714.1550000000
3714.1660000000
3714.1770000000
3714.1880000000
3714.1990000000
3714.2100000000
3714.2220000000
3714.2330000000
3714.2440000000
3714.2550000000
3714.2660000000
3714.2770000000
3714.2880000000
3714.2990000000
3714.3100000000
3714.3220000000
3714.3330000000
3714.3440000000
3714.3550000000
3714.3660000000
3714.3770000000
3714.3880000000
3714.3990000000
3714.4100000000
3714.4220000000
3714.4330000000
3714.4440000000
3714.4550000000
3714.4660000000
3714.4770000000
3714.4880000000
3714.4990000000
3714.5100000000
3714.5210000000
3714.5320000000
3714.5440000000
3714.5550000000
3714.5660000000
3714.5770000000
3714.5880000000
3714.5990000000
3714.6100000000
3714.6210000000
3714.6330000000
3714.6440000000
3714.6550000000
3714.6660000000
3714.6770000000
3714.6880000000
3714.6990000000
3714.7100000000
3714.7210000000
3714.7320000000
3714.7430000000
3714.7550000000
3714.7660000000
3714.7770000000
3714.7880000000
3714.7990000000
3714.8100000000
3714.8210000000
3714.8320000000
3714.8430000000
3714.8540000000
3714.8660000000
3714.8770000000
3714.8880000000
3714.8990000000
3714.9100000000
3714.9210000000
3714.9320000000
3714.9430000000
3714.9550000000
3714.9660000000
3714.9770000000
3714.9880000000
3714.9990000000
3715.0100000000
3715.0210000000
3715.0320000000
3715.0430000000
3715.0540000000
3715.0650000000
3715.0770000000
3715.0880000000
3715.0990000000
3715.1100000000
3715.1210000000
3715.1320000000
3715.1430000000
3715.1540000000
3715.1650000000
3715.1770000000
3715.1880000000
3715.1990000000
3715.2100000000
3715.2210000000
3715.2320000000
3715.2430000000
3715.2550000000
3715.2650000000
3715.2770000000
3715.2880000000
3715.2990000000
3715.3100000000
3715.3210000000
3715.3320000000
3715.3430000000
3715.3540000000
3715.3660000000
3715.3760000000
3715.3880000000
3715.3990000000
3715.4100000000
3715.4210000000
3715.4320000000
3715.4430000000
3715.4540000000
3715.4650000000
3715.4770000000
3715.4880000000
3715.4990000000
3715.5100000000
3715.5210000000
3715.5320000000
3715.5430000000
3715.5540000000
3715.5650000000
3715.5760000000
3715.5880000000
3715.5990000000
3715.6100000000
3715.6210000000
3715.6320000000
3715.6430000000
3715.6540000000
3715.6650000000
3715.6760000000
3715.6880000000
3715.6990000000
3715.7100000000
3715.7210000000
3715.7320000000
3715.7430000000
3715.7540000000
3715.7650000000
3715.7760000000
3715.7870000000
3715.7990000000
3715.8100000000
3715.8210000000
3715.8320000000
3715.8430000000
3715.8540000000
3715.8650000000
3715.8760000000
3715.8870000000
3715.8980000000
3715.9100000000
3715.9210000000
3715.9320000000
3715.9430000000
3715.9540000000
3715.9650000000
3715.9760000000
3715.9870000000
3715.9990000000
3716.0100000000
3716.0210000000
3716.0320000000
3716.0430000000
3716.0540000000
3716.0650000000
3716.0760000000
3716.0870000000
3716.0980000000
3716.1100000000
3716.1210000000
3716.1320000000
3716.1430000000
3716.1540000000
3716.1650000000
3716.1760000000
3716.1870000000
3716.1980000000
3716.2090000000
3716.2210000000
3716.2320000000
3716.2430000000
3716.2540000000
3716.2650000000
3716.2760000000
3716.2870000000
3716.2980000000
3716.3090000000
3716.3200000000
3716.3320000000
3716.3430000000
3716.3540000000
3716.3650000000
3716.3760000000
3716.3870000000
3716.3980000000
3716.4090000000
3716.4200000000
3716.4310000000
3716.4430000000
3716.4540000000
3716.4650000000
3716.4760000000
3716.4870000000
3716.4980000000
3716.5100000000
3716.5200000000
3716.5320000000
3716.5420000000
3716.5540000000
3716.5650000000
3716.5760000000
3716.5870000000
3716.5980000000
3716.6090000000
3716.6220000000
3716.6320000000
3716.6430000000
3716.6540000000
3716.6650000000
3716.6760000000
3716.6870000000
3716.6980000000
3716.7090000000
3716.7200000000
3716.7310000000
3716.7430000000
3716.7540000000
3716.7650000000
3716.7760000000
3716.7870000000
3716.7980000000
3716.8090000000
3716.8200000000
3716.8310000000
3716.8430000000
3716.8540000000
3716.8650000000
3716.8760000000
3716.8870000000
3716.8980000000
3716.9090000000
3716.9200000000
