269.3910000000
269.4146000000
269.4268000000
269.4379000000
269.4483000000
269.4579000000
269.4680000000
269.4780000000
269.4878000000
269.4981000000
269.5092000000
269.5217000000
269.5316000000
269.5426000000
269.5536000000
269.5647000000
269.5758000000
269.5870000000
269.5982000000
269.6091000000
269.6202000000
269.6313000000
269.6424000000
269.6535000000
269.6647000000
269.6758000000
269.6868000000
269.6982000000
269.7092000000
269.7203000000
269.7313000000
269.7424000000
269.7538000000
269.7646000000
269.7760000000
269.7868000000
269.7981000000
269.8091000000
269.8202000000
269.8313000000
269.8426000000
269.8538000000
269.8645000000
269.8759000000
269.8867000000
269.8979000000
269.9092000000
269.9206000000
269.9321000000
269.9436000000
269.9550000000
269.9666000000
269.9781000000
269.9895000000
270.0011000000
270.0133000000
270.0241000000
270.0358000000
270.0471000000
270.0589000000
270.0695000000
270.0807000000
270.0917000000
270.1028000000
270.1139000000
270.1252000000
270.1363000000
270.1475000000
270.1583000000
270.1696000000
270.1807000000
270.1917000000
270.2028000000
270.2141000000
270.2251000000
270.2361000000
270.2473000000
270.2583000000
270.2693000000
270.2808000000
270.2917000000
270.3029000000
270.3142000000
270.3253000000
270.3361000000
270.3472000000
270.3586000000
270.3694000000
270.3806000000
270.3915000000
270.4026000000
270.4141000000
270.4251000000
270.4360000000
270.4471000000
270.4586000000
270.4694000000
270.4806000000
270.4916000000
270.5028000000
270.5139000000
270.5249000000
270.5359000000
270.5471000000
270.5581000000
270.5693000000
270.5804000000
270.5919000000
270.6025000000
270.6139000000
270.6249000000
270.6360000000
270.6470000000
270.6581000000
270.6693000000
270.6803000000
270.6917000000
270.7025000000
270.7141000000
270.7248000000
270.7359000000
270.7470000000
270.7580000000
270.7692000000
270.7807000000
270.7917000000
270.8025000000
270.8139000000
270.8252000000
270.8357000000
270.8471000000
270.8582000000
270.8690000000
270.8803000000
270.8913000000
270.9025000000
270.9137000000
270.9248000000
270.9357000000
270.9470000000
270.9580000000
270.9690000000
270.9803000000
270.9912000000
271.0029000000
271.0135000000
271.0249000000
271.0357000000
271.0469000000
271.0580000000
271.0691000000
271.0801000000
271.0912000000
271.1025000000
271.1135000000
271.1245000000
271.1361000000
271.1467000000
271.1580000000
271.1689000000
271.1802000000
271.1911000000
271.2022000000
271.2135000000
271.2245000000
271.2356000000
271.2472000000
271.2578000000
271.2691000000
271.2802000000
271.2912000000
271.3022000000
271.3138000000
271.3253000000
271.3357000000
271.3470000000
271.3580000000
271.3690000000
271.3800000000
271.3912000000
271.4023000000
271.4134000000
271.4243000000
271.4355000000
271.4466000000
271.4577000000
271.4689000000
271.4799000000
271.4910000000
271.5020000000
271.5133000000
271.5244000000
271.5354000000
271.5465000000
271.5576000000
271.5689000000
271.5800000000
271.5911000000
271.6021000000
271.6132000000
271.6245000000
271.6355000000
271.6465000000
271.6576000000
271.6687000000
271.6801000000
271.6911000000
271.7020000000
271.7132000000
271.7244000000
271.7354000000
271.7464000000
271.7575000000
271.7687000000
271.7798000000
271.7910000000
271.8021000000
271.8130000000
271.8246000000
271.8353000000
271.8466000000
271.8575000000
271.8687000000
271.8799000000
271.8909000000
271.9019000000
271.9131000000
271.9243000000
271.9353000000
271.9464000000
271.9575000000
271.9687000000
271.9796000000
271.9908000000
272.0019000000
272.0133000000
272.0241000000
272.0354000000
272.0463000000
272.0576000000
272.0685000000
272.0798000000
272.0908000000
272.1018000000
272.1129000000
272.1241000000
272.1352000000
272.1464000000
272.1574000000
272.1685000000
272.1796000000
272.1907000000
272.2018000000
272.2130000000
272.2242000000
272.2351000000
272.2463000000
272.2574000000
272.2685000000
272.2795000000
272.2908000000
272.3018000000
272.3128000000
272.3242000000
272.3351000000
272.3465000000
272.3572000000
272.3683000000
272.3796000000
272.3905000000
272.4016000000
272.4128000000
272.4240000000
272.4350000000
272.4461000000
272.4574000000
272.4683000000
272.4795000000
272.4906000000
272.5018000000
272.5128000000
272.5239000000
272.5349000000
272.5461000000
272.5572000000
272.5685000000
272.5793000000
272.5905000000
272.6016000000
272.6126000000
272.6238000000
272.6349000000
272.6460000000
272.6573000000
272.6682000000
272.6793000000
272.6903000000
272.7014000000
272.7128000000
272.7237000000
272.7348000000
272.7460000000
272.7570000000
272.7681000000
272.7794000000
272.7906000000
272.8015000000
272.8127000000
272.8236000000
272.8348000000
272.8460000000
272.8571000000
272.8681000000
272.8797000000
272.8904000000
272.9015000000
272.9126000000
272.9236000000
272.9348000000
272.9458000000
272.9570000000
272.9681000000
272.9791000000
272.9902000000
273.0013000000
273.0127000000
273.0237000000
273.0347000000
273.0457000000
273.0570000000
273.0680000000
273.0791000000
273.0901000000
273.1014000000
273.1124000000
273.1237000000
273.1348000000
273.1458000000
273.1568000000
273.1679000000
273.1791000000
273.1901000000
273.2012000000
273.2123000000
273.2234000000
273.2347000000
273.2456000000
273.2567000000
273.2679000000
273.2791000000
273.2901000000
273.3012000000
273.3123000000
273.3234000000
273.3346000000
273.3458000000
273.3568000000
273.3679000000
273.3789000000
273.3900000000
273.4013000000
273.4123000000
273.4233000000
273.4346000000
273.4456000000
273.4568000000
273.4678000000
273.4790000000
273.4900000000
273.5010000000
273.5123000000
273.5233000000
273.5344000000
273.5457000000
273.5566000000
273.5678000000
273.5789000000
273.5901000000
273.6010000000
273.6121000000
273.6234000000
273.6343000000
273.6455000000
273.6565000000
273.6676000000
273.6790000000
273.6898000000
273.7010000000
273.7121000000
273.7232000000
273.7344000000
273.7459000000
273.7566000000
273.7676000000
273.7788000000
273.7900000000
273.8009000000
273.8121000000
273.8231000000
273.8342000000
273.8453000000
273.8566000000
273.8675000000
273.8787000000
273.8899000000
273.9010000000
273.9120000000
273.9231000000
273.9344000000
273.9454000000
273.9564000000
273.9675000000
273.9787000000
273.9897000000
274.0009000000
274.0121000000
274.0231000000
274.0342000000
274.0462000000
274.0566000000
274.0677000000
274.0786000000
274.0897000000
274.1008000000
274.1120000000
274.1231000000
274.1341000000
274.1452000000
274.1563000000
274.1674000000
274.1787000000
274.1896000000
274.2007000000
274.2119000000
274.2233000000
274.2341000000
274.2451000000
274.2562000000
274.2674000000
274.2786000000
274.2896000000
274.3007000000
274.3119000000
274.3231000000
274.3342000000
274.3458000000
274.3562000000
274.3674000000
274.3785000000
274.3896000000
274.4008000000
274.4117000000
274.4231000000
274.4340000000
274.4453000000
274.4561000000
274.4672000000
274.4785000000
274.4895000000
274.5005000000
274.5118000000
274.5231000000
274.5339000000
274.5450000000
274.5562000000
274.5673000000
274.5785000000
274.5898000000
274.6007000000
274.6117000000
274.6233000000
274.6339000000
274.6451000000
274.6561000000
274.6672000000
274.6784000000
274.6894000000
274.7006000000
274.7117000000
274.7230000000
274.7339000000
274.7450000000
274.7560000000
274.7672000000
274.7783000000
274.7894000000
274.8007000000
274.8116000000
274.8229000000
274.8339000000
274.8449000000
274.8560000000
274.8672000000
274.8787000000
274.8893000000
274.9005000000
274.9115000000
274.9229000000
274.9341000000
274.9449000000
274.9561000000
274.9670000000
274.9781000000
274.9894000000
275.0003000000
275.0115000000
275.0229000000
275.0336000000
275.0447000000
275.0559000000
275.0670000000
275.0784000000
275.0891000000
275.1041000000
275.1145000000
275.1241000000
275.1339000000
275.1440000000
275.1537000000
275.1644000000
275.1755000000
275.1867000000
275.1978000000
275.2090000000
275.2199000000
275.2311000000
275.2421000000
275.2533000000
275.2643000000
275.2756000000
275.2867000000
275.2979000000
275.3087000000
275.3199000000
275.3310000000
275.3421000000
275.3533000000
275.3643000000
275.3754000000
275.3865000000
275.3978000000
275.4088000000
275.4199000000
275.4312000000
275.4420000000
275.4537000000
275.4642000000
275.4753000000
275.4867000000
275.4979000000
275.5092000000
275.5208000000
275.5320000000
275.5430000000
275.5543000000
275.5657000000
275.5768000000
275.5882000000
275.5993000000
275.6108000000
275.6219000000
275.6333000000
275.6445000000
275.6555000000
275.6666000000
275.6778000000
275.6890000000
275.7000000000
275.7111000000
275.7222000000
275.7334000000
275.7445000000
275.7555000000
275.7668000000
275.7779000000
275.7888000000
275.8003000000
275.8110000000
275.8221000000
275.8333000000
275.8444000000
275.8556000000
275.8665000000
275.8778000000
275.8888000000
275.8998000000
275.9110000000
275.9222000000
275.9333000000
275.9443000000
275.9555000000
275.9667000000
275.9777000000
275.9887000000
275.9998000000
276.0110000000
276.0221000000
276.0331000000
276.0443000000
276.0554000000
276.0665000000
276.0777000000
276.0887000000
276.0998000000
276.1109000000
276.1221000000
276.1331000000
276.1444000000
276.1553000000
276.1663000000
276.1775000000
276.1887000000
276.1997000000
276.2109000000
276.2220000000
276.2332000000
276.2441000000
276.2554000000
276.2664000000
276.2775000000
276.2885000000
276.2998000000
276.3107000000
276.3219000000
276.3330000000
276.3441000000
276.3552000000
276.3665000000
276.3774000000
276.3887000000
276.3997000000
276.4110000000
276.4218000000
276.4331000000
276.4442000000
276.4552000000
276.4663000000
276.4774000000
276.4885000000
276.4996000000
276.5107000000
276.5220000000
276.5330000000
276.5442000000
276.5552000000
276.5663000000
276.5773000000
276.5885000000
276.5996000000
276.6107000000
276.6218000000
276.6329000000
276.6440000000
276.6550000000
276.6662000000
276.6772000000
276.6885000000
276.6996000000
276.7107000000
276.7216000000
276.7328000000
276.7444000000
276.7550000000
276.7662000000
276.7773000000
276.7884000000
276.7994000000
276.8107000000
276.8217000000
276.8328000000
276.8440000000
276.8552000000
276.8661000000
276.8773000000
276.8883000000
276.8994000000
276.9105000000
276.9216000000
276.9327000000
276.9439000000
276.9550000000
276.9661000000
276.9773000000
276.9883000000
276.9994000000
277.0107000000
277.0216000000
277.0327000000
277.0439000000
277.0549000000
277.0660000000
277.0772000000
277.0883000000
277.0993000000
277.1109000000
277.1216000000
277.1327000000
277.1437000000
277.1548000000
277.1660000000
277.1772000000
277.1884000000
277.1992000000
277.2105000000
277.2214000000
277.2326000000
277.2437000000
277.2548000000
277.2659000000
277.2771000000
277.2881000000
277.2993000000
277.3104000000
277.3215000000
277.3325000000
277.3437000000
277.3548000000
277.3659000000
277.3769000000
277.3880000000
277.3992000000
277.4104000000
277.4214000000
277.4325000000
277.4435000000
277.4547000000
277.4658000000
277.4770000000
277.4880000000
277.4991000000
277.5102000000
277.5216000000
277.5324000000
277.5436000000
277.5547000000
277.5658000000
277.5769000000
277.5880000000
277.5992000000
277.6101000000
277.6212000000
277.6327000000
277.6434000000
277.6545000000
277.6656000000
277.6768000000
277.6879000000
277.6991000000
277.7101000000
277.7213000000
277.7324000000
277.7435000000
277.7545000000
277.7657000000
277.7767000000
277.7880000000
277.7989000000
277.8101000000
277.8212000000
277.8322000000
277.8436000000
277.8546000000
277.8657000000
277.8767000000
277.8878000000
277.8989000000
277.9102000000
277.9213000000
277.9323000000
277.9434000000
277.9545000000
277.9656000000
277.9766000000
277.9877000000
277.9988000000
278.0099000000
278.0210000000
278.0321000000
278.0432000000
278.0544000000
278.0656000000
278.0769000000
278.0877000000
278.0989000000
278.1099000000
278.1212000000
278.1322000000
278.1433000000
278.1544000000
278.1655000000
278.1766000000
278.1877000000
278.1987000000
278.2098000000
278.2210000000
278.2322000000
278.2431000000
278.2543000000
278.2653000000
278.2767000000
278.2876000000
278.2988000000
278.3098000000
278.3209000000
278.3322000000
278.3431000000
278.3542000000
278.3653000000
278.3767000000
278.3875000000
278.3986000000
278.4099000000
278.4212000000
278.4321000000
278.4431000000
278.4542000000
278.4652000000
278.4768000000
278.4875000000
278.4986000000
278.5098000000
278.5214000000
278.5321000000
278.5430000000
278.5540000000
278.5653000000
278.5763000000
278.5875000000
278.5986000000
278.6096000000
278.6207000000
278.6322000000
278.6429000000
278.6540000000
278.6651000000
278.6764000000
278.6875000000
278.6984000000
278.7097000000
278.7208000000
278.7321000000
278.7440000000
278.7540000000
278.7651000000
278.7762000000
278.7875000000
278.7985000000
278.8096000000
278.8206000000
278.8320000000
278.8430000000
278.8540000000
278.8657000000
278.8763000000
278.8874000000
278.8984000000
278.9095000000
278.9205000000
278.9317000000
278.9428000000
278.9540000000
278.9651000000
278.9761000000
278.9872000000
278.9983000000
279.0095000000
279.0205000000
279.0320000000
279.0428000000
279.0539000000
279.0651000000
279.0761000000
279.0872000000
279.0983000000
279.1099000000
279.1205000000
279.1316000000
279.1427000000
279.1538000000
279.1649000000
279.1761000000
279.1873000000
279.1983000000
279.2094000000
279.2205000000
279.2319000000
279.2426000000
279.2537000000
279.2648000000
279.2760000000
279.2870000000
279.2984000000
279.3095000000
279.3204000000
279.3315000000
279.3427000000
279.3537000000
279.3648000000
279.3759000000
279.3870000000
279.3982000000
279.4093000000
279.4205000000
279.4314000000
279.4425000000
279.4537000000
279.4651000000
279.4759000000
279.4872000000
279.4983000000
279.5093000000
279.5208000000
279.5315000000
279.5425000000
279.5536000000
279.5647000000
279.5758000000
279.5870000000
279.5981000000
279.6091000000
279.6203000000
279.6314000000
279.6424000000
279.6537000000
279.6646000000
279.6758000000
279.6868000000
279.6981000000
279.7091000000
279.7202000000
279.7313000000
279.7424000000
279.7535000000
279.7646000000
279.7757000000
279.7868000000
279.7979000000
279.8091000000
279.8202000000
279.8312000000
279.8425000000
279.8536000000
279.8646000000
279.8757000000
279.8868000000
279.8980000000
279.9089000000
279.9201000000
279.9312000000
279.9423000000
279.9534000000
279.9647000000
279.9758000000
279.9868000000
279.9978000000
280.0092000000
280.0200000000
280.0312000000
280.0423000000
280.0533000000
280.0645000000
280.0756000000
280.0873000000
280.0978000000
280.1089000000
280.1201000000
280.1311000000
280.1422000000
280.1533000000
280.1644000000
280.1755000000
280.1867000000
280.1977000000
280.2088000000
280.2199000000
280.2310000000
280.2422000000
280.2533000000
280.2645000000
280.2758000000
280.2866000000
280.2977000000
280.3089000000
280.3198000000
280.3310000000
280.3423000000
280.3534000000
280.3643000000
280.3756000000
280.3867000000
280.3976000000
280.4088000000
280.4199000000
280.4311000000
280.4429000000
280.4532000000
280.4644000000
280.4754000000
280.4865000000
280.4979000000
280.5087000000
280.5207000000
280.5310000000
280.5423000000
280.5531000000
280.5644000000
280.5754000000
280.5866000000
280.5975000000
280.6087000000
280.6198000000
280.6309000000
280.6420000000
280.6531000000
280.6642000000
280.6754000000
280.6865000000
280.6976000000
280.7086000000
280.7199000000
280.7308000000
280.7420000000
280.7530000000
280.7641000000
280.7753000000
280.7863000000
280.7974000000
280.8086000000
280.8196000000
280.8307000000
280.8419000000
280.8531000000
280.8640000000
280.8752000000
280.8864000000
280.8977000000
280.9085000000
280.9197000000
280.9308000000
280.9419000000
280.9529000000
280.9641000000
280.9751000000
280.9862000000
280.9973000000
281.0091000000
281.0195000000
281.0306000000
281.0418000000
281.0530000000
281.0640000000
281.0760000000
281.0862000000
281.0973000000
281.1083000000
281.1195000000
281.1306000000
281.1418000000
281.1528000000
281.1639000000
281.1751000000
281.1862000000
281.1973000000
281.2085000000
281.2194000000
281.2305000000
281.2416000000
281.2527000000
281.2638000000
281.2751000000
281.2861000000
281.2975000000
281.3082000000
281.3195000000
281.3305000000
281.3416000000
281.3528000000
281.3640000000
281.3750000000
281.3860000000
281.3976000000
281.4084000000
281.4195000000
281.4305000000
281.4415000000
281.4526000000
281.4638000000
281.4750000000
281.4861000000
281.4971000000
281.5084000000
281.5196000000
281.5305000000
281.5417000000
281.5527000000
281.5639000000
281.5749000000
281.5861000000
281.5971000000
281.6082000000
281.6193000000
281.6306000000
281.6415000000
281.6526000000
281.6638000000
281.6750000000
281.6859000000
281.6970000000
281.7082000000
281.7192000000
281.7305000000
281.7415000000
281.7526000000
281.7638000000
281.7749000000
281.7859000000
281.7970000000
281.8081000000
281.8192000000
281.8304000000
281.8415000000
281.8525000000
281.8637000000
281.8748000000
281.8858000000
281.8970000000
281.9082000000
281.9191000000
281.9303000000
281.9413000000
281.9526000000
281.9636000000
281.9746000000
281.9859000000
281.9969000000
282.0080000000
282.0192000000
282.0301000000
282.0416000000
282.0525000000
282.0637000000
282.0747000000
282.0859000000
282.0968000000
282.1079000000
282.1190000000
282.1304000000
282.1413000000
282.1523000000
282.1636000000
282.1746000000
282.1858000000
282.1967000000
282.2079000000
282.2190000000
282.2301000000
282.2411000000
282.2523000000
282.2634000000
282.2746000000
282.2858000000
282.2969000000
282.3079000000
282.3189000000
282.3300000000
282.3412000000
282.3522000000
282.3633000000
282.3748000000
282.3856000000
282.3967000000
282.4078000000
282.4189000000
282.4300000000
282.4416000000
282.4524000000
282.4632000000
282.4744000000
282.4855000000
282.4966000000
282.5077000000
282.5188000000
282.5299000000
282.5413000000
282.5523000000
282.5633000000
282.5744000000
282.5854000000
282.5967000000
282.6078000000
282.6188000000
282.6300000000
282.6411000000
282.6520000000
282.6632000000
282.6743000000
282.6857000000
282.6964000000
282.7076000000
282.7188000000
282.7298000000
282.7411000000
282.7522000000
282.7632000000
282.7742000000
282.7855000000
282.7964000000
282.8075000000
282.8186000000
282.8298000000
282.8412000000
282.8521000000
282.8632000000
282.8742000000
282.8852000000
282.8964000000
282.9075000000
282.9188000000
282.9297000000
282.9410000000
282.9521000000
282.9640000000
282.9741000000
282.9853000000
282.9963000000
283.0074000000
283.0186000000
283.0298000000
283.0410000000
283.0518000000
283.0630000000
283.0742000000
283.0852000000
283.0964000000
283.1075000000
283.1185000000
283.1298000000
283.1409000000
283.1519000000
283.1631000000
283.1742000000
283.1852000000
283.1962000000
283.2073000000
283.2184000000
283.2296000000
283.2411000000
283.2517000000
283.2630000000
283.2739000000
283.2851000000
283.2961000000
283.3073000000
283.3186000000
283.3296000000
283.3406000000
283.3517000000
283.3629000000
283.3739000000
283.3854000000
283.3961000000
283.4072000000
283.4185000000
283.4294000000
283.4406000000
283.4517000000
283.4629000000
283.4738000000
283.4850000000
283.4962000000
283.5072000000
283.5183000000
283.5296000000
283.5406000000
283.5516000000
283.5628000000
283.5740000000
283.5851000000
283.5961000000
283.6073000000
283.6184000000
283.6294000000
283.6404000000
283.6516000000
283.6628000000
283.6738000000
283.6850000000
283.6962000000
283.7071000000
283.7183000000
283.7293000000
283.7408000000
283.7515000000
283.7627000000
283.7737000000
283.7848000000
283.7960000000
283.8072000000
283.8181000000
283.8295000000
283.8404000000
283.8517000000
283.8625000000
283.8737000000
283.8849000000
283.8960000000
283.9070000000
283.9183000000
283.9292000000
283.9407000000
283.9515000000
283.9626000000
283.9736000000
283.9848000000
283.9959000000
284.0070000000
284.0185000000
284.0292000000
284.0402000000
284.0515000000
284.0625000000
284.0735000000
284.0847000000
284.0959000000
284.1069000000
284.1180000000
284.1292000000
284.1402000000
284.1513000000
284.1626000000
284.1736000000
284.1847000000
284.1957000000
284.2068000000
284.2180000000
284.2291000000
284.2401000000
284.2519000000
284.2623000000
284.2736000000
284.2845000000
284.2957000000
284.3068000000
284.3180000000
284.3290000000
284.3401000000
284.3512000000
284.3622000000
284.3734000000
284.3846000000
284.3957000000
284.4067000000
284.4179000000
284.4290000000
284.4401000000
284.4512000000
284.4623000000
284.4734000000
284.4845000000
284.4957000000
284.5067000000
284.5180000000
284.5289000000
284.5399000000
284.5511000000
284.5623000000
284.5733000000
284.5846000000
284.5955000000
284.6069000000
284.6179000000
284.6290000000
284.6408000000
284.6511000000
284.6622000000
284.6732000000
284.6848000000
284.6954000000
284.7066000000
284.7178000000
284.7289000000
284.7399000000
284.7510000000
284.7622000000
284.7732000000
284.7845000000
284.7954000000
284.8065000000
284.8177000000
284.8288000000
284.8398000000
284.8511000000
284.8620000000
284.8731000000
284.8843000000
284.8954000000
284.9065000000
284.9178000000
284.9287000000
284.9399000000
284.9511000000
284.9620000000
284.9731000000
284.9843000000
284.9953000000
285.0065000000
285.0176000000
285.0287000000
285.0397000000
285.0512000000
285.0621000000
285.0730000000
285.0842000000
285.0960000000
285.1063000000
285.1175000000
285.1286000000
285.1400000000
285.1509000000
285.1621000000
285.1730000000
285.1844000000
285.1951000000
285.2062000000
285.2175000000
285.2285000000
285.2397000000
285.2509000000
285.2619000000
285.2731000000
285.2840000000
285.2952000000
285.3063000000
285.3174000000
285.3286000000
285.3396000000
285.3507000000
285.3618000000
285.3729000000
285.3841000000
285.3953000000
285.4063000000
285.4173000000
285.4286000000
285.4395000000
285.4507000000
285.4618000000
285.4728000000
285.4841000000
285.4951000000
285.5063000000
285.5174000000
285.5284000000
285.5395000000
285.5507000000
285.5619000000
285.5728000000
285.5840000000
285.5951000000
285.6063000000
285.6173000000
285.6284000000
285.6400000000
285.6508000000
285.6617000000
285.6728000000
285.6839000000
285.6949000000
285.7061000000
285.7174000000
285.7284000000
285.7396000000
285.7505000000
285.7617000000
285.7727000000
285.7838000000
285.7952000000
285.8060000000
285.8172000000
285.8284000000
285.8394000000
285.8507000000
285.8616000000
285.8728000000
285.8838000000
285.8949000000
285.9060000000
285.9171000000
285.9281000000
285.9395000000
285.9504000000
285.9615000000
285.9726000000
285.9838000000
285.9948000000
286.0060000000
286.0171000000
286.0284000000
286.0392000000
286.0505000000
286.0619000000
286.0725000000
286.0836000000
286.0949000000
286.1060000000
286.1171000000
286.1284000000
286.1416000000
286.1519000000
286.1612000000
286.1714000000
286.1828000000
286.1938000000
286.2048000000
286.2159000000
286.2270000000
286.2381000000
286.2492000000
286.2604000000
286.2715000000
286.2826000000
286.2937000000
286.3047000000
286.3169000000
286.3269000000
286.3381000000
286.3492000000
286.3604000000
286.3715000000
286.3825000000
286.3936000000
286.4046000000
286.4158000000
286.4269000000
286.4380000000
286.4494000000
286.4604000000
286.4713000000
286.4824000000
286.4936000000
286.5047000000
286.5159000000
286.5272000000
286.5386000000
286.5498000000
286.5610000000
286.5721000000
286.5835000000
286.5948000000
286.6056000000
286.6167000000
286.6279000000
286.6390000000
286.6505000000
286.6613000000
286.6723000000
286.6834000000
286.6946000000
286.7056000000
286.7167000000
286.7280000000
286.7388000000
286.7501000000
286.7613000000
286.7723000000
286.7834000000
286.7945000000
286.8057000000
286.8168000000
286.8279000000
286.8389000000
286.8501000000
286.8615000000
286.8723000000
286.8837000000
286.8944000000
286.9055000000
286.9168000000
286.9279000000
286.9389000000
286.9503000000
286.9611000000
286.9721000000
286.9834000000
286.9944000000
287.0054000000
287.0168000000
287.0278000000
287.0387000000
287.0502000000
287.0612000000
287.0721000000
287.0832000000
287.0944000000
287.1053000000
287.1167000000
287.1276000000
287.1388000000
287.1501000000
287.1610000000
287.1721000000
287.1832000000
287.1942000000
287.2054000000
287.2164000000
287.2278000000
287.2386000000
287.2502000000
287.2610000000
287.2721000000
287.2832000000
287.2943000000
287.3052000000
287.3163000000
287.3275000000
287.3385000000
287.3499000000
287.3610000000
287.3719000000
287.3831000000
287.3946000000
287.4052000000
287.4169000000
287.4277000000
287.4385000000
287.4499000000
287.4607000000
287.4720000000
287.4829000000
287.4941000000
287.5051000000
287.5162000000
287.5275000000
287.5385000000
287.5496000000
287.5609000000
287.5717000000
287.5832000000
287.5943000000
287.6051000000
287.6163000000
287.6276000000
287.6384000000
287.6495000000
287.6608000000
287.6718000000
287.6829000000
287.6941000000
287.7051000000
287.7162000000
287.7274000000
287.7389000000
287.7495000000
287.7606000000
287.7717000000
287.7830000000
287.7941000000
287.8051000000
287.8162000000
287.8272000000
287.8385000000
287.8496000000
287.8606000000
287.8717000000
287.8828000000
287.8940000000
287.9049000000
287.9164000000
287.9275000000
287.9382000000
287.9495000000
287.9606000000
287.9716000000
287.9827000000
287.9938000000
288.0049000000
288.0161000000
288.0274000000
288.0382000000
288.0495000000
288.0605000000
288.0715000000
288.0827000000
288.0937000000
288.1048000000
288.1160000000
288.1273000000
288.1382000000
288.1493000000
288.1605000000
288.1715000000
288.1826000000
288.1937000000
288.2050000000
288.2159000000
288.2272000000
288.2383000000
288.2493000000
288.2603000000
288.2715000000
288.2825000000
288.2937000000
288.3049000000
288.3159000000
288.3271000000
288.3381000000
288.3493000000
288.3605000000
288.3713000000
288.3828000000
288.3937000000
288.4047000000
288.4159000000
288.4269000000
288.4380000000
288.4492000000
288.4602000000
288.4713000000
288.4825000000
288.4938000000
288.5046000000
288.5159000000
288.5272000000
288.5380000000
288.5491000000
288.5602000000
288.5713000000
288.5825000000
288.5940000000
288.6046000000
288.6158000000
288.6268000000
288.6379000000
288.6490000000
288.6601000000
288.6713000000
288.6823000000
288.6936000000
288.7045000000
288.7157000000
288.7271000000
288.7379000000
288.7491000000
288.7600000000
288.7713000000
288.7823000000
288.7934000000
288.8045000000
288.8157000000
288.8268000000
288.8378000000
288.8489000000
288.8600000000
288.8711000000
288.8824000000
288.8933000000
288.9044000000
288.9160000000
288.9267000000
288.9377000000
288.9489000000
288.9600000000
288.9710000000
288.9824000000
288.9933000000
289.0044000000
289.0155000000
289.0267000000
289.0377000000
289.0488000000
289.0602000000
289.0712000000
289.0822000000
289.0933000000
289.1051000000
289.1154000000
289.1266000000
289.1383000000
289.1488000000
289.1599000000
289.1711000000
289.1822000000
289.1932000000
289.2043000000
289.2154000000
289.2264000000
289.2376000000
289.2489000000
289.2599000000
289.2710000000
289.2821000000
289.2932000000
289.3043000000
289.3154000000
289.3264000000
289.3376000000
289.3488000000
289.3600000000
289.3710000000
289.3821000000
289.3931000000
289.4043000000
289.4153000000
289.4264000000
289.4375000000
289.4487000000
289.4597000000
289.4709000000
289.4819000000
289.4931000000
289.5042000000
289.5152000000
289.5264000000
289.5374000000
289.5486000000
289.5596000000
289.5708000000
289.5822000000
289.5930000000
289.6049000000
289.6152000000
289.6263000000
289.6374000000
289.6485000000
289.6597000000
289.6709000000
289.6818000000
289.6931000000
289.7041000000
289.7153000000
289.7263000000
289.7374000000
289.7488000000
289.7597000000
289.7707000000
289.7821000000
289.7929000000
289.8042000000
289.8152000000
289.8263000000
289.8373000000
289.8484000000
289.8596000000
289.8707000000
289.8818000000
289.8929000000
289.9040000000
289.9155000000
289.9261000000
289.9373000000
289.9485000000
289.9595000000
289.9706000000
289.9817000000
289.9930000000
290.0040000000
290.0157000000
290.0262000000
290.0372000000
290.0484000000
290.0599000000
290.0707000000
290.0817000000
290.0927000000
290.1039000000
290.1151000000
290.1263000000
290.1372000000
290.1483000000
290.1594000000
290.1705000000
290.1817000000
290.1927000000
290.2039000000
290.2150000000
290.2262000000
290.2372000000
290.2482000000
290.2593000000
290.2705000000
290.2817000000
290.2927000000
290.3038000000
290.3150000000
290.3260000000
290.3371000000
290.3483000000
290.3593000000
290.3704000000
290.3818000000
290.3926000000
290.4037000000
290.4150000000
290.4259000000
290.4371000000
290.4482000000
290.4595000000
290.4704000000
290.4816000000
290.4925000000
290.5037000000
290.5147000000
290.5258000000
290.5371000000
290.5483000000
290.5594000000
290.5704000000
290.5815000000
290.5926000000
290.6037000000
290.6147000000
290.6259000000
290.6369000000
290.6480000000
290.6594000000
290.6703000000
290.6814000000
290.6927000000
290.7036000000
290.7148000000
290.7257000000
290.7369000000
290.7480000000
290.7592000000
290.7702000000
290.7814000000
290.7925000000
290.8036000000
290.8146000000
290.8257000000
290.8368000000
290.8481000000
290.8592000000
290.8701000000
290.8812000000
290.8928000000
290.9036000000
290.9145000000
290.9256000000
290.9368000000
290.9479000000
290.9593000000
290.9700000000
290.9812000000
290.9924000000
291.0035000000
291.0146000000
291.0257000000
291.0368000000
291.0478000000
291.0595000000
291.0700000000
291.0813000000
291.0922000000
291.1034000000
291.1144000000
291.1257000000
291.1367000000
291.1478000000
291.1594000000
291.1700000000
291.1811000000
291.1923000000
291.2033000000
291.2145000000
291.2258000000
291.2368000000
291.2478000000
291.2589000000
291.2700000000
291.2811000000
291.2928000000
291.3033000000
291.3145000000
291.3256000000
291.3365000000
291.3477000000
291.3590000000
291.3699000000
291.3810000000
291.3921000000
291.4032000000
291.4143000000
291.4254000000
291.4366000000
291.4478000000
291.4590000000
291.4699000000
291.4810000000
291.4920000000
291.5032000000
291.5143000000
291.5254000000
291.5364000000
291.5477000000
291.5587000000
291.5699000000
291.5809000000
291.5920000000
291.6031000000
291.6149000000
291.6254000000
291.6364000000
291.6475000000
291.6586000000
291.6698000000
291.6811000000
291.6920000000
291.7030000000
291.7142000000
291.7253000000
291.7364000000
291.7476000000
291.7588000000
291.7702000000
291.7810000000
291.7921000000
291.8030000000
291.8142000000
291.8253000000
291.8364000000
291.8475000000
291.8586000000
291.8700000000
291.8807000000
291.8920000000
291.9034000000
291.9141000000
291.9253000000
291.9366000000
291.9474000000
291.9586000000
291.9696000000
291.9807000000
291.9919000000
292.0029000000
292.0141000000
292.0253000000
292.0362000000
292.0473000000
292.0587000000
292.0695000000
292.0807000000
292.0919000000
292.1029000000
292.1140000000
292.1252000000
292.1362000000
292.1472000000
292.1584000000
292.1696000000
292.1806000000
292.1917000000
292.2029000000
292.2139000000
292.2251000000
292.2368000000
292.2473000000
292.2584000000
292.2694000000
292.2806000000
292.2917000000
292.3030000000
292.3138000000
292.3250000000
292.3365000000
292.3473000000
292.3586000000
292.3694000000
292.3804000000
292.3919000000
292.4029000000
292.4138000000
292.4250000000
292.4360000000
292.4477000000
292.4583000000
292.4697000000
292.4804000000
292.4916000000
292.5028000000
292.5137000000
292.5249000000
292.5359000000
292.5471000000
292.5583000000
292.5694000000
292.5803000000
292.5915000000
292.6026000000
292.6139000000
292.6249000000
292.6360000000
292.6474000000
292.6582000000
292.6694000000
292.6805000000
292.6916000000
292.7028000000
292.7137000000
292.7248000000
292.7363000000
292.7470000000
292.7581000000
292.7693000000
292.7804000000
292.7915000000
292.8025000000
292.8136000000
292.8247000000
292.8358000000
292.8470000000
292.8581000000
292.8694000000
292.8802000000
292.8914000000
292.9025000000
292.9136000000
292.9249000000
292.9357000000
292.9469000000
292.9583000000
292.9695000000
292.9802000000
292.9913000000
293.0025000000
293.0135000000
293.0248000000
293.0357000000
293.0468000000
293.0581000000
293.0691000000
293.0801000000
293.0914000000
293.1023000000
293.1135000000
293.1247000000
293.1357000000
293.1467000000
293.1579000000
293.1691000000
293.1805000000
293.1913000000
293.2023000000
293.2134000000
293.2247000000
293.2357000000
293.2469000000
293.2579000000
293.2690000000
293.2801000000
293.2912000000
293.3022000000
293.3133000000
293.3246000000
293.3362000000
293.3466000000
293.3578000000
293.3689000000
293.3800000000
293.3912000000
293.4022000000
293.4137000000
293.4244000000
293.4355000000
293.4466000000
293.4577000000
293.4688000000
293.4799000000
293.4912000000
293.5021000000
293.5133000000
293.5244000000
293.5354000000
293.5466000000
293.5579000000
293.5688000000
293.5799000000
293.5911000000
293.6021000000
293.6133000000
293.6244000000
293.6354000000
293.6472000000
293.6576000000
293.6688000000
293.6799000000
293.6909000000
293.7021000000
293.7131000000
293.7243000000
293.7354000000
293.7465000000
293.7577000000
293.7689000000
293.7798000000
293.7910000000
293.8023000000
293.8131000000
293.8249000000
293.8353000000
293.8465000000
293.8578000000
293.8686000000
293.8799000000
293.8910000000
293.9021000000
293.9130000000
293.9243000000
293.9353000000
293.9464000000
293.9577000000
293.9686000000
293.9797000000
293.9908000000
294.0019000000
294.0131000000
294.0241000000
294.0352000000
294.0464000000
294.0574000000
294.0685000000
294.0798000000
294.0907000000
294.1018000000
294.1131000000
294.1242000000
294.1351000000
294.1462000000
294.1580000000
294.1687000000
294.1795000000
294.1908000000
294.2021000000
294.2129000000
294.2241000000
294.2354000000
294.2462000000
294.2572000000
294.2691000000
294.2796000000
294.2906000000
294.3019000000
294.3128000000
294.3240000000
294.3351000000
294.3462000000
294.3574000000
294.3686000000
294.3795000000
294.3906000000
294.4017000000
294.4128000000
294.4240000000
294.4351000000
294.4461000000
294.4574000000
294.4693000000
294.4794000000
294.4905000000
294.5016000000
294.5128000000
294.5239000000
294.5350000000
294.5460000000
294.5572000000
294.5688000000
294.5795000000
294.5905000000
294.6016000000
294.6127000000
294.6240000000
294.6350000000
294.6461000000
294.6571000000
294.6682000000
294.6795000000
294.6904000000
294.7015000000
294.7126000000
294.7237000000
294.7352000000
294.7460000000
294.7571000000
294.7682000000
294.7793000000
294.7906000000
294.8015000000
294.8125000000
294.8239000000
294.8348000000
294.8462000000
294.8570000000
294.8681000000
294.8792000000
294.8905000000
294.9015000000
294.9125000000
294.9238000000
294.9348000000
294.9459000000
294.9569000000
294.9681000000
294.9791000000
294.9908000000
295.0014000000
295.0126000000
295.0237000000
295.0347000000
295.0459000000
295.0570000000
295.0680000000
295.0791000000
295.0902000000
295.1014000000
295.1126000000
295.1237000000
295.1347000000
295.1458000000
295.1570000000
295.1680000000
295.1792000000
295.1902000000
295.2015000000
295.2123000000
295.2235000000
295.2347000000
295.2456000000
295.2568000000
295.2681000000
295.2791000000
295.2901000000
295.3013000000
295.3123000000
295.3234000000
295.3346000000
295.3458000000
295.3568000000
295.3679000000
295.3790000000
295.3901000000
295.4013000000
295.4125000000
295.4235000000
295.4345000000
295.4457000000
295.4569000000
295.4679000000
295.4790000000
295.4903000000
295.5012000000
295.5123000000
295.5234000000
295.5346000000
295.5455000000
295.5567000000
295.5679000000
295.5789000000
295.5901000000
295.6011000000
295.6122000000
295.6233000000
295.6344000000
295.6455000000
295.6565000000
295.6680000000
295.6790000000
295.6899000000
295.7013000000
295.7122000000
295.7237000000
295.7344000000
295.7456000000
295.7568000000
295.7678000000
295.7787000000
295.7902000000
295.8010000000
295.8121000000
295.8234000000
295.8343000000
295.8456000000
295.8566000000
295.8678000000
295.8788000000
295.8899000000
295.9012000000
295.9121000000
295.9231000000
295.9347000000
295.9453000000
295.9565000000
295.9677000000
295.9788000000
295.9897000000
296.0010000000
296.0130000000
296.0230000000
296.0344000000
296.0453000000
296.0565000000
296.0677000000
296.0786000000
296.0898000000
296.1008000000
296.1119000000
296.1232000000
296.1342000000
296.1452000000
296.1563000000
296.1675000000
296.1786000000
296.1896000000
296.2008000000
296.2119000000
296.2231000000
296.2342000000
296.2452000000
296.2563000000
296.2675000000
296.2786000000
296.2899000000
296.3007000000
296.3119000000
296.3229000000
296.3342000000
296.3453000000
296.3562000000
296.3674000000
296.3785000000
296.3896000000
296.4008000000
296.4117000000
296.4230000000
296.4340000000
296.4453000000
296.4563000000
296.4677000000
296.4785000000
296.4896000000
296.5007000000
296.5117000000
296.5229000000
296.5342000000
296.5452000000
296.5562000000
296.5674000000
296.5784000000
296.5895000000
296.6008000000
296.6117000000
296.6229000000
296.6341000000
296.6450000000
296.6562000000
296.6682000000
296.6784000000
296.6894000000
296.7008000000
296.7116000000
296.7228000000
296.7340000000
296.7450000000
296.7562000000
296.7675000000
296.7784000000
296.7896000000
296.8005000000
296.8117000000
296.8227000000
296.8338000000
296.8449000000
296.8560000000
296.8672000000
296.8784000000
296.8895000000
296.9010000000
296.9117000000
296.9227000000
296.9337000000
296.9450000000
296.9560000000
296.9670000000
296.9782000000
296.9894000000
297.0005000000
297.0116000000
297.0228000000
297.0338000000
297.0448000000
297.0559000000
297.0671000000
297.0782000000
297.0892000000
297.1004000000
297.1115000000
297.1227000000
297.1336000000
297.1450000000
297.1560000000
297.1670000000
297.1782000000
297.1892000000
297.2003000000
297.2115000000
297.2226000000
297.2337000000
297.2448000000
297.2558000000
297.2669000000
297.2780000000
297.2891000000
297.3003000000
297.3113000000
297.3224000000
297.3336000000
297.3447000000
297.3557000000
297.3669000000
297.3781000000
297.3891000000
297.4003000000
297.4113000000
297.4224000000
297.4337000000
297.4446000000
297.4560000000
297.4669000000
297.4779000000
297.4892000000
297.5002000000
297.5114000000
297.5224000000
297.5336000000
297.5447000000
297.5558000000
297.5668000000
297.5779000000
297.5890000000
297.6001000000
297.6112000000
297.6223000000
297.6335000000
297.6446000000
297.6557000000
297.6668000000
297.6779000000
297.6890000000
297.7001000000
297.7112000000
297.7224000000
297.7333000000
297.7444000000
297.7555000000
297.7667000000
297.7779000000
297.7890000000
297.8001000000
297.8111000000
297.8221000000
297.8333000000
297.8449000000
297.8555000000
297.8666000000
297.8780000000
297.8890000000
297.9002000000
297.9110000000
297.9222000000
297.9333000000
297.9445000000
297.9554000000
297.9666000000
297.9780000000
297.9888000000
298.0000000000
298.0110000000
298.0221000000
298.0331000000
298.0443000000
298.0554000000
298.0666000000
298.0779000000
298.0887000000
298.0998000000
298.1110000000
298.1221000000
298.1331000000
298.1442000000
298.1555000000
298.1664000000
298.1778000000
298.1888000000
298.1998000000
298.2109000000
298.2220000000
298.2332000000
298.2442000000
298.2552000000
298.2664000000
298.2778000000
298.2886000000
298.2997000000
298.3109000000
298.3219000000
298.3331000000
298.3442000000
298.3552000000
298.3664000000
298.3777000000
298.3889000000
298.3997000000
298.4109000000
298.4218000000
298.4330000000
298.4441000000
298.4553000000
298.4670000000
298.4777000000
298.4885000000
298.4996000000
298.5107000000
298.5219000000
298.5331000000
298.5441000000
298.5552000000
298.5667000000
298.5775000000
298.5886000000
298.5996000000
298.6107000000
298.6219000000
298.6329000000
298.6440000000
298.6552000000
298.6663000000
298.6776000000
298.6884000000
298.7045000000
298.7173000000
298.7298000000
298.7427000000
298.7553000000
298.7679000000
298.7821000000
298.7952000000
298.8077000000
298.8208000000
298.8339000000
298.8467000000
298.8598000000
298.8724000000
298.8857000000
298.8991000000
298.9132000000
298.9514000000
298.9637000000
298.9751000000
298.9861000000
298.9973000000
299.0089000000
299.0192000000
299.0285000000
299.0387000000
299.0503000000
299.0611000000
299.0721000000
299.0834000000
299.0947000000
299.1054000000
299.1166000000
299.1276000000
299.1388000000
299.1498000000
299.1609000000
299.1719000000
299.1833000000
299.1943000000
299.2057000000
299.2164000000
299.2275000000
299.2386000000
299.2498000000
299.2609000000
299.2722000000
299.2831000000
299.2944000000
299.3053000000
299.3166000000
299.3275000000
299.3386000000
299.3497000000
299.3608000000
299.3722000000
299.3832000000
299.3942000000
299.4057000000
299.4172000000
299.4287000000
299.4401000000
299.4516000000
299.4630000000
299.4746000000
299.4861000000
299.4975000000
299.5089000000
299.5205000000
299.5320000000
299.5433000000
299.5547000000
299.5658000000
299.5770000000
299.5880000000
299.5991000000
299.6102000000
299.6213000000
299.6327000000
299.6434000000
299.6546000000
299.6658000000
299.6768000000
299.6879000000
299.6991000000
299.7101000000
299.7213000000
299.7326000000
299.7437000000
299.7546000000
299.7658000000
299.7768000000
299.7878000000
299.7990000000
299.8101000000
299.8211000000
299.8325000000
299.8434000000
299.8548000000
299.8656000000
299.8766000000
299.8878000000
299.8993000000
299.9101000000
299.9211000000
299.9323000000
299.9434000000
299.9546000000
299.9659000000
299.9767000000
299.9878000000
299.9989000000
300.0099000000
300.0211000000
300.0323000000
300.0433000000
300.0545000000
300.0656000000
300.0768000000
300.0877000000
300.0990000000
300.1099000000
300.1210000000
300.1324000000
300.1432000000
300.1545000000
300.1655000000
300.1766000000
300.1879000000
300.1988000000
300.2101000000
300.2210000000
300.2322000000
300.2432000000
300.2543000000
300.2655000000
300.2765000000
300.2877000000
300.2988000000
300.3098000000
300.3210000000
300.3321000000
300.3431000000
300.3542000000
300.3657000000
300.3765000000
300.3875000000
300.3988000000
300.4098000000
300.4209000000
300.4320000000
300.4431000000
300.4541000000
300.4654000000
300.4763000000
300.4876000000
300.4987000000
300.5100000000
300.5214000000
300.5320000000
300.5430000000
300.5541000000
300.5653000000
300.5764000000
300.5875000000
300.5987000000
300.6096000000
300.6209000000
300.6320000000
300.6430000000
300.6541000000
300.6653000000
300.6764000000
300.6875000000
300.6986000000
300.7096000000
300.7207000000
300.7321000000
300.7429000000
300.7540000000
300.7652000000
300.7763000000
300.7874000000
300.7985000000
300.8097000000
300.8207000000
300.8319000000
300.8430000000
300.8540000000
300.8652000000
300.8763000000
300.8873000000
300.8985000000
300.9097000000
300.9207000000
300.9317000000
300.9429000000
300.9542000000
300.9651000000
300.9761000000
300.9874000000
300.9986000000
301.0095000000
301.0206000000
301.0317000000
301.0429000000
301.0539000000
301.0652000000
301.0761000000
301.0872000000
301.0985000000
301.1094000000
301.1205000000
301.1316000000
301.1428000000
301.1539000000
301.1654000000
301.1761000000
301.1872000000
301.1982000000
301.2094000000
301.2205000000
301.2315000000
301.2427000000
301.2538000000
301.2650000000
301.2761000000
301.2873000000
301.2984000000
301.3093000000
301.3204000000
301.3316000000
301.3426000000
301.3538000000
301.3648000000
301.3760000000
301.3874000000
301.3982000000
301.4094000000
301.4204000000
301.4315000000
301.4426000000
301.4538000000
301.4648000000
301.4760000000
301.4872000000
301.4983000000
301.5094000000
301.5204000000
301.5315000000
301.5426000000
301.5536000000
301.5648000000
301.5759000000
301.5873000000
301.5982000000
301.6093000000
301.6203000000
301.6314000000
301.6426000000
301.6536000000
301.6648000000
301.6759000000
301.6871000000
301.6981000000
301.7092000000
301.7204000000
301.7314000000
301.7424000000
301.7536000000
301.7649000000
301.7761000000
301.7873000000
301.7980000000
301.8097000000
301.8202000000
301.8315000000
301.8424000000
301.8535000000
301.8653000000
301.8757000000
301.8872000000
301.8981000000
301.9091000000
301.9203000000
301.9312000000
301.9426000000
301.9535000000
301.9645000000
301.9758000000
301.9871000000
301.9980000000
302.0092000000
302.0201000000
302.0312000000
302.0423000000
302.0534000000
302.0648000000
302.0759000000
302.0869000000
302.0979000000
302.1089000000
302.1201000000
302.1313000000
302.1424000000
302.1533000000
302.1648000000
302.1756000000
302.1870000000
302.1978000000
302.2090000000
302.2200000000
302.2312000000
302.2422000000
302.2533000000
302.2644000000
302.2756000000
302.2868000000
302.2978000000
302.3090000000
302.3199000000
302.3311000000
302.3422000000
302.3533000000
302.3645000000
302.3755000000
302.3871000000
302.3978000000
302.4089000000
302.4199000000
302.4311000000
302.4421000000
302.4532000000
302.4644000000
302.4754000000
302.4867000000
302.4978000000
302.5087000000
302.5203000000
302.5309000000
302.5422000000
302.5531000000
302.5643000000
302.5753000000
302.5866000000
302.5977000000
302.6088000000
302.6199000000
302.6310000000
302.6420000000
302.6531000000
302.6642000000
302.6754000000
302.6865000000
302.6976000000
302.7087000000
302.7199000000
302.7310000000
302.7420000000
302.7531000000
302.7643000000
302.7755000000
302.7866000000
302.7975000000
302.8086000000
302.8197000000
302.8310000000
302.8419000000
302.8531000000
302.8649000000
302.8752000000
302.8863000000
302.8974000000
302.9089000000
302.9196000000
302.9307000000
302.9420000000
302.9531000000
302.9640000000
302.9752000000
302.9867000000
302.9977000000
303.0087000000
303.0196000000
303.0308000000
303.0418000000
303.0529000000
303.0642000000
303.0751000000
303.0862000000
303.0976000000
303.1084000000
303.1194000000
303.1306000000
303.1417000000
303.1528000000
303.1641000000
303.1751000000
303.1862000000
303.1973000000
303.2084000000
303.2195000000
303.2307000000
303.2416000000
303.2527000000
303.2638000000
303.2759000000
303.2862000000
303.2972000000
303.3085000000
303.3195000000
303.3305000000
303.3416000000
303.3528000000
303.3639000000
303.3749000000
303.3862000000
303.3977000000
303.4084000000
303.4194000000
303.4305000000
303.4415000000
303.4527000000
303.4638000000
303.4750000000
303.4860000000
303.4973000000
303.5083000000
303.5194000000
303.5305000000
303.5415000000
303.5526000000
303.5639000000
303.5749000000
303.5861000000
303.5972000000
303.6083000000
303.6193000000
303.6305000000
303.6414000000
303.6526000000
303.6637000000
303.6748000000
303.6859000000
303.6971000000
303.7089000000
303.7193000000
303.7304000000
303.7415000000
303.7528000000
303.7637000000
303.7747000000
303.7859000000
303.7970000000
303.8081000000
303.8191000000
303.8304000000
303.8414000000
303.8525000000
303.8636000000
303.8748000000
303.8858000000
303.8969000000
303.9080000000
303.9192000000
303.9302000000
303.9415000000
303.9524000000
303.9636000000
303.9747000000
303.9857000000
303.9969000000
304.0080000000
304.0193000000
304.0302000000
304.0414000000
304.0525000000
304.0636000000
304.0746000000
304.0857000000
304.0970000000
304.1079000000
304.1191000000
304.1302000000
304.1413000000
304.1523000000
304.1635000000
304.1746000000
304.1857000000
304.1968000000
304.2078000000
304.2190000000
304.2300000000
304.2412000000
304.2525000000
304.2634000000
304.2747000000
304.2856000000
304.2969000000
304.3078000000
304.3191000000
304.3301000000
304.3412000000
304.3523000000
304.3634000000
304.3744000000
304.3857000000
304.3967000000
304.4079000000
304.4189000000
304.4299000000
304.4411000000
304.4522000000
304.4633000000
304.4744000000
304.4858000000
304.4967000000
304.5077000000
304.5189000000
304.5300000000
304.5411000000
304.5523000000
304.5634000000
304.5743000000
304.5855000000
304.5966000000
304.6080000000
304.6188000000
304.6299000000
304.6412000000
304.6526000000
304.6632000000
304.6742000000
304.6855000000
304.6965000000
304.7078000000
304.7189000000
304.7298000000
304.7410000000
304.7520000000
304.7632000000
304.7749000000
304.7857000000
304.7965000000
304.8076000000
304.8187000000
304.8300000000
304.8409000000
304.8521000000
304.8630000000
304.8744000000
304.8859000000
304.8964000000
304.9076000000
304.9188000000
304.9298000000
304.9411000000
304.9519000000
304.9630000000
304.9742000000
304.9854000000
304.9963000000
305.0077000000
305.0186000000
305.0298000000
305.0408000000
305.0520000000
305.0630000000
305.0741000000
305.0852000000
305.0963000000
305.1082000000
305.1204000000
305.1320000000
305.1423000000
305.1521000000
305.1623000000
305.1732000000
305.1844000000
305.1953000000
305.2065000000
305.2175000000
305.2287000000
305.2397000000
305.2509000000
305.2623000000
305.2732000000
305.2842000000
305.2954000000
305.3063000000
305.3175000000
305.3289000000
305.3397000000
305.3508000000
305.3618000000
305.3733000000
305.3841000000
305.3957000000
305.4064000000
305.4174000000
305.4285000000
305.4398000000
305.4507000000
305.4619000000
305.4732000000
305.4841000000
305.4955000000
305.5067000000
305.5179000000
305.5291000000
305.5402000000
305.5514000000
305.5626000000
305.5738000000
305.5851000000
305.5961000000
305.6073000000
305.6183000000
305.6295000000
305.6406000000
305.6518000000
305.6626000000
305.6738000000
305.6849000000
305.6963000000
305.7072000000
305.7184000000
305.7293000000
305.7406000000
305.7516000000
305.7627000000
305.7737000000
305.7849000000
305.7962000000
305.8076000000
305.8182000000
305.8293000000
305.8404000000
305.8514000000
305.8626000000
305.8737000000
305.8849000000
305.8961000000
305.9071000000
305.9183000000
305.9292000000
305.9403000000
305.9514000000
305.9626000000
305.9738000000
305.9848000000
305.9958000000
306.0070000000
306.0181000000
306.0292000000
306.0404000000
306.0515000000
306.0626000000
306.0738000000
306.0848000000
306.0959000000
306.1070000000
306.1189000000
306.1291000000
306.1402000000
306.1513000000
306.1624000000
306.1736000000
306.1850000000
306.1957000000
306.2068000000
306.2179000000
306.2295000000
306.2403000000
306.2514000000
306.2626000000
306.2736000000
306.2846000000
306.2958000000
306.3068000000
306.3179000000
306.3290000000
306.3402000000
306.3512000000
306.3625000000
306.3735000000
306.3845000000
306.3957000000
306.4070000000
306.4178000000
306.4292000000
306.4400000000
306.4513000000
306.4625000000
306.4734000000
306.4846000000
306.4956000000
306.5069000000
306.5179000000
306.5291000000
306.5400000000
306.5511000000
306.5625000000
306.5733000000
306.5846000000
306.5958000000
306.6067000000
306.6178000000
306.6291000000
306.6401000000
306.6513000000
306.6622000000
306.6733000000
306.6845000000
306.6958000000
306.7068000000
306.7177000000
306.7292000000
306.7401000000
306.7511000000
306.7624000000
306.7738000000
306.7844000000
306.7956000000
306.8067000000
306.8177000000
306.8288000000
306.8399000000
306.8510000000
306.8626000000
306.8732000000
306.8843000000
306.8956000000
306.9066000000
306.9178000000
306.9289000000
306.9399000000
306.9510000000
306.9622000000
306.9732000000
306.9843000000
306.9955000000
307.0065000000
307.0176000000
307.0287000000
307.0399000000
307.0510000000
307.0620000000
307.0739000000
307.0843000000
307.0955000000
307.1066000000
307.1175000000
307.1287000000
307.1398000000
307.1508000000
307.1620000000
307.1732000000
307.1842000000
307.1955000000
307.2065000000
307.2174000000
307.2287000000
307.2398000000
307.2509000000
307.2619000000
307.2730000000
307.2841000000
307.2956000000
307.3063000000
307.3174000000
307.3285000000
307.3396000000
307.3507000000
307.3619000000
307.3731000000
307.3840000000
307.3956000000
307.4063000000
307.4173000000
307.4284000000
307.4397000000
307.4508000000
307.4619000000
307.4730000000
307.4840000000
307.4955000000
307.5062000000
307.5174000000
307.5284000000
307.5396000000
307.5506000000
307.5618000000
307.5728000000
307.5841000000
307.5956000000
307.6063000000
307.6173000000
307.6284000000
307.6396000000
307.6505000000
307.6618000000
307.6730000000
307.6839000000
307.6954000000
307.7061000000
307.7172000000
307.7284000000
307.7395000000
307.7506000000
307.7616000000
307.7727000000
307.7839000000
307.7951000000
307.8062000000
307.8172000000
307.8285000000
307.8394000000
307.8505000000
307.8615000000
307.8727000000
307.8837000000
307.8954000000
307.9060000000
307.9173000000
307.9283000000
307.9394000000
307.9504000000
307.9615000000
307.9727000000
307.9840000000
307.9952000000
308.0059000000
308.0171000000
308.0283000000
308.0393000000
308.0504000000
308.0615000000
308.0726000000
308.0836000000
308.0952000000
308.1061000000
308.1171000000
308.1283000000
308.1394000000
308.1504000000
308.1614000000
308.1725000000
308.1837000000
308.1949000000
308.2059000000
308.2172000000
308.2282000000
308.2392000000
308.2505000000
308.2613000000
308.2725000000
308.2838000000
308.2952000000
308.3058000000
308.3169000000
308.3283000000
308.3393000000
308.3504000000
308.3614000000
308.3724000000
308.3837000000
308.3946000000
308.4059000000
308.4169000000
308.4280000000
308.4392000000
308.4503000000
308.4615000000
308.4724000000
308.4835000000
308.4948000000
308.5058000000
308.5168000000
308.5281000000
308.5389000000
308.5500000000
308.5612000000
308.5723000000
308.5836000000
308.5946000000
308.6059000000
308.6170000000
308.6279000000
308.6391000000
308.6500000000
308.6611000000
308.6722000000
308.6834000000
308.6946000000
308.7058000000
308.7167000000
308.7278000000
308.7389000000
308.7500000000
308.7613000000
308.7724000000
308.7833000000
308.7944000000
308.8056000000
308.8167000000
308.8279000000
308.8389000000
308.8500000000
308.8610000000
308.8722000000
308.8835000000
308.8944000000
308.9056000000
308.9169000000
308.9277000000
308.9389000000
308.9499000000
308.9611000000
308.9721000000
308.9832000000
308.9944000000
309.0059000000
309.0166000000
309.0277000000
309.0388000000
309.0499000000
309.0609000000
